16
3.750000 -0.571561 0.000000 0.000000 0.000000 -0.336856 0.941556
5 615.128464 212.899941
19 191.088770 94.509957
21 560.491224 463.768021
25 211.845151 440.422450
36 266.634086 111.096320
37 497.622176 418.691019
49 462.058098 439.177826
50 39.784501 38.512906
64 204.066145 156.604827
88 316.610558 172.695659
94 239.006764 121.265297
108 582.451853 366.550215
124 374.016765 131.448471
173 80.770605 362.314598
215 234.221367 338.089498
246 426.104307 157.806011
264 291.403385 475.231368
307 273.873251 177.912769
315 51.976343 315.853094
364 469.085583 120.249612
433 536.096032 361.022320
436 452.073789 429.271814
458 371.107319 190.055934
483 359.111009 433.145785
525 525.445064 93.840574
565 403.251808 212.268941
604 403.770610 58.659626
642 373.907147 90.056072
657 516.617815 191.409684
734 409.144185 76.880910
774 410.654128 211.079425
795 371.737350 16.233189
801 10.168488 318.699426
821 208.987478 48.929526
842 235.421201 469.499432
847 422.651531 437.182114
868 503.442543 293.808346
896 470.625427 244.842944
900 587.642511 132.527680
914 35.374946 361.563933
961 203.561292 479.949075
962 401.839170 275.154121
985 452.582660 407.148764
1031 630.655168 439.675761
1055 485.091714 99.145123
1076 540.666610 240.222192
1079 482.294298 265.535237
1082 409.872423 123.900945
1083 360.088117 164.539423
1089 58.239011 11.356720
1109 410.088743 53.890229
1151 341.413902 191.485060
1158 7.385727 61.545186
1176 305.595837 68.035954
1214 266.964042 327.176307
1245 415.393617 44.943928
1260 266.041591 223.719122
1287 112.151513 150.809449
1314 41.571663 296.276239
1332 259.104201 357.327533
1362 560.371684 235.646318
1364 105.965970 15.186523
1378 190.111426 320.464699
1391 276.532644 120.215794
1403 94.943055 370.850107
1454 575.595768 426.042157
1577 300.553481 290.655775
1591 365.811021 72.716029
1612 522.250281 446.629353
1618 295.274366 105.429545
1620 555.083706 371.109812
1655 61.710954 455.493842
1661 639.163103 167.976089
1662 594.449528 34.338762
1669 278.871139 219.300551
1682 276.844147 318.257750
1693 349.963580 322.322218
1698 477.945651 420.960657
1761 166.137019 340.191687
1775 468.588298 322.825637
1824 167.745589 292.147602
1853 101.397822 438.649640
1945 293.544813 386.107714
1968 139.620286 136.341239
1980 441.365710 197.481192
