1002
-3.04 -1.36 1.66 -0.0452 0.916 0.362 0.168 
13079 341.0 158.0 315.64447 158.0
13150 235.0 129.0 213.731094 129.0
12473 264.0 425.0 234.711395 425.0
13110 136.800003 348.0 113.002655 348.0
13177 457.0 81.0 444.174316 81.0
13139 249.600006 168.0 227.569763 168.0
13088 361.0 375.0 336.585175 375.0
13038 400.0 396.0 374.060547 396.0
12665 219.0 302.0 198.912659 302.0
11866 178.0 371.0 152.121445 371.0
13147 242.400009 94.800003 220.641205 94.800003
13175 458.400024 81.600006 445.478882 81.600006
11887 180.0 107.0 155.579025 107.0
13080 185.0 52.0 160.105286 52.0
13057 184.320007 28.800001 158.493225 28.800001
12065 141.600006 256.800018 117.571373 256.800018
12773 599.0 266.0 564.911499 266.0
13123 686.400024 394.800018 663.843506 394.800018
12928 509.76001 443.52002 479.701599 443.52002
13018 585.600037 182.400009 558.78186 182.400009
12992 408.000031 199.200012 380.010284 199.200012
12618 285.120026 336.960022 263.190765 336.960022
11597 264.0 424.800018 234.743256 424.800018
12115 162.0 315.600006 139.946548 315.600006
12582 175.680008 370.080017 149.86644 370.080017
13190 696.960022 315.360016 680.176758 315.360016
13011 136.512009 72.576004 109.287033 72.576004
11880 125.280006 113.760002 97.850067 113.760002
13084 351.360016 372.960022 326.91571 372.960022
12051 141.12001 256.320007 117.132271 256.320007
13130 686.880005 394.560028 664.35675 394.560028
12942 462.000031 276.0 432.603424 276.0
12841 523.200012 258.0 491.978546 258.0
13039 398.880005 396.000031 372.780365 396.000031
12110 209.088013 240.192017 188.783432 240.192017
11598 263.52002 424.800018 234.312653 424.800018
12072 88.800003 322.800018 62.719112 322.800018
13138 207.600006 153.600006 185.566864 153.600006
12934 104.400002 32.400002 74.780785 32.400002
11565 297.216034 444.096039 266.129486 444.096039
12894 546.048035 184.896011 515.537415 184.896011
5792 235.008026 127.872009 213.208359 127.872009
5162 473.472046 95.040009 460.034363 95.040009
11868 97.920006 132.480011 69.532814 132.480011
12631 149.76001 217.440002 125.816574 217.440002
12591 136.800003 73.440002 109.691513 73.440002
13191 408.499268 400.204865 382.16626 400.204865
13178 457.920044 81.216011 445.076782 81.216011
12671 273.024017 126.144012 254.485779 126.144012
13160 257.472015 81.216011 236.163116 81.216011
12044 139.968018 255.744019 116.490387 255.744019
11993 145.152008 184.896011 120.37355 184.896011
12843 522.720032 257.76001 491.329895 257.76001
5039 499.737671 429.23526 469.938568 429.23526
12981 469.440033 423.360016 441.084778 423.360016
12931 609.98407 88.128006 580.667419 88.128006
13037 380.160034 203.904022 355.06189 203.904022
12663 215.654434 298.59845 195.807007 298.59845
11593 264.384033 425.088043 234.491852 425.088043
12593 303.840027 348.480011 281.136292 348.480011
12075 88.128006 323.136017 62.047028 323.136017
12570 153.792007 416.448029 127.509346 416.448029
13142 207.360016 153.792007 185.194611 153.792007
13179 376.704041 122.688011 362.681061 122.688011
12718 653.184082 222.912018 616.526733 222.912018
13109 317.260834 354.585663 294.18045 354.585663
12590 304.128021 349.05603 281.234253 349.05603
13169 273.71524 124.416016 255.467255 124.416016
11845 97.459213 130.636826 69.195374 130.636826
12948 91.238411 103.680016 61.777206 103.680016
12628 144.322586 184.135712 119.875526 184.135712
13104 148.608017 217.728027 125.092491 217.728027
13022 102.021133 171.694107 74.518593 171.694107
13091 349.05603 374.976044 324.509521 374.976044
12068 141.004822 255.052841 116.837631 255.052841
13136 688.435303 393.98407 666.138794 393.98407
12838 521.856079 257.472015 490.741028 257.472015
13036 397.440033 395.712036 371.378662 395.712036
12930 609.638489 87.091209 580.830017 87.091209
12945 442.368042 231.552017 413.025543 231.552017
12619 283.392029 338.688019 261.53067 338.688019
13168 214.272018 298.944031 195.115051 298.944031
13052 358.318115 276.203552 332.25238 276.203552
11611 255.052841 412.646454 225.925186 412.646454
13045 89.579529 320.993317 63.810268 320.993317
13119 119.439377 360.806458 96.338043 360.806458
13082 151.372818 398.131256 125.355621 398.131256
12680 375.321655 122.342415 363.191986 122.342415
13140 207.360031 153.446426 185.242126 153.446426
5199 492.687439 125.411354 481.989655 125.411354
12652 234.316833 128.563217 213.492538 128.563217
13131 241.367081 94.556175 219.716019 94.556175
12868 585.252991 71.663628 554.838501 71.663628
12915 599.685181 57.231369 570.553589 57.231369
12596 302.745636 348.364838 279.841034 348.364838
13115 253.80867 141.834259 231.395966 141.834259
13043 396.057648 391.910461 369.503967 391.910461
12742 624.56842 413.061188 589.413757 413.061188
12629 276.203552 325.969971 254.031097 325.969971
13167 213.995544 298.59845 194.84288 298.59845
12609 151.787537 398.131256 125.931862 398.131256
12626 284.083252 337.996857 262.207611 337.996857
13087 180.403229 109.900818 156.088028 109.900818
13103 149.299225 214.990891 125.274963 214.990891
13143 206.530594 154.275864 184.881149 154.275864
13089 345.876526 373.248047 321.549072 373.248047
12975 116.951057 54.74305 87.846214 54.74305
12008 139.345947 256.296997 115.962502 256.296997
13149 256.794678 62.705677 235.003632 62.705677
12117 158.257187 295.612457 135.951218 295.612457
12941 585.252991 80.621582 555.766907 80.621582
4261 136.160904 182.742264 110.456314 182.742264
12660 218.574081 304.570435 197.653229 304.570435
13034 394.149963 394.149963 367.722565 394.149963
12983 256.794678 412.065857 227.985275 412.065857
13174 471.785553 89.579536 458.485626 89.579536
13092 149.299225 216.483871 125.13707 216.483871
13154 206.032928 152.285217 185.371918 152.285217
12622 143.327271 182.742264 119.455467 182.742264
12947 552.407166 182.145065 523.502563 182.145065
5771 214.990891 298.59845 194.946594 298.59845
4229 136.85762 74.649612 109.17762 74.649612
13184 109.486099 226.437149 82.878784 226.437149
5174 241.864746 95.551506 220.174622 95.551506
13102 125.411354 358.318176 99.973152 358.318176
12896 609.140869 82.413177 579.377869 82.413177
13176 472.97998 89.579544 458.387543 89.579544
13040 394.149963 394.149963 367.682892 394.149963
12897 555.393127 182.742264 525.975891 182.742264
4696 275.904999 121.828178 257.376923 121.828178
5186 240.073166 96.745903 219.370407 96.745903
4700 214.990891 297.404083 194.616058 297.404083
5127 89.579536 104.50946 61.024014 104.50946
4239 136.160904 75.246811 108.442009 75.246811
12653 161.0 316.0 139.299744 316.0
11873 180.0 108.000008 155.81395 108.000008
13085 349.200012 374.400024 324.687683 374.400024
13105 133.200012 291.600006 109.523705 291.600006
12767 598.800049 265.200012 564.519714 265.200012
12664 218.400009 300.0 198.246567 300.0
12597 304.800018 349.200012 281.854218 349.200012
13031 54.720001 331.200012 27.415905 331.200012
13129 149.76001 306.720001 126.881218 306.720001
12949 460.800018 275.040009 431.594696 275.040009
13050 84.960007 286.559998 58.532593 286.559998
13182 158.400009 295.200012 136.28183 295.200012
12982 316.22403 407.808044 288.487488 407.808044
13125 158.976013 295.488037 136.384354 295.488037
12938 103.680008 32.832005 74.5886 32.832005
13083 348.364838 373.248047 323.967987 373.248047
12678 427.161652 87.091209 412.969299 87.091209
12769 586.828857 209.433624 553.646912 209.433624
11596 255.052841 412.646454 225.925186 412.646454
13126 167.961624 292.377655 145.902298 292.377655
5774 223.948837 136.85762 202.016296 136.85762
13012 456.855652 415.051849 428.350128 415.051849
12583 116.4534 56.733707 87.994461 56.733707
12601 137.355286 74.649612 109.383278 74.649612
12123 157.659988 297.404083 135.506927 297.404083
12959 89.579544 103.91227 61.275837 103.91227
12638 247.239532 161.243179 226.127487 161.243179
