1005
-2.97 -1.37 1.77 -0.043 0.916 0.363 0.169 
12984 599.0 273.0
13396 209.0 137.0
12923 454.0 79.0
13445 721.0 302.0
12139 102.0 110.0
12842 294.0 357.0
13379 689.0 404.0
13152 506.0 459.0
13156 583.0 74.0
12347 197.0 246.0
12115 159.0 381.0
13454 371.0 121.0
12979 597.600037 268.800018
13054 519.600037 264.0
13242 112.800003 68.400002
12924 454.800018 79.200005
13313 162.0 105.600006
13154 590.400024 37.200001
13444 700.800049 320.400024
13404 174.0 288.0
13339 134.400009 242.400009
12267 120.000008 241.200012
13409 272.400024 130.800003
13364 122.400002 330.0
12363 145.200012 321.600006
13256 400.800018 411.600006
13306 348.0 382.800018
12976 625.200012 442.800018
13347 699.600037 405.600006
13458 488.400024 24.0
12832 288.0 346.800018
11841 247.200012 439.200012
13367 282.0 350.400024
12134 158.400009 380.400024
13378 240.000015 133.200012
13145 78.0 26.400002
12955 655.200012 227.520004
13441 722.880005 318.240021
12806 77.760002 27.360001
12950 694.080017 249.12001
13298 167.040009 46.080002
12358 195.840012 244.800003
13424 244.800003 76.32
13329 131.040009 220.320007
13344 214.560013 28.800001
13257 139.680008 46.080002
13405 220.320007 128.160004
13246 316.800018 410.400024
13351 126.720001 285.120026
12312 122.400002 260.640015
12131 102.240005 110.880005
13195 79.200005 96.480003
11843 247.680008 437.76001
13202 59.040001 187.200012
13305 339.840027 383.040009
13253 401.76001 410.400024
12893 141.12001 322.559998
13363 122.400002 328.320007
12995 596.160034 267.839996
12973 623.52002 442.080017
13064 518.400024 263.52002
13146 597.600037 54.720001
13260 584.640015 184.320007
13457 455.040009 79.200005
13469 521.280029 30.240002
12320 66.240005 329.76001
13267 30.240002 393.120026
13275 131.040009 408.960022
13343 118.080002 355.680023
13403 272.160004 129.600006
13372 192.960007 154.080002
12218 125.280006 185.76001
13453 371.52002 120.960007
12834 292.032013 357.696045
13001 582.33606 210.816025
12920 423.360046 82.944008
12871 214.272018 32.832005
13294 101.952011 228.096024
12957 656.640076 228.096024
13336 183.168015 105.408012
12857 162.432022 105.408012
5128 471.744049 91.584007
13407 221.184021 127.872009
13269 388.800049 407.808044
13410 271.296021 129.600006
13435 262.656036 124.416016
13414 245.376022 79.488007
12144 76.032005 131.328018
12351 145.152008 321.40802
13375 131.328018 314.496033
13443 710.208069 314.496033
12967 627.264038 430.272034
13042 518.400024 262.656036
13248 432.000031 421.63205
13157 609.98407 84.672005
11859 236.736023 428.544037
13304 338.688019 383.616028
12323 65.664009 330.048035
13399 174.528015 288.576019
12299 122.688011 260.92804
12870 108.864014 366.336029
13340 117.504013 355.968048
13251 371.52005 207.360016
13447 324.864044 134.784012
13234 112.320007 69.12001
13310 165.888016 44.928005
13191 58.752007 146.88002
12911 263.347229 124.416016
13058 518.400085 267.494446
13301 101.606415 228.096039
12839 290.304047 356.659241
13459 458.265656 80.870415
13247 103.680016 111.974419
12879 238.464035 132.710419
5102 221.875229 126.489616
13383 143.078415 300.672028
12969 628.300903 429.23526
13395 692.58252 404.352051
13268 387.763245 406.425659
13160 611.712097 85.017609
11840 248.832031 437.529663
13382 286.15683 344.217651
13309 337.996857 383.616058
13432 201.139221 302.745636
13426 196.992035 242.611237
12290 122.342415 259.200043
13286 130.636826 408.499268
13449 325.555237 132.710419
12161 74.649612 130.636826
13300 165.888031 43.545605
13330 130.636826 219.801636
13368 192.844833 153.446426
13274 348.364838 282.009644
13455 457.850952 97.044495
12913 263.761963 124.416016
12316 121.927696 261.273651
13289 89.579529 261.273651
13341 114.462738 363.294769
13384 141.834259 301.086761
4626 517.570618 261.273651
13273 385.689667 405.596222
13184 582.266968 77.137932
5143 490.199097 124.416016
13037 530.012207 199.065628
13207 236.390427 427.991089
13356 291.133484 355.829803
12816 306.063416 355.829803
5718 201.553955 303.575073
13350 124.416016 355.829803
13422 243.855392 59.719688
13371 241.367081 141.834259
12117 74.649612 131.880981
13303 169.20578 59.719688
13335 129.392654 221.46051
13369 191.600662 154.275864
12926 370.759735 121.927696
13280 345.876526 281.180206
12971 627.056702 430.479431
13348 232.906799 131.383316
12899 220.96286 128.397339
13415 235.892776 116.4534
12916 262.766632 122.425369
13391 143.327255 319.500336
13390 152.285217 298.59845
13203 585.252991 77.635597
13373 194.088989 155.271194
13376 188.117035 161.243164
12230 86.593552 229.920807
13228 80.621582 173.187103
5012 516.575317 262.766632
13311 334.430267 382.206024
12990 588.238953 214.990891
13034 576.295044 203.046951
13225 585.252991 182.145065
13197 549.421143 185.131042
5662 113.467415 71.663628
5105 203.046951 304.570435
13450 391.163971 143.327255
13334 131.383316 217.976868
12825 152.285217 376.23407
13270 385.192017 406.093903
3805 139.74408 304.570435
13131 523.144531 175.575897
13127 609.140869 82.413177
13456 469.39679 85.996361
12373 93.16272 372.650879
5185 265.155426 121.828178
13362 240.073166 143.327271
13420 229.323624 93.16272
13250 587.641785 179.159088
13162 551.809998 182.742264
3804 200.658173 300.987244
12307 121.828178 257.989075
13324 128.994537 218.574081
12963 627.056763 222.157257
13179 68.080452 103.91227
5186 111.078629 71.663635
13322 348.0 382.800018
13150 598.0 55.0
13392 236.0 169.0
13272 387.600006 402.000031
13026 715.200012 49.200001
13381 193.200012 154.800003
13332 130.800003 220.800003
12895 220.800003 128.400009
13406 174.0 258.0
12977 597.600037 268.800018
12859 136.0 182.0
13408 174.240005 288.0
13308 126.000008 186.0
13439 699.840027 319.680023
13411 243.360016 56.160004
12369 145.440002 321.120026
13357 689.472046 404.352051
12876 256.320007 132.480011
13226 371.52002 205.920013
12828 112.800003 68.400002
12827 113.760002 70.560005
13419 243.648026 57.024006
12889 141.12001 322.559998
13215 463.104034 437.184052
12986 611.712036 205.632019
11837 248.832031 438.912048
12855 276.480042 340.416046
12137 162.720001 106.560005
12901 196.992035 190.771225
12242 126.144012 184.896011
12143 101.952011 112.320007
5521 383.616028 395.712036
13003 590.976074 207.360031
13187 65.664009 96.768005
5099 126.489616 184.55043
12972 627.056763 223.948837
12996 587.243591 213.995544
12948 692.748413 238.878769
13291 91.238411 259.200043
13370 134.784012 304.819244
13118 609.638489 47.278088
13388 691.753052 403.10791
13338 136.85762 243.855392
5192 155.271194 92.565521
11855 236.390427 427.991089
12237 124.416016 184.135712
13200 65.691658 101.523476
5150 680.804504 154.076813
12209 125.411354 186.325439
12890 107.495445 365.484528
12992 594.808167 207.824539
13148 525.533264 179.159073
12983 612.72406 372.650879
