1018
-2.97 -1.1 2.29 -0.0117 0.944 0.284 0.17 
13632 473.0 215.0 460.348511 215.0
13177 451.0 171.0 437.009918 171.0
13544 134.0 437.0 108.186638 437.0
13599 451.0 231.0 437.187286 231.0
13530 254.0 243.0 229.633362 243.0
13552 163.0 359.0 137.932114 359.0
13193 696.0 244.800003 677.688721 244.800003
13398 63.600002 369.600006 32.588982 369.600006
13270 622.800049 109.200005 586.518188 109.200005
13615 477.600006 100.800003 465.369354 100.800003
13139 211.200012 288.0 185.368805 288.0
13135 236.400009 246.000015 210.900009 246.000015
13528 229.200012 92.400002 205.092758 92.400002
13501 211.200012 82.800003 186.043579 82.800003
13175 452.400024 171.600006 438.333954 171.600006
13585 421.200012 177.600006 406.023224 177.600006
13414 91.200005 313.200012 61.081478 313.200012
13484 176.400009 170.400009 150.309921 170.400009
13492 189.600006 139.200012 163.941513 139.200012
13516 162.0 310.800018 135.975998 310.800018
13633 433.200012 114.000008 420.760376 114.000008
13417 132.0 158.400009 102.966095 158.400009
13598 450.000031 230.400009 436.400482 230.400009
13614 464.400024 186.0 450.6716 186.0
13282 606.0 181.200012 570.322205 181.200012
12927 607.200012 139.200012 572.288818 139.200012
13458 186.0 98.400002 159.345917 98.400002
13360 128.400009 97.200005 98.24894 97.200005
11873 127.200005 224.400009 98.202042 224.400009
13383 114.000008 205.200012 84.199997 205.200012
13241 543.600037 411.600006 500.697052 411.600006
13279 633.600037 193.200012 597.443237 193.200012
13593 472.800018 183.600006 459.236969 183.600006
13328 51.600002 238.800003 18.367521 238.800003
13375 128.160004 95.040001 98.021484 95.040001
13462 289.440002 273.600006 259.859924 273.600006
13369 63.360001 370.080017 32.366791 370.080017
13302 61.920002 131.040009 28.093822 131.040009
13217 695.52002 375.840027 645.205017 375.840027
13140 164.160004 273.600006 137.750473 273.600006
13496 135.360001 430.560028 109.031914 430.560028
13329 69.120003 190.080002 36.31192 190.080002
13080 132.480011 161.279999 103.506454 161.279999
13467 129.600006 303.840027 101.681458 303.840027
13221 645.119995 352.800018 598.564209 352.800018
13652 133.919998 393.120026 107.943008 393.120026
11887 126.720001 224.640015 98.058159 224.640015
12925 606.240051 181.440002 570.073975 181.440002
13284 607.680054 141.12001 572.412842 141.12001
12773 669.600037 444.960022 620.72644 444.960022
13236 542.880005 411.840027 500.207245 411.840027
13277 632.160034 192.960007 595.90741 192.960007
13637 495.360016 211.680008 483.672333 211.680008
13608 470.880005 174.240005 457.707062 174.240005
13152 253.440002 241.920013 229.189865 241.920013
13555 172.800003 450.720032 147.780457 450.720032
13549 164.160004 375.840027 139.403595 375.840027
12680 367.200012 217.440002 352.389526 217.440002
13333 89.280006 144.0 57.857944 144.0
5163 497.664062 110.59201 485.758514 110.59201
13156 254.016022 241.920029 229.287155 241.920029
13178 452.736053 172.800018 438.984985 172.800018
13347 72.576004 219.456024 39.732101 219.456024
13350 101.952011 162.432022 70.47271 162.432022
13439 117.504013 279.936035 89.239594 279.936035
13522 202.176025 212.544022 178.268814 212.544022
13331 435.456055 293.76004 401.28241 293.76004
13327 69.12001 191.808014 36.545631 191.808014
13396 65.664009 409.536041 35.243031 409.536041
13314 622.080078 309.312042 587.771973 309.312042
12767 670.46405 445.824036 621.090942 445.824036
12774 639.360046 354.240021 592.656128 354.240021
13234 542.592041 411.264038 499.911316 411.264038
13517 214.272018 247.104019 189.274902 247.104019
13495 101.952011 444.096039 74.202469 444.096039
13426 65.664009 385.344025 34.609753 385.344025
13546 167.616013 445.824036 143.471176 445.824036
12110 164.160019 374.976044 138.989258 374.976044
13592 366.336029 217.728027 352.109192 217.728027
12637 188.35202 129.600006 162.494186 129.600006
5722 188.35202 138.240021 162.976151 138.240021
5154 499.737671 109.900818 487.659515 109.900818
13625 454.118469 172.108826 440.117157 172.108826
13413 80.870415 356.659241 51.020176 356.659241
13455 151.372818 219.801636 123.557083 219.801636
13087 126.489616 223.948837 97.878685 223.948837
13560 226.02243 165.888031 202.547043 165.888031
13641 607.56488 141.004822 572.776062 141.004822
13612 458.265656 188.697632 444.396118 188.697632
13627 493.516876 211.507233 482.311066 211.507233
5162 470.707275 182.476822 457.286041 182.476822
13086 78.796814 317.260834 47.25967 317.260834
13138 163.814423 273.71524 137.796021 273.71524
13553 163.814423 373.248047 138.950546 373.248047
13569 246.758438 234.316833 224.564636 234.316833
13025 89.16481 143.078415 57.299149 143.078415
13577 317.260834 236.390427 300.296265 236.390427
13239 543.283264 410.572845 500.628143 410.572845
12932 604.661865 184.135712 570.429504 184.135712
13274 574.802002 316.016693 535.949768 316.016693
13600 455.36261 171.694107 441.150421 171.694107
13579 316.016693 236.390427 298.078888 236.390427
13431 89.579529 313.528351 60.276566 313.528351
13646 251.320358 241.367081 227.568085 241.367081
13503 233.902115 246.343719 209.876205 246.343719
5199 492.687439 211.507233 481.609406 211.507233
13605 467.80423 181.647385 454.585785 181.647385
13551 221.46051 136.85762 197.464279 136.85762
12670 246.343719 233.902115 224.534805 233.902115
13535 226.437149 169.20578 202.258774 169.20578
13557 164.229141 373.248047 138.772324 373.248047
13111 84.60289 383.201324 55.338821 383.201324
13316 619.591797 306.063416 585.770264 306.063416
13651 696.729675 243.855392 677.948303 243.855392
4236 204.042267 201.553955 180.015198 201.553955
13400 131.880981 159.252502 102.926079 159.252502
12636 189.11235 131.880981 163.312195 131.880981
13143 161.740829 273.71524 138.425934 273.71524
13272 661.893188 106.997772 625.035217 106.997772
13423 119.439377 213.995544 90.554207 213.995544
13401 121.927696 169.20578 91.584885 169.20578
12838 554.895447 418.037811 510.390198 418.037811
13153 253.808685 241.864746 228.965393 241.864746
4220 606.154846 185.131042 571.304688 185.131042
13291 639.000671 191.103012 603.171021 191.103012
13648 633.028748 152.285217 595.957336 152.285217
13591 456.855652 173.187103 442.797546 173.187103
13647 438.939728 167.215134 426.155945 167.215134
13618 468.799591 179.159073 455.341675 179.159073
5792 194.088989 241.864746 171.003464 241.864746
13507 164.229156 274.710571 137.892502 274.710571
13422 89.579536 313.528381 60.073563 313.528381
13220 627.056763 346.374207 581.889893 346.374207
12671 244.850739 232.906799 224.401535 232.906799
4253 188.117035 131.383316 162.477051 131.383316
13384 131.383316 137.355286 102.334419 137.355286
13519 203.046951 203.046951 179.887375 203.046951
13429 119.439384 212.004898 90.332176 212.004898
13304 619.890442 304.570435 586.098022 304.570435
13309 612.72406 136.160904 576.602722 136.160904
5174 200.658173 211.407715 176.011169 211.407715
12915 627.056763 157.659988 590.683838 157.659988
13515 211.407715 247.239532 186.503815 247.239532
4224 247.239532 232.906799 226.067139 232.906799
13174 469.39679 179.159088 454.551361 179.159088
4237 125.411354 96.745903 97.447227 96.745903
13247 555.393127 333.235901 514.144409 333.235901
13603 429.981781 118.244995 418.465546 118.244995
13622 447.897705 222.157257 432.985199 222.157257
12786 648.555847 354.734985 601.842773 354.734985
13456 165.600006 158.400009 139.32988 158.400009
13287 608.400024 126.000008 572.669861 126.000008
13628 493.200012 73.200005 481.004822 73.200005
13268 482.0 319.0 442.40683 319.0
13348 72.0 266.400024 40.376553 266.400024
13297 56.400002 100.800003 21.893663 100.800003
13459 90.720001 450.720032 62.219913 450.720032
13412 64.800003 415.200012 34.30743 415.200012
13325 619.200012 308.160004 585.251587 308.160004
13390 90.720001 312.480011 60.79689 312.480011
13299 56.160004 100.800003 21.724581 100.800003
13399 134.784012 176.256012 106.13884 176.256012
13011 68.42881 190.771225 35.887825 190.771225
13449 292.377655 273.71524 263.036713 273.71524
13405 120.268814 213.580826 91.10955 213.580826
13642 607.150146 141.834259 572.167297 141.834259
5158 458.265656 188.697632 444.396118 188.697632
13093 292.626495 274.710571 263.159515 274.710571
13650 437.148163 164.826355 424.297852 164.826355
13550 254.405899 240.073166 229.216782 240.073166
13537 212.004898 247.836716 187.250458 247.836716
13565 226.93483 167.215134 202.350235 167.215134
12896 637.806335 189.90863 602.457153 189.90863
12777 648.555847 354.734985 601.842773 354.734985
12941 605.557678 182.742264 570.935913 182.742264
13149 225.740448 168.409531 201.517563 168.409531
13276 630.042725 194.088989 593.310486 194.088989
13176 468.799591 179.159073 455.341675 179.159073
