1026
-3.03 -1.2 2.22 0.0188 0.92 0.351 0.174 
13348 107.0 243.0 76.930313 243.0
13456 183.0 128.0 156.19313 128.0
13541 201.600006 316.800018 177.401627 316.800018
13292 58.800003 116.400002 23.680685 116.400002
13135 259.200012 211.200012 234.431839 211.200012
13334 88.0 270.0 56.753632 270.0
13360 137.0 69.0 106.630638 69.0
13499 155.0 434.0 129.464172 434.0
13496 185.76001 388.800018 161.352844 388.800018
13270 652.320007 38.880001 613.395447 38.880001
13474 193.0 243.0 167.714172 243.0
13279 663.600037 129.600006 626.060425 129.600006
13530 277.200012 204.000015 252.951248 204.000015
13282 634.800049 118.800003 597.899902 118.800003
13552 202.800003 324.0 178.933411 324.0
13299 68.400002 79.200005 33.788998 79.200005
13398 115.0 341.0 86.392784 341.0
13509 240.0 216.0 215.078873 216.0
13328 85.200005 219.600006 53.547997 219.600006
13310 80.400002 196.800003 47.715862 196.800003
13139 240.000015 254.400009 214.874313 254.400009
13350 120.960007 141.12001 90.52478 141.12001
13306 73.200005 256.800018 40.831623 256.800018
13511 220.800003 114.000008 195.752411 114.000008
13492 203.040009 106.560005 176.680389 106.560005
13472 199.200012 94.800003 173.012817 94.800003
13592 382.800018 166.800003 368.307922 166.800003
13555 222.0 402.0 198.969543 402.0
13414 130.800003 285.600006 102.195869 285.600006
12115 154.800003 434.400024 129.460556 434.400024
13358 136.800003 68.400002 106.431709 68.400002
11873 152.639999 198.720001 124.430588 198.720001
12122 155.52002 433.728027 129.365021 433.728027
13369 114.048012 340.416046 85.526924 340.416046
13302 80.400002 114.000008 46.704502 114.000008
13295 69.120003 80.639999 34.605904 80.639999
13349 136.800003 67.68 106.15493 67.68
12883 668.160034 83.520004 629.265503 83.520004
13528 234.720016 51.840004 210.421417 51.840004
13023 84.960007 218.880005 53.394123 218.880005
13347 101.952011 200.448013 70.291847 200.448013
13305 73.440002 254.880005 40.741009 254.880005
12654 221.76001 207.360016 197.53241 207.360016
12992 426.81604 288.576019 392.901245 288.576019
13255 601.920044 272.160004 561.869629 272.160004
13478 169.920013 349.920013 144.356155 349.920013
12773 699.840027 378.720001 652.763367 378.720001
12925 635.904053 120.960014 598.054932 120.960014
13284 636.480042 74.880005 599.351318 74.880005
13264 695.52002 33.120003 655.660767 33.120003
13193 724.800049 170.400009 705.805603 170.400009
13615 489.600006 31.68 476.495117 31.68
13133 309.600006 456.000031 283.383759 456.000031
13397 119.520004 295.200012 90.375816 295.200012
13152 276.480011 204.480011 251.817398 204.480011
13307 65.664009 155.52002 31.687414 155.52002
13375 136.512009 67.392006 105.925285 67.392006
13156 276.480042 203.904022 252.031494 203.904022
13559 205.920013 338.400024 182.416061 338.400024
13577 335.232025 191.808014 317.479645 191.808014
13324 108.864014 122.688011 76.985596 122.688011
12980 79.488007 112.320007 45.71632 112.320007
13277 661.824036 127.872009 624.24707 127.872009
13011 95.385612 172.108826 63.239384 172.108826
13315 83.520004 174.240005 50.746468 174.240005
11880 84.672005 219.456024 53.347656 219.456024
12589 102.240005 200.160004 70.491539 200.160004
13419 155.52002 149.299225 127.354095 149.299225
13060 146.880005 108.000008 117.335091 108.000008
13372 138.931213 174.182419 109.374962 174.182419
13354 120.960014 139.968018 90.173515 139.968018
13502 219.801636 70.502411 194.830673 70.502411
13483 155.520004 433.440002 129.486725 433.440002
13441 122.400002 433.440002 94.909439 433.440002
13125 150.336014 411.264038 123.830696 411.264038
13425 116.640007 416.160004 88.9739 416.160004
12841 588.902466 360.806458 546.547485 360.806458
12767 699.840088 378.432037 652.851074 378.432037
13037 396.057648 294.451233 363.508331 294.451233
13272 696.384094 34.560005 656.853943 34.560005
5163 511.488037 39.744003 498.663422 39.744003
13179 383.040009 167.040009 367.92276 167.040009
13157 269.279999 430.560028 244.840683 430.560028
13546 219.456024 402.624023 196.285324 402.624023
13140 191.808014 243.648026 166.859039 243.648026
13378 122.688011 374.976044 94.642204 374.976044
13564 247.104019 183.168015 224.069016 183.168015
13301 69.12001 81.216011 34.628975 81.216011
13405 145.152023 188.697632 116.426506 188.697632
12110 204.042267 335.923248 180.914368 335.923248
13470 243.855392 221.46051 218.234802 221.46051
13517 240.537628 213.580826 214.982529 213.580826
5792 221.46051 209.018906 197.096802 209.018906
13338 101.606415 199.065628 69.828178 199.065628
13057 146.88002 108.864014 117.420219 108.864014
12591 95.040009 172.800018 63.316158 172.800018
13345 395.712036 241.920029 364.114105 241.920029
13129 138.931213 427.161652 112.285538 427.161652
13239 574.802002 355.829803 534.605469 355.829803
13178 468.633667 111.974419 454.616791 111.974419
12680 381.888031 167.616013 367.848602 167.616013
13627 512.17926 149.299225 499.010284 149.299225
13607 470.016052 155.52002 456.486237 155.52002
13553 205.632019 338.688019 181.941132 338.688019
13092 126.904335 328.458282 99.892838 328.458282
13364 98.49601 414.720032 69.130547 414.720032
12044 122.342415 373.248047 94.258003 373.248047
13153 275.788849 203.21283 252.131119 203.21283
13308 78.796814 111.974419 45.283215 111.974419
13471 191.808014 65.664009 165.16716 65.664009
13455 176.256027 192.844833 149.021164 192.844833
13087 154.275864 204.042267 126.479919 204.042267
13296 79.626251 111.974419 45.234329 111.974419
13646 276.203552 204.042267 251.366394 204.042267
13113 141.004822 418.867249 114.504433 418.867249
13400 151.372818 132.710419 122.635345 132.710419
13388 141.834259 144.322586 112.405312 144.322586
13077 147.225616 107.827217 117.559654 107.827217
13115 241.864746 223.948837 216.721786 223.948837
13537 238.878754 213.995544 213.536316 213.995544
12932 634.521667 121.927696 597.879761 121.927696
12774 671.846497 294.451233 626.275085 294.451233
13621 443.750458 51.840008 430.11203 51.840008
13625 467.80423 111.974419 453.87439 111.974419
5199 510.105682 149.299225 497.504822 149.299225
13167 217.976868 400.121918 194.609909 400.121918
11993 119.439377 291.133484 89.707016 291.133484
13557 205.286423 335.923248 181.764511 335.923248
13431 129.392654 286.15683 101.413963 286.15683
13392 97.044495 413.061188 68.622604 413.061188
12068 121.927696 373.248047 93.836456 373.248047
13581 333.434937 191.600662 316.475494 191.600662
12636 199.065628 97.044495 173.183899 97.044495
13138 192.844833 242.611237 167.716827 242.611237
13420 152.285217 200.060959 124.216705 200.060959
13445 176.670746 191.600662 148.184021 191.600662
13423 144.322586 189.11235 116.222664 189.11235
12059 122.425369 373.248077 93.33287 373.248077
13438 156.764175 149.299225 127.975677 149.299225
13384 146.810898 109.486099 117.262886 109.486099
4220 636.014709 122.425369 599.445251 122.425369
13586 453.869659 116.4534 439.307007 116.4534
13597 438.939728 122.425369 424.195465 122.425369
5162 485.222473 121.927696 470.139862 121.927696
13600 471.785553 113.467415 457.135742 113.467415
13562 203.046951 334.430267 180.038406 334.430267
13648 665.874573 83.607567 626.361816 83.607567
13579 334.430267 191.103012 316.808563 191.103012
5771 218.972198 400.619568 195.545227 400.619568
13460 176.173096 191.103012 148.014999 191.103012
13429 143.327255 188.117035 115.658447 188.117035
13603 442.921021 52.254726 429.185852 52.254726
13111 136.85762 353.341492 109.597176 353.341492
4253 200.060959 101.523476 174.283432 101.523476
12628 119.439384 292.626495 89.414558 292.626495
12930 669.358154 126.904335 632.109375 126.904335
13622 462.827606 167.215134 448.720032 167.215134
5774 220.96286 209.018921 197.377563 209.018921
4696 266.250275 196.577301 244.760254 196.577301
13519 223.948837 170.201126 200.718506 170.201126
5174 225.740448 171.992722 201.943726 171.992722
5400 641.389526 68.080452 602.862122 68.080452
13252 594.210938 283.668549 552.477966 283.668549
13280 605.557678 261.572266 567.702454 261.572266
5178 501.645416 225.740448 489.792145 225.740448
13611 440.731354 121.828178 425.885773 121.828178
13580 333.235901 189.90863 316.231842 189.90863
13605 480.7435 119.439384 466.740234 119.439384
12117 149.299225 412.065857 122.957161 412.065857
4700 214.990891 401.316345 193.333176 401.316345
13379 154.076813 200.658173 124.807404 200.658173
12640 200.658173 100.329086 174.065521 100.329086
12786 674.83252 304.570435 629.210449 304.570435
11924 118.244995 290.237701 89.290276 290.237701
13291 668.860535 125.411354 631.220581 125.411354
12941 637.806335 121.828178 600.052917 121.828178
12671 268.738617 193.491806 247.711411 193.491806
13150 222.0 210.0 197.764542 210.0
13409 151.0 132.0 121.824875 132.0
13473 183.600006 127.200005 156.429138 127.200005
13079 342.0 240.000015 312.016754 240.000015
13505 256.800018 212.400009 231.88884 212.400009
13268 513.600037 267.600006 475.012421 267.600006
13327 94.800003 171.600006 63.027779 171.600006
13317 70.800003 294.0 38.488251 294.0
13175 465.600006 111.600006 451.494049 111.600006
13365 90.0 390.000031 59.989407 390.000031
13298 635.040039 119.520004 597.553772 119.520004
13458 192.960007 63.360001 165.932281 63.360001
13452 127.872009 400.896027 100.601006 400.896027
13524 233.280029 100.224007 209.031433 100.224007
13413 128.563217 327.628845 100.781258 327.628845
13289 653.184082 95.385612 614.746155 95.385612
5154 512.17926 39.398407 499.790161 39.398407
13610 470.707275 155.52002 456.882904 155.52002
13381 130.636826 286.15683 101.656822 286.15683
13160 250.90564 159.667221 227.808716 159.667221
13247 584.75531 278.691895 545.005188 278.691895
13450 191.600662 64.696327 164.84166 64.696327
13565 244.850739 125.411354 221.955139 125.411354
13353 101.523476 400.121918 71.89785 400.121918
12915 653.930603 92.565521 616.066589 92.565521
13311 95.551506 173.187103 62.788582 173.187103
13316 641.986694 238.878769 606.687134 238.878769
13103 128.994537 326.069519 99.722618 326.069519
4671 128.994537 286.654541 100.61718 286.654541
13174 483.729523 118.244995 468.588379 118.244995
