1064
-2.77 -1.31 1.92 -0.0161 0.929 0.329 0.17 
13233 590.0 85.0 556.174988 85.0
12677 392.0 146.0 377.337738 146.0
13398 69.0 321.0 43.078423 321.0
13177 424.0 139.0 411.0784 139.0
13230 594.0 168.0 560.016357 168.0
13385 320.0 245.0 293.008698 245.0
13456 146.0 137.0 122.451813 137.0
13530 230.0 211.0 208.341919 211.0
13484 158.0 149.0 134.738754 149.0
13396 74.0 352.0 48.738674 352.0
13328 49.0 211.0 20.810226 211.0
13528 203.0 74.0 180.95845 74.0
13139 192.0 252.0 169.337479 252.0
13474 148.0 239.0 125.879852 239.0
13225 637.0 138.0 602.81366 138.0
13525 170.0 221.0 148.490891 221.0
13493 120.0 336.0 97.098511 336.0
13489 126.0 300.0 102.439697 300.0
13268 406.0 276.0 373.898407 276.0
13516 149.0 272.0 127.083115 272.0
13599 424.0 196.0 410.735962 196.0
13079 276.0 245.0 250.187714 245.0
13499 100.0 411.0 76.711708 411.0
13555 167.0 389.0 146.192978 389.0
13632 447.600006 180.0 435.376953 180.0
13607 428.400024 178.800003 415.445404 178.800003
13175 424.800018 139.200012 411.81308 139.200012
13549 156.0 327.600006 134.762009 327.600006
12676 392.400024 146.400009 378.282898 146.400009
13226 590.400024 85.200005 556.441528 85.200005
13264 561.600037 97.200005 529.767761 97.200005
13152 229.200012 211.200012 207.884872 211.200012
13329 60.000004 169.200012 32.305782 169.200012
13333 75.600006 127.200005 48.133465 127.200005
13302 50.400002 117.600006 21.496271 117.600006
13511 184.800003 127.200005 162.470428 127.200005
13439 108.000008 244.800003 83.445435 244.800003
13459 97.200005 388.800018 73.070778 388.800018
13412 74.400002 352.800018 48.745892 352.800018
13509 195.600006 216.000015 172.989594 216.000015
13150 177.600006 210.000015 155.970688 210.000015
13232 637.200012 138.0 602.925232 138.0
13479 126.000008 300.0 102.336403 300.0
12021 70.800003 332.400024 45.491863 332.400024
13491 147.600006 238.800003 124.956879 238.800003
11873 112.800003 196.800003 87.649307 196.800003
12773 532.800049 370.800018 494.985657 370.800018
13633 410.400024 80.400002 398.220093 80.400002
13598 422.400024 195.600006 409.395538 195.600006
13133 238.800003 436.800018 214.896393 436.800018
12115 99.600006 410.400024 76.569839 410.400024
13592 344.400024 183.600006 330.405334 183.600006
13256 622.080017 73.440002 589.243713 73.440002
13138 148.320007 239.040009 125.447922 239.040009
11887 112.320007 197.280014 87.571411 197.280014
12065 73.440002 351.360016 48.23217 351.360016
13505 210.240005 216.000015 188.143433 216.000015
13156 228.960007 210.240005 207.840942 210.240005
13520 169.920013 218.880005 148.044464 218.880005
13425 64.800003 388.800018 39.270336 388.800018
13615 453.600006 67.68 441.403442 67.68
13529 184.320007 126.720001 162.041794 126.720001
13134 125.280006 299.52002 102.134384 299.52002
12931 542.880005 169.920013 512.807495 169.920013
13475 119.520004 264.960022 95.91761 264.960022
12774 515.52002 300.960022 478.562225 300.960022
13190 682.559998 378.720001 664.94165 378.720001
12767 531.360046 370.080017 493.974548 370.080017
13246 583.200012 84.960007 549.817383 84.960007
13624 408.960022 82.080002 396.984467 82.080002
12597 249.12001 443.52002 224.511032 443.52002
13397 76.32 276.480011 50.119495 276.480011
13496 132.480011 371.52002 110.634216 371.52002
13179 344.160004 184.320007 329.969635 184.320007
13391 106.560005 190.080002 81.224495 190.080002
13327 60.480003 169.920013 32.655636 169.920013
13409 113.760002 139.680008 89.09919 139.680008
13080 114.048012 139.968018 88.93734 139.968018
12591 60.480007 171.072021 32.639393 171.072021
13609 426.81604 179.712021 414.232758 179.712021
13593 442.368042 150.336014 429.658264 150.336014
13178 425.088043 139.968018 412.052826 139.968018
13471 160.70401 82.944008 137.136673 82.944008
13470 193.536011 216.000015 171.237534 216.000015
13057 114.048012 119.23201 87.972252 119.23201
13324 76.032005 127.872009 48.130253 127.872009
5154 473.472046 77.76001 461.858398 77.76001
13574 694.656067 260.92804 677.055908 260.92804
13620 461.376038 41.472004 449.372375 41.472004
12769 516.672058 304.128021 479.974182 304.128021
13253 582.33606 84.672005 549.585144 84.672005
13621 409.536041 81.216011 397.157379 81.216011
13585 392.256042 146.88002 378.512726 146.88002
13637 470.016052 176.256012 458.539001 176.256012
13370 304.128021 250.560028 276.883362 250.560028
12593 248.832031 444.096039 224.202667 444.096039
13092 82.944008 311.040039 57.449432 311.040039
12110 155.52002 326.592041 134.277771 326.592041
12130 100.224007 409.536041 76.435745 409.536041
13125 96.768005 390.528046 72.373756 390.528046
13153 228.096024 210.816025 207.822037 210.816025
13560 202.176025 141.696014 180.936188 141.696014
13087 112.320007 196.99202 87.347862 196.99202
13455 134.784012 193.536011 110.256935 193.536011
13522 183.168015 174.528015 161.41301 174.528015
13416 117.504013 153.792007 92.432739 153.792007
13450 161.740829 82.944016 137.860886 82.944016
13610 427.161652 180.403229 414.640442 180.403229
5158 441.676849 149.299225 429.19101 149.299225
13625 425.088074 138.931213 412.719116 138.931213
5172 659.404907 273.71524 640.983154 273.71524
5163 474.854462 76.723213 463.16333 76.723213
13558 149.299225 271.641632 127.101501 271.641632
13561 196.992035 116.121613 176.335739 116.121613
13587 391.910461 145.152023 377.739471 145.152023
12051 72.576012 350.438446 47.437569 350.438446
13546 163.814423 385.689667 142.484467 385.689667
13569 223.948837 203.21283 205.203888 203.21283
13077 114.048019 120.268814 87.828194 120.268814
4673 194.918427 66.355209 172.01329 66.355209
13011 60.134407 170.035217 32.324291 170.035217
13445 134.784012 192.844833 109.774994 192.844833
4236 184.55043 174.182419 162.692841 174.182419
13488 155.52002 145.152023 132.465408 145.152023
13291 542.453857 166.717468 512.645874 166.717468
13517 191.600662 216.483871 169.809753 216.483871
5792 176.670746 209.018906 155.116943 209.018906
13562 154.275864 323.481659 133.419403 323.481659
13167 166.717468 390.66629 145.26416 390.66629
13168 164.229141 385.689667 142.201141 385.689667
12628 74.649612 276.203552 49.274406 276.203552
4224 223.948837 201.553955 205.034958 201.553955
13535 209.018906 141.834259 188.567398 141.834259
13588 440.432709 146.810898 427.875641 146.810898
13596 393.154602 146.810898 379.121246 146.810898
5199 467.80423 176.670746 456.873016 176.670746
12636 166.717468 111.974419 143.18306 111.974419
13457 94.556175 390.66629 71.411674 390.66629
12068 72.161293 350.85318 47.007397 350.85318
13420 111.974419 199.065628 87.756706 199.065628
4237 106.997772 84.60289 80.989365 84.60289
13600 427.991089 139.345947 414.88736 139.345947
13603 408.084534 84.60289 395.885101 84.60289
13464 134.369293 191.600662 108.951897 191.600662
13519 184.135712 174.182419 162.074234 174.182419
12783 520.05896 303.575073 483.54834 303.575073
5771 167.215134 391.163971 145.413254 391.163971
4253 164.229156 113.467415 142.158722 113.467415
13550 223.948837 203.046951 205.998688 203.046951
5162 441.92572 146.313248 428.691315 146.313248
13597 394.149963 146.313248 380.266235 146.313248
12123 95.551506 391.163971 71.615837 391.163971
12044 71.663628 352.346191 46.710644 352.346191
5774 176.173096 209.018921 155.1828 209.018921
13591 429.981781 140.341278 416.427887 140.341278
13619 409.079895 83.607567 396.710999 83.607567
12786 522.547302 313.528381 485.489075 313.528381
13553 155.271194 322.486328 133.264557 322.486328
5195 641.389526 261.572266 623.77356 261.572266
12835 451.480896 351.151794 417.171051 351.151794
13611 394.149963 146.910446 380.839661 146.910446
4700 164.826355 390.566803 144.10408 390.566803
12896 541.060425 164.826355 511.510651 164.826355
13622 419.232239 189.90863 406.327301 189.90863
13103 82.413177 308.153625 56.515812 308.153625
12640 164.826355 114.661812 142.256638 114.661812
4263 200.658173 78.829994 179.588669 78.829994
5174 182.742264 179.159088 161.844604 179.159088
13174 440.731354 146.910446 426.772583 146.910446
12777 526.727722 315.319977 488.912659 315.319977
13559 156.0 328.0 134.83078 328.0
13360 108.0 83.0 81.670021 83.0
13288 434.0 275.0 402.552246 275.0
13552 154.0 313.0 132.450684 313.0
13428 106.800003 190.800003 81.50869 190.800003
13612 436.320007 152.639999 424.11557 152.639999
13554 153.600006 313.200012 132.267807 313.200012
13399 117.600006 154.800003 92.552605 154.800003
13628 469.200012 39.600002 457.195221 39.600002
13367 303.840027 250.560013 276.709045 250.560013
13382 74.400002 352.800018 48.745892 352.800018
13551 196.992035 116.121613 176.335739 116.121613
13231 635.040039 138.240005 600.852722 138.240005
13211 584.064026 328.320038 544.181702 328.320038
13208 584.75531 327.628845 545.053711 327.628845
13604 418.037811 191.600662 405.492676 191.600662
12616 74.649612 275.788849 49.475674 275.788849
13126 95.385612 391.910461 71.87381 391.910461
13400 114.048019 138.931213 89.589035 138.931213
13645 410.572845 134.784012 398.936798 134.784012
13626 420.940857 192.844833 408.192657 192.844833
13605 441.676849 149.299225 429.19101 149.299225
13627 470.707275 176.256027 458.601776 176.256027
13477 124.416016 296.524841 101.49305 296.524841
13368 87.091209 273.71524 60.922905 273.71524
13146 149.299225 238.878769 125.746506 238.878769
13579 294.451233 203.21283 277.802979 203.21283
13429 104.509453 186.624023 79.873772 186.624023
13227 594.210938 170.201126 561.432373 170.201126
13578 292.626495 203.046951 277.356201 203.046951
13259 591.224915 149.299225 558.995667 149.299225
13250 447.897705 358.318176 414.917816 358.318176
4696 223.948837 203.046951 205.998688 203.046951
12660 167.215134 391.163971 145.413254 391.163971
