1073
-2.7 -1.2 1.82 -0.00752 0.927 0.337 0.161 
13177 402.0 125.0 389.398407 125.0
12677 370.0 132.0 355.914276 132.0
13236 407.0 319.0 375.353424 319.0
13394 281.0 447.0 255.459747 447.0
13530 206.0 196.0 185.166672 196.0
13599 404.0 182.0 390.774292 182.0
13230 544.0 140.0 511.656982 140.0
13198 557.0 343.0 517.772461 343.0
13499 83.0 393.0 60.199345 393.0
13456 119.0 124.0 96.229034 124.0
13414 65.0 258.0 39.764553 258.0
13409 87.0 126.0 61.934433 126.0
13233 539.0 61.0 506.550171 61.0
13139 169.0 237.0 146.824371 237.0
13398 48.0 305.0 22.799919 305.0
13592 324.0 171.600006 310.743652 171.600006
12597 228.000015 420.000031 204.340103 420.000031
13321 342.0 232.800003 314.715637 232.800003
13404 50.400002 432.000031 25.863443 432.000031
13123 630.0 444.000031 606.391541 444.000031
13636 392.400024 129.600006 379.245117 129.600006
12774 470.400024 270.0 435.472839 270.0
13528 174.0 61.200001 152.515839 61.200001
13496 115.200005 355.200012 93.322166 355.200012
13152 206.400009 195.600006 185.652893 195.600006
13350 58.800003 132.0 32.610611 132.0
13390 64.800003 258.0 39.596031 258.0
13492 140.400009 106.800003 117.860031 106.800003
13473 118.800003 124.800003 96.133774 124.800003
12122 82.800003 392.400024 60.132481 392.400024
13396 54.000004 334.800018 29.638399 334.800018
13225 583.200012 111.600006 550.92627 111.600006
13474 124.800003 224.400009 103.49334 224.400009
13525 147.600006 205.200012 125.901283 205.200012
13556 180.0 138.0 159.943481 138.0
13226 538.800049 61.200001 506.466461 61.200001
11873 87.600006 183.600006 63.413639 183.600006
13150 153.600006 195.600006 132.539368 195.600006
13478 100.800003 319.200012 78.09758 319.200012
13516 128.400009 256.800018 106.482262 256.800018
13168 149.76001 371.52002 128.830902 371.52002
13415 50.400002 430.560028 25.970171 430.560028
13175 403.200012 125.280006 390.442566 125.280006
13606 401.76001 181.440002 388.869324 181.440002
12637 138.240005 97.920006 115.538162 97.920006
13138 125.280006 224.640015 103.461838 224.640015
13231 581.76001 110.880005 549.089539 110.880005
13462 228.960007 220.320007 204.861191 220.320007
13156 205.920013 195.840012 185.283569 195.840012
13549 136.800003 311.040009 115.815895 311.040009
13552 133.919998 298.080017 112.865791 298.080017
13455 109.440002 178.560013 86.410492 178.560013
11887 87.840004 182.880005 63.244755 182.880005
13416 90.720001 141.12001 66.252342 141.12001
13503 187.200012 200.160004 165.724792 200.160004
13509 169.920013 201.600006 148.281967 201.600006
5154 450.720032 63.360001 439.399078 63.360001
13615 432.000031 54.720001 420.220337 54.720001
13133 227.520004 419.040009 204.123306 419.040009
12676 370.080017 132.480011 356.046356 132.480011
13179 324.0 171.360001 310.323944 171.360001
13080 87.840004 128.160004 62.866982 128.160004
12590 240.192017 426.81604 216.350677 426.81604
12593 226.368027 419.904053 202.977631 419.904053
13491 124.416016 224.640015 102.54084 224.640015
12654 153.792007 196.99202 132.608551 196.99202
13471 133.056015 70.848007 109.660622 70.848007
13553 136.512009 311.040039 115.511414 311.040039
13178 402.624023 126.144012 390.197235 126.144012
13232 582.33606 110.59201 549.88446 110.59201
13160 177.984024 146.88002 157.591873 146.88002
13569 200.448013 190.080017 181.888428 190.080017
13517 169.344009 200.448013 147.504089 200.448013
13405 81.216011 176.256012 56.470097 176.256012
13190 651.456055 350.784027 634.476562 350.784027
13593 421.63205 134.784012 408.887115 134.784012
13612 414.720032 139.968018 403.005402 139.968018
13153 205.632019 195.264023 184.438721 195.264023
13087 89.85601 188.35202 65.621895 188.35202
13587 369.792023 133.056015 356.361816 133.056015
13092 62.208008 294.451233 36.868507 294.451233
13551 172.108826 103.680016 150.632889 103.680016
13502 157.593628 76.723213 135.75502 76.723213
13532 136.85762 275.788849 115.527206 275.788849
13558 128.563217 257.126434 106.236717 257.126434
13445 109.900818 178.32962 86.239174 178.32962
13423 80.870415 174.182419 55.912315 174.182419
5162 420.940857 134.784012 408.305756 134.784012
5163 452.044861 64.281609 440.535431 64.281609
13598 400.204865 178.32962 387.62149 178.32962
12680 323.481659 170.035217 310.598083 170.035217
12652 153.446426 194.918427 132.491531 194.918427
13567 180.403229 174.182419 160.049667 174.182419
13585 371.174438 132.710419 357.209229 132.710419
13546 149.299225 371.174438 128.882431 371.174438
4696 201.553955 189.11235 182.719528 189.11235
13646 209.018906 199.065628 188.291 199.065628
5771 146.810898 368.271423 125.318916 368.271423
13193 609.638489 186.624023 594.06665 186.624023
12786 470.292542 276.203552 435.875153 276.203552
13605 418.037811 134.369293 405.817261 134.369293
13626 398.131256 179.159058 385.742493 179.159058
13384 84.60289 106.997772 59.560349 106.997772
13375 77.137932 72.161293 51.702911 72.161293
13535 176.670746 131.880981 155.824097 131.880981
12636 139.345947 104.509453 116.48011 104.509453
13420 87.091209 184.135712 62.966686 184.135712
13429 79.626251 171.694107 54.972767 171.694107
5792 154.275864 196.577301 132.378281 196.577301
4236 159.252502 161.740829 138.162109 161.740829
13596 370.759735 131.880981 356.631073 131.880981
4191 492.687439 110.48143 462.28244 110.48143
12123 77.635597 373.248077 54.330044 373.248077
13565 176.173096 131.383316 155.265396 131.383316
4673 176.173096 71.663628 155.09288 71.663628
13550 206.032928 194.088989 184.619766 194.088989
13537 164.229156 200.060959 143.27594 200.060959
5158 418.037842 134.369308 405.662048 134.369308
13603 388.177979 71.663628 375.515167 71.663628
13250 408.482697 318.903168 377.201111 318.903168
13597 376.23407 125.411354 362.664398 125.411354
4263 175.575897 71.663635 154.124985 71.663635
12117 78.829994 372.650879 54.311943 372.650879
13174 419.232239 132.577713 405.576385 132.577713
13621 386.983612 75.246811 374.903992 75.246811
5174 157.659988 164.826355 137.270157 164.826355
13611 372.650879 132.577713 359.017303 132.577713
13167 146.910446 372.650879 126.917587 372.650879
13484 131.0 135.0 107.930801 135.0
12711 553.200012 361.200012 514.504944 361.200012
12773 484.800018 332.400024 449.087616 332.400024
13358 78.0 70.800003 52.073322 70.800003
13614 416.400024 139.200012 403.830963 139.200012
13417 87.600006 128.400009 62.60231 128.400009
13472 138.0 96.0 115.185043 96.0
13434 91.200005 192.0 67.320572 192.0
13652 112.0 326.0 89.901245 326.0
13399 91.200005 141.600006 66.487503 141.600006
13483 83.520004 391.680023 60.194645 391.680023
13522 159.840012 171.360001 138.561295 171.360001
13374 288.0 221.76001 262.406128 221.76001
13428 81.600006 176.400009 56.766705 176.400009
12843 412.992035 321.40802 379.677338 321.40802
13560 176.256012 129.600006 155.998779 129.600006
13400 87.091209 126.489616 62.471531 126.489616
13339 58.752007 131.328018 32.311348 131.328018
13487 129.600006 133.056015 106.943153 133.056015
12130 82.944008 392.256042 59.901997 392.256042
13488 130.636826 132.710419 107.155807 132.710419
13450 132.710419 70.502411 109.288376 70.502411
13451 240.192017 426.81604 216.350677 426.81604
13438 91.238411 141.004822 66.636864 141.004822
4224 201.139221 188.697632 182.867188 188.697632
13600 405.596222 129.392654 393.159637 129.392654
4700 149.299225 373.248077 128.431808 373.248077
13093 231.413788 221.46051 206.745789 221.46051
13519 159.667221 161.740829 138.445114 161.740829
5218 82.114571 390.66629 59.418846 390.66629
13146 125.411354 222.157257 103.825592 222.157257
12777 474.771545 277.696564 439.113007 277.696564
13591 408.482697 128.994537 395.797638 128.994537
13482 82.413177 390.566803 58.743858 390.566803
4262 200.658173 186.325439 183.034515 186.325439
13622 397.733154 175.575897 385.599701 175.575897
