1079
-2.69 -1.09 1.7 0.00817 0.922 0.356 0.154 
13632 416.0 144.0 404.239319 144.0
13123 608.0 400.0 585.865967 400.0
13203 519.0 325.0 482.807251 325.0
12677 356.0 112.0 342.080231 112.0
13499 87.0 372.0 65.334724 372.0
13177 389.0 104.0 376.303162 104.0
13150 144.0 181.0 123.434792 181.0
13421 45.600002 358.800018 21.444031 358.800018
12773 458.400024 294.0 424.980133 294.0
13456 105.600006 112.800003 83.033096 112.800003
13409 74.400002 114.000008 50.101997 114.000008
13493 99.0 300.0 77.350609 300.0
13484 118.0 122.0 95.710403 122.0
13501 138.0 41.0 115.842133 41.0
13282 445.0 108.0 417.03595 108.0
13152 195.0 179.0 174.697723 179.0
13135 176.0 185.0 155.354584 185.0
11866 93.0 429.0 67.140541 429.0
13599 393.0 160.0 379.855957 160.0
13577 262.080017 172.800003 247.393326 172.800003
13556 163.200012 114.000008 142.95607 114.000008
12676 355.680023 112.320007 341.793732 112.320007
13231 547.200012 77.760002 515.801086 77.760002
13614 403.200012 117.600006 391.259613 117.600006
13175 390.000031 104.400002 377.19281 104.400002
13389 70.800003 94.800003 46.317612 94.800003
12597 226.0 392.0 203.865051 392.0
13038 309.600006 432.000031 284.236908 432.000031
13390 61.0 243.0 36.744225 243.0
13528 156.0 48.0 135.143646 48.0
13516 122.0 241.0 101.195419 241.0
12925 445.200012 108.000008 416.99295 108.000008
13284 448.0 74.0 419.75885 74.0
13396 56.400002 318.0 32.524197 318.0
13505 176.400009 184.800003 155.914459 184.800003
13240 456.000031 228.000015 424.61615 228.000015
13521 122.400002 362.400024 101.815651 362.400024
13592 313.0 153.0 299.650421 153.0
12593 224.640015 391.680023 202.416901 391.680023
13372 64.800003 149.76001 40.166367 149.76001
13080 74.304008 115.776009 50.433479 115.776009
13057 70.560005 93.600006 46.076885 93.600006
13039 308.160004 432.000031 282.400513 432.000031
13416 79.200005 129.600006 55.284428 129.600006
13331 325.440002 208.800003 299.343903 208.800003
13168 145.200012 346.800018 126.09285 346.800018
13496 115.200005 335.52002 94.62011 335.52002
13559 134.400009 294.0 114.282867 294.0
12923 445.824036 108.864014 417.256744 108.864014
13232 548.400024 78.0 517.269226 78.0
13598 390.528046 158.976013 377.985504 158.976013
13450 115.776009 58.752007 92.776169 58.752007
12065 55.296005 317.952026 31.586885 317.952026
13156 194.400009 178.560013 173.787674 178.560013
13574 645.119995 203.040009 627.976868 203.040009
13136 609.98407 400.896027 588.069641 400.896027
13084 264.960022 413.280029 240.741653 413.280029
12582 92.160004 427.680023 66.147385 427.680023
13404 58.800003 409.200012 35.165024 409.200012
12783 445.824066 240.537628 412.514282 240.537628
13587 355.968048 112.320007 342.612854 112.320007
13445 99.532814 165.888031 76.428749 165.888031
13087 77.76001 171.072021 54.736187 171.072021
13077 70.848007 95.040009 46.38652 95.040009
13549 133.919998 292.320007 113.785858 292.320007
13502 141.696014 63.936005 120.103615 63.936005
13092 60.480007 278.208038 36.448116 278.208038
13134 100.224007 267.840027 78.847023 267.840027
13129 70.848007 366.336029 48.669025 366.336029
12654 144.0 181.440002 123.651733 181.440002
13153 193.536011 179.712021 173.667419 179.712021
13503 178.32962 182.476822 156.766251 182.476822
13566 170.035217 159.667221 149.588821 159.667221
13190 635.904053 312.768036 619.06488 312.768036
13606 391.680023 158.400009 378.60144 158.400009
12590 224.640015 392.256042 202.162842 392.256042
13036 307.584015 432.000031 281.847839 432.000031
13624 373.248047 48.384003 360.938263 48.384003
13449 217.728027 202.176025 194.807755 202.176025
12680 312.480011 152.639999 299.448334 152.639999
13471 115.200005 59.040001 92.567276 59.040001
4237 62.208008 64.281609 37.632595 64.281609
13560 162.432022 114.048012 142.263855 114.048012
13138 118.080002 208.800003 96.466194 208.800003
13612 402.624023 117.504013 390.885345 117.504013
5162 408.499268 111.974419 395.864319 111.974419
13178 389.836853 103.680016 377.760895 103.680016
13091 264.384033 412.992035 240.361755 412.992035
13535 163.814423 116.121613 142.829712 116.121613
13551 155.52002 89.16481 134.998901 89.16481
4253 124.416016 92.067856 101.914436 92.067856
13534 141.004822 64.281609 119.907143 64.281609
12774 445.824066 234.316833 412.656677 234.316833
5792 144.322586 181.647385 123.207405 181.647385
13128 615.859314 398.131256 592.473083 398.131256
13109 238.464035 396.057648 215.393539 396.057648
13546 146.810898 348.364838 126.613182 348.364838
12678 356.659241 111.974419 343.005493 111.974419
13179 313.113647 151.372818 299.61499 151.372818
13143 117.504013 209.088013 96.489792 209.088013
13405 70.848007 164.160019 47.213833 164.160019
13569 190.771225 172.108826 172.666946 172.108826
4224 189.11235 171.694107 171.77858 171.694107
13571 176.670746 149.299225 157.743317 149.299225
13470 161.740829 194.088989 140.005066 194.088989
12596 223.948837 390.66629 201.472168 390.66629
13565 161.243164 116.4534 141.247803 116.4534
13384 69.672974 94.556175 45.897911 94.556175
5774 143.078415 180.403229 123.173897 180.403229
4236 146.810898 146.810898 126.664185 146.810898
5405 450.385986 69.672974 421.98468 69.672974
5159 707.097717 277.862427 690.083435 277.862427
13626 388.177979 156.764175 375.664001 156.764175
13089 263.347229 412.646454 239.322968 412.646454
13557 132.710419 290.304047 112.667404 290.304047
13585 355.829803 111.974419 343.08255 111.974419
13621 373.248047 49.766407 360.896851 49.766407
13167 145.152023 346.29126 126.791916 346.29126
13043 306.063416 430.479431 280.482819 430.479431
12123 82.114571 353.341492 59.065453 353.341492
13515 161.243179 193.491806 139.569016 193.491806
13507 136.85762 191.600662 115.270874 191.600662
13604 388.177979 152.285217 375.495209 152.285217
13596 358.318146 113.467415 344.833344 113.467415
13146 119.439384 209.018921 97.513962 209.018921
4696 191.103012 170.201126 173.655457 170.201126
12652 143.327255 182.145065 123.2743 182.145065
5771 149.299225 352.346191 129.96196 352.346191
12640 122.425369 86.593552 100.521034 86.593552
13597 358.318176 111.078629 345.008545 111.078629
12117 80.621582 352.346191 58.696003 352.346191
4262 189.90863 168.409531 172.671371 168.409531
13157 187.0 369.0 166.147964 369.0
13139 160.0 219.0 138.866669 219.0
13509 162.0 186.0 140.47403 186.0
13633 374.0 51.0 361.919373 51.0
13530 196.0 178.0 175.649628 178.0
13479 101.0 269.0 79.306587 269.0
13555 151.0 351.0 131.037704 351.0
13132 160.800003 219.600006 139.095459 219.600006
13350 48.0 121.200005 22.426414 121.200005
13099 43.200001 328.800018 19.016832 328.800018
13321 324.0 206.400009 297.726471 206.400009
13367 259.200012 207.360016 233.902695 207.360016
13075 277.920013 424.800018 252.30983 424.800018
13425 50.400002 351.360016 26.974436 351.360016
13520 138.240005 190.080002 117.059258 190.080002
12110 133.056015 292.032013 113.029404 292.032013
13125 81.216011 352.512024 59.091621 352.512024
13522 147.225616 147.225616 126.904465 147.225616
13400 74.649612 114.048019 50.384228 114.048019
13562 131.880981 288.645172 112.189987 288.645172
13603 373.248047 49.766407 360.43927 49.766407
12786 445.409332 241.367081 412.067505 241.367081
13090 261.273651 413.061188 237.323547 413.061188
13160 161.243164 116.4534 141.247803 116.4534
13580 277.696564 182.145065 262.38443 182.145065
13619 373.248077 56.733707 360.794434 56.733707
5561 286.65451 421.023834 261.295105 421.023834
13083 272.321808 404.899536 248.140762 404.899536
4682 121.828178 85.996361 99.911087 85.996361
13531 118.244995 207.824539 96.866302 207.824539
13591 404.899536 107.495445 391.670258 107.495445
