1114
-1.3 -1.18 1.92 -0.0188 0.893 0.339 0.297 
13979 217.0 20.0 199.974899 20.0
13778 192.0 344.0 170.17453 344.0
13905 521.0 344.0 501.820801 344.0
14124 577.0 305.0 561.725769 305.0
13723 317.0 232.0 291.887207 232.0
13458 180.0 35.0 162.255951 35.0
13726 313.0 386.0 287.988251 386.0
13546 180.0 269.0 163.896637 269.0
13549 174.0 223.0 158.171478 223.0
14045 173.0 212.0 156.952515 212.0
13948 713.0 301.0 693.296082 301.0
13794 555.0 389.0 532.620239 389.0
13838 537.0 364.0 516.755005 364.0
13282 398.0 85.0 373.106049 85.0
13691 357.0 236.0 328.276733 236.0
11611 145.0 343.0 123.850426 343.0
14000 231.0 137.0 214.031357 137.0
13782 259.0 346.0 238.096756 346.0
13805 478.0 371.0 455.836182 371.0
13796 281.0 151.0 259.694855 151.0
13940 711.0 248.0 691.369263 248.0
11565 158.0 364.0 134.524002 364.0
14153 648.0 134.0 635.981018 134.0
13302 95.0 57.0 75.274071 57.0
13750 573.0 418.0 548.749817 418.0
12680 359.0 134.0 347.482788 134.0
12122 130.0 275.0 113.585083 275.0
13459 128.0 259.0 111.188103 259.0
13983 168.0 154.0 151.128693 154.0
13863 113.0 174.0 95.017174 174.0
14069 673.0 325.0 655.491638 325.0
14118 605.0 207.0 589.119751 207.0
14061 647.0 228.0 629.148743 228.0
13975 673.0 194.0 654.267639 194.0
12065 112.0 228.0 94.138947 228.0
13900 118.0 200.0 100.25914 200.0
13835 105.0 112.0 86.163849 112.0
13077 142.0 60.0 123.715385 60.0
13846 115.0 33.0 95.928253 33.0
13010 94.800003 122.400002 75.601158 122.400002
13844 102.000008 96.0 83.047577 96.0
13888 520.800049 344.400024 501.350525 344.400024
13935 714.0 301.200012 694.865601 301.200012
14059 637.200012 327.600006 620.283203 327.600006
12075 68.400002 271.200012 49.456692 271.200012
13964 708.0 169.200012 688.749939 169.200012
13674 381.600006 290.400024 350.645264 290.400024
13668 388.800018 261.600006 357.251373 261.600006
13804 546.0 387.600006 523.744263 387.600006
13832 536.400024 363.600006 515.812195 363.600006
12593 216.000015 308.400024 197.82811 308.400024
13791 277.200012 160.800003 255.280365 160.800003
13810 260.400024 156.0 239.559341 156.0
13788 258.0 345.600006 237.365768 345.600006
13974 699.600037 274.800018 680.209534 274.800018
13301 91.200005 39.600002 71.264984 39.600002
14035 230.400009 136.800003 213.524277 136.800003
13720 313.200012 385.200012 287.977295 385.200012
13560 214.800003 84.0 198.402954 84.0
13672 414.000031 201.600006 382.789795 201.600006
12110 174.0 222.000015 158.299866 222.000015
13532 174.0 187.200012 158.350891 187.200012
14096 615.600037 158.400009 598.920471 158.400009
13746 438.000031 396.000031 413.687042 396.000031
12103 130.800003 274.800018 113.986717 274.800018
14154 522.0 214.800003 512.231445 214.800003
13692 355.200012 186.0 326.83374 186.0
13859 135.600006 84.0 117.3153 84.0
13787 477.600006 370.800018 455.64325 370.800018
12637 184.800003 56.400002 167.410126 56.400002
14137 321.600006 154.800003 303.672852 154.800003
13851 136.800003 33.600002 118.280197 33.600002
13727 346.800018 174.0 320.718109 174.0
13592 358.800018 133.200012 347.067017 133.200012
13988 193.200012 135.600006 177.468826 135.600006
13775 564.0 416.400024 539.795959 416.400024
14155 649.200012 133.200012 636.983582 133.200012
14122 606.0 206.400009 590.336365 206.400009
13264 432.000031 28.800001 405.921082 28.800001
13856 112.800003 174.0 94.87204 174.0
13760 414.000031 38.400002 388.825256 38.400002
14119 577.200012 304.800018 561.939148 304.800018
13789 554.400024 388.800018 531.65387 388.800018
14097 595.200012 219.600006 578.509277 219.600006
13684 375.600006 319.200012 345.507568 319.200012
13445 158.400009 118.800003 140.473557 118.800003
14088 691.200012 221.76001 672.91333 221.76001
14003 169.920013 180.0 153.527451 180.0
13982 192.960007 135.360001 177.367599 135.360001
12044 110.880005 227.520004 93.359718 227.520004
13308 95.040001 56.160004 75.186371 56.160004
14171 90.720001 40.32 70.885925 40.32
13522 198.720001 109.440002 182.658356 109.440002
13464 158.400009 118.080002 140.689743 118.080002
13057 142.560013 60.480003 123.979935 60.480003
13319 93.600006 122.400002 75.066978 122.400002
13011 102.240005 95.040001 83.196579 95.040001
12891 158.400009 364.320007 134.903473 364.320007
13817 444.960022 354.240021 424.086182 354.240021
13675 413.280029 201.600006 381.992615 201.600006
13839 488.160034 360.0 467.901062 360.0
13807 478.080017 365.76001 457.279907 365.76001
12590 217.440002 306.720001 199.39888 306.720001
13963 720.0 275.040009 700.363831 275.040009
13971 698.400024 275.040009 679.14856 275.040009
13966 711.360046 247.680008 691.572388 247.680008
14002 672.480042 192.960007 653.624023 192.960007
13566 216.000015 120.960007 200.284683 120.960007
14082 666.720032 311.040009 649.645874 311.040009
14150 118.080002 198.720001 100.432076 198.720001
14094 619.200012 218.880005 602.013611 218.880005
14120 606.240051 205.920013 590.67395 205.920013
13179 358.560028 133.919998 346.890106 133.919998
13925 707.040039 168.480011 687.934204 168.480011
12843 318.240021 231.840012 292.793274 231.840012
13956 184.320007 57.600002 167.107986 57.600002
13969 713.664062 300.672028 694.796326 300.672028
13320 93.312012 120.960014 74.533859 120.960014
13384 141.696014 60.480007 123.477234 60.480007
4237 136.512009 34.560005 117.946823 34.560005
13747 437.184052 395.712036 412.236328 395.712036
13814 444.096039 355.968048 422.504456 355.968048
13663 387.072021 260.92804 355.62442 260.92804
14063 214.272018 84.672005 198.050232 84.672005
12654 193.536011 134.784012 177.247681 134.784012
13669 412.992035 202.176025 381.653625 202.176025
12950 158.976013 364.608032 135.360016 364.608032
5216 129.600006 274.752014 113.210693 274.752014
13457 127.872009 259.200012 110.954285 259.200012
13423 136.512009 112.320007 118.457512 112.320007
13401 134.784012 82.944008 116.517181 82.944008
5165 463.104034 205.632019 452.214935 205.632019
13932 698.112061 274.752014 678.807251 274.752014
13962 711.936096 247.104019 692.432861 247.104019
13881 114.048012 174.528015 95.874542 174.528015
13953 668.736084 233.280029 649.704651 233.280029
14080 622.080078 226.368027 605.102051 226.368027
14126 606.528076 205.632019 591.148376 205.632019
14053 635.904053 326.592041 618.578308 326.592041
14116 577.152039 305.856018 561.88208 305.856018
13666 378.432037 307.584015 347.210114 307.584015
13903 518.400024 343.87204 498.923187 343.87204
14099 615.16803 158.976013 598.574463 158.976013
13640 492.480042 136.512009 482.648193 136.512009
13800 255.744019 345.600037 234.840515 345.600037
5039 311.040039 385.344025 286.643036 385.344025
13970 214.272018 139.968018 197.531204 139.968018
5020 319.680023 231.552017 293.568298 231.552017
13710 326.592041 174.528015 300.493896 174.528015
5722 184.896011 57.024006 167.198166 57.024006
12059 110.59201 228.096024 93.131042 228.096024
13092 117.504013 195.264023 100.050659 195.264023
13708 325.555237 174.182419 300.113129 174.182419
14174 304.819244 143.078415 291.227234 143.078415
5774 194.918427 134.784012 177.644089 134.784012
4236 199.065628 107.827217 182.680267 107.827217
4696 236.390427 132.710419 221.525513 132.710419
14039 207.360031 126.489616 191.043152 126.489616
13947 705.024109 170.035217 685.730103 170.035217
14143 680.140869 149.299225 667.768616 149.299225
13951 698.803284 273.71524 679.561707 273.71524
5159 711.244873 300.672028 692.015991 300.672028
14064 678.067322 317.260834 659.979858 317.260834
12068 109.900818 226.02243 92.627693 226.02243
13754 437.529663 393.98407 413.285278 393.98407
13818 445.824066 354.585663 424.242218 354.585663
13670 385.689667 271.641632 354.160889 271.641632
14004 669.772888 232.243225 650.773987 232.243225
13978 671.846497 192.844833 653.974548 192.844833
13730 344.217651 174.182419 319.252075 174.182419
13190 636.595276 325.555237 619.240906 325.555237
14078 667.69928 308.966431 651.013489 308.966431
14100 624.153687 223.948837 606.974304 223.948837
13884 518.400085 342.144043 499.269287 342.144043
13826 534.988892 362.880066 513.701233 362.880066
14101 615.859314 157.593628 599.673828 157.593628
14172 147.225616 342.144043 125.640549 342.144043
12117 128.563217 259.200043 111.297287 259.200043
5007 319.334442 232.243225 293.290253 232.243225
13429 134.784012 107.827217 117.060143 107.827217
12636 184.55043 60.134407 167.271561 60.134407
13562 174.182419 219.801636 157.698608 219.801636
5792 190.771225 138.931213 174.438171 138.931213
14121 578.534485 304.819244 563.697815 304.819244
14095 664.381531 211.507233 647.709961 211.507233
13671 395.642944 206.530594 363.612732 206.530594
13813 465.315918 360.806458 444.425537 360.806458
13908 701.70636 171.694107 682.841614 171.694107
14144 679.311462 149.299225 666.231323 149.299225
13997 691.753052 218.972198 673.259094 218.972198
13917 684.288086 266.250275 667.449951 266.250275
14092 622.080078 221.46051 605.345398 221.46051
14106 597.196899 218.972198 580.32489 218.972198
14076 684.288086 335.923248 666.920715 335.923248
4646 343.388214 174.182419 318.613251 174.182419
13991 194.088989 134.369293 176.922348 134.369293
5174 199.065628 114.462738 182.396774 114.462738
14049 664.381531 325.969971 646.357666 325.969971
13808 251.320358 345.876526 230.850723 345.876526
13709 171.694107 365.783081 147.859375 365.783081
4654 318.505005 231.413788 292.915833 231.413788
4253 184.135712 59.719688 166.61174 59.719688
13853 134.369293 82.114571 116.414558 82.114571
13819 465.813599 358.318146 444.835236 358.318146
4239 101.523476 98.537491 82.371483 98.537491
14111 609.140869 220.96286 591.319397 220.96286
13972 585.252991 235.892776 567.105286 235.892776
13999 689.762451 220.96286 671.746765 220.96286
13994 665.874573 232.906799 646.620667 232.906799
5167 671.846497 194.088989 653.405945 194.088989
13579 304.570435 143.327255 290.315521 143.327255
13816 238.878769 337.41626 219.418564 337.41626
4275 238.878769 131.383316 223.716568 131.383316
4700 179.159073 268.738617 162.414215 268.738617
5025 310.542389 382.206024 285.524628 382.206024
14093 197.074982 113.467415 181.979691 113.467415
4682 182.145065 59.719692 165.328217 59.719692
13869 134.369308 80.621582 116.284088 80.621582
4645 382.206024 400.121918 354.820312 400.121918
14169 516.575317 191.103012 507.791046 191.103012
14065 686.776428 334.430267 669.325989 334.430267
14091 662.88855 325.472321 645.557068 325.472321
13960 692.748413 274.710571 674.959839 274.710571
5172 624.070801 220.96286 607.139771 220.96286
14142 680.804504 149.299225 667.681152 149.299225
14130 579.281006 298.59845 564.697205 298.59845
14058 680.804504 315.319977 662.312256 315.319977
13944 662.888611 232.906799 644.244141 232.906799
13933 666.471802 211.407715 649.235413 211.407715
14133 580.475403 297.404083 566.086609 297.404083
14132 569.725891 297.404083 553.898376 297.404083
5199 494.479065 136.160904 483.794647 136.160904
4996 383.400421 401.316345 355.461029 401.316345
12835 318.903168 232.906799 292.437958 232.906799
14164 634.223145 322.486359 616.780273 322.486359
13822 533.894043 361.901337 511.964783 361.901337
13945 670.054993 193.491806 652.927124 193.491806
14104 222.157257 118.244995 207.825089 118.244995
13845 529.0 364.0 509.038849 364.0
13790 478.0 371.0 455.836182 371.0
13749 402.0 84.0 377.049652 84.0
13695 354.0 186.0 326.12616 186.0
13968 196.0 165.0 179.212494 165.0
4662 462.240021 204.480011 451.218964 204.480011
14001 217.0 20.0 199.974899 20.0
13551 211.680008 61.920002 194.909134 61.920002
13857 135.360001 106.560005 117.269722 106.560005
13678 383.040009 286.559998 351.785706 286.559998
13824 478.080017 365.76001 457.279907 365.76001
13411 108.000008 266.400024 90.848465 266.400024
13717 328.800018 174.0 303.107574 174.0
13677 379.468842 304.819244 348.063232 304.819244
13535 215.654434 85.017609 198.630569 85.017609
13126 128.160004 259.200012 111.133209 259.200012
4241 91.238411 39.398407 71.0317 39.398407
14113 594.432068 219.456024 577.564209 219.456024
5397 431.308868 398.131256 405.99292 398.131256
13763 172.108826 364.953644 150.47084 364.953644
14108 667.008057 311.040039 649.908875 311.040039
5170 464.48645 205.286423 453.881287 205.286423
13557 174.528015 221.184021 157.994034 221.184021
13735 452.874298 263.761963 427.105621 263.761963
14007 215.654434 138.931213 198.476273 138.931213
14166 662.88855 325.472321 645.557068 325.472321
13707 323.481659 174.182419 298.517792 174.182419
13892 485.222473 353.341492 465.085846 353.341492
14110 597.196899 219.801636 580.488342 219.801636
12123 126.904335 261.273651 110.318703 261.273651
13930 134.369308 107.495445 116.721451 107.495445
5195 623.473572 222.157257 606.950256 222.157257
4676 340.402252 179.159073 314.11319 179.159073
4680 325.472321 185.131042 299.940308 185.131042
13833 531.505249 364.290131 511.948608 364.290131
5105 465.813599 358.318176 444.493835 358.318176
14077 197.074982 113.467415 181.979691 113.467415
5127 68.677643 116.4534 48.979446 116.4534
14087 648.555847 229.323624 631.430054 229.323624
