1135
-0.546 -1.1 2.09 -0.00225 0.832 0.323 0.451 
13922 550.0 169.0
12955 533.0 164.0
13992 451.0 352.0
13960 492.0 365.0
11273 38.0 166.0
13975 620.0 23.0
12842 363.0 266.0
13950 580.0 165.0
5688 72.0 218.0
11292 67.0 203.0
12323 253.0 231.0
11411 73.0 268.0
13156 560.0 56.0
14267 359.0 119.0
13789 367.0 96.0
14175 358.0 55.0
14169 357.0 29.0
13408 319.0 223.0
13705 297.0 226.0
13759 319.0 202.0
12299 287.0 198.0
11404 27.0 231.0
11295 53.0 192.0
14389 290.0 54.0
12143 283.0 108.0
14101 291.0 124.0
12240 181.0 232.0
14129 638.0 347.0
14070 627.0 362.0
14099 671.0 366.0
14055 407.0 309.0
13454 516.0 121.0
13601 417.0 133.0
13993 466.0 195.0
13996 498.0 145.0
13989 281.0 333.0
12893 298.0 240.0
14299 336.0 238.0
14200 337.0 136.0
13921 549.600037 168.0
14001 498.000031 145.200012
13971 489.600006 379.200012
11278 67.200005 204.000015
11434 73.200005 268.800018
13247 283.200012 108.000008
12902 358.800018 118.800003
13336 332.400024 103.200005
13400 367.200012 94.800003
13945 567.600037 165.600006
13977 633.600037 31.200001
13718 356.400024 30.000002
14018 571.200012 37.200001
12670 130.800003 170.400009
12787 229.200012 128.400009
12137 318.0 104.400002
13590 291.600006 84.0
13283 324.0 54.000004
13583 289.200012 52.800003
12069 166.800003 146.400009
4273 109.200005 45.600002
12837 235.200012 231.600006
12277 201.600006 220.800003
14064 627.600037 362.400024
14100 670.800049 366.0
13143 447.600006 345.600006
13268 403.200012 306.0
13959 500.400024 331.200012
14263 381.600006 72.0
13934 534.0 226.800003
13042 469.200012 196.800003
11837 309.600006 300.0
14307 337.200012 238.800003
13372 337.200012 135.600006
12242 292.800018 152.400009
13846 516.0 121.200005
14166 686.400024 346.800018
13179 264.960022 102.240005
5102 358.560028 119.520004
14164 332.640015 103.680008
6260 72.0 267.839996
12230 269.279999 174.240005
12790 233.280014 129.600006
5413 514.080017 142.560013
13917 564.480042 53.280003
14011 581.76001 31.68
13146 570.240051 37.440002
5068 139.680008 161.279999
4628 288.0 36.0
6134 168.480011 210.240005
12183 223.200012 172.800003
5697 233.280014 132.480011
14154 685.440002 345.600006
14063 626.400024 361.440002
14075 712.800049 393.120026
14087 669.600037 364.320007
5521 403.200012 305.279999
13957 499.680023 329.76001
14402 708.480042 216.000015
4621 659.52002 203.040009
13449 457.920013 128.160004
14250 375.840027 120.960007
13985 465.120026 194.400009
14031 309.600006 299.52002
13593 290.880005 83.520004
12316 286.559998 197.280014
13383 296.640015 226.080002
5099 292.320007 151.200012
12566 51.840004 191.520004
4220 321.40802 32.832005
13105 200.448013 219.456024
4631 160.70401 228.096024
5053 138.240021 162.432022
12780 233.280029 129.600006
5029 115.776009 133.056015
5108 224.640015 200.448013
6091 195.264023 179.712021
3815 174.528015 183.168015
5659 165.888016 145.152008
12263 233.280029 184.896011
12166 224.640015 160.70401
14044 575.424072 378.432037
13841 559.87207 82.944008
5100 628.992065 200.448013
13422 380.160034 72.576004
12926 514.944031 120.960014
4626 466.560059 198.720016
14002 495.936035 145.152008
5720 295.488037 245.376022
11383 72.576004 267.840027
5042 69.12001 252.288025
5194 172.800018 241.920029
5662 290.304016 84.672005
13755 357.696045 53.568005
12290 286.848022 196.99202
5105 335.232025 238.46402
13384 295.488037 226.368027
13368 336.960022 136.512009
12237 292.032013 152.064011
5636 43.200005 110.59201
6229 51.840004 190.080017
5075 146.88002 207.360016
5712 234.316833 203.21283
5113 232.243225 128.563217
3828 219.801636 153.446426
14033 576.460876 377.395264
14089 669.772888 364.953644
13270 396.057648 304.819244
13949 516.326477 294.451233
13941 524.62085 250.90564
13981 512.17926 369.100861
13823 387.763245 99.532814
13419 385.689667 70.502411
14374 454.118469 136.85762
13930 541.209656 192.844833
3780 497.664062 145.152023
4244 271.641632 261.273651
3804 335.923248 242.611237
12775 163.814423 246.758438
13760 367.027252 95.385612
5186 290.304047 85.017609
12871 356.659241 51.840008
12307 286.15683 196.992035
3805 296.524841 226.02243
3843 292.377655 151.372818
5072 116.121613 134.784012
4222 118.195213 47.692806
5059 134.784012 128.563217
4275 45.619205 163.814423
13851 516.326477 120.268814
5466 146.810898 408.084534
5464 194.088989 400.619568
14072 383.201324 298.59845
4954 320.993317 420.526154
5030 445.409332 343.388214
14153 296.110107 226.437149
5724 293.621796 151.787537
13937 522.547302 251.320358
4649 69.672974 253.80867
4981 562.360413 425.502777
14038 577.290344 378.224701
4653 629.545044 199.065628
12916 393.154602 114.462738
12898 380.713013 74.649612
3817 116.951057 134.369293
5037 119.439377 47.278088
6200 52.254726 191.600662
3835 47.278088 164.229141
5012 465.315918 199.065628
13994 495.175751 144.322586
13802 365.783081 97.044495
4280 231.413788 129.392654
13859 597.196899 131.880981
5044 559.87207 57.231369
4277 233.902115 204.042267
12172 288.645172 159.252502
5669 218.972198 144.322586
3832 139.345947 211.507233
3833 136.85762 146.810898
6152 137.355286 155.271194
14079 665.874573 364.290131
14134 636.014709 349.360199
5023 68.677643 253.808685
4986 465.813599 200.060959
3759 498.659424 146.313248
12917 397.135956 116.4534
4611 513.589355 370.262085
4976 561.365112 421.023834
14081 615.112793 352.346191
4281 116.4534 134.369308
5764 65.691658 104.50946
4939 570.323059 164.229156
3838 232.906799 128.397339
5612 289.640503 86.593552
3841 232.906799 203.046951
5145 292.626495 149.299225
3842 217.976868 146.313248
5046 561.365112 59.719692
4286 137.355286 212.004898
5151 673.638123 125.411354
5006 465.813599 197.074982
5718 336.819061 243.656357
4256 394.149963 111.078629
3863 136.160904 154.076813
5056 662.888611 361.901337
14098 616.307251 351.151794
3857 218.574081 146.910446
3854 114.661812 132.577713
4676 232.906799 200.658173
4288 139.74408 211.407715
3800 444.314514 340.402252
13963 519.600037 160.800003
14125 372.0 274.800018
13389 363.0 266.0
14253 376.0 122.0
13573 288.0 36.0
14405 709.200012 216.000015
14415 278.400024 192.0
13738 348.480011 73.440002
13662 315.600006 98.400002
13285 324.0 54.0
13974 620.400024 22.800001
14251 376.800018 121.200005
13411 381.0 72.0
14029 514.800049 144.0
5073 141.600006 212.400009
12120 218.880005 142.560013
5193 200.160004 263.52002
4667 357.120026 48.960003
12958 214.272018 89.85601
13296 317.952026 74.304008
13566 564.019287 51.840008
14150 376.704041 120.960014
13931 537.408081 203.904022
13999 496.800018 145.440002
12881 357.120026 54.720001
5000 84.672005 46.656006
5622 76.032005 150.336014
5078 136.512009 145.152008
14076 587.520081 342.144043
4643 630.374512 199.065628
14314 385.689667 70.502411
13988 323.481659 313.528351
3366 68.42881 250.90564
5064 574.387268 331.776062
4913 381.54245 427.161652
5174 355.829803 49.766407
14037 627.056702 236.390427
4201 379.220032 421.023834
4977 561.365112 421.023834
3353 319.500336 421.023834
5728 68.080452 254.405899
5160 551.809998 139.74408
