1148
-0.511 -0.995 2.13 -0.00138 0.827 0.32 0.462 
11313 86.0 255.0 68.997742 255.0
14520 81.0 238.0 64.092606 238.0
14461 130.0 124.0 112.030365 124.0
14195 547.0 212.0 515.801697 212.0
14249 517.0 180.0 489.07901 180.0
14424 417.0 295.0 396.876251 295.0
14203 427.0 398.0 396.568329 398.0
14643 246.000015 219.600006 230.842514 219.600006
14615 242.400009 182.400009 226.944473 182.400009
14444 140.0 40.0 121.480194 40.0
14438 127.0 49.0 108.434425 49.0
14431 123.0 32.0 104.373528 32.0
13988 370.0 108.0 355.3479 108.0
14215 383.0 393.0 353.465149 393.0
13492 369.600006 43.200001 354.302612 43.200001
14587 335.0 57.0 319.246521 57.0
14251 618.0 224.0 589.454529 224.0
14673 360.0 346.800018 334.803772 346.800018
11565 326.0 296.0 305.942505 296.0
12122 308.0 230.0 293.661011 230.0
12051 298.0 187.0 282.900208 187.0
14377 50.400002 362.400024 26.527094 362.400024
14178 565.200012 144.0 532.795044 144.0
13900 305.0 163.0 290.121582 163.0
14292 151.0 383.0 124.598022 383.0
14529 174.0 153.600006 157.058624 153.600006
14465 169.200012 58.800003 151.107742 58.800003
14454 194.0 28.0 175.900772 28.0
14330 512.0 127.0 486.717346 127.0
14437 58.0 98.0 39.326355 98.0
13405 326.400024 86.400002 310.944336 86.400002
14506 229.0 51.0 211.750351 51.0
14504 228.0 36.0 210.529007 36.0
14551 230.400009 128.400009 213.795654 128.400009
12028 191.0 220.0 175.362747 220.0
14542 154.0 201.0 137.788208 201.0
14342 140.0 371.0 114.756569 371.0
14304 101.0 382.0 74.65078 382.0
13905 705.0 335.0 682.732605 335.0
14183 691.0 440.0 658.814209 440.0
13790 644.0 349.0 619.141785 349.0
13720 458.400024 330.0 434.694244 330.0
12878 326.400024 296.400024 306.192444 296.400024
14226 340.0 421.0 310.621368 421.0
14179 286.0 449.0 253.601456 449.0
14258 333.0 400.0 305.537933 400.0
14390 87.0 342.0 64.358185 342.0
14056 348.0 231.600006 333.368317 231.600006
11650 79.0 88.0 60.275776 88.0
13727 511.200012 126.720001 485.983307 126.720001
13982 370.800018 108.000008 355.575684 108.000008
14263 502.0 362.0 474.173279 362.0
14450 60.000004 151.200012 41.804203 151.200012
11845 277.920013 105.120003 261.717102 105.120003
5113 244.0 121.0 228.24881 121.0
14553 275.040009 89.280006 259.628571 89.280006
14297 222.000015 385.200012 195.37233 385.200012
14637 378.0 82.800003 363.256836 82.800003
14349 593.0 128.0 568.020081 128.0
13661 566.0 144.0 533.391052 144.0
14150 304.800018 162.0 290.105988 162.0
13560 393.600006 61.200001 378.409973 61.200001
14443 140.400009 39.600002 121.78466 39.600002
14430 123.600006 31.200001 104.257858 31.200001
14548 185.76001 169.920013 169.329376 169.920013
14490 192.0 58.800003 174.461121 58.800003
14576 218.400009 186.0 202.392624 186.0
13296 301.200012 40.800003 284.460541 40.800003
14565 158.400009 229.200012 142.285126 229.200012
14584 180.0 198.000015 163.967407 198.000015
14279 151.200012 382.800018 124.472229 382.800018
14359 192.960007 361.440002 168.17775 361.440002
14485 214.800003 42.0 197.112625 42.0
14491 228.000015 36.0 210.494324 36.0
14319 139.200012 370.800018 114.340172 370.800018
14301 127.200005 379.200012 100.708031 379.200012
14315 79.0 380.0 53.404232 380.0
13828 646.559998 345.600006 623.479858 345.600006
14233 580.800049 410.400024 551.944397 410.400024
14314 590.400024 364.320007 564.211609 364.320007
13684 529.920044 260.640015 499.726105 260.640015
14209 443.52002 401.76001 412.851105 401.76001
14198 390.000031 409.200012 358.987671 409.200012
14277 542.400024 357.600006 515.172852 357.600006
4662 642.0 192.0 629.817017 192.0
14154 727.0 210.0 715.585327 210.0
14416 464.0 121.0 443.292603 121.0
14428 204.0 318.0 183.712463 318.0
12079 210.000015 250.800003 194.892822 250.800003
13777 352.800018 285.120026 333.476532 285.120026
14260 332.400024 400.800018 304.149933 400.800018
14182 285.600006 448.800018 252.954636 448.800018
14284 361.0 398.0 333.292328 398.0
14394 86.400002 342.0 63.985699 342.0
11338 85.200005 254.400009 68.587791 254.400009
12523 248.400009 38.400002 231.340469 38.400002
13168 346.0 228.0 332.251678 228.0
14657 348.0 125.0 334.21106 125.0
11013 57.600002 97.200005 38.916748 97.200005
6220 108.000008 217.440002 91.280235 217.440002
4236 377.280029 83.520004 362.679901 83.520004
14243 618.0 223.200012 589.581848 223.200012
11993 303.840027 139.680008 288.327087 139.680008
5046 127.872009 120.960014 111.056717 120.960014
14669 312.480011 214.560013 298.273712 214.560013
13126 306.720001 216.000015 292.45401 216.000015
12068 297.600006 186.0 282.708496 186.0
13087 329.76001 95.040001 314.375732 95.040001
14463 168.480011 57.600002 150.513809 57.600002
14536 172.800003 154.080002 156.072922 154.080002
13658 564.480042 144.0 532.090759 144.0
14441 139.680008 38.880001 121.294586 38.880001
14434 122.400002 31.68 103.697525 31.68
4694 180.0 198.720001 163.826294 198.720001
14560 206.400009 168.0 190.283798 168.0
14501 227.520004 36.0 210.366486 36.0
14378 191.808014 361.152039 167.920334 361.152039
14290 149.76001 381.600006 123.478401 381.600006
14231 580.320007 410.400024 551.307373 410.400024
14395 639.360046 350.784027 616.00354 350.784027
13800 408.000031 292.800018 388.655426 292.800018
13683 530.400024 260.400024 500.313019 260.400024
14201 390.240021 408.960022 359.159546 408.960022
14273 372.960022 362.880005 346.105438 362.880005
14676 542.592041 355.968048 515.191284 355.968048
14254 501.120056 362.880035 473.377808 362.880035
12932 575.424072 36.288002 550.061218 36.288002
14665 690.0 116.400002 678.241577 116.400002
13668 548.640015 203.040009 516.940796 203.040009
14420 204.000015 318.0 183.547165 318.0
4223 210.240005 250.560013 195.053757 250.560013
14425 290.880005 316.800018 270.62442 316.800018
14228 339.600006 421.200012 310.247314 421.200012
14677 323.136017 404.352051 295.926819 404.352051
5722 370.080017 41.760002 353.977173 41.760002
13353 282.240021 201.600006 267.85788 201.600006
13546 345.600037 228.096024 331.886414 228.096024
5795 99.600006 33.600002 80.218689 33.600002
5705 60.480003 151.200012 42.080154 151.200012
4707 226.02243 103.680016 209.781219 103.680016
13192 226.02243 76.723213 208.780426 76.723213
14663 675.360046 195.840012 662.388794 195.840012
14709 642.240051 191.520004 629.96814 191.520004
14367 192.844833 360.806458 167.85643 360.806458
14562 184.896011 169.344009 168.658295 169.344009
5069 178.32962 132.710419 161.447815 132.710419
13388 328.320038 62.208008 312.51004 62.208008
14700 300.672028 39.744003 283.802277 39.744003
12063 183.168015 229.82402 168.000641 229.82402
14470 138.240005 77.760002 120.197029 77.760002
14621 238.46402 219.456024 223.452789 219.456024
11938 233.280029 162.432022 217.898132 162.432022
4230 205.632019 167.616013 189.476044 167.616013
14550 213.580826 145.152023 197.234726 145.152023
14360 127.872009 369.792023 102.435928 369.792023
13884 696.960022 334.080017 675.597656 334.080017
14232 578.880066 411.264038 549.640991 411.264038
13824 643.680054 348.480011 618.821899 348.480011
5039 458.265656 327.628845 433.931549 327.628845
13808 396.057648 284.083252 377.195618 284.083252
14234 513.216064 311.040039 483.977722 311.040039
14217 442.368042 402.624023 412.370026 402.624023
14236 476.92807 402.278442 448.439148 402.278442
14210 656.640076 32.832005 626.36853 32.832005
13663 547.776062 202.176025 516.358398 202.176025
13535 392.256042 62.208008 377.356659 62.208008
14645 283.680023 250.560013 268.96109 250.560013
14423 290.304016 317.952026 270.442719 317.952026
14340 359.424042 347.328033 334.078308 347.328033
14391 122.688011 338.688019 100.169594 338.688019
5506 66.355209 396.057648 38.656937 396.057648
4251 243.648026 117.504013 227.419907 117.504013
5774 369.792023 107.136009 354.849518 107.136009
5772 243.648026 191.808014 228.485565 191.808014
12628 304.128021 139.968018 288.221893 139.968018
14510 148.608017 131.328018 131.164551 131.328018
13853 329.702454 62.208008 312.881592 62.208008
14513 300.672028 39.398407 284.012726 39.398407
14451 157.593628 62.208008 139.339706 62.208008
14456 138.240021 77.76001 120.213242 77.76001
14695 242.611237 223.948837 227.39325 223.948837
14352 111.974419 365.783081 86.30658 365.783081
14361 128.563217 367.027252 103.416756 367.027252
14355 588.902466 319.334442 564.429565 319.334442
14241 572.31366 410.572845 545.03302 410.572845
14325 592.220215 363.294769 566.835083 363.294769
14385 686.361694 352.512054 662.005127 352.512054
14370 634.176086 355.968048 609.832458 355.968048
13666 534.988892 246.758438 503.676422 246.758438
14214 443.750458 402.278442 413.770233 402.278442
14252 501.811279 360.806458 474.140869 360.806458
4696 406.425659 107.827217 392.272278 107.827217
14655 398.131256 60.134407 383.543671 60.134407
4646 510.105682 126.904335 485.661011 126.904335
5007 479.001678 180.403229 454.515167 180.403229
14633 211.507233 248.832031 196.536377 248.832031
14417 336.960022 298.944031 316.226746 298.944031
14283 257.126434 389.836853 230.126129 389.836853
14327 360.806458 348.364838 335.740265 348.364838
4708 80.870415 238.464035 64.497787 238.464035
14632 176.256027 242.611237 160.597763 242.611237
12640 369.792023 41.472004 353.807404 41.472004
5771 345.876526 233.902115 330.972809 233.902115
4671 302.745636 138.931213 288.243927 138.931213
10988 79.488007 89.85601 60.881989 89.85601
3777 128.563217 120.268814 111.332939 120.268814
5699 89.16481 134.784012 71.232323 134.784012
3789 59.719688 149.299225 41.003632 149.299225
4301 150.336014 200.448013 134.090881 200.448013
5219 243.855392 191.600662 228.661423 191.600662
14408 143.327255 343.388214 120.569923 343.388214
14348 119.439377 363.294769 94.737625 363.294769
13892 651.939941 335.923248 629.997375 335.923248
4654 480.7435 179.159073 454.744812 179.159073
4597 391.910461 406.425659 360.948151 406.425659
13825 684.288086 353.341492 660.397644 353.341492
14380 634.521667 355.829803 609.88916 355.829803
13640 689.762451 116.4534 679.125305 116.4534
4249 85.017609 252.979233 68.290749 252.979233
5417 576.295044 409.079895 546.995667 409.079895
14353 594.210938 361.304138 568.495605 361.304138
5025 457.850952 328.458282 433.328857 328.458282
14341 587.243591 320.993317 562.816711 320.993317
14601 303.575073 139.345947 287.887451 139.345947
12670 405.596222 106.997772 391.548248 106.997772
5174 378.224701 84.60289 362.523285 84.60289
14193 588.902466 141.004822 557.937988 141.004822
5011 525.035583 353.341492 498.283691 353.341492
14255 250.90564 402.278442 223.41925 402.278442
4940 194.088989 382.206024 168.052261 382.206024
4253 369.100861 41.472008 353.785614 41.472008
14566 301.584442 74.649612 285.322235 74.649612
14682 155.271194 59.719692 138.150009 59.719692
4308 149.299225 199.065628 132.932785 199.065628
5044 151.372818 147.225616 134.265121 147.225616
4709 230.169632 141.004822 214.082809 141.004822
14300 97.459213 381.54245 71.222847 381.54245
4949 152.285217 364.290131 127.747253 364.290131
14371 152.285217 346.374207 128.20845 346.374207
4973 328.458313 403.10791 299.706024 403.10791
4999 512.394958 125.411354 486.156555 125.411354
14093 394.149963 100.329086 380.411682 100.329086
4629 576.892212 408.482697 546.891907 408.482697
14617 212.004898 247.836716 197.046143 247.836716
13837 683.790466 352.346191 659.873779 352.346191
13813 633.028748 340.402252 609.312622 340.402252
5738 129.392654 121.927696 111.210693 121.927696
4645 525.533264 352.346191 499.046234 352.346191
14264 251.320358 403.10791 223.518433 403.10791
14312 280.682556 373.248077 254.114929 373.248077
14693 346.374207 232.906799 330.994873 232.906799
14661 307.556396 217.976868 290.854553 217.976868
11924 304.570435 140.341278 289.065155 140.341278
14554 301.086761 72.161293 285.418304 72.161293
14467 243.855392 116.951057 226.390411 116.951057
14555 149.299225 200.060959 133.245026 200.060959
14323 591.224976 322.486359 566.865967 322.486359
14374 480.146332 179.159088 454.418732 179.159088
14641 132.577713 254.405899 115.404213 254.405899
13819 627.056763 336.819061 605.579041 336.819061
4275 408.482697 103.91227 394.667328 103.91227
5213 376.23407 86.593552 361.854462 86.593552
14634 275.904999 250.822708 261.033203 250.822708
14660 240.073166 225.740448 225.805435 225.740448
5649 128.994537 118.244995 111.586235 118.244995
14659 304.570435 218.574081 291.059296 218.574081
4179 580.475403 358.318176 554.106628 358.318176
14247 250.822708 403.10791 223.187317 403.10791
5178 648.555847 193.491806 636.730957 193.491806
5033 150.493622 143.327271 132.410278 143.327271
14635 243.656357 189.90863 228.467438 189.90863
14702 373.248077 113.467415 358.181519 113.467415
14574 300.987244 75.246811 284.535583 75.246811
14333 150.493622 361.901337 125.534782 361.901337
14466 150.493622 197.074982 133.880035 197.074982
14311 93.16272 383.400421 67.080299 383.400421
14631 211.407715 247.239532 196.31636 247.239532
4631 329.65271 404.899536 300.587585 404.899536
4700 343.985443 232.906799 328.746185 232.906799
13730 510.603363 125.411354 485.723846 125.411354
4996 526.727722 351.151794 499.324524 351.151794
5185 391.163971 409.079895 361.04538 409.079895
12593 380.0 261.0 362.925446 261.0
14045 346.0 178.0 332.037842 178.0
13968 370.0 134.0 354.874084 134.0
13911 329.0 93.0 313.68808 93.0
13823 689.0 353.0 665.447571 353.0
14190 390.0 409.0 358.958954 409.0
14253 323.0 403.0 295.273773 403.0
14177 131.0 456.0 98.03083 456.0
14449 61.0 152.0 42.811981 152.0
6277 81.600006 238.800003 64.750603 238.800003
13057 336.0 42.0 319.818146 42.0
14248 517.200012 180.0 489.38385 180.0
11916 213.600006 145.200012 197.386429 145.200012
14350 282.0 372.0 256.211639 372.0
13125 313.200012 213.600006 298.901154 213.600006
14651 308.400024 229.200012 293.70993 229.200012
11857 210.000015 123.600006 193.191483 123.600006
14409 704.400024 334.800018 682.299805 334.800018
14502 148.800003 130.800003 131.508118 130.800003
12540 244.800003 118.080002 228.552902 118.080002
14685 167.040009 184.320007 150.787399 184.320007
14583 221.76001 224.640015 207.028702 224.640015
14568 231.840012 144.0 215.721771 144.0
14293 99.360001 381.600006 72.972382 381.600006
14245 501.120026 367.200012 473.025482 367.200012
14421 335.52002 298.080017 315.564392 298.080017
14257 331.200012 400.320007 302.786652 400.320007
14403 86.400002 342.720001 63.785843 342.720001
6269 84.960007 254.880005 68.543571 254.880005
12527 247.680008 38.880001 230.420898 38.880001
14508 203.904022 58.752007 186.293167 58.752007
14480 214.272018 41.472004 196.538712 41.472004
14579 164.160019 226.368027 148.55452 226.368027
12030 210.816025 207.360016 195.710983 207.360016
14590 231.552017 145.152008 215.478699 145.152008
14282 98.49601 381.888031 72.251106 381.888031
14287 126.144012 378.432037 100.03495 378.432037
14396 703.296082 335.232025 680.361572 335.232025
12843 478.656036 181.440018 453.945831 181.440018
14200 101.952011 421.63205 71.357491 421.63205
14547 274.752014 89.85601 259.859131 89.85601
4667 143.078415 43.545605 124.879539 43.545605
4310 230.169632 141.004822 214.082809 141.004822
14278 184.55043 385.689667 158.305176 385.689667
14274 116.121613 379.468842 90.391846 379.468842
14216 155.52002 416.793671 126.066116 416.793671
5747 99.532814 174.182419 82.003403 174.182419
14585 171.694107 213.995544 156.097458 213.995544
5165 644.474976 191.600662 632.491577 191.600662
13903 701.70636 333.434937 678.603394 333.434937
14662 701.70636 114.462738 688.912231 114.462738
3783 278.691895 251.320358 263.66333 251.320358
14650 213.995544 248.832031 199.016769 248.832031
14495 84.60289 253.80867 67.796242 253.80867
14530 99.532814 174.182419 81.577324 174.182419
5784 204.042267 59.719688 185.857117 59.719688
5110 184.135712 169.20578 168.214615 169.20578
14357 149.299225 364.290131 124.803413 364.290131
14268 492.687439 364.290131 466.416199 364.290131
14689 295.612457 185.131042 279.968719 185.131042
4309 149.299225 143.327255 132.465424 143.327255
14598 176.173096 235.892776 160.286896 235.892776
13783 680.804504 351.151794 657.816467 351.151794
4693 82.413177 243.656357 65.719597 243.656357
14334 580.475403 358.318176 554.106628 358.318176
14500 136.160904 75.246811 118.860687 75.246811
14649 308.153625 139.74408 292.867645 139.74408
