1151
-0.499 -0.976 2.15 0.0185 0.825 0.319 0.466 
14344 499.0 137.0 474.066193 137.0
14657 354.0 137.0 339.258026 137.0
14558 170.0 245.0 153.867371 245.0
14056 356.0 240.0 341.85907 240.0
14587 340.0 70.0 324.421417 70.0
13926 372.0 31.0 355.974884 31.0
14567 338.0 33.0 321.942291 33.0
14189 564.0 191.0 532.091309 191.0
13988 376.0 119.0 361.228912 119.0
11221 98.0 223.0 81.042519 223.0
11863 94.0 209.0 76.821884 209.0
11813 80.0 198.0 62.245296 198.0
14294 199.0 404.0 173.036987 404.0
5113 252.0 136.0 236.155579 136.0
14249 525.0 190.0 497.07132 190.0
14251 629.0 231.0 600.549744 231.0
12075 273.0 233.0 258.608337 233.0
14643 255.0 233.0 240.290955 233.0
14444 149.0 62.0 130.912231 62.0
14208 271.0 448.0 240.807755 448.0
14259 250.0 421.0 222.596176 421.0
13835 309.0 101.0 293.010895 101.0
14449 72.0 172.0 54.38636 172.0
14330 518.0 136.0 492.725555 136.0
14542 165.0 217.0 148.734695 217.0
11304 56.0 237.0 38.325111 237.0
14459 206.0 45.0 188.116013 45.0
14150 313.0 175.0 298.034149 175.0
13856 311.0 154.0 295.817047 154.0
12051 306.0 200.0 291.206177 200.0
14514 159.0 150.0 142.004028 150.0
13905 723.0 340.0 700.629395 340.0
14238 599.0 421.0 569.59668 421.0
13768 606.0 373.0 579.460022 373.0
13845 732.0 360.0 707.506653 360.0
13790 659.0 355.0 634.573914 355.0
14424 427.0 306.0 406.874725 306.0
12677 579.0 76.0 565.332886 76.0
14320 580.0 43.0 554.46991 43.0
14354 486.0 191.0 461.277557 191.0
14428 216.0 334.0 196.718307 334.0
14258 347.0 415.0 319.364685 415.0
14520 95.0 257.0 78.371101 257.0
13496 338.0 225.0 323.662292 225.0
11007 49.0 93.0 30.089153 93.0
12680 534.0 117.0 521.366516 117.0
13982 375.600006 118.800003 361.39682 118.800003
13405 332.400024 99.600006 316.777863 99.600006
14439 331.200012 298.800018 312.323792 298.800018
14471 162.0 104.400002 144.674637 104.400002
14465 177.600006 78.0 159.706573 78.0
14593 374.400024 55.200001 358.719421 55.200001
13400 340.800018 69.600006 325.028625 69.600006
13471 372.0 31.200001 356.094696 31.200001
14624 255.600006 234.000015 240.917801 234.000015
14443 148.800003 61.200001 130.745544 61.200001
11338 99.600006 272.400024 83.053787 272.400024
5754 94.800003 256.800018 78.283897 256.800018
11379 64.800003 260.400024 48.182522 260.400024
11307 56.400002 237.600006 38.428017 237.600006
10994 94.800003 130.800003 76.592682 130.800003
13682 598.800049 159.600006 566.820557 159.600006
14187 570.0 164.400009 537.838928 164.400009
14178 573.600037 153.600006 540.92926 153.600006
5494 199.200012 404.400024 173.131653 404.400024
13976 393.600006 121.200005 378.367493 121.200005
14637 382.800018 93.600006 368.089874 93.600006
14205 270.0 447.600006 239.667679 447.600006
14288 270.0 406.800018 243.854568 406.800018
14516 234.000015 97.200005 216.987808 97.200005
14524 214.800003 86.400002 198.091232 86.400002
14584 190.800003 214.800003 174.762665 214.800003
5049 164.400009 217.200012 148.029221 217.200012
13392 291.600006 214.800003 277.205048 214.800003
12044 306.0 199.200012 291.216003 199.200012
14536 183.600006 171.600006 167.218765 171.600006
11817 188.400009 152.400009 171.81398 152.400009
14502 158.400009 150.0 141.690598 150.0
13900 313.200012 175.200012 298.189484 175.200012
13296 306.0 55.200001 289.457581 55.200001
14377 68.400002 381.600006 44.80497 381.600006
14314 606.0 373.200012 579.665588 373.200012
13828 660.0 355.200012 635.405823 355.200012
13782 423.600006 303.600006 403.513702 303.600006
13720 471.600006 340.800018 447.495728 340.800018
14203 440.400024 411.600006 409.587067 411.600006
14198 404.400024 423.600006 373.4617 423.600006
12676 579.600037 76.800003 565.711243 76.800003
13668 559.200012 213.600006 527.671082 213.600006
14422 459.600006 129.600006 439.6026 129.600006
13722 518.400024 135.600006 492.85495 135.600006
13717 499.200012 136.800003 474.095367 136.800003
12079 220.800003 265.200012 206.010895 265.200012
14651 316.800018 241.200012 302.777527 241.200012
14260 346.800018 415.200012 318.391663 415.200012
14673 372.0 360.0 347.019745 360.0
11157 150.0 249.600006 134.418503 249.600006
13140 354.0 136.800003 339.855042 136.800003
14461 138.0 139.200012 120.621376 139.200012
11864 97.920006 221.76001 80.759895 221.76001
11096 110.880005 192.960007 93.912605 192.960007
6219 79.200005 197.280014 61.65152 197.280014
14317 234.720016 401.76001 208.453278 401.76001
4662 652.320007 192.960007 640.212891 192.960007
12636 374.400024 48.960003 358.446289 48.960003
4237 336.960022 33.120003 321.650391 33.120003
13423 331.200012 99.360001 315.884766 99.360001
5705 72.576004 171.072021 54.752563 171.072021
13560 397.440002 72.0 382.230011 72.0
11993 311.040009 152.639999 295.511292 152.639999
12654 375.840027 119.520004 361.174072 119.520004
13522 383.040009 95.040001 368.183746 95.040001
13457 315.360016 227.520004 301.41864 227.520004
12068 305.279999 198.720001 290.610413 198.720001
14508 214.560013 86.400002 197.744736 86.400002
14548 194.400009 185.76001 178.631638 185.76001
14713 305.279999 54.720001 288.976746 54.720001
4694 190.080002 214.560013 174.304916 214.560013
14389 167.040009 362.880005 144.256699 362.880005
14560 214.560013 182.880005 198.806778 182.880005
13747 604.800049 372.960022 578.32489 372.960022
13824 655.200012 357.120026 631.342834 357.120026
13685 529.920044 312.480011 500.490021 312.480011
14201 404.640015 423.360016 373.691162 423.360016
14665 698.400024 115.200005 686.103577 115.200005
14213 663.840027 38.880001 633.284424 38.880001
13661 571.679993 154.080002 539.432373 154.080002
13179 532.800049 116.640007 520.90155 116.640007
13727 516.960022 135.360001 491.540436 135.360001
13710 498.240021 136.800003 473.078247 136.800003
14677 336.960022 417.600006 309.729065 417.600006
14350 293.76001 387.360016 268.2901 387.360016
5062 149.76001 249.12001 134.188232 249.12001
12527 254.880005 56.160004 237.27562 56.160004
13087 335.52002 108.000008 320.09845 108.000008
13546 355.680023 239.040009 341.578583 239.040009
5794 354.240021 136.800003 339.721191 136.800003
5801 109.440002 56.160004 90.369934 56.160004
14463 177.12001 77.760002 159.313522 77.760002
11748 64.800003 172.800003 47.040485 172.800003
6220 120.960007 234.720016 104.462036 234.720016
5046 138.240021 139.968018 121.459579 139.968018
11224 108.864014 224.640015 91.788582 224.640015
5747 110.59201 193.536011 93.705276 193.536011
4236 383.616028 95.040009 368.185089 95.040009
13192 233.280029 95.040009 215.778412 95.040009
14626 221.184021 222.912018 206.101166 222.912018
14576 228.096024 210.816025 212.576981 210.816025
5097 195.264023 186.624023 179.043381 186.624023
5069 186.624023 150.336014 170.122757 150.336014
12117 316.22403 228.096024 301.719574 228.096024
12008 305.856018 198.720016 290.21109 198.720016
14700 305.856018 55.296005 288.966614 55.296005
11938 241.920029 176.256012 226.588318 176.256012
4230 214.272018 183.168015 198.761856 183.168015
14372 171.072021 373.248047 147.237625 373.248047
14360 143.424011 387.072021 119.054611 387.072021
14231 596.160034 421.63205 566.548828 421.63205
14676 556.416077 366.336029 528.990784 366.336029
14395 654.912048 357.696045 631.258545 357.696045
14234 525.312073 321.40802 495.962952 321.40802
5039 470.707275 337.996857 446.578827 337.996857
14236 490.752045 414.720032 461.859711 414.720032
14662 699.840088 115.776009 687.384033 115.776009
14210 661.824036 39.744003 631.743042 39.744003
14243 628.992065 229.82402 600.424927 229.82402
14186 561.600037 191.808014 529.918823 191.808014
14362 599.616028 134.784012 575.793701 134.784012
14663 686.016052 196.99202 672.211914 196.99202
14698 397.440033 72.576004 381.867371 72.576004
5020 487.296051 191.808014 462.367126 191.808014
13708 497.664062 136.512009 472.629181 136.512009
4223 221.184021 264.384033 206.327377 264.384033
14654 355.968048 243.648026 341.632507 243.648026
14295 233.280029 402.624023 207.763718 402.624023
14305 219.456024 397.440033 194.126724 397.440033
14680 336.960022 418.176025 309.642487 418.176025
14340 371.52005 359.424042 346.481934 359.424042
11418 65.664009 260.92804 48.635349 260.92804
12063 186.624023 250.560028 170.905685 250.560028
14282 115.776009 400.896027 89.795853 400.896027
12523 254.016022 55.296005 236.474167 55.296005
4239 307.584015 86.400009 291.648376 86.400009
3788 254.016022 207.360016 238.767899 207.360016
13168 354.240021 238.46402 340.765015 238.46402
4671 311.040039 153.792007 295.458344 153.792007
5795 108.864014 57.024006 90.527702 57.024006
5160 170.035217 211.507233 153.597733 211.507233
4305 141.004822 55.987209 122.381165 55.987209
14562 194.918427 186.624023 178.860596 186.624023
5706 163.814423 184.55043 147.584747 184.55043
4941 219.801636 396.057648 194.375946 396.057648
14513 304.819244 51.840008 288.514008 51.840008
14387 165.888031 362.880066 143.183899 362.880066
14352 126.489616 383.616058 102.535721 383.616058
14391 138.931213 354.585663 116.335335 354.585663
14355 603.417664 325.555237 578.401062 325.555237
14412 669.772888 340.070435 647.328918 340.070435
14232 595.123291 418.867249 565.548767 418.867249
14241 588.902466 418.867249 560.200073 418.867249
14385 702.9505 356.659241 679.008118 356.659241
14370 651.110474 360.806458 626.202698 360.806458
14229 528.768066 311.040039 499.409241 311.040039
4597 406.425659 420.940857 375.486511 420.940857
14212 661.478516 39.398407 631.186523 39.398407
13535 402.278442 70.502411 387.664917 70.502411
5007 487.296082 190.771225 462.58493 190.771225
14423 302.745636 329.702454 282.811554 329.702454
14286 269.568024 406.425659 243.28299 406.425659
14367 213.580826 393.98407 188.039795 393.98407
14327 373.248047 360.806458 348.174225 360.806458
4708 95.385612 257.126434 78.818741 257.126434
14586 250.90564 132.710419 234.845459 132.710419
4707 234.316833 120.268814 217.963837 120.268814
13991 375.321655 118.195213 361.142761 118.195213
5219 252.979233 205.286423 238.25737 205.286423
14451 165.888031 80.870415 147.746307 80.870415
5699 101.606415 155.52002 83.866768 155.52002
3789 72.161293 171.694107 54.622772 171.694107
3777 138.931213 141.004822 122.227478 141.004822
5787 194.088989 186.624023 178.318039 186.624023
14365 126.904335 383.201324 102.64534 383.201324
14392 136.85762 355.829803 114.175102 355.829803
5025 467.80423 338.41156 444.757416 338.41156
14312 293.621796 388.177979 268.049988 388.177979
14413 189.11235 333.434937 168.63327 333.434937
4680 497.664062 146.810898 472.131195 146.810898
13825 701.70636 358.318115 677.216187 358.318115
14380 649.451599 363.294769 624.603333 363.294769
14341 602.173523 325.969971 577.365356 325.969971
4646 516.575317 134.369308 490.837646 134.369308
5417 589.731934 420.526154 561.961182 420.526154
14325 604.661865 370.759735 578.64563 370.759735
13640 699.218018 114.462738 687.416809 114.462738
14268 517.570618 378.224701 489.894287 378.224701
13802 445.409332 126.904335 425.751617 126.904335
12670 410.572845 116.951057 396.375885 116.951057
14655 400.619568 69.672974 386.276947 69.672974
14417 345.876526 311.040039 325.885132 311.040039
5771 355.829803 238.878754 340.673279 238.878754
14601 311.040039 151.787537 295.386841 151.787537
11558 77.137932 194.088989 59.852577 194.088989
14264 266.250275 420.526154 238.278702 420.526154
14193 597.196899 151.787537 565.397888 151.787537
3794 226.437149 54.74305 208.562531 54.74305
5738 139.345947 139.345947 122.069756 139.345947
12640 373.248047 49.766407 357.265442 49.766407
4308 161.740829 216.483871 145.425415 216.483871
3791 159.252502 151.787537 141.586761 151.787537
14683 217.976868 409.079895 192.184738 409.079895
4940 212.004898 397.135956 185.296188 397.135956
4586 406.093903 421.023834 375.567169 421.023834
4686 498.659424 146.313248 472.521667 146.313248
13813 647.958679 346.374207 624.061951 346.374207
4700 355.332153 244.850739 340.306946 244.850739
12118 298.59845 268.738617 283.286163 268.738617
14235 525.533264 268.738617 496.328949 268.738617
14429 406.093903 283.668549 389.116089 283.668549
14507 95.551506 259.78067 79.423508 259.78067
14585 185.131042 250.822708 170.820526 250.822708
3795 71.663628 170.201126 53.886272 170.201126
14353 609.140869 370.262085 583.421387 370.262085
5011 540.463196 361.304138 513.473145 361.304138
14693 355.332153 238.878769 340.52951 238.878769
11924 310.542389 152.285217 295.825653 152.285217
5178 656.916626 194.088989 645.210632 194.088989
14255 265.752625 418.037842 238.284225 418.037842
14566 307.556396 89.579536 290.89444 89.579536
14467 250.822708 134.369308 234.74028 134.369308
14555 161.243164 214.990891 144.997238 214.990891
14369 206.032928 379.220032 181.656143 379.220032
5560 83.607567 379.220032 59.362152 379.220032
4999 515.978149 136.160904 492.235687 136.160904
4982 598.391357 150.493622 565.43512 150.493622
4693 96.745903 261.572266 79.851578 261.572266
4275 412.065887 114.661812 398.713562 114.661812
14077 383.400421 100.329086 368.478119 100.329086
13819 648.555847 343.985443 625.130005 343.985443
14618 315.319977 150.493622 299.11792 150.493622
14298 587.641785 390.566803 560.905029 390.566803
14334 609.140869 369.067719 583.579773 369.067719
4645 541.060425 361.901337 513.641418 361.901337
14631 225.740448 261.572266 210.87767 261.572266
5053 186.325439 250.822708 170.980911 250.822708
4283 290.237701 211.407715 276.239288 211.407715
14635 254.405899 204.241348 238.485382 204.241348
5649 139.74408 139.74408 122.116165 139.74408
14466 161.243179 214.990891 144.35524 214.990891
14347 96.745903 369.067719 72.981377 369.067719
14374 487.312714 189.90863 461.933167 189.90863
13016 444.314514 315.319977 423.240509 315.319977
14323 605.557678 329.65271 580.516663 329.65271
13907 381.0 265.0 364.867737 265.0
10973 65.0 68.0 46.202007 68.0
14468 142.800003 109.200005 124.835434 109.200005
13011 308.0 86.0 292.180695 86.0
13125 316.0 228.0 301.805481 228.0
14230 485.0 399.0 455.502838 399.0
13968 377.0 145.0 361.539185 145.0
14351 352.0 386.0 327.302246 386.0
11729 235.0 87.0 218.089279 87.0
14140 534.0 117.600006 521.561951 117.600006
14600 295.200012 162.0 279.617096 162.0
14279 165.600006 400.320007 139.276413 400.320007
13674 549.600037 241.200012 518.682556 241.200012
14398 645.600037 346.800018 622.700623 346.800018
14233 598.800049 421.200012 569.425232 421.200012
14183 712.0 449.0 679.668823 449.0
13823 706.800049 358.800018 682.669678 358.800018
13658 573.0 155.0 540.502319 155.0
14248 525.600037 189.600006 497.231476 189.600006
14427 302.400024 331.200012 282.812164 331.200012
14666 355.200012 238.800003 341.327454 238.800003
12795 234.000015 120.000008 217.623077 120.000008
14590 239.040009 159.840012 223.336243 159.840012
13092 312.480011 174.240005 297.670959 174.240005
13126 316.800018 228.000015 302.132172 228.000015
5051 161.279999 165.600006 144.404663 165.600006
14510 158.976013 150.336014 141.618988 150.336014
5547 138.240021 355.968048 115.96373 355.968048
13884 713.664062 338.688019 691.753479 338.688019
12932 580.800049 43.200001 555.13324 43.200001
12843 486.720032 191.520004 462.120087 191.520004
14420 216.000015 333.600006 196.684967 333.600006
14425 302.400024 331.776031 282.472626 331.776031
14446 70.560005 119.520004 51.815826 119.520004
5631 49.200001 93.600006 30.351341 93.600006
11699 142.560013 108.000008 124.798531 108.000008
5700 153.792007 165.888016 136.873932 165.888016
14361 143.078415 385.689667 118.947914 385.689667
14383 705.600037 358.560028 681.141541 358.560028
5772 253.440002 207.360016 238.381592 207.360016
11975 354.240021 136.512009 339.509033 136.512009
5149 163.814423 400.204865 137.893661 400.204865
14265 557.798462 362.880066 530.333008 362.880066
14185 561.945679 190.771225 530.232727 190.771225
13937 373.248047 53.568005 357.745697 53.568005
13730 516.672058 136.512009 491.440491 136.512009
11210 120.960014 235.008026 104.140488 235.008026
14300 114.048019 400.204865 88.21022 400.204865
14410 670.46405 342.144043 648.032715 342.144043
4679 139.345947 54.74305 121.224899 54.74305
14408 156.764175 360.806458 134.614365 360.806458
4654 485.222473 191.600662 461.143677 191.600662
4631 343.388214 418.037842 314.773804 418.037842
4220 582.266968 47.278088 556.628113 47.278088
14337 134.369308 385.192017 110.23938 385.192017
5378 528.519287 310.542389 498.264954 310.542389
14660 250.822708 241.864746 236.154236 241.864746
13664 567.337097 161.243164 535.626221 161.243164
14436 89.579536 113.467415 72.314209 113.467415
3804 236.48999 150.493622 221.804932 150.493622
4272 161.243179 161.243179 142.839279 161.243179
14682 164.229156 80.621582 147.069931 80.621582
5214 140.341278 56.733707 122.116295 56.733707
14357 167.215134 382.206024 142.701324 382.206024
14388 136.160904 354.734985 113.587067 354.734985
14266 513.589355 379.220032 486.483215 379.220032
14554 304.570435 89.579544 289.437408 89.579544
5196 659.30542 193.491806 647.273376 193.491806
