1154
-0.398 -1.02 2.15 0.0268 0.812 0.322 0.485 
14565 196.800003 248.400009 181.025543 248.400009
14424 450.0 309.0 429.879059 309.0
13856 334.0 156.0 318.812592 156.0
11338 131.0 274.0 115.08773 274.0
14520 127.0 259.0 110.913612 259.0
14469 226.0 83.0 208.797272 83.0
14465 204.0 85.0 186.600677 85.0
11007 84.0 103.0 65.795967 103.0
14657 376.800018 139.200012 362.400024 139.200012
14449 107.0 178.0 89.744133 178.0
14709 683.0 193.0 670.216614 193.0
13777 386.400024 300.0 367.634369 300.0
14587 363.0 72.0 347.330566 72.0
13011 331.0 90.0 315.112885 90.0
14320 608.0 43.0 581.683655 43.0
13687 569.0 189.0 539.021362 189.0
13057 363.0 59.0 346.973633 59.0
14529 210.000015 175.200012 193.901855 175.200012
14514 186.0 156.0 169.493042 156.0
14208 294.0 451.0 263.990784 451.0
14330 543.0 139.0 517.779236 139.0
14444 177.0 70.0 159.467438 70.0
13661 599.0 159.0 566.028137 159.0
13496 361.0 227.0 346.767242 227.0
13125 339.0 230.0 324.857697 230.0
13988 398.0 122.0 383.903778 122.0
14637 406.0 98.0 390.798889 98.0
14292 195.0 401.0 169.745255 401.0
14600 318.0 164.400009 302.635071 164.400009
14569 276.0 139.200012 260.205139 139.200012
13768 634.0 381.0 606.87677 381.0
14666 379.200012 241.200012 364.668365 241.200012
13720 495.600006 345.600006 471.312164 345.600006
14258 370.0 419.0 342.663025 419.0
14204 468.0 420.0 436.767334 420.0
12677 608.0 74.0 593.977295 74.0
14149 696.0 111.0 682.799622 111.0
14045 377.0 191.0 362.58551 191.0
11565 360.0 312.0 340.158661 312.0
11813 112.800003 202.800003 95.75769 202.800003
14647 434.400024 118.800003 420.465698 118.800003
14450 106.800003 177.600006 89.627899 177.600006
11993 333.600006 156.0 318.616425 156.0
5113 276.0 140.0 260.309235 140.0
13982 398.400024 121.200005 384.008636 121.200005
4236 404.640015 97.920006 390.154053 97.920006
14307 313.0 402.0 287.304871 402.0
13722 543.600037 139.200012 518.257996 139.200012
5046 167.040009 145.440002 150.300354 145.440002
6277 127.200005 259.200012 111.114311 259.200012
11379 98.400002 262.800018 81.959747 262.800018
6219 112.320007 201.600006 95.00563 201.600006
14643 279.600006 236.400009 265.363892 236.400009
14502 186.0 156.0 169.62587 156.0
13679 626.400024 164.160004 593.715149 164.160004
13658 600.0 158.400009 566.614807 158.400009
13675 619.200012 154.800003 586.462463 154.800003
13388 355.680023 77.760002 340.153198 77.760002
13844 331.200012 90.0 315.27478 90.0
12051 329.0 202.0 314.130188 202.0
12795 259.200012 124.800003 242.959824 124.800003
13077 362.400024 58.800003 347.011169 58.800003
13296 328.800018 58.800003 312.505493 58.800003
14205 294.0 451.200012 263.868622 451.200012
11916 247.0 172.0 231.298523 172.0
14548 220.800003 189.600006 205.185913 189.600006
14560 240.480011 188.640015 224.743042 188.640015
14279 194.400009 400.800018 168.94664 400.800018
14389 196.800003 364.800018 174.744217 364.800018
14377 103.0 381.0 80.032677 381.0
13674 574.800049 247.200012 543.668762 247.200012
14676 581.76001 372.960022 554.407471 372.960022
13787 692.0 363.0 666.22821 363.0
14314 634.800049 380.400024 607.528442 380.400024
12597 409.0 274.0 392.198273 274.0
14056 378.0 242.0 364.102448 242.0
14198 428.0 429.0 396.539429 429.0
14673 394.800018 363.600006 369.813263 363.600006
13592 559.0 116.0 546.521362 116.0
14145 697.200012 111.600006 683.070312 111.600006
13140 377.0 139.0 362.302887 139.0
12843 511.200012 195.600006 486.262543 195.600006
14420 241.0 336.0 221.268295 336.0
11597 354.0 301.200012 335.038757 301.200012
11157 178.0 252.0 162.378769 252.0
10983 123.840004 122.400002 106.113235 122.400002
6269 131.040009 273.600006 114.925842 273.600006
11418 97.920006 263.52002 82.313911 263.52002
14201 427.680023 429.120026 396.517822 429.120026
11221 129.600006 226.800003 113.170883 226.800003
14463 204.000015 85.200005 186.524933 85.200005
14224 203.040009 436.320007 174.36232 436.320007
5494 226.080002 404.640015 200.677658 404.640015
13457 338.400024 228.960007 324.417084 228.960007
12044 328.800018 201.600006 314.121368 201.600006
4662 684.0 192.960007 671.159058 192.960007
14461 169.200012 148.800003 152.116714 148.800003
5710 53.568005 269.568024 36.461998 269.568024
14470 175.680008 105.120003 158.611374 105.120003
14433 164.400009 76.800003 146.563858 76.800003
14713 328.320007 59.040001 312.060303 59.040001
14567 360.0 36.0 344.301483 36.0
13682 627.600037 163.200012 595.002075 163.200012
14178 597.600037 158.400009 565.384338 158.400009
14505 236.736023 86.400009 219.67157 86.400009
4948 293.76004 409.536041 268.320312 409.536041
14590 263.52002 164.160004 247.938019 164.160004
5097 220.320007 190.080002 204.808426 190.080002
3780 263.52002 227.520004 248.747711 227.520004
14360 172.800003 387.360016 149.057266 387.360016
14234 551.232056 328.320038 521.551575 328.320038
13790 691.200012 362.400024 665.809937 362.400024
14693 378.720001 244.800003 364.265198 244.800003
14340 395.712036 364.608032 370.456635 364.608032
12680 559.200012 116.400002 546.875366 116.400002
13668 584.400024 217.200012 552.339966 217.200012
14243 660.096069 235.008026 630.96167 235.008026
12654 398.880005 120.960007 383.655731 120.960007
5020 509.76004 195.264023 485.497711 195.264023
14422 482.400024 132.0 462.592865 132.0
4223 246.240005 266.400024 231.858887 266.400024
14439 354.240021 300.960022 335.409241 300.960022
4653 50.112003 342.144043 30.591253 342.144043
5631 83.520004 102.240005 65.285271 102.240005
5801 139.200012 66.0 121.40493 66.0
11246 40.800003 168.0 22.537937 168.0
5705 105.753616 176.256027 88.321075 176.256027
5069 214.272018 155.52002 197.86676 155.52002
14187 594.432068 167.616013 562.186951 167.616013
13655 599.040039 158.400009 565.612549 158.400009
13429 354.240021 100.224007 338.615753 100.224007
4239 329.702454 91.238411 314.184418 91.238411
4707 259.200012 124.416016 242.845779 124.416016
14510 185.76001 155.520004 169.58107 155.520004
4237 360.806458 39.398407 345.195435 39.398407
14550 246.758438 165.888031 231.056808 165.888031
4251 274.752014 138.240021 259.244812 138.240021
4301 191.520004 220.320007 175.439453 220.320007
14562 221.184021 190.080017 205.159531 190.080017
4230 240.192017 188.35202 224.526398 188.35202
5541 57.600002 390.240021 34.591377 390.240021
14361 172.800018 387.072021 149.284363 387.072021
14229 553.651306 317.260834 523.998596 317.260834
14197 573.696045 247.104019 542.543091 247.104019
14395 686.880005 364.320007 662.416809 364.320007
13788 443.52002 306.720001 423.621521 306.720001
13546 379.468842 244.68483 364.68924 244.68483
14260 368.640015 419.040009 340.770569 419.040009
14236 514.944031 423.360046 486.009735 423.360046
5039 492.687439 343.388214 468.529724 343.388214
14140 558.720032 115.200005 546.525024 115.200005
14210 694.080017 37.440002 662.44928 37.440002
14186 589.248047 196.99202 556.492737 196.99202
4224 435.456055 118.195213 421.243225 118.195213
13991 399.16803 120.960014 383.482605 120.960014
13535 419.904053 74.304008 404.383331 74.304008
14593 396.000031 56.160004 380.485199 56.160004
5794 375.840027 138.240005 361.493744 138.240005
13717 522.720032 139.680008 497.600494 139.680008
12063 221.184021 248.832031 205.80365 248.832031
5607 51.840004 341.279999 31.964743 341.279999
5749 51.840008 269.568024 35.733025 269.568024
14275 123.840004 406.080017 98.746925 406.080017
14451 193.536011 89.85601 175.936188 89.85601
5772 278.208038 210.816025 263.223083 210.816025
10989 84.672005 103.680008 66.296867 103.680008
14456 176.256012 105.408012 158.843445 105.408012
4305 169.344009 63.936005 151.589554 63.936005
5795 138.240021 65.664009 120.063622 65.664009
5639 40.32 167.040009 22.355124 167.040009
14295 259.200012 404.352051 233.810059 404.352051
4941 246.758438 398.131256 221.010391 398.131256
13853 355.968048 77.76001 340.254761 77.76001
14586 275.788849 136.85762 259.197052 136.85762
5116 221.875229 190.771225 205.287247 190.771225
5160 196.99202 214.272018 181.1064 214.272018
3792 263.347229 226.02243 248.351334 226.02243
3788 277.862427 209.433624 263.086823 209.433624
14352 157.593628 383.616058 134.168091 383.616058
14335 130.636826 375.321655 107.455582 375.321655
14252 541.209656 383.616058 512.797241 383.616058
14232 624.153687 429.23526 593.788574 429.23526
14370 684.288086 369.100861 659.183838 369.100861
13709 367.027252 315.187256 346.648499 315.187256
4586 427.991089 427.991089 396.914368 427.991089
13730 543.283264 138.931213 517.479614 138.931213
4696 435.456055 116.951057 421.199219 116.951057
5774 398.131256 120.268814 383.739746 120.268814
13937 395.712036 55.296005 380.242004 55.296005
13756 354.240021 302.400024 335.345978 302.400024
4968 361.152039 423.360046 333.871704 423.360046
14312 317.260834 389.836853 292.961945 389.836853
4708 126.489616 259.200043 110.671173 259.200043
14282 146.88002 400.896027 121.929047 400.896027
4671 333.504028 155.52002 318.446075 155.52002
14715 174.182419 102.021133 157.36705 102.021133
4679 167.961624 62.208008 150.46817 62.208008
3777 167.961624 147.225616 151.417419 147.225616
3789 104.50946 176.173096 87.177307 176.173096
5219 276.203552 206.530594 261.557739 206.530594
14371 194.088989 363.294769 171.737183 363.294769
4654 510.105682 196.577301 485.056152 196.577301
14417 368.271423 313.528351 348.439331 313.528351
4700 378.224701 246.343719 363.27356 246.343719
14341 634.521667 333.434937 608.857239 333.434937
5378 552.407166 316.514374 522.321838 316.514374
4597 429.23526 427.161652 398.25 427.161652
5132 201.553955 251.320358 186.108719 251.320358
3799 126.904335 261.273651 111.043251 261.273651
4646 542.453857 139.345947 516.471008 139.345947
14264 291.133484 420.526154 263.463989 420.526154
5025 492.687439 343.388214 469.038788 343.388214
14265 584.75531 369.100861 556.2677 369.100861
5011 564.848694 368.271423 537.629272 368.271423
5165 688.435303 192.844833 675.772339 192.844833
4982 624.070801 155.271194 592.157654 155.271194
5417 622.080078 430.479431 591.499207 430.479431
14380 681.799805 370.759735 656.500671 370.759735
14325 637.01001 378.224701 610.102173 378.224701
4308 189.11235 218.972198 173.121811 218.972198
11558 109.486099 199.065628 92.771652 199.065628
5738 166.717468 146.810898 150.590622 146.810898
12670 435.953735 116.4534 421.908508 116.4534
5174 405.596222 99.532814 390.53537 99.532814
12628 333.84964 155.52002 318.88736 155.52002
14566 328.458282 92.067856 313.274139 92.067856
14513 327.628845 55.987209 311.552521 55.987209
4313 261.273651 151.787537 245.984589 151.787537
5787 218.972198 189.11235 204.080292 189.11235
4680 519.56134 150.493622 495.345184 150.493622
13168 379.220032 247.836716 363.951141 247.836716
14255 289.640503 421.023834 262.912659 421.023834
14507 128.397339 262.766632 112.071205 262.766632
14353 639.000671 379.220032 612.33136 379.220032
14268 543.449219 385.192017 515.390686 385.192017
4275 437.148163 114.661812 423.355194 114.661812
14077 406.093903 101.523476 390.959351 101.523476
4682 395.642944 52.254726 379.791779 52.254726
14631 247.239532 265.155426 233.054367 265.155426
14585 212.004898 253.808685 197.923676 253.808685
14601 334.430267 155.271194 319.253662 155.271194
5214 170.201126 65.691658 151.710297 65.691658
14369 232.906799 379.220032 208.369949 379.220032
14555 188.117035 217.976868 172.558304 217.976868
5532 59.719688 380.713013 35.934032 380.713013
4647 83.607567 104.50946 66.178886 104.50946
6147 71.663628 59.719692 54.003887 59.719692
14467 274.710571 137.355286 258.720245 137.355286
14635 277.696564 209.018921 262.597778 209.018921
3804 262.766632 155.271194 246.921249 155.271194
4686 522.547302 149.299225 496.616486 149.299225
14660 274.710571 241.864746 260.12619 241.864746
5053 211.407715 254.405899 197.662689 254.405899
14659 336.819061 232.906799 323.270508 232.906799
14618 329.65271 164.826355 315.521698 164.826355
4693 128.994537 265.155426 112.639862 265.155426
14280 541.060425 386.983612 513.50354 386.983612
4645 564.351074 370.262085 537.234558 370.262085
14712 265.155426 401.316345 240.553741 401.316345
14634 308.153625 265.155426 293.342773 265.155426
4272 188.117035 167.215134 171.263535 167.215134
5649 168.409531 146.910446 151.126373 146.910446
5213 404.899536 100.329086 390.500763 100.329086
5612 85.996361 103.91227 67.31974 103.91227
14357 194.088989 382.206024 170.103134 382.206024
11073 130.0 184.0 112.899391 184.0
13848 409.0 274.0 392.198273 274.0
12376 167.0 146.0 150.298996 146.0
13976 416.0 123.0 400.694519 123.0
14542 192.0 221.0 175.994614 221.0
5049 192.0 220.800003 176.08429 220.800003
12527 278.400024 61.200001 261.334076 61.200001
11857 241.200012 148.800003 225.468033 148.800003
14443 177.600006 69.600006 159.676895 69.600006
14427 326.400024 333.600006 307.27179 333.600006
14351 374.400024 388.800018 350.140808 388.800018
14556 322.559998 112.320007 306.776184 112.320007
5746 309.600006 156.960007 294.181946 156.960007
14441 177.12001 69.120003 159.422455 69.120003
14181 599.040039 158.400009 565.612549 158.400009
5693 181.440002 129.600006 164.498703 129.600006
11800 276.480011 136.800003 260.193848 136.800003
14412 702.720032 347.040009 679.08313 347.040009
13824 686.880005 364.320007 662.416809 364.320007
13782 443.52002 306.720001 423.621521 306.720001
14350 318.240021 390.240021 292.835022 390.240021
12068 328.320007 201.600006 313.622314 201.600006
14636 314.496033 216.000015 300.128906 216.000015
12008 328.320038 202.176025 313.213257 202.176025
14568 262.656036 162.432022 247.24408 162.432022
4604 84.672005 390.528046 60.334888 390.528046
13808 440.640045 305.856018 421.064362 305.856018
14217 485.568054 421.63205 455.976044 421.63205
14213 694.656067 38.016003 663.196106 38.016003
14642 435.456055 117.504013 421.163818 117.504013
14425 326.592041 333.504028 307.224792 333.504028
11864 129.600006 226.368027 113.123672 226.368027
5149 192.844833 400.204865 167.491776 400.204865
14387 194.918427 362.880066 172.691299 362.880066
14212 694.656128 39.398407 663.109497 39.398407
14640 315.187256 263.347229 300.512451 263.347229
5784 236.390427 87.091209 219.715179 87.091209
14245 539.965515 378.224701 511.544312 378.224701
14241 622.080078 430.479431 591.499207 430.479431
11975 368.271423 149.299225 352.981537 149.299225
13034 424.009796 298.59845 405.64389 298.59845
13813 680.804504 352.346191 656.478943 352.346191
3794 259.78067 59.719692 241.908859 59.719692
5170 689.762451 194.088989 677.369019 194.088989
14661 343.388214 232.906799 329.695099 232.906799
11924 329.65271 164.826355 315.521698 164.826355
5789 103.91227 175.575897 86.433037 175.575897
3795 96.745903 179.159088 79.358986 179.159088
5033 193.491806 182.742264 177.968262 182.742264
14093 408.482697 111.078629 393.651886 111.078629
4179 637.806335 376.23407 611.404175 376.23407
