1157
-0.216 -1.06 2.16 0.0324 0.792 0.32 0.518 
13720 529.0 352.0 504.397614 352.0
13768 675.0 392.0 646.631653 392.0
14578 431.0 51.0 415.415924 51.0
14354 545.0 198.0 519.889771 198.0
5593 79.200005 75.600006 61.092514 75.600006
13125 372.0 229.0 357.683136 229.0
14208 324.0 448.800018 294.624146 448.800018
14520 168.0 256.0 152.674271 256.0
11379 142.0 260.0 126.830475 260.0
6219 154.800003 201.600006 138.63089 201.600006
14056 411.600006 241.200012 396.92276 241.200012
5598 123.0 73.0 105.105621 73.0
14203 494.0 424.0 462.934448 424.0
12051 362.400024 201.600006 347.620178 201.600006
14461 208.0 150.0 191.637985 150.0
11246 91.200005 169.200012 73.252762 169.200012
14529 247.0 176.0 230.946838 176.0
14673 424.800018 366.0 399.657135 366.0
14485 283.200012 69.600006 266.132141 69.600006
13689 576.0 373.0 546.814331 373.0
13856 367.0 157.0 352.178497 157.0
11094 77.0 348.0 57.686733 348.0
14444 217.0 74.0 199.806412 74.0
13011 365.0 91.0 349.238464 91.0
5113 310.0 141.0 294.487213 141.0
11857 277.200012 150.0 261.612122 150.0
12122 372.0 243.0 358.129852 243.0
14424 483.0 312.0 462.649017 312.0
14258 399.0 420.0 371.676178 420.0
13982 433.200012 121.200005 418.107178 121.200005
14657 410.0 139.0 395.290314 139.0
13810 490.800018 132.0 471.744537 132.0
14465 242.0 88.0 224.806488 88.0
11007 131.0 107.0 113.444183 107.0
11308 40.800003 133.200012 22.522167 133.200012
11304 134.0 239.0 118.014229 239.0
13296 363.600006 60.000004 347.131622 60.000004
6277 168.480011 256.320007 152.773224 256.320007
13731 577.440002 141.12001 551.454895 141.12001
14443 217.200012 73.200005 199.940765 73.200005
11275 54.000004 153.600006 36.534756 153.600006
13672 662.0 159.0 628.016113 159.0
13661 641.0 163.0 606.362976 163.0
14536 246.000015 175.200012 230.49678 175.200012
13668 622.080017 223.200012 588.853882 223.200012
14205 324.0 447.840027 294.58136 447.840027
14439 385.200012 301.200012 366.295288 301.200012
5078 288.0 63.600002 271.183197 63.600002
12795 294.0 124.800003 278.132874 124.800003
11417 66.0 220.0 49.172764 220.0
6399 64.800003 305.279999 49.189682 305.279999
14548 257.0 189.0 241.676239 189.0
5046 206.400009 147.600006 189.958984 147.600006
11127 103.680008 133.919998 86.342361 133.919998
14624 313.0 235.0 298.40097 235.0
11267 34.800003 127.200005 16.86865 127.200005
14551 297.600006 150.0 281.82312 150.0
14359 266.400024 375.600006 244.018555 375.600006
13690 577.200012 372.0 547.586365 372.0
13777 418.800018 301.200012 399.187988 301.200012
14260 398.400024 420.000031 371.04303 420.000031
14285 439.0 384.0 412.076996 384.0
14198 456.0 434.0 424.821777 434.0
13988 432.0 121.0 417.29718 121.0
13311 364.320007 90.720001 348.756439 90.720001
12637 430.800018 50.400002 415.451691 50.400002
14698 455.0 73.0 439.887634 73.0
13553 410.0 199.0 395.98288 199.0
13140 410.400024 139.200012 395.958374 139.200012
13881 367.200012 156.0 352.226868 156.0
14405 205.200012 348.0 185.274567 348.0
11453 102.000008 265.200012 85.991776 265.200012
5631 130.800003 105.600006 113.156998 105.600006
5705 149.76001 177.12001 133.292252 177.12001
13679 669.600037 168.480011 635.278992 168.480011
12044 361.152039 200.448013 346.320221 200.448013
14560 276.0 187.200012 260.380737 187.200012
13675 662.400024 158.400009 628.606384 158.400009
13658 639.360046 162.720001 604.813782 162.720001
14505 273.600006 89.280006 256.895813 89.280006
14451 231.552017 91.584007 214.431396 91.584007
11221 170.400009 224.400009 154.924133 224.400009
14713 362.880005 59.040001 346.621796 59.040001
3779 64.800003 304.800018 49.36747 304.800018
5016 209.088013 67.392006 191.888107 67.392006
11800 312.0 138.0 296.214569 138.0
5097 256.320007 190.080002 241.013062 190.080002
14470 214.560013 108.000008 197.951675 108.000008
11993 367.200012 155.520004 352.103424 155.520004
14590 298.080017 164.160004 282.557098 164.160004
4251 309.312042 138.240021 293.887787 138.240021
14611 306.720001 234.720016 292.020081 234.720016
14290 228.960007 394.560028 204.591919 394.560028
14358 169.344009 378.432037 146.701584 378.432037
14243 705.600037 240.480011 674.895325 240.480011
14277 617.76001 383.040009 589.234131 383.040009
14314 675.600037 391.200012 647.236389 391.200012
13788 478.080017 309.600006 457.704681 309.600006
14201 453.600006 432.000031 422.302856 432.000031
14273 439.200012 384.0 412.248108 384.0
12843 546.0 198.000015 520.819214 198.000015
4236 439.200012 97.920006 424.639221 97.920006
4239 364.608032 91.584007 348.837067 91.584007
13937 430.272034 51.840004 414.883362 51.840004
14174 537.119995 125.280006 523.309875 125.280006
13560 454.800018 73.200005 439.595978 73.200005
13457 371.52005 229.82402 357.101654 229.82402
5794 410.400024 138.240005 395.921692 138.240005
14286 324.864044 407.808044 299.453522 407.808044
5710 102.240005 264.960022 86.053841 264.960022
5505 144.0 411.600006 119.496254 411.600006
5746 344.160004 156.960007 328.281525 156.960007
13592 600.0 114.000008 587.279053 114.000008
4671 366.336029 155.52002 351.522247 155.52002
14480 282.240021 67.68 265.175964 67.68
13669 658.368042 158.976013 624.404724 158.976013
14178 639.360046 162.432022 604.551086 162.432022
5693 219.456024 131.328018 202.951385 131.328018
14456 214.272018 107.136009 197.67247 107.136009
5116 257.472015 190.080017 241.480713 190.080017
5069 250.90564 155.52002 234.600632 155.52002
5571 97.459213 333.84964 78.855705 333.84964
14305 278.208038 395.712036 253.911453 395.712036
3777 207.360016 148.608017 191.094101 148.608017
5049 227.520004 218.880005 211.852798 218.880005
14568 297.216034 164.160019 281.942383 164.160019
14586 311.040039 136.85762 293.816986 136.85762
12030 280.800018 224.640015 266.467865 224.640015
5772 311.040039 209.088013 296.165436 209.088013
4610 129.600006 380.160004 107.004578 380.160004
14360 208.800003 381.600006 186.272934 381.600006
14365 196.992035 375.321655 173.865448 375.321655
14234 586.080017 336.960022 555.992004 336.960022
14676 618.624084 381.888031 590.105347 381.888031
14245 573.696045 387.072021 544.626892 387.072021
14693 410.400024 240.480011 396.043396 240.480011
14680 391.910461 420.940857 364.404297 420.940857
14340 424.800018 365.76001 399.531097 365.76001
5039 526.694458 348.364838 501.908661 348.364838
13749 658.080017 36.0 630.279663 36.0
12654 432.000031 120.960007 417.495392 120.960007
12636 430.560028 51.840004 415.079102 51.840004
13388 390.240021 77.760002 374.438019 77.760002
13126 371.52002 228.960007 357.18335 228.960007
11975 409.536041 138.240021 395.327118 138.240021
12063 256.320007 246.240005 241.682907 246.240005
14224 236.160004 430.560028 208.808121 430.560028
4708 167.961624 255.052841 152.58287 255.052841
5749 101.952011 264.384033 85.900436 264.384033
5784 273.71524 89.16481 256.739105 89.16481
4305 208.800003 67.68 191.751465 67.68
4707 293.76004 126.144012 277.9552 126.144012
4301 226.368027 219.456024 211.04007 219.456024
5795 180.403229 70.502411 164.016983 70.502411
11752 60.480007 207.360016 43.39336 207.360016
4307 60.134407 170.035217 42.49799 170.035217
3789 149.299225 178.32962 132.921906 178.32962
4706 67.184647 303.575073 52.154045 303.575073
5044 228.096039 170.035217 211.25029 170.035217
3791 224.640015 157.248016 208.450363 157.248016
5738 207.360031 147.225616 191.255005 147.225616
3788 311.040039 207.360031 296.377045 207.360031
5541 107.136009 380.160034 84.975182 380.160034
14303 178.32962 396.057648 154.394669 396.057648
14268 574.802002 393.154602 546.025574 393.154602
14252 572.31366 385.689667 543.625793 385.689667
13754 673.920044 392.256042 646.000305 392.256042
13808 460.339264 301.086761 441.225647 301.086761
4968 390.66629 425.502777 363.655212 425.502777
4597 458.265656 431.308868 427.355255 431.308868
5007 547.430481 196.992035 521.828064 196.992035
13730 578.534485 141.004822 552.072021 141.004822
5174 437.944397 99.532814 423.491547 99.532814
4253 431.308868 53.913609 415.30069 53.913609
4224 470.707275 116.121613 456.730377 116.121613
12117 371.174438 230.169632 357.071381 230.169632
11996 410.572845 138.931213 396.465637 138.931213
12616 367.027252 155.52002 352.353088 155.52002
14640 347.328033 264.384033 332.929565 264.384033
14281 331.776031 406.080048 306.23819 406.080048
14312 349.05603 390.528046 324.265625 390.528046
14715 215.654434 105.753616 198.586716 105.753616
4679 209.433624 68.42881 192.171402 68.42881
14513 362.880066 55.987209 346.247681 55.987209
4308 228.096039 217.728027 211.871567 217.728027
14562 257.126434 188.697632 241.329498 188.697632
5591 72.161293 52.254726 54.53878 52.254726
5619 131.880981 109.486099 114.297363 109.486099
5641 119.23201 57.024006 101.097923 57.024006
11329 60.480007 171.072021 42.890125 171.072021
11558 153.446426 199.065628 137.413803 199.065628
14408 221.46051 358.318115 200.161087 358.318115
14388 203.046951 352.346191 181.542374 352.346191
4631 397.135956 421.023834 369.095764 421.023834
3799 169.20578 258.785309 153.554565 258.785309
12628 365.783081 154.275864 351.506775 154.275864
14341 673.920105 340.070435 647.313782 340.070435
3773 346.29126 263.347229 331.558624 263.347229
13709 398.131256 316.016693 378.093079 316.016693
4700 410.572845 244.68483 395.789368 244.68483
14197 613.785706 248.832031 580.924622 248.832031
14353 677.818481 391.163971 649.680847 391.163971
14265 620.00647 379.468842 591.302429 379.468842
4586 457.850952 430.479431 427.41333 430.479431
5025 522.547302 346.374207 499.257202 346.374207
12835 544.942139 199.065628 519.924622 199.065628
4646 579.281006 140.341278 553.617676 140.341278
5731 101.523476 265.752625 85.088501 265.752625
4246 72.576012 51.840008 54.531391 51.840008
4642 119.439384 59.719692 101.992027 59.719692
14186 628.300903 201.139221 594.692139 201.139221
14566 363.294769 92.067856 347.881592 92.067856
4596 105.753616 379.468842 83.454277 379.468842
5219 311.040039 209.018906 296.250183 209.018906
3804 298.59845 155.271194 282.644684 155.271194
5160 234.316833 211.507233 218.569901 211.507233
4941 277.862427 393.98407 253.863739 393.98407
14369 263.761963 375.736359 242.208069 375.736359
4604 126.904335 380.713013 104.319725 380.713013
5378 587.243591 323.481659 556.583984 323.481659
14507 167.215134 256.794678 152.366776 256.794678
14661 370.262085 232.906799 356.040039 232.906799
14601 372.650879 154.076813 356.874512 154.076813
4654 546.435181 197.074982 521.130127 197.074982
4680 558.379089 152.285217 532.333618 152.285217
4696 471.785553 116.4534 457.917297 116.4534
5601 93.16272 93.16272 75.122498 93.16272
5011 599.685181 378.224701 572.312134 378.224701
14660 308.153625 243.656357 294.297272 243.656357
14334 674.334839 390.66629 647.052368 390.66629
14355 671.846497 340.899902 644.971436 340.899902
3795 149.299225 176.173096 132.139603 176.173096
4971 666.471802 157.659988 633.495544 157.659988
14585 247.836716 250.822708 233.684601 250.822708
14255 319.500336 418.037842 293.592285 418.037842
14635 310.542389 206.032928 295.658752 206.032928
11924 370.262085 155.271194 355.691467 155.271194
4647 131.383316 110.48143 114.352165 110.48143
5214 209.018921 68.677643 191.762558 68.677643
14077 438.939728 101.523476 424.475372 101.523476
4682 430.479431 52.254726 414.458893 52.254726
14467 310.542389 137.355286 294.296021 137.355286
4681 361.304138 56.733707 345.644775 56.733707
3805 286.654541 68.080452 270.044495 68.080452
14555 226.93483 217.976868 211.003036 217.976868
4309 223.948837 159.252502 207.903183 159.252502
14276 235.892776 397.135956 211.037842 397.135956
4275 469.39679 118.244995 455.850739 118.244995
5053 247.239532 250.822708 233.605606 250.822708
5597 121.828178 68.080452 103.634956 68.080452
4996 600.182922 379.220032 572.87616 379.220032
14266 573.309082 394.149963 545.49646 394.149963
3802 95.551506 334.430267 77.807083 334.430267
14712 297.404083 404.899536 271.156342 404.899536
14374 544.643616 197.074982 520.286194 197.074982
4686 558.976318 150.493622 532.844666 150.493622
5532 103.91227 372.650879 81.291771 372.650879
5213 440.731354 100.329086 425.436066 100.329086
5649 207.824539 146.910446 190.932236 146.910446
14466 225.740448 214.990891 210.422791 214.990891
4982 665.874573 158.257187 633.059509 158.257187
14311 179.159088 394.149963 155.874039 394.149963
14634 340.402252 265.155426 325.844238 265.155426
14659 369.067719 232.906799 355.594269 232.906799
13976 450.0 123.0 434.365509 123.0
14637 440.0 98.0 424.766724 98.0
14514 225.0 157.0 208.837463 157.0
5688 291.0 22.0 273.92807 22.0
13134 393.0 177.0 378.42923 177.0
14366 267.0 376.0 244.579269 376.0
14389 233.0 360.0 211.453568 360.0
14666 412.0 244.0 397.91983 244.0
13680 662.400024 158.400009 628.606384 158.400009
14297 290.400024 402.000031 265.488617 402.000031
14639 344.400024 199.200012 329.657776 199.200012
13092 368.400024 177.600006 353.993652 177.600006
14600 351.600006 164.400009 336.375458 164.400009
14190 457.200012 433.200012 426.1698 433.200012
14472 228.000015 114.000008 211.557816 114.000008
14502 224.400009 157.200012 208.349609 157.200012
14647 469.200012 117.600006 455.097778 117.600006
14307 343.200012 400.800018 318.637573 400.800018
5606 74.400002 54.000004 55.681168 54.000004
11405 66.0 219.600006 48.974628 219.600006
14063 455.040009 73.440002 439.620453 73.440002
13717 560.160034 141.12001 534.447205 141.12001
5706 228.960007 190.080002 213.459686 190.080002
13111 370.080017 191.520004 355.695496 191.520004
14463 241.920013 92.160004 224.918518 92.160004
13800 478.080017 309.600006 457.704681 309.600006
14420 275.040009 332.640015 255.981476 332.640015
5607 90.720001 335.52002 71.88266 335.52002
14547 340.416046 110.59201 324.722321 110.59201
13991 432.000031 120.960014 417.307709 120.960014
14626 281.664032 224.640015 266.750763 224.640015
4230 276.480042 188.35202 260.473663 188.35202
14387 231.552017 359.424042 210.285721 359.424042
12932 658.368042 36.288002 630.439148 36.288002
13663 622.080078 224.640015 588.817566 224.640015
13429 388.800049 100.224007 372.870056 100.224007
5020 546.048035 198.720016 520.524963 198.720016
10989 131.328018 107.136009 113.636299 107.136009
14642 470.016052 117.504013 456.078247 117.504013
5774 433.382446 120.268814 417.847992 120.268814
3775 122.342415 70.502411 104.373863 70.502411
14352 204.042267 375.736359 181.455475 375.736359
14325 674.334839 390.66629 647.052368 390.66629
5787 256.296997 189.11235 240.723953 189.11235
13707 558.379089 152.285217 532.333618 152.285217
14223 606.154846 268.738617 573.178955 268.738617
3794 295.612457 62.705677 277.775146 62.705677
13797 677.818481 331.444275 650.701233 331.444275
14641 214.990891 268.738617 199.950745 268.738617
4645 601.974487 376.23407 573.478394 376.23407
14631 283.07135 261.572266 268.18811 261.572266
4949 225.740448 358.318176 204.427216 358.318176
4272 225.740448 164.826355 209.019592 164.826355
