131
-0.0304 -0.179 0.0875 0.0274 0.00188 0.00944 1 
73 65.0 364.0
69 212.0 367.0
78 72.0 95.0
12 442.0 314.0
37 602.0 157.0
23 669.0 230.0
13 568.0 98.0
176 89.0 144.0
20 597.0 187.0
15 619.0 441.0
28 498.0 149.0
29 544.0 267.0
49 540.0 143.0
33 207.0 205.0
163 428.400024 142.800003
43 380.400024 345.600006
79 118.800003 128.400009
70 355.200012 404.400024
164 498.000031 148.800003
96 122.400002 236.400009
103 548.400024 308.400024
71 250.800003 456.000031
177 72.0 94.800003
9 502.800018 392.400024
52 424.800018 393.600006
178 124.800003 241.200012
35 189.600006 396.000031
119 561.600037 163.200012
110 552.0 180.0
118 207.600006 205.200012
25 516.0 456.000031
180 204.000015 170.400009
74 214.800003 139.200012
2 435.600006 411.600006
42 594.0 336.0
51 416.400024 404.400024
122 201.600006 247.200012
55 669.600037 380.400024
39 550.800049 363.600006
8 510.000031 363.600006
56 604.800049 403.200012
57 616.800049 361.200012
150 716.400024 325.200012
92 543.600037 266.400024
175 314.400024 289.200012
36 148.800003 404.400024
253 298.080017 407.52002
241 619.200012 162.720001
65 427.680023 142.560013
246 498.240021 148.320007
66 406.080017 138.240005
138 423.360016 394.560028
17 483.840027 335.52002
189 548.640015 308.160004
139 381.600006 344.160004
322 260.640015 424.800018
220 197.280014 283.680023
93 203.040009 171.360001
94 214.560013 138.240005
60 652.320007 450.720032
130 188.640015 396.000031
262 70.560005 93.600006
106 502.560028 349.920013
160 466.560028 358.560028
261 87.840004 142.560013
162 567.360046 96.480003
30 129.600006 259.200012
109 576.0 430.560028
108 617.76001 439.200012
154 626.400024 404.640015
112 552.960022 144.0
221 201.600006 257.76001
97 722.880005 233.280014
284 658.080017 237.600006
207 452.160004 442.080017
159 436.320007 410.400024
46 347.040009 318.240021
203 403.200012 368.640015
144 550.080017 362.880005
87 509.76001 362.880005
145 714.240051 394.560028
223 688.320007 388.800018
148 614.880005 361.440002
233 701.280029 292.320007
247 542.880005 266.400024
137 416.160004 404.640015
251 201.600006 407.52002
172 273.600006 135.360001
239 466.560059 359.424042
179 115.776009 203.904022
336 70.848007 93.312012
245 406.080048 138.240021
77 86.400009 143.424011
185 616.896057 438.912048
228 625.536072 406.080048
249 556.416077 221.184021
197 713.664062 233.280029
190 552.960083 143.424011
218 342.144043 328.320038
292 364.608032 314.496033
142 347.328033 319.680023
238 435.456055 411.264038
214 146.88002 423.360046
198 511.488037 355.968048
224 670.46405 381.888031
205 622.080078 355.968048
211 561.600037 393.984039
281 648.000061 321.40802
201 416.448029 404.352051
202 423.360046 395.712036
317 428.544037 143.424011
334 198.720016 285.120026
171 65.664009 362.880035
209 153.792007 395.712036
181 216.000015 138.240021
332 311.040039 138.240021
264 124.416016 126.144012
208 188.697632 396.057648
313 503.884857 391.910461
275 588.902466 329.702454
341 541.209656 398.131256
186 576.460876 429.23526
297 572.31366 410.572845
293 348.364838 317.260834
291 381.54245 344.217651
357 707.097717 373.248047
278 530.841675 358.732849
299 572.31366 367.027252
277 551.577698 358.732849
298 605.491272 371.174438
280 622.080078 354.585663
294 416.793671 404.352051
384 555.724854 143.078415
344 667.69928 232.243225
318 406.425659 138.931213
386 470.707275 149.299225
451 118.195213 252.979233
127 132.710419 259.200043
258 64.281609 360.806458
283 194.918427 393.98407
259 273.71524 134.784012
331 234.316833 130.636826
391 74.649612 107.827217
338 124.416016 126.489616
397 199.065628 207.360031
392 201.139221 170.035217
415 696.729675 393.154602
362 572.31366 368.271423
366 348.364838 318.505005
406 373.248047 313.528351
352 403.10791 368.271423
364 380.713013 345.876526
403 146.810898 423.014465
369 622.080078 348.364838
371 669.358154 316.016693
428 646.963318 318.505005
417 654.428223 306.063416
427 659.404907 278.691895
440 637.01001 243.855392
267 574.802002 430.479431
360 569.825378 410.572845
290 661.893188 380.713013
444 549.918823 288.645172
300 656.916565 403.10791
438 552.407104 121.927696
441 557.383789 221.46051
442 664.381531 233.902115
443 403.10791 139.345947
399 258.785309 425.502777
395 199.065628 283.668518
339 131.880981 258.785309
388 64.696327 363.294769
348 194.088989 393.154602
329 273.71524 134.369293
394 121.927696 134.369293
340 116.951057 201.553955
393 124.416016 176.670746
504 659.902588 256.794678
418 576.295044 403.10791
475 519.56134 152.285217
423 621.084778 403.10791
503 683.790466 283.668549
401 552.407166 361.304138
432 438.939728 412.065857
494 435.953735 412.065857
448 161.243164 412.065857
509 665.874573 316.514374
407 349.360199 319.500336
445 388.177979 370.262085
467 633.028748 355.332153
549 576.295044 334.430267
408 680.804504 388.177979
409 656.916626 403.10791
434 537.477234 328.458313
382 495.673431 328.458313
489 504.631378 244.850739
505 689.762451 235.892776
506 662.88855 232.906799
454 131.383316 259.78067
389 274.710571 134.369308
482 200.060959 173.187103
405 373.248077 337.41626
470 655.722229 401.316345
469 680.804504 386.983612
492 351.151794 318.903168
419 573.309082 369.067719
466 609.140869 404.899536
516 580.475403 394.149963
521 666.471802 293.820892
507 576.892212 336.819061
468 616.307251 361.901337
544 533.894043 326.069519
435 490.895874 329.65271
450 197.074982 171.992722
452 118.244995 200.658173
534 541.060425 139.74408
479 132.577713 254.405899
533 562.559509 161.243179
493 179.159088 386.983612
433 512.394958 354.734985
471 677.221313 372.650879
498 541.060425 401.316345
474 275.904999 132.577713
64 724.0 233.0
10 465.0 359.0
75 312.0 139.0
47 553.0 156.0
111 513.600037 159.600006
166 260.400024 423.600006
34 178.800003 406.800018
95 132.480011 237.600006
173 312.0 139.200012
100 600.0 284.400024
133 593.280029 335.52002
210 540.0 403.200012
104 694.080017 231.840012
263 124.416016 176.256012
320 542.592041 266.11203
282 181.440018 409.536041
231 675.360046 322.559998
305 675.648071 267.840027
347 694.656128 234.316833
276 524.62085 398.131256
376 661.893188 256.296997
308 702.9505 269.568024
199 483.840057 342.144043
335 85.017609 143.078415
361 604.661865 373.248047
424 632.033386 355.829803
358 676.82312 400.619568
367 659.404907 402.278442
453 197.074982 271.724609
349 176.670746 385.689667
404 158.257187 388.177979
413 418.037811 380.713013
473 555.393127 140.341278
400 525.533264 403.10791
402 528.519287 358.318146
351 408.084534 390.66629
410 686.776428 379.220032
524 197.074982 272.321808
460 680.804504 307.556396
551 412.065887 139.74408
465 623.473572 404.899536
526 519.56134 154.076813
