189
-0.7 -0.365 0.207 0.00119 0.467 0.178 0.866 
2341 183.0 181.0
2455 543.0 281.0
2322 201.0 180.0
832 172.0 285.0
2065 146.0 459.0
2236 147.0 410.0
2313 486.0 350.0
807 195.0 397.0
2480 413.0 24.0
1802 337.0 345.0
62 300.0 162.0
1882 309.0 136.0
2017 511.0 434.0
2431 341.0 74.0
938 281.0 328.0
1952 251.0 331.0
2026 484.0 433.0
1709 241.0 412.0
747 201.0 433.0
625 292.0 459.0
818 251.0 372.0
2177 467.0 384.0
2142 512.0 383.0
2117 550.0 372.0
2314 529.0 346.0
2419 517.0 306.0
1544 425.0 383.0
1640 351.0 383.0
1598 382.0 382.0
2124 602.0 370.0
2093 576.0 379.0
2373 391.0 330.0
2264 581.0 45.0
2500 408.000031 151.200012
2027 484.800018 433.200012
2381 270.0 237.600006
1059 339.600006 435.600006
1659 285.600006 408.000031
1546 396.000031 405.600006
1432 280.800018 327.600006
2399 283.200012 304.800018
1990 133.200012 111.600006
1740 139.200012 91.200005
39 238.800003 434.400024
2140 236.400009 427.200012
1841 252.000015 372.0
2164 493.200012 382.800018
1135 367.200012 376.800018
2145 510.000031 382.800018
2154 546.0 372.0
1822 308.400024 74.400002
1519 440.400024 379.200012
1532 459.600006 374.400024
2415 307.200012 228.000015
836 313.200012 195.600006
2092 624.0 378.0
2085 620.400024 380.400024
2118 602.400024 369.600006
2361 572.400024 310.800018
2109 577.200012 379.200012
1173 324.0 382.800018
729 297.600006 374.400024
2375 391.200012 330.0
2503 446.400024 286.800018
2474 543.600037 280.800018
2510 405.600006 201.600006
1757 138.0 450.000031
2328 196.800003 357.600006
775 300.0 162.0
808 151.200012 216.000015
2278 582.0 44.400002
1874 308.160004 113.760002
1898 311.040009 135.360001
2021 398.880005 450.720032
1083 394.560028 406.080017
144 239.040009 433.440002
1221 217.440002 432.000031
2472 580.320007 288.0
1535 334.080017 433.440002
56 315.360016 446.400024
1634 312.480011 406.080017
2210 122.400002 135.360001
1800 308.160004 28.800001
2175 492.480011 381.600006
2208 479.52002 372.960022
1415 280.800018 326.880005
1056 282.240021 305.279999
2130 548.640015 371.52002
2179 514.080017 374.400024
2536 378.720001 381.600006
145 365.76001 375.840027
288 352.800018 381.600006
2280 374.400024 367.200012
647 349.920013 374.400024
1531 459.360016 374.400024
1749 263.52002 380.160004
2336 252.000015 371.52002
2306 528.480042 344.160004
2444 516.960022 305.279999
2098 622.080017 377.280029
2127 601.920044 370.080017
2388 565.920044 306.720001
2106 576.0 380.160004
2110 558.720032 380.160004
2155 564.480042 368.640015
721 293.76001 388.800018
1170 328.320007 374.400024
2471 328.320007 272.160004
1974 408.960022 257.76001
2464 542.880005 279.360016
2020 505.440033 429.120026
1654 285.120026 407.52002
754 185.76001 440.640015
2298 195.840012 357.120026
2150 51.840004 185.76001
1764 149.76001 214.560013
2263 580.320007 43.200001
1697 235.008026 426.81604
1748 241.920029 411.264038
2349 547.776062 323.136017
2422 539.136047 302.400024
2417 516.672058 305.856018
13 133.056015 108.864014
1620 366.336029 376.704041
660 336.960022 383.616028
648 374.976044 368.064026
635 350.784027 373.248047
2447 321.40802 229.82402
1285 298.944031 193.536011
2114 547.776062 371.52005
2143 527.040039 369.792023
2281 590.976074 340.416046
2386 566.784058 307.584015
1710 295.488037 374.976044
306 276.480042 283.392029
2228 587.520081 349.05603
2526 328.320038 271.296021
2483 580.608032 286.848022
2519 409.536041 257.472015
1113 328.320038 435.456055
1877 191.808014 338.688019
2157 200.448013 433.728027
1828 196.99202 355.968048
2378 311.040039 43.200005
2257 133.056015 169.344009
957 282.009644 325.555237
417 282.009644 304.819244
2168 358.732849 406.425659
358 346.29126 400.204865
2443 327.628845 300.672028
716 288.230438 379.468842
2461 319.334442 226.02243
2436 304.819244 230.169632
228 327.628845 435.456055
2030 439.603271 418.867249
1569 393.98407 381.54245
2332 551.577698 327.628845
307 271.641632 261.273651
2136 514.252869 373.248047
2311 514.252869 348.364838
2186 491.443268 381.54245
2317 487.296082 348.364838
2321 481.075256 350.438446
2224 439.603271 377.395264
2277 425.088074 362.880066
1222 296.524841 371.174438
1164 335.923248 381.54245
2146 547.430481 371.174438
2251 580.608093 346.29126
1948 329.702454 267.494446
2408 593.049683 290.304047
2473 582.681702 286.15683
1977 410.572845 257.126434
2392 518.400085 304.819244
2051 391.910461 435.456055
2507 406.425659 151.372818
1880 337.996857 294.451233
225 286.15683 406.425659
2105 238.464035 433.382446
242 132.710419 107.827217
164 51.840008 184.55043
268 134.784012 167.961624
1604 393.154602 383.201324
2276 592.220215 338.41156
2323 490.199097 348.364838
1730 365.783081 363.294769
2413 268.738586 273.71524
2217 512.593994 373.248047
2325 512.593994 350.85318
2095 569.825378 380.713013
2273 549.918823 348.364838
703 296.110107 373.248047
2484 574.802002 281.180206
2488 517.570618 306.063416
2397 525.035583 278.691895
2046 437.944397 420.526154
2494 403.10791 136.85762
2513 400.619568 199.065628
2506 400.619568 166.717468
1873 335.923248 298.59845
1742 256.296997 395.642944
759 241.367081 410.572845
1246 268.738586 383.201324
409 343.388214 415.051849
2269 191.600662 398.131256
382 151.787537 425.502777
2359 196.577301 355.829803
1887 311.040039 116.951057
505 286.15683 236.390427
1881 296.110107 164.229141
838 111.974419 169.20578
2518 408.084534 256.296997
1152 364.290131 376.23407
2329 340.402252 358.318146
2220 421.023834 385.192017
1390 301.584442 316.514374
2173 546.435181 370.262085
2250 567.337097 337.41626
2198 549.421143 349.360199
2304 594.210938 337.41626
913 280.682556 250.822708
1942 265.752625 241.864746
2446 331.444275 277.696564
521 295.612457 280.682556
2520 409.079895 256.794678
473 134.369308 167.215134
2324 197.074982 355.332153
756 134.369308 131.383316
2404 519.56134 304.570435
2402 525.533264 277.696564
1863 295.612457 164.229156
2213 504.631378 373.248077
2274 489.701477 349.360199
2487 576.295044 280.682556
701 292.626495 388.177979
2229 235.892776 418.037842
741 259.78067 373.248077
771 235.892776 376.23407
596 376.23407 394.149963
2244 441.92572 373.248077
873 280.682556 322.486328
2082 552.407166 388.177979
737 295.612457 373.248077
2492 403.10791 134.369308
470 340.402252 408.482697
2530 322.486359 236.48999
1915 308.153625 214.990891
922 318.903168 311.736786
1426 272.321808 275.904999
2531 279.488159 250.822708
2489 329.65271 279.488159
2458 326.069519 257.989075
2334 197.074982 354.734985
2485 523.144531 275.904999
2316 490.895874 347.568604
2430 544.643616 272.321808
517 254.405899 394.149963
2242 444.314514 372.650879
945 275.904999 297.404083
903 247.239532 257.989075
1621 372.650879 365.484528
384 132.577713 164.826355
1811 264.0 380.400024
1256 268.0 374.0
1528 447.600006 384.0
1526 456.0 373.0
1688 328.800018 374.400024
2296 543.600037 348.0
639 354.0 382.0
1387 265.0 247.0
58 340.0 302.0
2205 169.200012 427.200012
2450 354.240021 86.400002
1594 358.560028 407.52002
2256 135.600006 170.400009
1647 217.200012 433.200012
1537 435.600006 374.400024
2197 412.800018 382.800018
1131 386.0 376.0
2394 306.0 121.200005
2409 340.800018 74.400002
1872 309.600006 82.800003
2133 559.200012 380.400024
893 263.52002 249.12001
1875 269.279999 237.600006
1556 434.880005 374.400024
1871 309.312042 82.944008
2433 300.960022 194.400009
2293 266.400024 382.800018
2495 407.52002 151.200012
2527 333.504028 292.032013
2477 336.960022 295.200012
2239 154.080002 240.480011
2202 411.264038 381.888031
2211 478.656036 373.248047
615 334.080017 433.440002
618 357.696045 407.808044
1628 346.29126 400.204865
1750 290.304016 371.52005
2062 454.46405 418.176025
2218 457.920044 374.976044
281 279.936035 326.592041
2120 601.344055 369.792023
2137 584.640015 370.080017
2509 404.352051 199.065628
1947 336.960022 295.488037
246 51.840004 186.624023
49 110.880005 169.920013
2162 458.265656 373.248047
2180 541.209656 369.100861
1667 365.783081 363.294769
2288 350.85318 358.318115
2356 503.884857 335.923248
2511 404.352051 200.448013
298 286.848022 407.808044
852 246.758438 367.027252
770 201.139221 431.308868
811 151.372818 425.088074
1570 410.572845 379.468842
357 350.438446 358.732849
2185 539.965515 370.759735
2279 534.988892 345.876526
2512 397.135956 197.074982
440 244.850739 256.794678
1650 311.040039 398.131256
2100 546.435181 370.262085
1902 333.434937 278.691895
810 113.467415 170.201126
840 246.343719 368.271423
2188 419.232239 379.817261
2113 534.491211 385.192017
1156 318.903168 383.400421
1970 334.430267 298.59845
896 298.59845 301.584442
1421 265.155426 250.822708
2426 328.458313 256.794678
434 189.90863 397.733154
2493 401.316345 132.577713
2141 551.809998 376.23407
2240 505.228607 372.650879
2327 268.738617 379.817261
1071 235.892776 376.23407
2174 441.92572 385.192017
1578 408.482697 372.650879
2159 567.337097 379.220032
1824 154.076813 189.90863
