19
7.97e-05 3.04e-05 -7.32e-05 0.000152 -0.000486 0.000374 1 
2 424.0 333.0 396.366333 333.0
3 460.0 296.0 436.177002 296.0
8 497.0 298.0 473.636841 298.0
10 457.0 294.0 433.935608 294.0
12 437.0 257.0 416.767365 257.0
28 494.0 95.0 473.302246 95.0
64 644.0 209.0 623.289612 209.0
15 593.0 358.0 562.880066 358.0
29 245.0 424.0 207.459824 424.0
97 127.0 184.0 111.597649 184.0
119 205.0 179.0 188.101456 179.0
107 492.0 287.0 469.217682 287.0
25 496.0 367.0 464.17804 367.0
48 547.0 102.0 525.558228 102.0
36 193.0 317.0 166.60141 317.0
37 156.0 323.0 128.329071 323.0
40 536.0 298.0 512.036499 298.0
44 375.0 281.0 353.157135 281.0
45 351.0 268.0 329.84079 268.0
47 344.0 259.0 324.292175 259.0
27 550.0 151.0 529.366272 151.0
52 406.0 328.0 378.969238 328.0
53 414.0 320.0 387.409058 320.0
30 534.0 210.0 512.416321 210.0
59 724.0 277.0 702.31665 277.0
58 599.0 298.0 575.245972 298.0
55 673.0 317.0 646.693359 317.0
56 647.0 314.0 622.215149 314.0
61 623.0 367.0 592.296143 367.0
1 604.0 111.0 582.871338 111.0
63 732.0 111.0 710.032288 111.0
89 654.0 120.0 633.299988 120.0
65 711.0 181.0 688.878723 181.0
70 213.0 295.0 188.292419 295.0
74 77.0 289.0 52.387009 289.0
75 217.0 85.0 200.682922 85.0
76 312.0 86.0 296.205597 86.0
78 93.0 89.0 76.406151 89.0
170 222.000015 414.000031 184.39267 414.000031
178 92.400002 88.800003 75.850273 88.800003
94 206.400009 118.800003 188.534866 118.800003
95 217.200012 85.200005 200.59848 85.200005
85 496.800018 297.600006 473.267487 297.600006
110 594.0 357.600006 563.505981 357.600006
26 549.600037 169.200012 528.723267 169.200012
83 550.800049 151.200012 530.541504 151.200012
101 376.800018 292.800018 353.98764 292.800018
109 537.600037 254.400009 517.265198 254.400009
166 494.400024 94.800003 473.21756 94.800003
66 427.200012 90.0 408.371582 90.0
99 710.400024 181.200012 688.357666 181.200012
100 728.400024 130.800003 706.236816 130.800003
17 475.200012 274.800018 453.769836 274.800018
93 534.0 210.000015 512.567688 210.000015
118 496.800018 367.200012 464.806488 367.200012
125 508.800018 424.800018 471.502411 424.800018
126 486.000031 417.600006 449.376465 417.600006
114 547.200012 90.0 525.746887 90.0
115 531.600037 90.0 509.149445 90.0
122 555.600037 111.600006 535.508728 111.600006
35 182.400009 324.0 154.635651 324.0
132 193.200012 316.800018 166.481262 316.800018
128 691.200012 314.400024 665.885132 314.400024
136 438.000031 398.400024 403.472443 398.400024
137 458.400024 374.400024 425.658447 374.400024
138 438.000031 357.600006 407.385437 357.600006
139 406.800018 327.600006 379.453552 327.600006
140 414.000031 320.400024 387.112915 320.400024
142 351.600006 268.800018 330.481079 268.800018
144 344.400024 259.200012 324.516632 259.200012
145 536.400024 298.800018 512.555786 298.800018
147 685.200012 324.0 659.086548 324.0
148 652.800049 327.600006 625.766968 327.600006
150 598.800049 297.600006 575.386719 297.600006
151 724.800049 276.0 702.831665 276.0
156 609.600037 334.800018 581.77655 334.800018
157 604.800049 300.0 580.997986 300.0
235 687.600037 238.800003 666.006897 238.800003
160 624.0 367.200012 593.08667 367.200012
162 457.200012 294.0 434.264923 294.0
168 258.0 340.800018 229.652115 340.800018
104 244.800003 424.800018 206.692123 424.800018
171 250.800003 363.600006 218.902527 363.600006
173 76.800003 289.200012 52.06303 289.200012
174 277.200012 82.800003 260.841248 82.800003
179 75.600006 38.400002 58.635765 38.400002
81 122.400002 154.800003 106.96833 154.800003
183 377.280029 266.400024 356.061737 266.400024
199 702.720032 180.0 681.041077 180.0
270 722.880005 145.440002 700.749451 145.440002
31 135.360001 204.480011 119.211212 204.480011
196 133.919998 205.920013 118.388786 205.920013
181 122.400002 154.080002 106.585297 154.080002
200 496.800018 290.880005 474.228424 290.880005
201 473.76001 279.360016 451.526978 279.360016
190 550.080017 89.280006 528.641846 89.280006
338 131.040009 119.520004 115.71402 119.520004
192 537.119995 253.440002 516.406494 253.440002
189 501.120026 410.400024 465.303223 410.400024
111 554.400024 349.920013 523.266968 349.920013
193 499.680023 393.120026 465.536133 393.120026
146 87.840004 388.800018 51.418262 388.800018
203 406.080017 326.880005 378.995148 326.880005
204 413.280029 319.680023 386.681854 319.680023
205 396.000031 299.52002 371.221497 299.52002
206 622.080017 293.76001 598.803894 293.76001
207 604.800049 292.320007 581.429321 292.320007
209 437.76001 357.120026 406.928741 357.120026
211 159.840012 315.360016 133.186584 315.360016
227 586.080017 305.279999 562.129944 305.279999
228 555.840027 302.400024 532.415039 302.400024
133 155.520004 321.120026 128.325455 321.120026
124 204.480011 192.960007 187.311569 192.960007
215 352.800018 267.839996 331.420959 267.839996
216 360.0 266.400024 338.235016 266.400024
224 652.320007 328.320007 625.436462 328.320007
226 648.0 313.920013 622.835266 313.920013
230 604.800049 331.200012 577.233948 331.200012
302 632.160034 300.960022 607.655762 300.960022
232 603.360046 299.52002 579.793396 299.52002
152 698.400024 269.279999 677.271484 269.279999
239 623.52002 365.76001 592.68335 365.76001
240 424.800018 332.640015 397.08075 332.640015
241 456.480011 293.76001 433.868622 293.76001
244 563.040039 44.640003 541.270569 44.640003
245 642.240051 120.960007 620.491699 120.960007
249 532.800049 208.800003 510.983276 208.800003
251 548.640015 168.480011 528.037781 168.480011
252 259.200012 341.279999 230.165314 341.279999
172 306.720001 429.120026 267.896118 429.120026
259 76.32 288.0 51.931854 288.0
185 217.440002 84.960007 200.485886 84.960007
266 312.480011 84.960007 296.207458 84.960007
262 92.160004 87.840004 75.421494 87.840004
316 549.504028 89.85601 528.361389 89.85601
187 554.688049 350.784027 523.683716 350.784027
267 497.664062 290.304016 475.258423 290.304016
268 473.472046 279.936035 450.512115 279.936035
269 708.480042 181.440018 686.097595 181.440018
194 497.664062 368.064026 465.445465 368.064026
275 575.424072 273.024017 554.008728 273.024017
281 623.808044 290.304016 600.724854 290.304016
282 604.800049 292.032013 581.158997 292.032013
283 632.448059 264.384033 612.410278 264.384033
280 198.720016 316.22403 171.456619 316.22403
286 696.384094 333.504028 669.236389 333.504028
221 84.672005 388.800049 50.020576 388.800049
291 406.080048 328.320038 378.994537 328.320038
293 362.880035 257.472015 342.036957 257.472015
294 343.87204 259.200012 325.169189 259.200012
225 665.28009 321.40802 639.4646 321.40802
289 651.456055 328.320038 624.803955 328.320038
290 648.000061 314.496033 622.82019 314.496033
295 452.736053 362.880035 421.837402 362.880035
296 437.184052 357.696045 405.852325 357.696045
297 551.232056 335.232025 523.275208 335.232025
298 585.792053 305.856018 562.026855 305.856018
299 556.416077 302.400024 532.787231 302.400024
300 635.904053 331.776031 607.612549 331.776031
301 603.072083 331.776031 575.265625 331.776031
231 630.720032 300.672028 606.468445 300.672028
303 615.16803 293.76004 592.178589 293.76004
306 648.000061 224.640015 627.206421 224.640015
310 623.808044 366.336029 593.264832 366.336029
311 641.088074 361.152039 610.110779 361.152039
292 376.704041 279.936035 353.792236 279.936035
313 489.024048 321.40802 462.943634 321.40802
317 641.088074 120.960014 619.618347 120.960014
323 549.504028 169.344009 528.535095 169.344009
247 402.624023 86.400009 382.575806 86.400009
321 466.560059 95.040009 447.207947 95.040009
322 532.22406 209.088013 510.884918 209.088013
324 259.200012 342.144043 230.35675 342.144043
182 374.976044 297.216034 350.794586 297.216034
325 373.248047 407.808044 337.186005 407.808044
256 368.064026 383.616028 334.283478 383.616028
329 76.032005 288.576019 51.865753 288.576019
260 274.752014 81.216011 258.245544 81.216011
331 217.728027 84.672005 200.896729 84.672005
333 311.040039 84.672005 296.079773 84.672005
334 250.560028 235.008026 230.670563 235.008026
219 202.176025 228.096024 185.748169 228.096024
336 91.584007 88.128006 74.873108 88.128006
339 127.872009 74.304008 112.652908 74.304008
129 133.056015 205.632019 117.444305 205.632019
341 120.960014 152.064011 105.807243 152.064011
342 607.56488 288.230438 585.197449 288.230438
381 497.664062 290.304047 475.134094 290.304047
343 161.740829 315.187256 134.212936 315.187256
380 524.62085 325.555237 498.204071 325.555237
214 518.400085 294.451233 494.556335 294.451233
353 454.118469 360.806458 423.151245 360.806458
354 437.529663 356.659241 405.996399 356.659241
350 408.499268 325.555237 381.047607 325.555237
351 398.131256 315.187256 371.800293 315.187256
352 396.057648 298.59845 371.1492 298.59845
448 167.961624 327.628845 140.805405 327.628845
349 182.476822 308.966431 156.140808 308.966431
355 698.803284 333.84964 671.904419 333.84964
356 682.214478 325.555237 655.210205 325.555237
357 682.214478 308.966431 657.83728 308.966431
358 551.577698 333.84964 523.669373 333.84964
359 586.828857 304.819244 562.602356 304.819244
363 375.321655 279.936035 353.276428 279.936035
364 362.880066 257.126434 341.910309 257.126434
365 346.29126 257.126434 326.312592 257.126434
367 634.521667 329.702454 606.62854 329.702454
362 671.846497 315.187256 645.451843 315.187256
368 605.491272 331.776062 576.904907 331.776062
369 615.859314 292.377655 592.928345 292.377655
375 649.036865 226.02243 627.887329 226.02243
307 651.110474 201.139221 630.23291 201.139221
271 593.049683 356.659241 562.708923 356.659241
379 425.088074 331.776062 397.558655 331.776062
320 402.278442 85.017609 380.802734 85.017609
386 468.633667 95.385612 448.517548 95.385612
397 373.248047 406.425659 337.586945 406.425659
330 275.788849 80.870415 260.055634 80.870415
389 252.979233 234.316833 232.914871 234.316833
390 76.723213 51.840008 60.035511 51.840008
340 138.931213 205.286423 122.918159 205.286423
450 203.21283 136.85762 185.470413 136.85762
387 76.723213 288.230438 51.763611 288.230438
278 517.570618 293.621796 494.0177 293.621796
402 154.275864 335.923248 125.265465 335.923248
411 686.776428 271.226929 665.4505 271.226929
404 368.271423 273.71524 346.384399 273.71524
406 345.876526 258.785309 326.575653 258.785309
417 671.846497 323.481659 645.904846 323.481659
414 554.895447 328.458282 528.292053 328.458282
360 557.383789 301.086761 534.479187 301.086761
412 403.10791 303.575073 377.864258 303.575073
413 641.986633 248.832031 621.547058 248.832031
423 617.103455 333.434937 590.107422 333.434937
424 602.173523 330.946594 574.125793 330.946594
425 614.615112 293.621796 591.866089 293.621796
426 587.243591 306.063416 561.998718 306.063416
422 457.850952 363.294769 426.567108 363.294769
408 632.033386 330.946594 604.57196 330.946594
409 664.381531 313.528351 637.787048 313.528351
427 644.474976 226.437149 624.226074 226.437149
376 649.451599 204.042267 628.573792 204.042267
430 694.241394 393.154602 660.267761 393.154602
432 425.502777 333.434937 397.869507 333.434937
433 497.664062 291.133484 475.092407 291.133484
434 525.035583 268.738586 502.121002 268.738586
382 485.222473 271.226929 462.878204 271.226929
436 462.827576 390.66629 428.845764 390.66629
384 549.918823 87.091209 528.403259 87.091209
439 644.474976 106.997772 624.378601 106.997772
483 549.918823 169.20578 528.255554 169.20578
476 400.619568 84.60289 384.706451 84.60289
445 373.248047 296.110107 349.715424 296.110107
398 258.785309 340.899902 229.983902 340.899902
391 204.042267 119.439377 185.660187 119.439377
264 134.369293 119.439377 119.075752 119.439377
452 121.927696 151.787537 105.848831 151.787537
395 136.85762 206.530594 122.037827 206.530594
444 539.965515 233.902115 519.353821 233.902115
459 692.748413 253.808685 671.846008 253.808685
506 555.393127 328.458313 529.341003 328.458313
466 585.252991 331.444275 556.928162 331.444275
467 615.112793 292.626495 592.519348 292.626495
468 600.182922 298.59845 576.405396 298.59845
461 456.855652 376.23407 424.417786 376.23407
462 426.995789 361.304138 397.523651 361.304138
463 438.939728 340.402252 409.112091 340.402252
469 656.916626 316.514374 631.00592 316.514374
470 630.042725 328.458313 602.681702 328.458313
471 653.930603 307.556396 627.953796 307.556396
410 639.000671 301.584442 614.530457 301.584442
388 274.710571 80.621582 258.398743 80.621582
478 155.271194 337.41626 125.805016 337.41626
482 122.425369 149.299225 106.154388 149.299225
453 200.060959 217.976868 183.501282 217.976868
454 137.355286 206.032928 122.319466 206.032928
473 513.589355 98.537491 492.562561 98.537491
475 549.421143 89.579536 528.462585 89.579536
441 549.421143 170.201126 529.086365 170.201126
530 203.046951 119.439384 184.365417 119.439384
491 373.248077 295.612457 350.040222 295.612457
492 346.374207 259.78067 327.322235 259.78067
429 591.224915 355.332153 560.585571 355.332153
490 498.659424 188.117035 476.438446 188.117035
464 426.995789 334.430267 398.835297 334.430267
495 409.079895 325.472321 381.421112 325.472321
496 453.869659 388.177979 419.975189 388.177979
499 525.533264 268.738617 502.458252 268.738617
507 564.351074 277.696564 542.569275 277.696564
504 677.818481 182.145065 656.797974 182.145065
509 650.944641 262.766632 630.739136 262.766632
446 259.78067 343.388214 230.994583 343.388214
517 555.393127 329.65271 530.561218 329.65271
518 566.1427 286.654541 542.127991 286.654541
519 548.226807 304.570435 523.488281 304.570435
520 662.888611 265.155426 642.375183 265.155426
522 655.722229 240.073166 634.608337 240.073166
472 641.389526 300.987244 615.564941 300.987244
523 429.981781 361.901337 399.271332 361.901337
524 451.480896 354.734985 420.767273 354.734985
547 612.72406 300.987244 590.628357 300.987244
525 200.658173 214.990891 183.411163 214.990891
449 275.904999 78.829994 259.280701 78.829994
528 515.978149 100.329086 494.843353 100.329086
541 146.910446 336.819061 117.281662 336.819061
531 372.650879 290.237701 348.414154 290.237701
532 347.568604 261.572266 327.389221 261.572266
535 677.221313 358.318176 647.298706 358.318176
533 558.976318 111.078629 538.305237 111.078629
534 537.477234 85.996361 512.666626 85.996361
489 591.224976 354.734985 560.967407 354.734985
539 548.226807 333.235901 518.870544 333.235901
543 515.978149 293.820892 492.109711 293.820892
544 523.144531 268.738617 500.710114 268.738617
546 498.062256 372.650879 466.756378 372.650879
549 562.559509 275.904999 541.684753 275.904999
515 670.054993 229.323624 648.831726 229.323624
511 257.989075 340.402252 229.964966 340.402252
551 412.065887 85.996361 395.70163 85.996361
80 122.0 75.0 105.970802 75.0
21 276.0 83.0 260.196533 83.0
41 89.0 388.0 52.643322 388.0
46 360.0 267.0 338.651215 267.0
51 458.0 374.0 425.461945 374.0
13 564.0 44.0 542.059875 44.0
113 508.800018 105.600006 487.849457 105.600006
123 204.000015 229.200012 188.119492 229.200012
154 673.200012 267.600006 652.805786 267.600006
164 564.0 44.400002 542.081909 44.400002
175 312.0 85.200005 296.400879 85.200005
277 537.408081 295.488037 513.91571 295.488037
198 691.200012 313.920013 665.681641 313.920013
233 658.368042 269.568024 637.795044 269.568024
263 74.880005 37.440002 57.721336 37.440002
92 122.400002 75.600006 106.397804 75.600006
177 313.200012 232.800003 293.995392 232.800003
287 85.017609 387.763245 49.925373 387.763245
208 457.920013 378.720001 424.976105 378.720001
337 74.304008 36.288002 56.935196 36.288002
400 537.477173 296.110107 514.202148 296.110107
191 516.672058 295.488037 493.63446 295.488037
348 196.992035 315.187256 171.064392 315.187256
396 203.21283 136.85762 185.470413 136.85762
431 701.70636 340.899902 674.391602 340.899902
392 134.369293 119.439377 119.075752 119.439377
485 686.776428 337.41626 658.595703 337.41626
512 630.639954 329.65271 603.394592 329.65271
415 561.365112 301.584442 537.878784 301.584442
480 203.046951 119.439384 184.365417 119.439384
536 408.482697 326.069519 380.467957 326.069519
