209
-1.1 -0.136 -0.0041 0.00106 0.629 0.251 0.736 
2206 179.0 447.0
2982 140.0 119.0
2858 183.0 75.0
2361 437.0 266.0
2696 407.0 339.0
2313 386.0 319.0
818 133.0 413.0
2901 595.0 231.0
2651 333.0 369.0
2603 202.0 415.0
2761 546.0 298.0
2750 513.0 303.0
2154 450.0 325.0
2145 421.0 343.0
2151 458.0 321.0
2093 474.0 325.0
2104 477.0 316.0
2598 608.0 342.0
2930 528.0 232.0
2855 500.0 274.0
2915 601.0 234.0
2948 499.0 222.0
2862 586.0 257.0
2884 571.0 249.0
2883 394.0 273.0
2592 443.0 386.0
2177 384.0 356.0
2557 496.0 400.0
2949 450.0 216.0
2503 321.0 268.0
2980 288.0 409.0
2911 260.0 187.0
2890 226.800003 136.800003
2581 163.200012 438.000031
1714 190.800003 408.000031
2879 441.600006 267.600006
2906 451.200012 248.400009
2927 434.400024 240.000015
1841 133.200012 412.800018
2652 590.400024 320.400024
2312 231.600006 370.800018
2767 547.200012 297.600006
2553 280.800018 450.000031
1177 206.400009 405.600006
2197 332.400024 369.600006
576 313.200012 375.600006
2728 148.800003 336.0
2394 136.800003 96.0
2130 450.000031 325.200012
2142 421.200012 343.200012
2783 421.200012 303.600006
2844 500.400024 273.600006
2910 490.800018 244.800003
2921 542.400024 230.400009
2936 519.600037 229.200012
2865 511.200012 264.0
2109 474.000031 325.200012
2124 489.600006 312.0
55 248.400009 394.800018
2331 242.400009 366.0
1387 112.800003 256.800018
2775 592.800049 279.600006
2786 571.200012 288.0
2871 586.800049 256.800018
2887 571.200012 249.600006
2602 594.0 355.200012
2419 394.800018 272.400024
2554 495.600006 399.600006
2958 450.000031 216.000015
2831 205.200012 289.200012
1526 374.400024 348.0
2912 260.400024 188.400009
2496 254.400009 132.0
2689 57.600002 180.0
62 138.0 147.600006
1654 198.720001 440.640015
2536 295.200012 378.720001
607 313.920013 374.400024
22 299.52002 370.080017
1059 279.360016 449.280029
2594 277.920013 410.400024
2935 519.840027 228.960007
1845 128.160004 36.0
2852 499.680023 272.160004
2818 469.440033 285.120026
2752 545.76001 296.640015
684 227.520004 423.360016
700 217.440002 403.200012
647 263.52002 378.720001
1519 357.120026 357.120026
2703 449.280029 324.0
2155 462.240021 318.240021
1056 149.76001 322.559998
2106 473.76001 325.440002
2725 489.600006 311.040009
2771 604.800049 273.600006
2784 571.679993 288.0
2875 584.640015 256.320007
2439 182.880005 325.440002
2444 394.560028 272.160004
2020 442.080017 385.920013
2845 400.320007 44.640003
2945 449.280029 216.000015
2959 456.480011 168.480011
1977 271.296021 247.104019
1688 236.160004 387.360016
2985 288.0 407.52002
729 198.720001 397.440002
2695 66.240005 90.720001
1883 136.800003 96.480003
2367 60.480003 178.560013
1634 226.368027 435.456055
1651 228.096024 421.63205
2590 276.480042 406.080048
1749 155.52002 418.176025
2987 312.768036 374.976044
2648 330.048035 369.792023
2785 571.968079 288.576019
2827 195.264023 274.752014
307 126.144012 271.296021
2620 597.888062 340.416046
2179 421.63205 335.232025
2931 433.728027 240.192017
2392 402.624023 273.024017
2828 468.288055 286.848022
2555 494.208038 399.16803
2916 558.144043 233.280029
2937 463.104034 77.76001
2348 257.472015 343.87204
1170 233.280029 388.800049
2586 373.248047 402.624023
2585 290.304016 406.080048
23 108.864014 247.104019
2504 255.744019 150.336014
2680 72.576004 117.504013
2682 63.936005 117.504013
1822 129.600006 36.288002
775 136.512009 148.608017
1569 313.113647 375.321655
286 298.59845 377.395264
2202 329.702454 367.027252
2977 149.299225 323.481659
306 138.931213 298.59845
2244 356.659241 356.659241
2762 572.31366 286.15683
2127 481.075256 311.040039
2812 186.624023 248.832031
2630 605.491272 340.070435
2114 447.897675 323.481659
2323 387.763245 317.260834
2417 396.057648 271.641632
2731 510.105682 300.672028
2584 377.395264 398.131256
2175 406.425659 346.29126
2576 497.664062 391.910461
2882 547.430481 234.316833
2969 499.737671 209.433624
2519 271.641632 246.758438
1710 196.992035 398.131256
204 201.139221 391.910461
1432 153.446426 348.364838
2896 250.90564 49.766407
2498 250.90564 149.299225
2670 66.355209 116.121613
2804 143.078415 114.048019
2447 178.32962 226.02243
1601 296.110107 378.224701
2224 355.829803 358.318115
2732 149.299225 325.969971
945 139.345947 320.993317
2359 49.766407 413.061188
2755 134.369293 47.278088
2953 457.850952 166.717468
841 209.018906 308.551727
2611 602.173523 340.899902
2960 462.827576 79.626251
2716 114.462738 251.320358
2371 49.766407 159.252502
2461 176.670746 223.948837
2436 159.252502 228.925476
2601 437.944397 385.689667
2144 405.596222 345.876526
2966 500.152405 211.507233
2321 388.177979 316.016693
2941 435.456055 241.367081
1233 196.577301 398.131256
2030 368.271423 398.131256
2704 549.918823 308.551727
2817 574.802002 278.691895
660 248.832031 393.154602
2196 361.304138 364.290131
2204 358.318146 352.346191
691 232.906799 388.177979
1196 217.976868 403.10791
1885 125.411354 235.892776
840 125.411354 412.065857
1873 212.004898 307.556396
2518 271.724609 247.836716
2903 412.065857 238.878769
2965 456.855652 167.215134
2885 546.435181 238.878769
2100 441.92572 328.458313
2274 388.177979 316.514374
2429 397.135956 271.724609
2413 128.397339 295.612457
1900 176.173096 223.948837
2746 137.355286 238.878769
2580 444.911713 385.192017
2113 441.92572 340.402252
2962 501.645416 209.018921
2951 459.841614 176.173096
2327 164.229156 418.037842
2741 516.575317 301.584442
2830 468.799591 286.65451
1152 280.682556 379.220032
2738 137.355286 301.584442
2797 182.145065 262.766632
2747 143.327255 283.668549
2494 247.836716 110.48143
2942 465.813599 78.829994
2957 437.148163 240.073166
2404 397.733154 272.321808
2141 440.731354 340.402252
2240 412.065887 333.235901
2781 157.659988 232.906799
1889 139.74408 186.325439
2709 480.146332 315.319977
2850 515.978149 272.321808
596 297.404083 390.566803
2220 336.819061 365.484528
2956 458.647247 164.826355
741 146.910446 408.482697
1156 229.323624 401.316345
2345 222.157257 354.734985
417 154.076813 311.736786
2492 243.656357 111.078629
2663 599.0 321.0
2347 429.0 282.0
2645 550.0 340.0
2970 498.000031 208.800003
2919 528.0 232.0
2666 600.0 321.600006
2164 408.000031 346.800018
2801 187.0 310.0
2178 384.0 355.200012
1807 155.520004 417.600006
639 269.279999 387.360016
1639 286.559998 365.76001
666 252.000015 364.320007
2984 214.560013 442.080017
2722 133.056015 300.672028
2665 599.040039 321.120026
2678 393.120026 351.360016
1747 133.056015 432.000031
2751 503.884857 302.745636
2568 214.272018 442.368042
2782 558.144043 286.848022
2698 552.960022 308.160004
2589 439.603271 383.616058
2907 547.430481 234.316833
2350 257.76001 344.160004
2796 142.560013 169.920013
2259 278.691895 378.224701
357 253.80867 363.294769
2276 467.80423 286.15683
2599 277.862427 402.278442
2727 136.85762 301.086761
2520 271.226929 246.343719
2506 247.836716 149.299225
2135 405.596222 345.876526
1222 196.577301 398.131256
2706 549.421143 307.556396
2173 444.314514 326.069519
1621 297.404083 376.23407
2659 465.813599 337.41626
