21
0.000147 0.00078 0.0012 -0.000183 -0.000296 0.000295 1 
8 497.0 297.0 473.841797 297.0
80 122.0 74.0 105.63649 74.0
2 424.0 333.0 396.465973 333.0
15 593.0 358.0 562.770203 358.0
75 216.0 85.0 199.769974 85.0
23 658.0 177.0 636.677551 177.0
25 495.0 367.0 463.421875 367.0
44 377.0 280.0 353.89801 280.0
30 534.0 210.0 512.55481 210.0
21 274.0 82.0 257.758118 82.0
35 183.0 324.0 155.389832 324.0
37 155.0 322.0 127.391953 322.0
41 88.0 388.0 52.624344 388.0
45 350.0 268.0 329.19162 268.0
46 360.0 267.0 338.566681 267.0
47 344.0 257.0 324.249634 257.0
53 414.0 320.0 386.93454 320.0
58 598.0 298.0 574.86554 298.0
40 536.0 298.0 512.15332 298.0
51 458.0 373.0 425.491119 373.0
55 673.0 317.0 646.72522 317.0
13 564.0 44.0 542.002625 44.0
28 494.0 95.0 473.454559 95.0
74 76.0 289.0 52.036674 289.0
76 312.0 85.0 295.068939 85.0
34 209.0 151.0 191.479782 151.0
78 93.0 89.0 76.202156 89.0
79 76.0 38.0 58.823128 38.0
81 121.0 151.0 105.718971 151.0
164 564.0 44.400002 542.06366 44.400002
113 508.800018 105.600006 488.02066 105.600006
166 494.400024 94.800003 473.844116 94.800003
102 589.200012 230.400009 568.639404 230.400009
93 534.0 210.000015 512.714111 210.000015
17 475.200012 274.800018 453.581238 274.800018
83 550.800049 150.0 529.740784 150.0
84 519.600037 151.200012 498.127899 151.200012
100 728.400024 130.800003 706.304077 130.800003
110 592.800049 356.400024 562.73822 356.400024
94 205.200012 118.800003 187.963303 118.800003
95 217.200012 85.200005 199.941589 85.200005
189 500.400024 410.400024 464.585297 410.400024
126 486.000031 417.600006 449.487915 417.600006
112 544.800049 124.800003 522.931213 124.800003
147 688.800049 325.200012 661.330688 325.200012
128 691.200012 314.400024 665.774414 314.400024
131 182.400009 324.0 154.738739 324.0
132 193.200012 316.800018 166.389404 316.800018
133 156.0 321.600006 128.602386 321.600006
122 555.600037 110.400002 535.140686 110.400002
123 202.800003 228.000015 186.222992 228.000015
124 204.000015 192.0 186.530807 192.0
139 405.600006 327.600006 378.463348 327.600006
140 414.000031 319.200012 387.63736 319.200012
137 457.200012 373.200012 425.200592 373.200012
142 351.600006 267.600006 330.323151 267.600006
144 344.400024 258.0 324.462341 258.0
145 536.400024 297.600006 512.765076 297.600006
150 598.800049 297.600006 575.072388 297.600006
156 608.400024 333.600006 581.056213 333.600006
157 603.600037 300.0 580.4646 300.0
234 717.600037 217.200012 695.756958 217.200012
61 624.0 366.0 593.023682 366.0
162 457.200012 294.0 434.157562 294.0
168 259.200012 340.800018 229.977341 340.800018
29 244.800003 423.600006 206.354752 423.600006
72 249.600006 362.400024 218.558304 362.400024
172 307.200012 429.600006 267.957825 429.600006
173 75.600006 289.200012 51.835331 289.200012
175 312.0 85.200005 295.451172 85.200005
178 92.400002 88.800003 75.765961 88.800003
181 120.960007 152.639999 105.562675 152.639999
185 217.440002 84.960007 199.87674 84.960007
276 506.880005 325.440002 479.778229 325.440002
163 516.960022 397.440002 481.462677 397.440002
116 488.160034 381.600006 454.739227 381.600006
183 375.840027 266.400024 354.818146 266.400024
195 138.240005 205.920013 122.440315 205.920013
196 133.919998 204.480011 118.361229 204.480011
107 496.800018 289.440002 474.38858 289.440002
201 473.76001 279.360016 451.505585 279.360016
192 537.119995 253.440002 516.884888 253.440002
111 554.400024 349.920013 522.892639 349.920013
114 548.640015 89.280006 527.289307 89.280006
198 691.200012 313.920013 665.536804 313.920013
138 437.76001 357.120026 406.969086 357.120026
219 201.600006 227.520004 185.437927 227.520004
220 204.480011 192.960007 187.236313 192.960007
203 406.080017 326.880005 378.952576 326.880005
204 413.280029 319.680023 386.078217 319.680023
211 159.840012 315.360016 132.920135 315.360016
146 86.400002 387.360016 51.445713 387.360016
215 351.360016 267.839996 330.253204 267.839996
216 360.0 266.400024 338.244812 266.400024
206 622.080017 293.76001 598.827332 293.76001
207 604.800049 292.320007 581.241882 292.320007
148 652.320007 328.320007 625.502563 328.320007
226 648.0 313.920013 622.943054 313.920013
227 584.640015 303.840027 560.501465 303.840027
228 555.840027 302.400024 531.965088 302.400024
229 636.480042 331.200012 608.576843 331.200012
233 659.52002 267.839996 639.113708 267.839996
160 623.52002 365.76001 592.713684 365.76001
240 424.800018 332.640015 397.385956 332.640015
243 606.240051 105.120003 584.770325 105.120003
244 563.040039 44.640003 541.227417 44.640003
247 408.960022 86.400002 389.941376 86.400002
249 532.800049 208.800003 511.532898 208.800003
251 548.640015 168.480011 527.907532 168.480011
253 204.480011 325.440002 175.893051 325.440002
259 76.32 288.0 51.770096 288.0
174 275.040009 80.639999 258.330139 80.639999
266 311.040009 84.960007 295.724121 84.960007
177 312.480011 230.400009 293.307037 230.400009
262 92.160004 87.840004 75.136444 87.840004
194 497.664062 368.064026 465.411865 368.064026
269 708.480042 181.440018 686.018677 181.440018
275 575.424072 273.024017 553.844238 273.024017
187 561.600037 349.05603 531.783142 349.05603
190 549.504028 88.128006 528.487793 88.128006
282 604.800049 292.032013 580.965149 292.032013
283 632.448059 264.384033 612.348145 264.384033
286 696.384094 333.504028 669.264771 333.504028
279 186.624023 326.592041 158.414032 326.592041
297 551.232056 335.232025 522.898132 335.232025
298 585.792053 305.856018 562.065735 305.856018
299 556.416077 302.400024 532.547424 302.400024
212 523.584045 326.592041 496.685547 326.592041
191 516.672058 293.76004 494.244171 293.76004
221 86.400009 388.800049 50.721432 388.800049
224 653.184082 328.320038 626.318787 328.320038
290 648.000061 314.496033 622.869507 314.496033
292 374.976044 279.936035 353.009003 279.936035
294 343.87204 257.472015 325.062592 257.472015
295 452.736053 362.880035 421.921661 362.880035
209 437.184052 357.696045 405.796478 357.696045
291 406.080048 326.592041 378.967041 326.592041
300 635.904053 331.776031 607.622375 331.776031
230 603.072083 331.776031 575.223389 331.776031
231 630.720032 300.672028 606.601807 300.672028
303 615.16803 293.76004 592.068726 293.76004
306 648.000061 224.640015 627.111877 224.640015
239 623.808044 366.336029 593.300415 366.336029
312 376.704041 292.032013 353.231659 292.032013
268 473.472046 279.936035 450.324127 279.936035
321 466.560059 95.040009 446.86734 95.040009
322 532.22406 209.088013 511.249573 209.088013
324 257.472015 340.416046 229.699753 340.416046
348 202.176025 319.680023 175.218628 319.680023
327 366.336029 381.888031 333.264709 381.888031
329 76.032005 288.576019 51.704754 288.576019
260 274.752014 81.216011 258.268036 81.216011
331 217.728027 84.672005 200.295547 84.672005
332 236.736023 77.76001 216.630875 77.76001
333 311.040039 84.672005 295.715729 84.672005
334 254.016022 235.008026 234.760361 235.008026
335 202.176025 228.096024 185.945267 228.096024
339 126.144012 72.576004 110.503036 72.576004
340 138.240021 205.632019 122.57048 205.632019
341 120.960014 152.064011 105.629997 152.064011
343 159.667221 315.187256 132.036087 315.187256
380 524.62085 325.555237 498.073456 325.555237
353 454.118469 360.806458 423.1409 360.806458
350 406.425659 325.555237 379.885376 325.555237
351 398.131256 315.187256 371.882416 315.187256
352 396.057648 298.59845 370.876038 298.59845
280 196.992035 313.113647 169.852051 313.113647
349 182.476822 308.966431 156.066025 308.966431
363 375.321655 279.936035 353.002197 279.936035
365 346.29126 257.126434 326.229004 257.126434
355 698.803284 333.84964 671.840576 333.84964
358 551.577698 333.84964 522.797852 333.84964
359 586.828857 304.819244 562.675171 304.819244
360 557.798462 300.672028 533.899414 300.672028
287 85.017609 387.763245 49.751247 387.763245
367 634.521667 329.702454 606.663208 329.702454
362 669.772888 315.187256 644.95282 315.187256
302 636.595276 298.59845 612.706665 298.59845
301 603.417664 329.702454 576.028137 329.702454
369 615.859314 292.377655 592.76709 292.377655
307 651.110474 201.139221 630.153381 201.139221
379 425.088074 331.776062 397.667603 331.776062
267 497.664062 290.304047 475.069366 290.304047
316 549.504089 87.091209 528.675598 87.091209
319 427.161652 89.16481 409.182861 89.16481
320 402.278442 85.017609 384.765259 85.017609
386 468.633667 95.385612 448.683258 95.385612
330 273.71524 80.870415 257.261383 80.870415
336 89.16481 87.091209 72.851906 87.091209
390 76.723213 51.840008 60.048306 51.840008
391 203.21283 118.195213 186.197906 118.195213
392 132.710419 118.195213 117.253433 118.195213
129 132.710419 203.21283 117.145439 203.21283
387 74.649612 288.230438 51.6805 288.230438
398 259.200043 340.070435 230.199097 340.070435
399 507.61734 325.969971 480.993469 325.969971
400 537.477173 296.110107 514.000732 296.110107
404 368.271423 273.71524 346.294678 273.71524
406 345.876526 258.785309 326.386902 258.785309
411 686.776428 268.738586 665.502625 268.738586
422 455.36261 360.806458 424.032074 360.806458
413 641.986633 248.832031 621.487976 248.832031
414 554.895447 328.458282 528.296204 328.458282
408 632.033386 330.946594 604.568542 330.946594
409 664.381531 311.040039 638.389099 311.040039
427 644.474976 226.437149 624.188965 226.437149
423 617.103455 333.434937 590.1698 333.434937
368 602.173523 330.946594 574.280945 330.946594
425 614.615112 293.621796 591.633118 293.621796
426 587.243591 306.063416 562.066345 306.063416
428 627.056702 261.273651 605.389221 261.273651
429 589.731934 353.341492 559.557556 353.341492
432 425.502777 333.434937 397.903809 333.434937
381 497.664062 291.133484 474.908142 291.133484
434 525.035583 268.738586 502.051727 268.738586
382 482.734161 271.226929 460.667572 271.226929
384 549.918823 87.091209 528.236755 87.091209
439 641.986633 104.509453 622.374146 104.509453
440 627.056702 191.600662 605.920898 191.600662
442 651.939941 179.159058 631.009705 179.159058
443 400.619568 84.60289 379.349365 84.60289
445 373.248047 296.110107 349.638367 296.110107
446 258.785309 340.899902 229.689529 340.899902
388 273.71524 79.626251 257.041016 79.626251
452 121.927696 149.299225 105.90757 149.299225
453 199.065628 216.483871 182.538803 216.483871
395 136.85762 206.530594 121.712585 206.530594
455 74.649612 288.645172 51.642155 288.645172
444 539.965515 233.902115 519.403809 233.902115
506 555.393127 328.458313 529.36084 328.458313
457 116.4534 346.374207 86.406174 346.374207
461 456.855652 376.23407 424.232391 376.23407
463 438.939728 340.402252 409.044891 340.402252
424 603.168884 331.444275 575.265076 331.444275
466 585.252991 331.444275 557.216614 331.444275
467 615.112793 292.626495 592.254272 292.626495
468 600.182922 298.59845 576.396973 298.59845
470 630.042725 328.458313 602.681824 328.458313
471 653.930603 307.556396 627.916687 307.556396
410 639.000671 301.584442 614.336365 301.584442
477 286.65451 238.878769 268.697296 238.878769
476 409.079895 83.607567 389.478302 83.607567
474 274.710571 80.621582 258.481873 80.621582
473 513.589355 98.537491 492.750458 98.537491
475 552.407166 89.579536 530.109009 89.579536
454 137.355286 206.032928 121.988129 206.032928
482 122.425369 149.299225 106.320137 149.299225
480 203.046951 119.439384 184.228058 119.439384
481 131.383316 125.411354 115.610115 125.411354
485 686.776428 337.41626 658.46698 337.41626
486 641.986694 361.304138 611.779053 361.304138
491 373.248077 295.612457 350.082214 295.612457
492 346.374207 259.78067 326.879486 259.78067
489 591.224915 355.332153 560.551086 355.332153
493 197.074982 313.528381 169.101456 313.528381
494 426.995789 334.430267 398.825867 334.430267
495 409.079895 325.472321 381.22879 325.472321
496 453.869659 388.177979 419.911469 388.177979
497 525.533264 328.458313 499.215454 328.458313
499 525.533264 268.738617 502.189972 268.738617
504 677.818481 182.145065 656.676575 182.145065
507 564.351074 277.696564 542.428894 277.696564
417 674.83252 322.486328 648.151306 322.486328
510 128.397339 334.430267 99.275879 334.430267
511 259.78067 343.388214 231.371277 343.388214
512 627.056763 326.069519 600.382446 326.069519
472 641.389526 300.987244 615.665955 300.987244
515 670.054993 229.323624 648.708984 229.323624
522 655.722229 240.073166 634.451538 240.073166
517 555.393127 329.65271 530.530457 329.65271
518 566.1427 286.654541 542.227173 286.654541
519 548.226807 304.570435 523.484314 304.570435
524 451.480896 354.734985 420.614075 354.734985
528 512.394958 96.745903 490.747559 96.745903
449 275.904999 78.829994 259.345123 78.829994
530 197.074982 118.244995 181.408218 118.244995
525 200.658173 214.990891 183.262161 214.990891
551 412.065887 85.996361 395.52475 85.996361
527 143.327271 343.985443 113.878113 343.985443
531 372.650879 290.237701 348.27597 290.237701
532 347.568604 261.572266 327.126526 261.572266
535 677.221313 358.318176 647.883301 358.318176
533 555.393127 107.495445 535.408997 107.495445
536 408.482697 326.069519 380.337463 326.069519
538 591.224976 354.734985 560.896973 354.734985
539 548.226807 333.235901 518.823547 333.235901
544 523.144531 268.738617 500.849854 268.738617
546 498.062256 372.650879 466.628937 372.650879
547 601.974487 297.404083 576.675049 297.404083
548 587.641785 283.07135 563.255554 283.07135
549 562.559509 275.904999 541.612122 275.904999
513 655.722229 315.319977 630.586304 315.319977
1 609.0 108.0 588.926208 108.0
3 460.0 296.0 436.158142 296.0
9 488.0 319.0 461.879059 319.0
43 580.0 277.0 558.272583 277.0
10 455.0 293.0 432.088745 293.0
63 732.0 110.0 710.475159 110.0
77 367.0 186.0 348.108612 186.0
118 496.800018 367.200012 464.749268 367.200012
115 531.600037 88.800003 510.228394 88.800003
106 657.600037 177.600006 636.168823 177.600006
232 603.360046 299.52002 579.851807 299.52002
136 438.000031 398.400024 403.348358 398.400024
31 134.400009 205.200012 118.817375 205.200012
186 593.280029 357.120026 562.598755 357.120026
200 496.800018 289.440002 474.38858 289.440002
241 456.480011 292.320007 433.545807 292.320007
248 495.360016 95.040001 474.341278 95.040001
271 592.704041 357.696045 562.006714 357.696045
210 191.808014 317.952026 165.478302 317.952026
277 535.680054 297.216034 512.819031 297.216034
278 518.400085 294.451233 493.844574 294.451233
371 655.25769 259.200043 634.477844 259.200043
376 649.451599 201.553955 628.545654 201.553955
394 203.21283 228.096039 187.194 228.096039
435 482.734161 271.226929 460.667572 271.226929
450 204.042267 119.439377 185.651031 119.439377
393 124.416016 80.870415 108.219879 80.870415
415 557.383789 301.086761 533.901306 301.086761
529 197.074982 118.244995 181.408218 118.244995
550 257.989075 340.402252 229.956329 340.402252
