216
-1.19 -0.0897 -0.00891 0.00322 0.64 0.256 0.725 
2450 252.000015 127.200005 234.206345 127.200005
2125 367.0 353.0 340.332642 353.0
3121 339.600006 366.0 311.869507 366.0
3187 649.0 330.0 624.977966 330.0
3012 296.0 447.0 259.793732 447.0
799 135.600006 142.800003 110.232857 142.800003
3354 644.0 225.0 629.981018 225.0
1990 457.0 319.0 433.697479 319.0
2593 592.0 311.0 569.824524 311.0
55 273.600006 376.800018 244.380539 376.800018
3229 627.0 313.0 604.038147 313.0
2821 502.0 268.0 484.107849 268.0
3368 591.600037 224.400009 577.900452 224.400009
2914 540.0 225.0 526.078613 225.0
2916 522.0 225.0 507.794922 225.0
2707 494.0 305.0 472.46933 305.0
1970 481.200012 319.200012 458.152985 319.200012
2691 517.0 296.0 496.11969 296.0
2819 522.0 263.0 504.64682 263.0
3328 621.600037 256.800018 604.452637 256.800018
3293 573.600037 280.800018 554.585754 280.800018
3131 689.0 300.0 662.979126 300.0
3052 570.0 402.0 538.331055 402.0
3083 686.0 379.0 656.908813 379.0
2314 396.0 269.0 378.262634 269.0
3393 456.0 380.0 426.542969 380.0
3010 501.0 437.0 465.931335 437.0
2954 447.600006 211.200012 434.155945 211.200012
3321 322.0 265.0 304.478973 265.0
3338 260.400024 186.0 243.463654 186.0
3254 592.800049 310.800018 570.36438 310.800018
2667 554.0 296.0 533.455872 296.0
3050 240.0 423.0 206.646851 423.0
3023 174.0 438.0 138.824615 438.0
3206 649.200012 330.0 625.373535 330.0
1891 286.559998 414.720032 253.719788 414.720032
857 141.12001 413.280029 108.272369 413.280029
3233 154.800003 54.000004 128.847382 54.000004
3226 624.960022 312.480011 602.313049 312.480011
2826 501.600006 267.600006 483.934723 267.600006
1140 310.800018 385.200012 280.871033 385.200012
3112 311.0 368.0 282.620514 368.0
3128 239.0 369.0 210.756821 369.0
2959 494.400024 205.200012 482.659454 205.200012
2702 494.400024 304.800018 473.110962 304.800018
3356 590.400024 224.640015 576.766541 224.640015
3272 550.0 291.0 530.011902 291.0
2833 518.400024 261.600006 501.040558 261.600006
154 186.0 326.400024 161.651794 326.400024
3182 166.800003 340.800018 140.880341 340.800018
2704 573.0 281.0 554.110657 281.0
3145 688.800049 300.0 662.715698 300.0
3097 714.0 262.0 685.821045 262.0
3130 639.0 355.0 611.681213 355.0
3051 570.0 402.000031 538.4776 402.000031
3081 687.600037 379.200012 658.062988 379.200012
2861 444.0 263.0 426.12973 263.0
2319 396.000031 267.839996 378.621765 267.839996
3011 493.200012 435.600006 458.144806 435.600006
2308 410.400024 239.040009 393.68338 239.040009
3388 453.600006 167.040009 440.893585 167.040009
2460 271.200012 246.000015 254.80986 246.000015
3323 321.600006 265.200012 303.820007 265.200012
1006 155.0 353.0 128.350189 353.0
3194 134.0 86.0 108.224495 86.0
2374 135.360001 142.560013 109.757797 142.560013
1708 237.600006 369.600006 209.794754 369.600006
3395 218.400009 84.0 197.606522 84.0
1973 456.480011 318.240021 432.894653 318.240021
1202 227.520004 440.640015 191.073547 440.640015
1223 211.680008 440.640015 176.28299 440.640015
3064 200.160004 407.52002 167.995163 407.52002
3162 381.600006 342.720001 355.581635 342.720001
3204 604.800049 329.76001 580.61676 329.76001
2975 470.016052 205.632019 458.410309 205.632019
3382 516.960022 223.200012 503.447021 223.200012
614 324.0 371.52002 294.763275 371.52002
647 278.208038 385.344025 248.189087 385.344025
3258 493.920013 305.279999 472.692322 305.279999
3278 540.0 285.120026 520.224731 285.120026
3269 515.52002 295.200012 494.462646 295.200012
2814 516.960022 262.080017 499.968689 262.080017
3320 620.640015 256.320007 603.146484 256.320007
3291 573.696045 281.664032 554.31842 281.664032
2682 554.400024 296.400024 533.914551 296.400024
2772 552.960022 264.960022 535.690979 264.960022
3190 167.040009 338.400024 141.212814 338.400024
2771 109.440002 243.360016 80.893181 243.360016
3045 570.240051 401.76001 538.266174 401.76001
3080 686.880005 378.720001 657.696716 378.720001
3127 639.600037 354.0 612.31488 354.0
3015 492.480011 434.880005 457.757324 434.880005
3370 460.800018 70.800003 446.451691 70.800003
2910 411.264038 238.46402 394.531464 238.46402
3390 454.46405 165.888016 441.237 165.888016
697 240.000015 422.400024 206.609512 422.400024
2664 140.400009 414.000031 107.707893 414.000031
1032 155.520004 351.360016 128.675171 351.360016
2452 250.560028 127.872009 232.770004 127.872009
2822 135.360001 89.280006 109.666534 89.280006
3327 516.326477 263.347229 499.645081 263.347229
2988 468.288055 311.040039 445.819885 311.040039
3299 586.828857 265.420837 568.824036 265.420837
3312 620.352051 257.472015 602.77594 257.472015
3212 604.800049 330.048035 580.848999 330.048035
3104 713.664062 262.656036 685.324097 262.656036
3038 699.840027 404.640015 668.28595 404.640015
3033 656.640015 406.080017 624.874573 406.080017
3073 687.74408 380.160034 658.64624 380.160034
3122 637.920044 354.240021 610.381714 354.240021
2317 397.440033 267.840027 379.31723 267.840027
3075 512.17926 383.616058 482.0448 383.616058
3105 464.48645 383.616058 435.136536 383.616058
3364 459.360016 74.880005 445.251953 74.880005
2748 263.347229 340.070435 237.522339 340.070435
2459 268.738617 244.850739 253.240433 244.850739
2426 205.632019 295.488037 183.181519 295.488037
1566 344.217651 342.144043 318.721527 342.144043
1232 229.82402 400.896027 198.18663 400.896027
156 288.576019 445.824036 252.161911 445.824036
3168 155.52002 350.784027 128.660919 350.784027
3274 221.184021 36.288002 200.189606 36.288002
3095 69.120003 82.080002 38.347248 82.080002
3401 475.269196 320.993317 452.046326 320.993317
1209 226.368027 440.640045 190.202255 440.640045
1224 210.816025 440.640045 177.236771 440.640045
226 259.200043 389.836853 228.999359 389.836853
3301 603.417664 265.420837 585.259338 265.420837
2632 557.798462 300.672028 536.460144 300.672028
2697 551.577698 290.304047 530.824524 290.304047
3149 694.241394 338.41156 667.84552 338.41156
3039 656.640076 406.080048 624.553345 406.080048
3076 688.435303 379.468842 659.66626 379.468842
2002 456.192078 317.260834 432.465302 317.260834
2318 398.131256 267.494446 380.092865 267.494446
2723 510.105682 296.524841 488.8479 296.524841
2745 527.523926 283.668518 508.380005 283.668518
3298 472.780853 279.936035 453.651093 279.936035
3163 402.624023 347.328033 376.91272 347.328033
3072 509.76004 385.344025 480.416199 385.344025
2551 452.736053 378.432037 423.156281 378.432037
3350 640.742493 223.948837 626.159302 223.948837
3369 459.648041 76.032005 445.909058 76.032005
2947 445.824066 213.580826 432.236633 213.580826
2900 412.646454 236.390427 395.849121 236.390427
2966 455.36261 164.229141 442.273651 164.229141
2967 495.175751 206.530594 483.441437 206.530594
2842 201.553955 308.551727 178.913925 308.551727
2458 268.738586 246.343719 253.680725 246.343719
3066 288.230438 400.204865 257.168457 400.204865
2650 340.416046 364.608032 312.184723 364.608032
1792 143.078415 412.646454 109.737968 412.646454
283 155.52002 350.438446 128.797348 350.438446
3399 214.272018 84.672005 193.011444 84.672005
1919 151.372818 323.481659 124.65181 323.481659
2346 139.345947 298.59845 112.174988 298.59845
2124 323.481659 371.174438 294.958496 371.174438
1659 209.018906 415.5495 177.027542 415.5495
2845 196.577301 268.738586 173.607193 268.738586
3181 609.638489 330.946594 584.763245 330.946594
3213 654.428223 296.110107 631.395752 296.110107
3165 671.846497 253.808685 646.891479 253.808685
3032 562.360413 410.572845 529.334961 410.572845
3043 657.331299 404.352051 625.194458 404.352051
3090 689.264709 380.713013 659.888184 380.713013
2213 393.154602 313.528351 371.578644 313.528351
2310 398.131256 268.738586 380.028503 268.738586
3318 516.575317 268.738617 499.088135 268.738617
2562 388.177979 393.154602 357.429352 393.154602
2567 456.855652 379.220032 426.494659 379.220032
2142 367.027252 352.512054 339.774872 352.512054
3101 513.589355 385.192017 483.914398 385.192017
2554 457.850952 378.224701 427.792053 378.224701
3359 639.498352 223.948837 624.687012 223.948837
3378 460.339264 76.723213 446.336395 76.723213
2903 410.572845 236.390427 394.054199 236.390427
3061 141.834259 413.061188 109.290985 413.061188
3276 216.483871 89.579529 196.044098 89.579529
3116 87.091209 159.252502 57.713978 159.252502
2824 159.252502 226.437149 134.134399 226.437149
1222 238.878754 418.037811 205.901566 418.037811
3049 114.462738 425.502777 81.190582 425.502777
2430 211.407715 300.987244 188.70845 300.987244
3197 131.880981 146.810898 106.413322 146.810898
1803 136.85762 79.626251 111.098061 79.626251
3096 512.593994 385.689667 483.246674 385.689667
3087 689.762451 382.206024 660.737122 382.206024
3372 460.339264 77.137932 446.245728 77.137932
3148 116.4534 316.514374 88.39225 316.514374
2521 388.177979 394.149963 357.204865 394.149963
3108 458.647247 379.817261 428.216278 379.817261
2878 471.785553 250.822708 455.919525 250.822708
2864 400.121918 268.738617 381.890106 268.738617
2082 347.568604 361.901337 319.836975 361.901337
3371 639.000671 223.948837 624.826904 223.948837
3069 157.659988 408.482697 124.494385 408.482697
3260 510.603363 295.612457 488.877075 295.612457
2760 472.780853 281.180206 452.688629 281.180206
3174 609.140869 331.444275 584.745789 331.444275
3263 552.407166 298.59845 531.120728 298.59845
3218 656.916626 295.612457 632.613586 295.612457
684 259.78067 391.163971 229.368073 391.163971
2456 247.836716 143.327255 229.720657 143.327255
3377 459.841614 77.635597 445.663971 77.635597
1834 140.341278 185.131042 115.690193 185.131042
1278 155.271194 412.065857 122.568375 412.065857
2372 155.271194 349.360199 128.989944 349.360199
2641 419.232239 329.65271 395.045929 329.65271
2196 394.149963 311.736786 373.552429 311.736786
2899 472.97998 250.822708 456.195831 250.822708
2315 401.316345 268.738617 382.461182 268.738617
355 307.556396 373.248077 278.960571 373.248077
3203 609.140869 329.65271 584.338074 329.65271
2734 229.323624 354.734985 200.482849 354.734985
3185 666.471802 315.319977 642.698792 315.319977
3196 128.994537 146.910446 103.386749 146.910446
3040 132.577713 408.482697 98.436554 408.482697
2619 560.0 302.0 538.679138 302.0
3339 471.0 252.0 454.706543 252.0
3042 703.0 408.0 671.324829 408.0
3099 723.0 363.0 694.036926 363.0
3383 453.0 168.0 440.183716 168.0
3225 592.800049 310.800018 570.36438 310.800018
795 144.0 433.200012 108.790863 433.200012
3110 324.0 372.0 295.390747 372.0
1215 250.800003 363.600006 222.81131 363.600006
3361 540.0 225.600006 526.128418 225.600006
2706 550.800049 290.400024 530.509399 290.400024
3100 714.0 261.600006 686.079529 261.600006
3098 722.400024 362.400024 693.508667 362.400024
2547 456.000031 379.200012 426.585541 379.200012
3357 459.600006 75.600006 445.369934 75.600006
3188 649.440002 329.76001 625.351562 329.76001
3374 535.679993 224.640015 521.879944 224.640015
3363 597.600037 223.200012 583.839783 223.200012
2659 309.600006 367.200012 281.375732 367.200012
797 180.0 211.680008 156.439392 211.680008
2522 416.160004 407.52002 384.254608 407.52002
2952 446.400024 213.12001 433.071045 213.12001
2784 126.720001 27.360001 99.578255 27.360001
3094 64.800003 174.240005 34.388954 174.240005
3159 622.080078 335.232025 597.236938 335.232025
1813 139.968018 96.768005 114.229958 96.768005
2694 554.688049 295.488037 534.06781 295.488037
3268 293.76004 304.128021 271.526428 304.128021
3058 145.152008 412.992035 112.010117 412.992035
2815 526.694458 263.347229 508.794403 263.347229
307 128.563217 269.568024 100.986092 269.568024
3171 607.56488 329.702454 583.185181 329.702454
1654 238.878754 418.037811 205.901566 418.037811
3035 507.61734 410.572845 474.558533 410.572845
2446 243.855392 104.509453 225.528961 104.509453
581 308.551727 373.248047 279.407959 373.248047
2832 140.341278 83.607567 114.433838 83.607567
3027 561.365112 409.079895 528.320129 409.079895
3230 459.841614 322.486328 436.081543 322.486328
2709 487.312714 308.153625 465.399384 308.153625
356 290.237701 372.650879 260.387115 372.650879
3379 462.230438 78.829994 448.836151 78.829994
