217
-1.2 -0.0779 -0.00648 0.00228 0.64 0.257 0.724 
2578 345.600006 409.200012
2624 568.0 331.0
2661 600.0 308.400024
2697 564.0 299.0
2363 446.400024 259.200012
2990 102.0 172.0
1526 383.0 340.0
2313 396.0 311.0
2154 461.0 316.0
2663 608.0 309.0
2855 505.0 265.0
2124 497.0 302.0
2093 484.0 315.0
2930 524.0 222.0
2915 594.0 222.0
2884 572.0 240.0
1688 250.800003 382.800018
2970 496.0 202.0
2750 521.0 293.0
2824 550.0 266.0
2861 520.800049 259.200012
2775 597.0 269.0
2784 577.200012 277.200012
2862 588.0 247.0
2814 549.600037 266.400024
2883 398.0 266.0
2592 460.0 376.0
2557 515.0 388.0
2579 465.600006 379.200012
2949 449.0 209.0
2455 413.0 238.0
2503 324.0 263.0
2500 255.0 125.0
2730 524.160034 298.080017
62 138.0 140.0
1519 370.800018 350.400024
607 326.880005 368.640015
2553 301.200012 442.800018
2603 217.0 412.0
2130 460.800018 315.600006
1532 385.920013 339.840027
2317 396.000031 311.040009
2665 607.680054 308.160004
2818 475.200012 276.480011
2844 505.200012 264.0
2921 545.0 222.0
54 277.0 374.0
2312 242.400009 366.0
2946 498.0 215.0
639 282.240021 381.600006
2725 499.200012 301.200012
2901 594.0 222.000015
2887 572.400024 240.000015
2867 519.840027 259.200012
2758 170.400009 338.400024
2786 576.0 277.0
2767 552.960022 286.559998
2875 589.200012 247.200012
2419 398.400024 265.200012
2582 422.400024 393.600006
2937 462.240021 70.560005
2958 447.840027 210.240005
2463 413.280029 236.160004
1977 273.024017 243.648026
1841 144.0 411.600006
2638 235.200012 388.800018
729 211.680008 394.560028
2703 459.360016 315.360016
2189 432.000031 326.592041
2620 607.680054 326.880005
2118 498.240021 300.960022
2852 504.000031 263.52002
145 293.76004 371.52005
2155 471.744049 307.584015
2853 520.128052 259.200012
893 117.504013 248.832031
2785 577.440002 276.480011
2752 552.960083 286.848022
2698 561.600037 298.080017
2575 423.360016 393.120026
2935 518.400024 220.320007
684 244.800003 420.000031
2680 72.576004 105.408012
2695 70.560005 77.760002
1883 135.360001 84.960007
2525 106.560005 237.600006
2689 61.920002 169.920013
775 138.240005 139.680008
1722 265.420837 358.732849
2969 497.664062 202.176025
2984 231.840012 437.76001
1654 215.654434 435.456055
1662 233.280014 416.160004
2399 155.52002 321.408051
2127 497.664062 302.400024
2114 457.920044 314.496033
2835 556.416077 260.92804
2780 607.680054 263.52002
2630 608.256042 326.592041
2349 433.382446 273.71524
2444 398.880005 264.960022
2156 396.057648 346.29126
2554 514.080017 387.360016
2464 412.992035 236.736023
2951 456.192078 161.740829
2350 267.840027 338.688019
2701 348.364838 340.070435
286 311.040039 373.248047
2504 252.979233 141.004822
2690 70.848007 77.76001
1886 138.931213 76.723213
2360 58.752007 171.072021
2070 489.369659 327.628845
2146 458.265656 313.113647
2731 512.17926 292.377655
2447 181.440018 222.912018
2461 178.32962 215.654434
2762 577.152039 278.208038
2827 199.065628 267.494446
2629 611.712097 325.555237
2708 559.87207 296.524841
2175 418.176025 338.688019
2276 474.854462 277.862427
2576 516.326477 381.54245
2601 455.36261 375.736359
2907 547.430481 226.02243
2960 462.412872 72.576012
2899 414.720062 234.316833
2966 497.664062 203.21283
2348 265.420837 337.996857
2277 347.328033 340.416046
668 247.104019 414.720032
1710 209.433624 393.98407
2599 292.377655 398.131256
2648 344.217651 360.806458
1601 311.040039 370.759735
2977 154.275864 323.481659
1432 159.667221 346.29126
660 263.347229 387.763245
196 275.788849 356.659241
2498 248.832031 141.834259
2359 62.208008 410.572845
2371 49.766407 149.299225
2903 413.061188 233.902115
2965 455.36261 161.740829
2600 460.339264 375.736359
2365 263.761963 338.41156
2518 271.641632 242.611237
2196 375.736359 355.829803
2436 161.740829 223.948837
2962 498.659424 203.046951
2185 452.874298 318.505005
2323 398.131256 308.551727
2417 400.619568 266.250275
599 315.187256 381.54245
2611 612.126831 325.969971
2704 557.383789 296.110107
840 136.160904 408.482697
2506 247.836716 140.341278
2519 271.226929 241.367081
2580 462.827606 376.23407
2430 415.051849 229.920807
2964 451.480896 157.659988
1874 140.341278 77.635597
2508 250.822708 157.659988
2046 391.163971 391.163971
2220 355.332153 364.290131
2321 400.121918 307.556396
2429 400.121918 265.752625
2956 456.855652 161.243164
2850 519.56134 265.752625
2830 474.771545 277.696564
358 297.404083 397.733154
703 209.018921 394.149963
2727 143.327255 298.59845
2942 462.230438 75.246811
2413 132.577713 290.237701
505 140.341278 232.906799
1889 143.327271 179.159088
741 161.243179 408.482697
957 161.243179 343.985443
2240 422.81543 326.069519
2274 397.733154 308.153625
2404 401.316345 265.155426
2953 458.647247 161.243179
2082 477.757538 325.472321
2304 476.563141 279.488159
596 313.528381 385.192017
2345 232.906799 351.151794
2492 243.656357 103.91227
2145 436.0 335.0
2164 417.0 339.0
2910 488.0 237.0
2912 263.0 184.0
2647 561.600037 328.800018
2581 178.800003 434.400024
2936 519.600037 220.800003
2720 553.200012 286.800018
2555 514.800049 387.600006
2020 465.600006 379.200012
2394 136.800003 82.800003
700 234.720016 397.440002
1714 203.040009 404.640015
2914 541.440002 221.76001
2916 552.960022 221.76001
2829 555.840027 262.080017
2439 188.640015 322.559998
676 247.680008 413.280029
2735 154.080002 331.200012
818 145.440002 410.400024
306 143.424011 293.76004
288 295.488037 378.432037
2849 528.768066 262.656036
2724 559.87207 298.944031
2933 464.832031 67.392006
2568 230.169632 437.529663
1668 275.788849 356.659241
2716 122.342415 244.68483
2821 186.624023 257.126434
2096 458.265656 313.113647
2589 462.412872 373.248047
279 201.139221 391.910461
2670 72.576012 105.753616
2688 263.761963 358.318115
1569 335.923248 368.271423
2614 231.413788 398.131256
2747 164.229141 288.645172
2584 393.154602 390.66629
2882 544.942139 228.925476
2585 291.133484 398.131256
105 106.997772 238.878754
2467 179.159058 216.483871
1651 241.864746 415.051849
2797 197.074982 283.668549
1902 197.074982 253.808685
1308 214.990891 295.612457
2224 376.23407 355.332153
2135 424.009796 328.458313
1885 139.74408 232.906799
2113 480.146332 326.069519
1621 300.987244 365.484528
2613 265.155426 386.983612
