240
-1.34 -0.0146 0.017 0.0208 0.682 0.262 0.682 
2217 382.0 335.0 357.432434 335.0
3225 589.0 317.0 565.912964 317.0
3351 634.0 231.0 619.848083 231.0
2819 500.0 271.0 481.674347 271.0
3375 539.0 232.0 525.027649 232.0
3113 412.0 394.0 380.481018 394.0
3380 589.0 225.0 576.19043 225.0
3339 450.0 264.0 432.472107 264.0
3272 538.0 298.0 517.222595 298.0
3187 644.0 332.0 619.233582 332.0
2720 544.0 287.0 524.368774 287.0
2707 486.0 317.0 463.31955 317.0
3130 644.0 360.0 615.9776 360.0
2952 417.0 225.0 403.500305 225.0
2319 375.0 285.0 356.383972 285.0
3321 296.0 287.0 276.611389 287.0
3338 223.0 205.0 204.668121 205.0
3194 76.800003 94.800003 46.819759 94.800003
2816 270.0 350.400024 243.967331 350.400024
3123 699.600037 306.0 672.241211 306.0
3052 591.600037 417.600006 557.493958 417.600006
3352 408.000031 248.400009 392.652008 248.400009
3110 319.200012 406.800018 286.896332 406.800018
3145 682.800049 300.0 656.37207 300.0
3112 303.600006 404.400024 271.239471 404.400024
3316 424.800018 276.0 406.323792 276.0
3335 450.000031 264.0 432.669159 264.0
2821 484.800018 277.200012 465.810669 277.200012
1215 219.600006 412.800018 186.878387 412.800018
3229 618.0 316.800018 594.856934 316.800018
3382 488.400024 232.800003 474.734558 232.800003
2629 376.800018 384.0 346.42337 384.0
2058 392.400024 375.600006 363.071869 375.600006
3356 559.200012 230.400009 545.96167 230.400009
3088 246.000015 438.000031 210.304367 438.000031
2718 546.0 286.800018 526.101196 286.800018
3273 528.0 294.0 507.179108 294.0
2702 487.200012 316.800018 464.236908 316.800018
3320 595.200012 260.400024 578.638428 260.400024
3097 708.0 259.200012 680.036072 259.200012
3037 679.200012 414.000031 645.133301 414.000031
3083 697.200012 381.600006 667.249512 381.600006
2508 523.200012 402.000031 491.558929 402.000031
2547 466.800018 400.800018 434.25705 400.800018
2460 236.400009 268.800018 219.167603 268.800018
3247 168.0 351.600006 141.369995 351.600006
3403 210.000015 121.200005 190.921036 121.200005
3286 369.600006 43.200001 349.165283 43.200001
2317 375.840027 285.120026 356.375305 285.120026
3360 406.080017 249.12001 390.689789 249.12001
3188 646.559998 331.200012 621.869202 331.200012
3144 681.120056 299.52002 654.906067 299.52002
2814 498.240021 270.720001 480.227234 270.720001
1990 450.720032 335.52002 425.746338 335.52002
3204 601.920044 335.52002 577.204773 335.52002
3363 564.480042 228.960007 551.46344 228.960007
2622 411.840027 364.320007 384.443024 364.320007
2112 378.720001 368.640015 349.634613 368.640015
56 246.240005 437.76001 210.654388 437.76001
3114 279.360016 414.720032 246.474258 414.720032
1221 249.12001 426.240021 214.501205 426.240021
2694 538.559998 298.080017 517.587219 298.080017
3182 128.160004 385.920013 97.466621 385.920013
3235 491.040009 326.880005 467.085785 326.880005
3269 506.880005 305.279999 484.865753 305.279999
3258 486.720032 316.800018 463.944275 316.800018
3376 511.200012 240.480011 496.635803 240.480011
3294 583.200012 270.720001 564.781128 270.720001
3312 596.160034 260.640015 578.838928 260.640015
3033 678.240051 413.280029 644.073975 413.280029
3081 696.960022 381.600006 666.959412 381.600006
3127 643.680054 358.560028 615.733276 358.560028
2796 457.920013 292.320007 437.909393 292.320007
3072 524.160034 401.76001 491.972931 401.76001
3358 604.800049 227.520004 591.276672 227.520004
3378 423.360016 87.840004 409.127441 87.840004
2955 416.160004 226.080002 402.600433 226.080002
3268 270.720001 329.76001 246.757538 329.76001
3256 313.920013 328.320007 290.218109 328.320007
3323 295.200012 286.559998 276.275024 286.559998
2937 220.320007 201.600006 201.725449 201.600006
2933 211.680008 141.12001 192.402481 141.12001
2822 77.760002 95.040001 47.711559 95.040001
3274 177.12001 41.760002 154.173065 41.760002
2374 82.080002 156.960007 52.434528 156.960007
3290 370.080017 44.640003 349.467255 44.640003
3159 609.98407 336.960022 584.690002 336.960022
3255 616.896057 316.22403 593.789185 316.22403
3205 646.272034 298.944031 622.303894 298.944031
2353 91.584007 350.784027 58.92609 350.784027
2612 269.568024 426.81604 234.806442 426.81604
3367 511.488037 241.920029 497.469727 241.920029
3317 594.432068 260.92804 577.838806 260.92804
3217 108.864014 252.288025 79.456429 252.288025
3265 504.57605 305.856018 482.756683 305.856018
3190 127.872009 385.344025 97.236053 385.344025
3299 580.608032 271.296021 563.201294 271.296021
3291 558.144043 286.848022 538.615173 286.848022
3104 706.752075 260.92804 678.375061 260.92804
3045 590.976074 418.176025 557.045776 418.176025
3043 673.920044 411.264038 641.287598 411.264038
3080 698.112061 381.888031 667.645142 381.888031
3122 641.088074 359.424042 613.374329 359.424042
2899 451.008057 264.384033 433.536377 264.384033
2314 376.704041 285.120026 356.799347 285.120026
3390 421.63205 179.712021 408.361511 179.712021
693 229.82402 433.728027 194.082169 433.728027
669 271.296021 399.16803 239.78215 399.16803
2304 214.272018 392.256042 182.945923 392.256042
3126 357.696045 400.896027 326.1008 400.896027
2659 302.400024 404.352051 270.106323 404.352051
23 62.208008 271.296021 28.403084 271.296021
2452 210.816025 141.696014 191.356827 141.696014
790 81.216011 157.248016 51.491306 157.248016
3171 609.638489 335.923248 584.366821 335.923248
2654 526.694458 304.819244 505.070679 304.819244
2844 147.225616 275.788849 120.485687 275.788849
2396 134.784012 248.832031 107.570152 248.832031
307 78.796814 304.819244 45.539845 304.819244
3051 590.976074 416.793671 557.415344 416.793671
3073 698.803284 381.54245 668.53949 381.54245
2002 449.971252 333.84964 425.411957 333.84964
2878 452.044861 263.347229 434.786743 263.347229
2318 377.395264 284.083252 357.610321 284.083252
3350 605.491272 228.096039 591.347839 228.096039
3377 425.088074 89.16481 411.029388 89.16481
664 269.568024 427.161652 234.020355 427.161652
2748 242.611237 377.395264 213.574982 377.395264
3168 114.048019 400.204865 82.422798 400.204865
2930 215.654434 199.065628 196.624908 199.065628
3285 176.256027 41.472008 153.106659 41.472008
2643 465.315918 338.41156 440.151733 338.41156
2457 233.902115 268.738586 217.168716 268.738586
2455 213.995544 199.065628 195.023956 199.065628
3372 423.014465 89.579529 408.701202 89.579529
3044 676.82312 413.061188 642.816101 413.061188
2567 462.827576 398.131256 429.755585 398.131256
3389 423.014465 176.670746 409.191101 176.670746
283 114.462738 398.131256 82.429016 398.131256
2967 462.827576 216.483871 450.929596 216.483871
3172 124.416016 390.66629 93.710793 390.66629
2315 378.224701 283.668518 359.005127 283.668518
2109 363.294769 383.201324 332.495819 383.201324
3213 646.963318 296.110107 622.859558 296.110107
2432 131.880981 243.855392 104.940788 243.855392
3181 607.150146 335.923248 581.882263 335.923248
1803 80.621582 83.607567 50.658352 83.607567
2456 206.032928 158.257187 187.191116 158.257187
3386 415.051849 226.93483 400.925659 226.93483
3170 618.098816 340.402252 592.071411 340.402252
3096 528.519287 403.10791 496.766083 403.10791
3108 468.799591 400.121918 436.239136 400.121918
1834 89.579536 206.032928 59.582142 206.032928
3169 689.762451 337.41626 664.199585 337.41626
2310 379.220032 283.668549 360.227753 283.668549
3359 603.168884 226.93483 589.871338 226.93483
2372 113.467415 397.135956 81.506203 397.135956
1569 319.500336 409.079895 286.381683 409.079895
2142 361.304138 376.23407 331.637634 376.23407
3263 543.449219 307.556396 522.121582 307.556396
3218 647.958679 295.612457 623.613953 295.612457
2196 383.400421 329.65271 359.396149 329.65271
3340 451.480896 265.155426 434.406952 265.155426
2864 379.817261 283.07135 360.81308 283.07135
3075 526.727722 401.316345 495.846802 401.316345
1845 89.579544 204.241348 59.768379 204.241348
2734 207.824539 394.149963 175.854813 394.149963
3185 659.30542 318.903168 635.12439 318.903168
3165 659.30542 250.822708 635.209534 250.822708
3322 501.645416 275.904999 482.408508 275.904999
2084 376.23407 401.316345 344.988983 401.316345
3174 605.557678 336.819061 581.414062 336.819061
3131 684.0 300.0 657.62262 300.0
2057 410.400024 355.200012 383.461365 355.200012
2861 424.800018 276.0 406.323792 276.0
3346 494.0 252.0 478.392426 252.0
2972 435.600006 216.000015 423.533508 216.000015
1517 375.600006 368.400024 347.084564 368.400024
3365 606.0 228.000015 592.609863 228.000015
1970 476.0 333.0 451.420776 333.0
3099 724.0 361.0 694.967407 361.0
2450 212.400009 141.600006 192.937347 141.600006
3158 92.0 353.0 59.137779 353.0
3192 565.200012 344.400024 539.513245 344.400024
2833 499.200012 271.200012 481.375946 271.200012
2959 462.240021 216.000015 450.502502 216.000015
2975 434.880005 216.000015 423.53656 216.000015
3128 219.600006 412.800018 186.878387 412.800018
3121 336.0 398.400024 304.736938 398.400024
3115 699.600037 306.0 672.241211 306.0
3383 421.920013 178.560013 408.214294 178.560013
3226 616.896057 316.22403 593.789185 316.22403
1147 304.800018 412.800018 271.400665 412.800018
3307 191.808014 196.99202 170.58696 196.99202
805 135.360001 240.480011 107.990768 240.480011
2662 449.971252 333.84964 425.411957 333.84964
3241 485.568054 328.320038 461.129883 328.320038
3284 558.720032 286.559998 538.942627 286.559998
2815 497.664062 273.024017 479.513916 273.024017
2539 470.016052 400.896027 437.611206 400.896027
2426 171.072021 330.048035 145.034912 330.048035
3301 582.681702 269.568024 564.237976 269.568024
3327 497.664062 271.641632 479.57489 271.641632
3399 171.072021 93.312012 148.28801 93.312012
2938 213.995544 199.065628 195.023956 199.065628
3076 699.218018 383.201324 669.475525 383.201324
3318 497.664062 276.203552 479.771667 276.203552
2446 204.042267 121.927696 183.870224 121.927696
2713 444.314514 336.819061 419.606842 336.819061
2148 361.901337 372.650879 332.695648 372.650879
2046 415.051849 352.346191 388.695984 352.346191
3387 415.649078 225.740448 400.992706 225.740448
3222 476.563141 343.985443 451.098206 343.985443
