254
-1.31 -0.21 -0.131 0.000222 0.703 0.288 0.65 
3083 628.0 398.0 600.317139 398.0
2217 340.0 359.0 316.371429 359.0
2753 386.0 333.0 364.206787 333.0
2888 464.0 242.0 449.689789 242.0
2880 423.0 257.0 407.058014 257.0
2976 393.0 217.0 381.402863 217.0
2633 387.0 384.0 360.659302 384.0
3368 512.400024 231.600006 498.854828 231.600006
3229 562.0 328.0 540.347412 328.0
2619 501.0 324.0 480.047028 324.0
3328 543.0 266.0 527.171875 266.0
3097 639.0 285.0 613.081299 285.0
3037 610.0 434.0 578.978882 434.0
1970 430.0 353.0 406.343201 353.0
3051 532.800049 442.800018 501.569366 442.800018
2876 349.200012 290.400024 331.084351 290.400024
2794 336.0 28.800001 314.648895 28.800001
2954 374.400024 230.400009 360.72998 230.400009
3300 132.0 169.200012 109.779129 169.200012
3351 581.0 232.0 567.679504 232.0
3123 637.200012 324.0 612.187134 324.0
3145 618.0 317.0 593.794128 317.0
1338 141.600006 374.400024 116.243057 374.400024
1117 278.400024 446.400024 247.400284 446.400024
2833 453.600006 280.800018 436.227417 280.800018
2972 393.600006 216.000015 381.545105 216.000015
3339 406.800018 273.600006 390.334137 273.600006
3374 465.600006 236.400009 452.462463 236.400009
2125 322.800018 412.800018 293.893219 412.800018
3226 560.160034 328.320007 538.672485 328.320007
2691 461.0 322.0 439.726257 322.0
3320 543.600037 266.400024 527.957947 266.400024
3033 609.600037 433.200012 578.785217 433.200012
3039 609.119995 433.440002 578.40332 433.440002
3080 627.600037 397.200012 600.131592 397.200012
3187 584.0 346.0 561.286499 346.0
3098 650.400024 373.200012 624.859619 373.200012
3321 254.400009 304.800018 235.664093 304.800018
2319 334.080017 299.52002 315.975098 299.52002
2816 229.200012 381.600006 203.466904 381.600006
2884 167.040009 342.720001 144.621475 342.720001
2791 336.0 29.0 314.836517 29.0
2952 374.400024 228.960007 360.744446 228.960007
2450 162.0 159.0 141.851257 159.0
154 103.680008 408.960022 74.815948 408.960022
2975 393.120026 216.000015 381.346436 216.000015
3110 279.360016 444.960022 247.520554 444.960022
2659 264.0 444.000031 232.506195 444.000031
3358 554.400024 226.080002 541.144836 226.080002
2914 465.120026 236.160004 452.021637 236.160004
3121 295.200012 435.600006 264.694489 435.600006
2629 334.800018 416.400024 305.616028 416.400024
3180 385.344025 383.616028 358.850616 383.616028
3269 459.360016 321.120026 438.423553 321.120026
3258 440.640015 334.080017 418.83551 334.080017
3293 508.320007 296.640015 489.871735 296.640015
3153 601.344055 271.296021 577.834412 271.296021
3045 532.22406 442.368042 500.628876 442.368042
3370 378.720001 82.080002 364.615692 82.080002
3323 253.440002 305.279999 235.500702 305.279999
2314 335.232025 300.672028 316.970764 300.672028
2313 348.480011 289.440002 330.470001 289.440002
2112 336.960022 398.880005 309.040222 398.880005
2783 335.52002 28.800001 314.168854 28.800001
3286 321.40802 60.480007 300.467285 60.480007
3399 115.776009 115.776009 91.985588 115.776009
2933 161.279999 159.840012 140.871017 159.840012
2955 373.248047 231.552017 359.863922 231.552017
2722 440.640045 335.232025 418.912689 335.232025
2647 295.488037 435.456055 264.889465 435.456055
3341 505.958466 259.200043 490.434937 259.200043
1973 406.080048 357.696045 381.624207 357.696045
3278 479.52002 306.720001 459.738617 306.720001
3301 530.841675 277.862427 513.922852 277.862427
3280 416.160004 311.040009 396.39859 311.040009
3212 547.776062 352.512024 524.180298 352.512024
2925 379.468842 82.944016 365.567932 82.944016
2317 335.923248 298.59845 317.757019 298.59845
2701 243.648026 438.912048 213.027725 438.912048
2459 192.960007 285.120026 175.051956 285.120026
3274 114.048019 60.134407 90.24601 60.134407
2455 171.072021 221.184021 151.831024 221.184021
2452 158.976013 160.70401 139.174652 160.70401
2650 296.524841 433.382446 265.634552 433.382446
2640 333.84964 414.720062 304.713379 414.720062
2654 477.757507 320.993317 456.909668 320.993317
2639 487.296051 323.136017 466.123871 323.136017
2745 467.80423 306.063416 448.53952 306.063416
3205 586.828857 311.040039 564.762512 311.040039
3073 630.374512 398.131256 602.983276 398.131256
3149 624.153687 350.438446 600.356567 350.438446
2815 454.118469 282.009644 436.377869 282.009644
3291 510.105682 296.524841 490.715179 296.524841
2554 420.526154 427.991089 391.811371 427.991089
3072 474.854462 427.161652 444.503967 427.161652
2958 420.940857 215.654434 409.163116 215.654434
2304 172.108826 433.382446 141.226746 433.382446
3285 114.462738 59.719688 90.884384 59.719688
3318 453.869659 286.65451 436.413483 286.65451
3213 584.75531 311.040039 563.26178 311.040039
3076 629.545044 398.131256 602.199585 398.131256
3154 624.56842 350.85318 600.398315 350.85318
2790 415.051849 307.556396 394.963257 307.556396
3327 452.874298 286.15683 435.615265 286.15683
2899 408.499268 271.641632 391.769958 271.641632
2567 415.5495 427.991089 385.365784 427.991089
2915 379.220032 83.607567 365.365662 83.607567
2957 420.526154 216.483871 408.756989 216.483871
2949 363.294769 258.785309 348.827911 258.785309
944 134.369308 379.220032 107.659706 379.220032
2457 191.600662 286.15683 174.43985 286.15683
2845 111.974419 340.899902 84.820137 340.899902
3203 552.407166 352.346191 527.893188 352.346191
2931 378.224701 82.114571 364.045593 82.114571
2456 158.257187 179.159073 137.950241 179.159073
2315 335.923248 301.086761 317.111206 301.086761
2310 336.819061 300.987244 318.408234 300.987244
3174 551.809998 351.151794 527.137085 351.151794
2717 453.869659 322.486328 432.347473 322.486328
2878 409.079895 271.724609 392.096008 271.724609
2713 397.733154 358.318176 373.510101 358.318176
2641 372.650879 372.650879 347.066742 372.650879
3087 630.042725 400.121918 603.342041 400.121918
3165 594.808167 272.321808 573.549805 272.321808
3311 516.575317 274.710571 499.123352 274.710571
3386 373.248077 229.920807 359.885284 229.920807
3263 495.673431 322.486328 474.620972 322.486328
2920 379.817261 82.413177 366.607727 82.413177
3322 455.064056 286.654541 437.24408 286.654541
3340 408.482697 272.321808 391.669403 272.321808
2864 343.388214 298.59845 323.44696 298.59845
2951 364.290131 259.78067 350.072784 259.78067
2046 373.248077 373.248077 347.614136 373.248077
2157 318.903168 404.899536 291.019684 404.899536
2967 422.81543 214.990891 411.463928 214.990891
2980 397.733154 214.990891 385.262054 214.990891
2720 502.0 293.0 483.48468 293.0
2749 485.0 289.0 467.077606 289.0
3144 616.800049 316.800018 592.755066 316.800018
2906 422.400024 256.800018 407.083496 256.800018
3255 561.600037 328.800018 540.173218 328.800018
3284 508.800018 297.600006 490.080353 297.600006
3335 407.52002 272.160004 390.861328 272.160004
2908 465.120026 236.160004 452.021637 236.160004
2622 368.640015 391.680023 341.819122 391.680023
3206 584.640015 345.600006 562.069336 345.600006
3126 313.920013 432.000031 283.423798 432.000031
3382 443.52002 234.720016 430.252747 234.720016
2778 486.720032 279.360016 469.835266 279.360016
3214 72.0 358.560028 41.803997 358.560028
3124 311.040039 428.544037 281.23291 428.544037
3188 585.792053 345.600037 562.999573 345.600037
3265 457.920044 321.40802 437.688019 321.40802
3041 606.528076 430.272034 576.25647 430.272034
2988 416.448029 345.600037 393.760437 345.600037
669 243.648026 438.912048 213.027725 438.912048
3307 141.696014 222.912018 119.626976 222.912018
2668 477.757507 320.993317 456.909668 320.993317
3096 475.269196 427.991089 445.583038 427.991089
3181 539.965515 350.85318 516.397705 350.85318
1800 125.411354 364.290131 98.852135 364.290131
3276 116.4534 122.425369 92.1371 122.425369
3270 483.729492 337.41626 462.325592 337.41626
2842 134.369308 379.220032 107.659706 379.220032
3371 552.407166 226.93483 539.591614 226.93483
3240 98.537491 313.528381 70.968071 313.528381
3218 579.281006 307.556396 557.501648 307.556396
3387 372.650879 229.323624 359.707214 229.323624
