30
0.000391 -0.000263 -0.000906 0.000114 -0.000162 0.000222 1 
64 643.0 209.0 622.23761 209.0
69 393.0 130.0 373.516724 130.0
21 274.0 82.0 257.840851 82.0
65 710.0 181.0 687.825134 181.0
6 654.0 121.0 631.739807 121.0
15 592.0 358.0 562.023132 358.0
166 493.200012 94.800003 472.676758 94.800003
102 588.0 230.0 567.998718 230.0
16 490.0 292.0 466.388824 292.0
22 711.0 335.0 682.718506 335.0
33 485.0 418.0 448.428772 418.0
25 495.0 368.0 463.310669 368.0
23 657.0 178.0 635.662598 178.0
35 183.0 324.0 155.211899 324.0
36 193.0 317.0 165.981842 317.0
37 155.0 322.0 127.352562 322.0
26 548.0 169.0 527.342712 169.0
27 550.0 151.0 529.527283 151.0
30 534.0 210.0 512.203674 210.0
51 457.0 373.0 424.878113 373.0
41 88.0 388.0 52.518749 388.0
52 405.0 328.0 378.156036 328.0
53 414.0 320.0 386.960632 320.0
115 530.400024 90.0 508.223999 90.0
44 375.0 281.0 352.663086 281.0
45 350.0 268.0 328.982269 268.0
46 360.0 267.0 338.835419 267.0
47 344.0 259.0 324.066315 259.0
54 666.0 328.0 639.350403 328.0
55 672.0 317.0 645.80603 317.0
56 646.0 314.0 621.209412 314.0
59 724.0 277.0 701.748901 277.0
61 622.800049 367.200012 592.037781 367.200012
2 424.0 333.0 396.297974 333.0
12 440.0 257.0 420.148895 257.0
8 497.0 298.0 472.164673 298.0
63 732.0 111.0 710.197266 111.0
67 406.0 86.0 386.514313 86.0
70 212.0 295.0 188.508102 295.0
74 76.0 289.0 51.800831 289.0
75 216.0 85.0 199.945511 85.0
76 312.0 85.0 295.051849 85.0
78 92.0 89.0 75.645874 89.0
85 496.800018 297.600006 473.209045 297.600006
94 205.200012 118.800003 187.808502 118.800003
95 217.200012 85.200005 200.119415 85.200005
91 129.600006 118.800003 114.156548 118.800003
80 121.0 74.0 105.069992 74.0
114 548.640015 89.280006 527.278748 89.280006
93 534.0 210.000015 512.274414 210.000015
178 92.400002 88.800003 75.521637 88.800003
109 536.400024 254.400009 516.559448 254.400009
99 710.400024 181.200012 688.241211 181.200012
101 376.800018 292.800018 353.334198 292.800018
82 548.400024 169.200012 528.067322 169.200012
107 492.000031 286.800018 468.354706 286.800018
17 475.200012 274.800018 453.296051 274.800018
110 592.800049 356.400024 562.573975 356.400024
111 554.400024 350.400024 523.418579 350.400024
116 488.400024 384.0 455.226593 384.0
117 475.200012 402.000031 439.80426 402.000031
118 495.600006 368.400024 463.718323 368.400024
105 684.0 180.0 662.154236 180.0
106 657.600037 178.800003 636.266052 178.800003
125 508.800018 424.800018 470.946655 424.800018
126 486.000031 417.600006 449.096161 417.600006
129 134.400009 205.200012 118.631142 205.200012
131 182.400009 324.0 154.636566 324.0
132 192.0 316.800018 165.819305 316.800018
133 154.800003 321.600006 127.377693 321.600006
197 716.400024 343.200012 686.784058 343.200012
127 716.400024 308.400024 690.869751 308.400024
128 690.0 314.400024 664.824768 314.400024
122 555.600037 111.600006 535.318909 111.600006
124 204.000015 192.0 186.528229 192.0
139 405.600006 327.600006 378.449524 327.600006
136 438.000031 398.400024 402.891479 398.400024
137 457.200012 373.200012 425.016968 373.200012
143 364.800018 259.200012 344.186462 259.200012
144 344.400024 259.200012 324.439636 259.200012
147 687.600037 325.200012 660.315796 325.200012
148 651.600037 327.600006 624.685181 327.600006
149 672.0 316.800018 645.617004 316.800018
146 87.600006 388.800018 51.554523 388.800018
40 536.0 299.0 512.229126 299.0
150 597.600037 298.800018 574.420105 298.800018
151 724.800049 276.0 703.022461 276.0
153 712.800049 241.200012 691.059814 241.200012
156 608.400024 334.800018 580.967896 334.800018
157 603.600037 300.0 579.974426 300.0
154 673.200012 268.800018 652.790161 268.800018
158 705.600037 205.200012 683.855225 205.200012
159 686.400024 238.800003 664.907043 238.800003
160 622.080017 365.76001 591.882874 365.76001
10 456.0 294.0 432.957214 294.0
62 517.0 398.0 482.022858 398.0
13 564.0 44.400002 541.968994 44.400002
28 494.0 95.0 473.266846 95.0
169 326.400024 328.800018 298.717834 328.800018
170 220.800003 415.200012 183.094803 415.200012
72 249.600006 362.400024 218.224197 362.400024
172 306.0 429.600006 267.633698 429.600006
173 75.600006 289.200012 51.488392 289.200012
174 274.800018 81.600006 258.160095 81.600006
175 312.0 85.200005 295.349457 85.200005
79 75.600006 38.400002 58.60371 38.400002
240 424.800018 332.640015 396.802856 332.640015
3 457.200012 294.0 433.731201 294.0
119 205.920013 178.560013 188.489029 178.560013
181 120.960007 152.639999 105.747543 152.639999
164 563.040039 44.640003 541.112732 44.640003
184 204.480011 118.080002 187.012115 118.080002
185 216.000015 84.960007 199.886795 84.960007
182 375.840027 292.320007 352.925262 292.320007
183 375.840027 266.400024 354.815308 266.400024
186 591.840027 357.120026 561.505188 357.120026
187 554.400024 349.920013 522.99884 349.920013
199 699.840027 181.440002 678.591736 181.440002
189 499.680023 410.400024 463.923004 410.400024
190 549.504028 89.85601 528.076416 89.85601
193 498.240021 393.120026 463.775482 393.120026
194 495.360016 368.640015 463.929504 368.640015
191 518.400024 293.76001 494.69162 293.76001
192 537.119995 253.440002 516.196533 253.440002
195 138.240005 205.920013 122.359161 205.920013
31 133.056015 203.904022 117.54866 203.904022
200 496.800018 290.880005 473.802063 290.880005
268 473.472046 279.936035 450.42099 279.936035
198 689.76001 313.920013 664.218689 313.920013
202 580.320007 277.920013 558.613831 277.920013
203 406.080017 326.880005 378.802551 326.880005
204 413.280029 319.680023 386.130646 319.680023
205 396.000031 299.52002 370.945374 299.52002
211 159.840012 315.360016 132.739685 315.360016
212 522.720032 329.76001 495.857574 329.76001
213 544.320007 321.120026 517.463196 321.120026
206 620.640015 293.76001 597.685486 293.76001
207 603.360046 292.320007 580.576965 292.320007
208 456.480011 378.720001 423.929993 378.720001
209 437.76001 357.120026 407.003296 357.120026
221 86.400002 387.360016 51.164185 387.360016
219 201.600006 227.520004 185.221542 227.520004
215 351.360016 267.839996 330.173279 267.839996
216 360.0 266.400024 338.056488 266.400024
222 152.639999 335.52002 124.252083 335.52002
223 154.080002 321.120026 126.668411 321.120026
227 584.640015 305.279999 560.796631 305.279999
228 555.840027 302.400024 531.780334 302.400024
224 650.880005 328.320007 624.169922 328.320007
225 663.840027 321.120026 638.23584 321.120026
226 646.559998 313.920013 621.802246 313.920013
229 633.600037 331.200012 606.306885 331.200012
230 603.360046 331.200012 575.920227 331.200012
231 630.720032 300.960022 606.704468 300.960022
232 603.360046 299.52002 579.52771 299.52002
233 659.52002 267.839996 639.172363 267.839996
235 685.440002 239.040009 663.900269 239.040009
236 720.0 194.400009 697.961121 194.400009
238 678.240051 203.040009 656.560547 203.040009
239 622.080078 366.336029 591.772461 366.336029
162 459.360016 295.200012 434.983429 295.200012
163 517.200012 397.200012 482.387268 397.200012
249 532.800049 210.240005 511.62677 210.240005
251 548.640015 168.480011 527.875183 168.480011
253 204.480011 325.440002 175.80777 325.440002
258 106.560005 303.840027 79.769516 303.840027
259 74.880005 288.0 51.435627 288.0
266 311.040009 84.960007 295.401093 84.960007
179 74.880005 37.440002 57.715542 37.440002
341 120.960014 150.336014 105.548454 150.336014
314 485.568054 418.176025 449.336884 418.176025
269 708.480042 181.440018 685.855225 181.440018
270 717.120056 145.152008 695.655518 145.152008
267 495.936035 290.304016 473.711243 290.304016
201 473.76001 279.360016 451.020996 279.360016
273 499.392059 393.984039 465.212738 393.984039
275 575.424072 273.024017 553.515137 273.024017
279 186.624023 326.592041 158.490936 326.592041
280 196.99202 316.22403 170.32988 316.22403
281 622.080078 290.304016 599.117432 290.304016
282 603.072083 292.032013 580.377258 292.032013
285 708.480042 335.232025 681.209473 335.232025
277 535.680054 297.216034 512.644775 297.216034
278 516.672058 295.488037 493.376648 295.488037
284 648.000061 184.896011 627.192993 184.896011
288 663.552063 321.40802 638.07489 321.40802
289 651.456055 328.320038 624.655334 328.320038
290 648.000061 314.496033 622.188171 314.496033
287 86.400009 388.800049 50.284805 388.800049
297 551.232056 335.232025 522.955688 335.232025
298 585.792053 305.856018 561.466736 305.856018
299 556.416077 302.400024 532.488037 302.400024
291 406.080048 328.320038 378.774536 328.320038
295 452.736053 362.880035 421.580017 362.880035
296 435.456055 357.696045 404.779236 357.696045
292 374.976044 279.936035 352.85907 279.936035
293 362.880035 257.472015 341.828583 257.472015
294 343.87204 259.200012 324.81012 259.200012
300 634.176086 331.776031 606.16925 331.776031
301 603.072083 331.776031 575.412476 331.776031
302 630.720032 300.672028 606.109314 300.672028
303 615.16803 293.76004 591.671631 293.76004
304 677.376038 245.376022 656.423096 245.376022
308 687.74408 216.000015 666.536987 216.000015
309 703.296082 205.632019 681.797241 205.632019
305 661.824036 214.272018 640.932617 214.272018
306 648.000061 224.640015 627.02655 224.640015
310 624.153687 364.953644 593.75293 364.953644
311 641.088074 361.152039 610.015137 361.152039
312 376.704041 292.032013 353.141479 292.032013
242 511.200012 398.880005 475.228638 398.880005
316 549.504089 89.16481 528.353882 89.16481
244 563.328064 43.200005 540.969421 43.200005
318 549.504028 150.336014 529.208069 150.336014
319 426.81604 89.85601 408.457489 89.85601
247 403.200012 86.400002 383.739532 86.400002
321 464.832031 95.040009 445.47757 95.040009
322 532.22406 209.088013 510.733002 209.088013
323 547.776062 169.344009 527.658997 169.344009
327 366.336029 381.888031 332.834473 381.888031
260 274.752014 81.216011 258.210663 81.216011
331 217.728027 84.672005 200.289413 84.672005
333 311.040039 84.672005 295.37384 84.672005
334 252.288025 235.008026 232.39949 235.008026
335 202.176025 228.096024 185.606461 228.096024
262 92.160004 87.840004 74.911697 87.840004
263 74.304008 36.288002 56.850101 36.288002
339 126.144012 72.576004 110.469986 72.576004
340 138.240021 205.632019 122.382729 205.632019
343 159.667221 315.187256 132.047546 315.187256
346 655.25769 180.403229 633.783508 180.403229
347 680.140869 180.403229 658.768799 180.403229
349 182.476822 308.966431 155.846649 308.966431
380 524.62085 325.555237 497.969208 325.555237
400 537.0625 296.524841 513.741821 296.524841
353 454.118469 360.806458 423.020294 360.806458
354 435.456055 356.659241 404.978912 356.659241
356 686.016052 326.592041 659.427673 326.592041
357 682.214478 308.966431 657.411499 308.966431
358 551.577698 333.84964 522.705383 333.84964
359 586.828857 304.819244 561.963928 304.819244
360 555.724854 302.745636 532.552734 302.745636
361 651.110474 327.628845 624.547607 327.628845
350 406.425659 325.555237 379.704742 325.555237
351 398.131256 315.187256 371.622803 315.187256
352 396.057648 298.59845 370.754639 298.59845
366 85.017609 387.763245 49.421658 387.763245
363 375.321655 279.936035 352.784546 279.936035
364 362.880066 257.126434 341.725433 257.126434
365 346.29126 257.126434 326.123322 257.126434
367 632.448059 329.702454 605.038147 329.702454
368 603.417664 331.776062 575.447266 331.776062
369 615.859314 292.377655 592.314575 292.377655
370 667.69928 267.494446 646.804443 267.494446
371 655.25769 261.273651 634.276855 261.273651
372 686.361694 269.568024 665.618286 269.568024
373 702.9505 263.347229 681.791992 263.347229
374 659.404907 219.801636 638.626892 219.801636
307 651.456055 202.176025 630.353271 202.176025
379 425.088074 331.776062 397.155975 331.776062
381 497.664062 292.377655 474.864014 292.377655
382 487.296082 269.568024 465.252655 269.568024
383 487.296082 416.793671 450.558197 416.793671
384 549.918823 89.579529 528.012634 89.579529
320 402.624023 86.400009 383.073303 86.400009
387 74.649612 288.230438 51.292431 288.230438
330 273.71524 80.870415 257.255707 80.870415
336 89.85601 88.128006 73.659401 88.128006
390 76.723213 51.840008 60.082062 51.840008
391 203.21283 118.195213 186.071869 118.195213
393 124.416016 80.870415 108.203613 80.870415
395 136.85762 206.530594 121.475861 206.530594
324 257.472015 340.416046 229.446991 340.416046
448 166.717468 328.458282 139.517426 328.458282
407 654.428223 318.505005 629.118103 318.505005
408 632.033386 330.946594 604.110168 330.946594
362 669.772888 315.187256 644.342957 315.187256
410 637.01001 301.086761 612.762329 301.086761
416 701.70636 323.481659 675.303406 323.481659
417 671.846497 323.481659 645.629089 323.481659
418 681.799805 311.040039 657.10498 311.040039
411 686.776428 271.226929 665.487488 271.226929
404 368.271423 273.71524 346.009125 273.71524
406 345.876526 258.785309 326.182281 258.785309
414 554.895447 328.458282 528.077515 328.458282
426 584.75531 306.063416 560.836609 306.063416
415 557.383789 301.086761 533.83197 301.086761
413 641.986633 248.832031 621.40741 248.832031
419 84.60289 388.177979 48.951107 388.177979
423 617.103455 333.434937 589.839661 333.434937
424 602.173523 330.946594 574.271423 330.946594
342 611.712097 288.230438 588.612488 288.230438
375 644.474976 226.437149 624.099182 226.437149
376 651.110474 201.139221 630.122375 201.139221
428 624.56842 263.761963 604.246948 263.761963
429 589.731934 355.829803 559.846619 355.829803
432 425.502777 333.434937 397.502594 333.434937
433 497.664062 291.133484 474.025024 291.133484
434 525.035583 268.738586 502.151489 268.738586
435 482.734161 271.226929 460.926422 271.226929
436 462.827576 390.66629 428.921906 390.66629
437 517.570618 350.85318 487.890259 350.85318
439 641.986633 106.997772 622.267639 106.997772
440 627.056702 191.600662 605.948669 191.600662
441 547.430481 169.20578 527.545776 169.20578
442 649.451599 181.647385 628.7005 181.647385
385 408.499268 85.017609 391.26947 85.017609
444 539.965515 233.902115 519.043457 233.902115
445 373.248047 296.110107 349.480133 296.110107
398 258.785309 340.899902 229.443192 340.899902
402 154.275864 335.923248 124.560593 335.923248
449 273.71524 79.626251 256.998077 79.626251
451 121.927696 199.065628 106.639984 199.065628
452 121.927696 149.299225 105.973846 149.299225
453 199.065628 216.483871 182.351822 216.483871
454 137.355286 206.032928 121.705902 206.032928
455 74.649612 288.645172 50.848606 288.645172
447 365.783081 383.201324 332.758881 383.201324
539 548.226807 333.235901 518.648254 333.235901
506 555.393127 328.458313 529.112061 328.458313
519 551.809998 308.153625 525.730347 308.153625
459 692.748413 253.808685 671.617859 253.808685
460 665.874573 253.808685 645.108704 253.808685
461 456.855652 376.23407 423.915985 376.23407
462 426.995789 361.304138 397.22583 361.304138
463 438.939728 340.402252 408.785675 340.402252
464 435.953735 340.402252 407.087799 340.402252
465 603.168884 331.444275 575.238953 331.444275
466 585.252991 331.444275 556.581482 331.444275
425 614.615112 293.621796 591.169617 293.621796
468 600.182922 298.59845 576.234558 298.59845
409 661.893188 313.528351 636.887878 313.528351
470 630.042725 328.458313 602.444092 328.458313
469 656.916626 316.514374 630.612915 316.514374
471 650.944641 307.556396 626.759766 307.556396
388 274.710571 80.621582 258.194916 80.621582
477 289.640503 238.878769 269.141144 238.878769
478 143.327255 340.402252 114.26918 340.402252
443 400.619568 84.60289 380.02182 84.60289
475 549.421143 89.579536 528.379028 89.579536
530 200.658173 100.329086 183.672073 100.329086
483 549.421143 170.201126 528.932434 170.201126
482 122.425369 149.299225 106.338577 149.299225
485 683.790466 337.41626 655.784546 337.41626
486 641.986694 361.304138 612.273865 361.304138
489 591.224915 355.332153 560.420715 355.332153
491 373.248077 295.612457 349.867523 295.612457
492 346.374207 259.78067 326.687286 259.78067
487 128.397339 110.48143 112.908691 110.48143
493 194.088989 313.528381 166.568588 313.528381
496 453.869659 388.177979 419.873138 388.177979
494 426.995789 334.430267 398.667175 334.430267
495 409.079895 325.472321 381.251831 325.472321
498 498.659424 292.626495 475.233948 292.626495
499 525.533264 268.738617 502.169556 268.738617
500 516.575317 352.346191 487.3909 352.346191
502 668.860535 229.920807 648.091492 229.920807
505 650.944641 182.145065 630.181396 182.145065
547 598.391357 297.404083 575.00531 297.404083
507 564.351074 277.696564 541.699768 277.696564
508 671.846497 325.472321 645.159668 325.472321
509 650.944641 262.766632 630.504822 262.766632
510 128.397339 334.430267 99.00943 334.430267
446 259.78067 343.388214 230.775085 343.388214
473 513.589355 98.537491 492.458496 98.537491
518 566.1427 286.654541 542.129089 286.654541
515 670.054993 229.323624 648.573425 229.323624
521 680.804504 240.073166 659.78064 240.073166
512 630.639954 329.65271 603.175903 329.65271
472 639.000671 301.584442 613.994385 301.584442
523 429.981781 361.901337 398.955566 361.901337
524 451.480896 354.734985 420.623352 354.734985
528 515.978149 100.329086 494.688263 100.329086
525 200.658173 218.574081 183.824966 218.574081
474 275.904999 78.829994 259.355133 78.829994
480 197.074982 118.244995 180.942413 118.244995
531 372.650879 290.237701 348.167084 290.237701
532 347.568604 261.572266 327.137451 261.572266
533 558.976318 111.078629 537.821228 111.078629
534 537.477234 85.996361 512.725891 85.996361
535 677.221313 358.318176 647.915161 358.318176
536 408.482697 326.069519 380.054108 326.069519
538 587.641785 351.151794 557.700012 351.151794
517 555.393127 329.65271 530.368347 329.65271
540 197.074982 315.319977 169.337891 315.319977
527 143.327271 343.985443 113.473518 343.985443
544 523.144531 268.738617 500.66275 268.738617
542 451.480896 386.983612 418.077667 386.983612
541 143.327271 329.65271 115.807159 329.65271
546 498.062256 372.650879 466.492462 372.650879
467 615.112793 292.626495 591.977783 292.626495
549 562.559509 275.904999 541.242737 275.904999
511 257.989075 340.402252 229.659225 340.402252
476 409.079895 83.607567 389.585876 83.607567
9 488.0 319.0 461.452454 319.0
48 549.0 100.0 527.174683 100.0
113 514.0 105.0 493.19397 105.0
142 346.800018 268.800018 325.424622 268.800018
145 536.400024 298.800018 512.827026 298.800018
152 699.600037 271.200012 678.519531 271.200012
241 456.480011 293.76001 433.587067 293.76001
272 554.688049 350.784027 526.753235 350.784027
264 127.872009 122.688011 112.233368 122.688011
348 196.992035 315.187256 170.532806 315.187256
355 686.361694 325.555237 659.544556 325.555237
326 304.819244 427.161652 266.643494 427.161652
514 615.112793 292.626495 591.977783 292.626495
545 480.146332 268.738617 458.099182 268.738617
