309
-1.18 -0.595 -0.122 0.0106 0.838 0.319 0.443 
4164 539.0 67.0 526.675842 67.0
3739 442.0 305.0 428.315643 305.0
3773 354.0 230.0 345.243805 230.0
3788 333.0 195.0 324.060608 195.0
4235 208.0 99.0 197.533661 99.0
3771 247.200012 223.200012 237.335785 223.200012
4305 282.0 112.0 271.754242 112.0
4118 558.0 64.0 544.683105 64.0
3789 241.0 174.0 231.32077 174.0
3856 403.0 429.0 375.081635 429.0
3731 257.0 347.0 240.668015 347.0
4098 559.200012 313.200012 545.192017 313.200012
4091 363.0 346.0 346.715912 346.0
3354 343.0 312.0 328.714478 312.0
3368 297.0 329.0 281.941162 329.0
4015 554.400024 348.0 537.329285 348.0
3715 491.0 314.0 477.214478 314.0
3860 488.400024 405.600006 462.238495 405.600006
4234 236.0 132.0 225.446487 132.0
4117 530.400024 290.400024 517.185791 290.400024
4253 403.200012 105.600006 393.839569 105.600006
4009 139.200012 438.000031 116.644257 438.000031
3519 403.200012 428.400024 375.234344 428.400024
2749 270.0 438.000031 247.782013 438.000031
4022 578.400024 327.600006 562.324585 327.600006
4120 558.720032 312.480011 544.927368 312.480011
3919 360.0 450.000031 337.065552 450.000031
3707 223.200012 397.200012 203.529678 397.200012
4168 321.600006 312.0 307.554535 312.0
3328 335.52002 378.720001 317.325195 378.720001
4163 535.200012 112.800003 523.166687 112.800003
4188 516.960022 110.880005 505.465118 110.880005
4150 538.800049 78.0 526.390808 78.0
3980 184.800003 439.200012 162.825012 439.200012
4018 171.600006 420.000031 151.095337 420.000031
4127 189.600006 349.200012 173.306122 349.200012
3743 441.600006 304.800018 429.020172 304.800018
3755 411.840027 286.559998 399.407501 286.559998
4016 552.960022 347.040009 536.385132 347.040009
4108 492.000031 313.200012 477.824951 313.200012
3846 441.600006 441.600006 411.678741 441.600006
4043 423.0 353.0 405.972168 353.0
3990 523.200012 361.200012 505.841766 361.200012
4115 558.0 64.800003 544.524841 64.800003
4147 538.800049 67.200005 526.668274 67.200005
4224 422.0 142.0 413.920685 142.0
4157 530.0 167.0 516.931152 167.0
4227 162.0 256.800018 151.45813 256.800018
4301 284.0 200.0 274.304718 200.0
3151 401.76001 427.680023 373.970184 427.680023
3776 253.440002 277.920013 241.618042 277.920013
3794 324.0 110.880005 314.361542 110.880005
4062 577.440002 326.880005 561.709778 326.880005
4238 223.200012 352.800018 206.798538 352.800018
4131 303.600006 331.200012 288.521301 331.200012
4029 275.040009 387.360016 256.06778 387.360016
3334 184.320007 437.76001 162.6185 437.76001
4165 535.679993 112.320007 523.121887 112.320007
4191 518.400024 110.400002 506.469116 110.400002
4178 514.944031 98.49601 503.516663 98.49601
3312 336.960022 380.160034 318.342041 380.160034
3697 349.200012 357.600006 332.050049 357.600006
4169 442.080017 303.840027 428.303528 303.840027
3710 491.040009 313.920013 476.999023 313.920013
4121 555.840027 64.800003 542.566406 64.800003
4262 421.920013 142.560013 413.707855 142.560013
4139 529.200012 166.800003 516.276917 166.800003
4137 506.880005 168.480011 493.787354 168.480011
2819 239.040009 439.200012 216.647812 439.200012
2976 148.800003 332.400024 133.856216 332.400024
4025 136.512009 438.912048 114.109535 438.912048
4092 120.960007 365.76001 102.769417 365.76001
3775 234.000015 111.600006 223.418564 111.600006
4241 364.320007 102.240005 355.451355 102.240005
4254 350.784027 229.82402 341.661102 229.82402
3798 182.880005 112.320007 171.980438 112.320007
3772 159.600006 141.600006 148.536789 141.600006
4067 568.512024 316.22403 554.2453 316.22403
3781 241.920013 360.0 224.377014 360.0
3749 300.672028 324.864044 286.373474 324.864044
2959 185.76001 328.320007 171.349182 328.320007
3706 282.240021 371.52002 264.401337 371.52002
3976 184.896011 438.912048 162.761017 438.912048
2880 190.080017 404.352051 170.70108 404.352051
3699 347.328033 357.696045 330.586365 357.696045
3763 411.264038 286.848022 398.654419 286.848022
3713 491.443268 313.113647 477.260406 313.113647
4179 518.400024 264.384033 505.865234 264.384033
3841 438.912048 442.368042 409.527954 442.368042
4073 409.536041 350.784027 392.806519 350.784027
3857 488.160034 406.080017 462.287872 406.080017
4271 402.624023 105.408012 393.171936 105.408012
4155 528.480042 167.040009 515.705505 167.040009
4311 316.22403 273.024017 304.335754 273.024017
3969 238.46402 440.640045 216.397247 440.640045
2975 148.608017 331.776031 133.893188 331.776031
4024 138.240005 437.76001 115.936234 437.76001
3756 190.080017 349.05603 173.938843 349.05603
4264 281.664032 114.048012 271.836945 114.048012
3795 240.192017 174.528015 230.981171 174.528015
3783 351.360016 230.400009 342.368134 230.400009
3726 374.976044 331.776031 359.626068 331.776031
3982 335.923248 410.572845 315.868988 410.572845
4085 362.880066 344.217651 346.70108 344.217651
3956 313.528351 430.479431 291.551025 430.479431
3978 325.555237 406.425659 305.116058 406.425659
4079 567.337036 316.016693 552.618835 316.016693
3716 437.529663 337.996857 421.695618 337.996857
3766 408.499268 284.083252 396.741669 284.083252
4207 516.326477 263.347229 504.485443 263.347229
4210 475.269196 268.738586 462.51059 268.738586
4081 400.619568 348.364838 384.192169 348.364838
3858 489.024048 407.808044 462.945831 407.808044
3992 472.780853 375.321655 455.005096 375.321655
4268 425.088074 143.078415 417.117157 143.078415
4141 526.694458 165.888031 514.327148 165.888031
4267 360.806458 282.009644 348.769165 282.009644
3790 160.70401 257.472015 149.980377 257.472015
2906 190.771225 402.278442 170.858414 402.278442
4315 232.243225 105.753616 222.605438 105.753616
3805 323.481659 111.974419 314.722412 111.974419
4272 286.15683 167.961624 275.637543 167.961624
3800 157.248016 139.968018 146.271881 139.968018
3675 308.551727 413.061188 288.816711 413.061188
4287 425.502777 141.834259 417.677673 141.834259
2952 120.268814 367.027252 102.166992 367.027252
3807 182.476822 109.900818 171.848495 109.900818
4286 155.271194 137.355286 143.703156 137.355286
3806 189.11235 164.229141 178.442841 164.229141
3720 437.944397 338.41156 422.859039 338.41156
4217 410.572845 286.15683 397.822205 286.15683
4128 527.523926 166.717468 514.534485 166.717468
4282 283.668518 166.717468 274.752594 166.717468
4083 549.504089 311.040039 535.452087 311.040039
4183 542.453857 263.761963 529.367981 263.761963
4278 281.180206 114.462738 271.676331 114.462738
4285 233.902115 106.997772 222.687103 106.997772
3987 472.780853 378.224701 454.258698 378.224701
4277 323.481659 111.974419 313.858276 111.974419
3804 327.628845 163.814423 318.243927 163.814423
4090 567.337097 316.514374 552.564209 316.514374
4173 566.092896 263.347229 555.412537 263.347229
4195 149.299225 331.776062 134.6931 331.776062
3820 156.764175 258.785309 145.975708 258.785309
4116 191.600662 350.85318 174.345551 350.85318
4156 527.523926 69.672974 515.685852 69.672974
3681 335.923248 378.224701 317.434662 378.224701
3812 181.647385 109.486099 171.478134 109.486099
3813 156.764175 139.345947 145.650284 139.345947
3862 397.733154 408.482697 372.168579 408.482697
4294 280.682556 113.467415 272.001617 113.467415
4296 232.906799 107.495445 222.991394 107.495445
3861 480.146332 408.482697 453.414551 408.482697
4162 515.978149 164.826355 504.50061 164.826355
4189 564.848694 263.761963 554.220154 263.761963
3758 191.103012 352.346191 174.470047 352.346191
4293 364.290131 101.523476 354.632355 101.523476
4289 346.374207 229.920807 337.141022 229.920807
4281 328.458282 166.717468 318.565643 166.717468
4219 513.589355 116.4534 502.455292 116.4534
4202 528.519287 71.663628 517.061462 71.663628
3350 337.41626 310.542389 323.080627 310.542389
4206 373.248077 283.668549 361.485107 283.668549
3814 292.626495 268.738617 281.816833 268.738617
3691 292.626495 379.220032 273.685455 379.220032
3983 325.969971 405.596222 305.465057 405.596222
3811 158.257187 146.313248 147.075897 146.313248
4056 80.621582 152.285217 60.390537 152.285217
2955 119.439377 368.271423 101.832756 368.271423
4275 424.009796 143.327255 415.864471 143.327255
4133 489.701477 313.528381 476.819183 313.528381
4159 474.771545 268.738617 462.253601 268.738617
3784 154.076813 136.160904 142.399033 136.160904
3859 489.701477 409.079895 463.839081 409.079895
4007 522.547302 361.304138 504.301605 361.304138
3816 308.153625 225.740448 298.407349 225.740448
4130 540.463196 262.766632 528.763184 262.766632
3371 336.819061 311.736786 321.6828 311.736786
4177 372.650879 283.07135 361.596405 283.07135
4284 185.131042 328.458313 171.151199 328.458313
4317 186.325439 250.822708 176.768997 250.822708
4011 250.822708 404.899536 229.687698 404.899536
4047 78.829994 150.493622 58.563351 150.493622
4299 232.906799 103.91227 222.767685 103.91227
4145 528.519287 167.215134 515.35907 167.215134
4300 426.398621 139.74408 419.247955 139.74408
4208 408.482697 283.07135 396.632996 283.07135
3828 513.0 449.0 482.508484 449.0
4167 533.0 69.0 520.956299 69.0
4028 576.0 327.0 561.267883 327.0
3822 588.0 458.0 556.503784 458.0
4103 122.0 364.0 103.891052 364.0
3826 513.600037 448.800018 482.909149 448.800018
3999 523.200012 361.200012 505.841766 361.200012
4148 531.360046 164.160004 519.065308 164.160004
4149 296.640015 328.320007 281.658234 328.320007
4154 365.76001 312.480011 351.560669 312.480011
3842 439.200012 442.080017 409.475677 442.080017
3827 512.640015 447.840027 482.573608 447.840027
3745 364.608032 312.768036 350.792358 312.768036
4093 241.920029 359.424042 224.674133 359.424042
3959 300.672028 438.912048 277.925018 438.912048
3801 183.168015 112.320007 172.122345 112.320007
3835 431.308868 437.529663 402.6185 437.529663
3362 337.996857 308.966431 324.109375 308.966431
2954 119.439384 367.276093 101.916039 367.276093
4185 472.97998 268.738617 460.802368 268.738617
4059 415.649078 351.151794 399.261871 351.151794
2958 186.325439 326.069519 172.474014 326.069519
3730 265.155426 361.901337 248.069611 361.901337
