337
-1.08 -0.358 -0.107 -0.0175 0.875 0.34 0.343 
4237 268.0 49.0 258.365234 49.0
4228 280.0 182.0 271.404724 182.0
4064 443.0 276.0 427.539001 276.0
4098 454.0 266.0 439.574707 266.0
3768 284.0 260.0 270.33078 260.0
4215 402.0 75.0 390.622955 75.0
4028 472.0 279.0 456.522217 279.0
4015 449.0 299.0 431.947266 299.0
3990 417.0 314.0 399.134094 314.0
4226 413.0 431.0 374.838196 431.0
4212 461.0 223.0 449.840179 223.0
4123 362.0 268.0 346.885101 268.0
3773 243.0 197.0 233.408951 197.0
3848 321.600006 434.400024 287.821808 434.400024
4251 216.000015 110.400002 205.40239 110.400002
4091 248.400009 310.800018 230.206467 310.800018
4301 156.0 162.0 145.357986 162.0
4186 285.600006 259.200012 271.284302 259.200012
3368 168.0 298.800018 150.468567 298.800018
4062 471.600006 278.400024 456.249634 278.400024
3731 115.200005 321.600006 95.573792 321.600006
4170 225.600006 277.200012 209.467773 277.200012
4168 200.400009 278.400024 184.571854 278.400024
4120 454.800018 266.400024 440.002228 266.400024
4189 460.800018 223.200012 449.602814 223.200012
3996 367.200012 332.400024 347.625671 332.400024
3845 342.0 421.200012 306.736481 421.200012
4241 247.200012 52.800003 237.317581 52.800003
4232 200.400009 60.000004 189.399338 60.000004
4253 290.400024 61.200001 280.691406 61.200001
4235 44.400002 32.400002 31.557339 32.400002
4305 146.400009 56.400002 134.806717 56.400002
3771 110.400002 188.400009 99.411957 188.400009
3776 116.640007 249.12001 102.693687 249.12001
4029 133.919998 364.320007 111.19606 364.320007
3765 285.120026 259.200012 270.807587 259.200012
3856 282.240021 385.920013 248.958725 385.920013
4171 200.160004 279.360016 184.052658 279.360016
3781 93.600006 335.52002 73.426567 335.52002
3328 214.560013 347.040009 193.028473 347.040009
4060 463.680023 267.839996 448.991913 267.839996
3825 463.680023 406.080017 427.633026 406.080017
4188 407.52002 64.800003 395.569427 64.800003
3718 247.680008 311.040009 229.177765 311.040009
3992 367.200012 332.640015 347.598114 332.640015
3761 305.279999 249.12001 291.747131 249.12001
3875 272.160004 433.440002 241.918121 433.440002
3441 364.320007 417.600006 328.040802 417.600006
3500 321.120026 433.440002 287.529144 433.440002
4224 313.920013 103.680008 305.310913 103.680008
4254 239.040009 197.280014 229.02243 197.280014
3789 99.360001 129.600006 87.176399 129.600006
4311 197.280014 239.040009 184.852707 239.040009
4308 155.520004 161.279999 145.100677 161.279999
3289 146.88002 444.096039 118.212868 444.096039
2749 122.688011 423.360046 95.407501 423.360046
3519 281.664032 383.616028 248.484589 383.616028
3689 224.640015 345.600037 204.096313 345.600037
3782 243.648026 381.888031 219.494003 381.888031
3982 212.544022 380.160034 188.828094 380.160034
3312 214.272018 347.328033 192.861069 347.328033
4052 171.072021 354.240021 148.330215 354.240021
3710 387.072021 269.568024 372.246399 269.568024
4079 463.104034 267.840027 448.480164 267.840027
4178 404.352051 50.112003 392.748535 50.112003
3559 273.024017 433.728027 242.342972 433.728027
3440 362.880035 418.176025 326.762756 418.176025
3749 167.616013 297.216034 149.888611 297.216034
2814 79.488007 430.272034 51.191753 430.272034
3707 62.208008 381.888031 37.754108 381.888031
4310 207.360016 124.416016 197.224701 124.416016
3794 200.448013 60.480007 189.234299 60.480007
4146 103.680016 321.408051 83.217911 321.408051
4085 246.758438 308.966431 228.748657 308.966431
3688 170.035217 352.512054 148.155807 352.512054
4210 373.248047 228.096039 360.577087 228.096039
3799 111.974419 190.771225 100.385323 190.771225
4283 248.832031 165.888031 239.571472 165.888031
3795 97.459213 128.563217 86.32222 128.563217
4262 315.187256 101.606415 307.126831 101.606415
4271 290.304047 60.134407 279.935547 60.134407
3713 387.763245 269.568024 372.337982 269.568024
3803 184.55043 238.464035 172.077316 238.464035
4313 207.360031 120.268814 196.789398 120.268814
4183 437.529663 221.875229 425.636658 221.875229
3987 369.100861 331.776062 348.951447 331.776062
4051 329.702454 296.524841 312.990112 296.524841
3766 300.672028 246.758438 288.371307 246.758438
3444 362.880066 416.793671 326.796082 416.793671
3969 78.796814 429.23526 50.883347 429.23526
4067 462.412872 267.494446 447.594147 267.494446
4142 418.867249 120.268814 406.620789 120.268814
4138 178.32962 298.59845 161.25441 298.59845
3205 271.641632 431.308868 240.973663 431.308868
4252 68.42881 331.776062 47.851376 331.776062
3750 219.801636 275.788849 203.693085 275.788849
4315 79.626251 47.278088 68.007469 47.278088
3708 335.923248 296.110107 317.868225 296.110107
3692 330.946594 298.59845 314.516968 298.59845
4217 301.086761 248.832031 288.93576 248.832031
4272 154.275864 124.416016 144.24321 124.416016
3805 199.065628 62.208008 188.570877 62.208008
4264 146.810898 59.719688 134.986755 59.719688
4130 435.456055 221.46051 424.007263 221.46051
3447 360.806458 418.037811 324.925262 418.037811
3841 323.481659 395.642944 288.580719 395.642944
2815 72.161293 430.479431 44.493473 430.479431
4126 97.044495 340.899902 76.586823 340.899902
4149 179.159058 298.59845 162.18042 298.59845
4266 204.042267 276.203552 188.362198 276.203552
3681 213.995544 348.364838 192.154221 348.364838
3978 199.065628 378.224701 174.678131 378.224701
3706 146.810898 345.876526 124.786652 345.876526
4268 316.016693 102.021133 307.53244 102.021133
4007 418.037842 313.528381 399.695068 313.528381
3703 361.304138 268.738617 345.262482 268.738617
4208 301.584442 247.836716 288.573792 247.836716
4172 435.953735 220.96286 423.502106 220.96286
3446 361.304138 418.037842 325.144806 418.037842
3837 325.472321 397.135956 289.239563 397.135956
3861 364.290131 349.360199 333.516602 349.360199
4281 206.032928 122.425369 197.068787 122.425369
4282 155.271194 122.425369 143.634766 122.425369
3747 179.159073 298.59845 162.363388 298.59845
3371 217.976868 277.696564 202.428696 277.696564
3974 212.004898 385.192017 188.234131 385.192017
4030 214.990891 349.360199 193.044159 349.360199
3983 197.074982 379.220032 173.632355 379.220032
3802 71.663628 238.878769 58.442444 238.878769
4185 370.262085 226.93483 357.485596 226.93483
4275 316.514374 101.523476 308.292206 101.523476
3476 322.486359 397.733154 288.053741 397.733154
3859 369.067719 354.734985 338.621368 354.734985
4219 404.899536 68.080452 393.934143 68.080452
3865 275.904999 386.983612 243.763901 386.983612
3359 218.574081 275.904999 202.511017 275.904999
3814 168.409531 236.48999 155.869446 236.48999
4159 365.484528 225.740448 352.822571 225.740448
4287 315.319977 100.329086 308.013367 100.329086
3716 333.235901 297.404083 315.656433 297.404083
4157 421.0 121.0 407.89566 121.0
4074 301.200012 310.800018 282.156738 310.800018
4220 402.000031 74.400002 390.521942 74.400002
4154 246.000015 278.400024 230.29863 278.400024
4155 421.200012 121.200005 408.04715 121.200005
3909 226.080002 440.640015 197.402512 440.640015
3354 224.640015 276.480011 208.770813 276.480011
3860 381.600006 352.800018 351.326599 352.800018
3783 242.400009 196.800003 232.882812 196.800003
4139 420.480011 120.960007 407.356537 120.960007
4131 176.400009 300.0 158.913925 300.0
4006 109.200005 378.0 84.808907 378.0
4318 123.600006 369.600006 100.323616 369.600006
4260 174.240005 240.480011 161.151093 240.480011
4211 410.572845 223.948837 398.320404 223.948837
3954 79.488007 430.272034 51.191753 430.272034
4128 418.867249 120.268814 406.620789 120.268814
4148 419.904053 120.960014 406.939148 120.960014
4280 288.645172 59.719688 278.925171 59.719688
3804 206.530594 121.927696 196.579926 121.927696
4063 447.897675 265.752625 433.226654 265.752625
3712 329.702454 296.524841 312.990112 296.524841
3735 134.369293 313.528351 116.164749 313.528351
3512 278.691895 385.689667 246.129456 385.689667
3296 170.201126 409.079895 143.582428 409.079895
4135 385.689667 268.738586 371.475189 268.738586
4277 200.060959 62.705677 188.073212 62.705677
3720 331.444275 298.59845 315.025482 298.59845
3968 116.4534 421.023834 89.098724 421.023834
4102 119.439377 313.528351 99.296631 313.528351
3851 280.682556 385.192017 247.097946 385.192017
4293 247.836716 56.733707 236.013336 56.733707
3546 275.904999 386.983612 243.763901 386.983612
4289 232.906799 197.074982 223.11969 197.074982
