340
-1.08 -0.407 -0.0746 -0.0219 0.871 0.343 0.352 
3481 331.0 443.0
3451 352.0 431.0
3780 387.0 115.0
4277 221.0 148.0
4220 280.0 46.0
4279 258.0 28.0
4170 433.0 120.0
4065 156.0 357.0
4045 268.0 342.0
4068 461.0 301.0
4076 476.0 298.0
3429 377.0 428.0
3406 480.0 417.0
3746 321.0 262.0
3818 253.0 195.0
3800 366.0 216.0
3832 166.800003 159.600006
3831 189.600006 140.400009
4280 226.800003 106.800003
3448 338.400024 408.000031
4273 158.400009 54.000004
4173 433.200012 120.000008
3917 282.0 439.200012
3877 156.0 345.600006
4038 378.0 336.0
4136 398.400024 271.200012
3431 376.800018 428.400024
3912 380.400024 355.200012
3892 502.800018 406.800018
3463 338.400024 403.200012
3843 264.0 121.200005
4216 212.400009 56.400002
3804 290.400024 180.0
3825 122.400002 186.0
3455 338.400024 407.52002
3961 155.520004 446.400024
3669 135.360001 426.240021
4144 185.76001 299.52002
2915 177.12001 296.640015
4102 499.680023 260.640015
3737 270.720001 295.200012
3728 256.320007 311.040009
3957 177.12001 437.76001
3253 270.720001 394.560028
4171 28.800001 305.279999
4206 44.640003 283.680023
4073 155.520004 345.600006
3786 210.240005 277.920013
4237 218.880005 246.240005
3701 221.76001 348.480011
3665 429.120026 315.360016
4021 377.280029 335.52002
3487 393.120026 358.560028
4208 424.800018 223.200012
3742 371.52002 267.839996
3353 309.600006 246.240005
3211 282.240021 439.200012
3908 292.320007 391.680023
3839 211.680008 56.160004
4227 250.560013 194.400009
4275 110.880005 126.720001
3822 41.760002 116.640007
4231 154.080002 108.000008
4222 158.400009 53.280003
4228 87.840004 233.280014
3816 167.040009 158.400009
3366 122.400002 185.76001
4114 475.200043 269.568024
4233 252.288025 383.616028
4105 62.208008 335.232025
3260 177.984024 433.728027
3990 186.624023 400.896027
3700 222.912018 349.05603
4120 124.416016 314.496033
3764 103.680008 335.232025
3878 79.488007 330.048035
3799 210.816025 274.752014
2868 179.712021 355.968048
3660 428.544037 316.22403
4029 378.432037 336.960022
4158 397.440033 271.296021
3419 419.904053 402.624023
3909 378.432037 355.968048
4249 387.072021 114.048012
3734 371.52005 267.840027
3214 281.664032 438.912048
3616 235.008026 444.096039
3716 34.560005 392.256042
3828 217.728027 117.504013
4246 326.592041 100.224007
3835 110.59201 126.144012
3817 153.792007 107.136009
2862 180.403229 354.585663
3281 209.433624 379.468842
4055 223.948837 348.364838
3830 39.398407 219.801636
4244 248.832031 194.918427
3845 109.900818 126.489616
4247 93.312012 39.398407
4012 379.468842 335.923248
3732 398.131256 271.641632
4248 167.961624 122.342415
3699 311.040039 311.040039
3751 371.174438 267.494446
3350 311.040039 246.758438
4239 194.918427 234.316833
3164 290.304047 391.910461
3420 420.940857 400.204865
3433 377.395264 435.456055
3842 217.728027 120.268814
4284 259.200043 51.840008
3861 211.507233 58.060806
3686 89.16481 429.23526
4124 474.854462 269.568024
3785 186.624023 298.59845
4095 124.416016 313.113647
3784 196.992035 273.71524
4145 259.200043 273.71524
4161 230.169632 273.71524
3658 252.979233 383.616058
3881 157.593628 344.217651
4264 325.969971 99.532814
4251 301.086761 57.231369
4211 447.897675 221.46051
3848 94.556175 47.278088
4023 427.991089 316.016693
3721 395.642944 271.226929
3863 166.717468 119.439377
3854 154.275864 106.997772
3862 159.252502 57.231369
3901 335.923248 403.10791
4269 161.740829 236.390427
3421 420.526154 403.10791
4285 218.972198 121.927696
3867 211.507233 59.719688
4100 320.993317 313.528351
3801 311.040039 246.343719
2861 89.579529 430.479431
4252 246.343719 194.088989
4096 472.780853 268.738586
4141 228.925476 273.71524
4129 186.624023 298.59845
4116 126.904335 316.016693
3914 281.180206 375.736359
3989 196.577301 393.154602
4157 447.897675 220.96286
3769 379.220032 226.93483
3857 217.976868 119.439384
4268 212.004898 59.719692
4090 319.500336 313.528381
3745 370.262085 268.738617
3467 334.430267 406.093903
3959 495.673431 346.374207
4288 167.215134 155.271194
3999 125.411354 421.023834
4099 110.48143 340.402252
4138 426.995789 113.467415
4107 471.785553 268.738617
4154 209.018921 292.626495
3747 268.738617 298.59845
3771 229.920807 274.710571
4294 104.50946 307.556396
2935 71.663628 331.444275
3996 220.96286 385.192017
3915 283.668549 376.23407
3693 223.948837 349.360199
3975 143.327255 415.051849
3997 206.032928 379.220032
4270 122.425369 188.117035
3868 158.257187 56.733707
4259 328.458313 98.537491
3905 376.23407 355.332153
4054 429.981781 315.319977
3715 397.733154 272.321808
3910 379.817261 365.484528
4167 426.398621 111.078629
4006 114.661812 383.400421
3741 343.985443 297.404083
4088 318.903168 311.736786
4139 343.985443 265.155426
3797 311.736786 247.239532
4193 211.407715 272.321808
3735 268.738617 297.404083
3772 229.323624 275.904999
3285 222.157257 386.983612
3694 207.824539 379.817261
4059 168.409531 354.734985
3796 343.985443 236.48999
4256 329.65271 96.745903
3871 218.574081 121.828178
3456 336.819061 404.899536
4147 505.0 263.0
4117 136.0 315.0
3706 351.600006 300.0
3370 24.0 44.400002
4150 505.200012 262.800018
3730 397.440002 270.720001
3820 259.200012 50.400002
3361 42.0 117.600006
4081 502.560028 288.0
3952 159.600006 445.200012
4210 423.360016 46.080002
4035 428.400024 316.800018
3437 370.080017 421.920013
3759 387.072021 114.048012
4084 349.920013 299.52002
3805 265.200012 172.800003
4201 342.720001 239.040009
3269 253.440002 383.040009
4292 109.440002 308.160004
3775 397.440033 219.456024
4185 439.603271 60.134407
4180 433.382446 120.268814
3791 400.204865 219.801636
3697 348.364838 298.59845
3354 311.040039 247.104019
3155 292.032013 392.256042
3851 36.288002 221.184021
4130 345.876526 298.59845
4272 253.808685 161.243164
4183 430.479431 119.439377
3987 196.992035 391.910461
3940 325.472321 337.41626
3696 346.374207 298.59845
4164 426.995789 113.467415
4290 164.826355 121.828178
