343
-1.1 -0.448 -0.0332 -0.023 0.865 0.349 0.36 
4163 468.0 22.0
4378 104.0 435.0
4628 268.0 44.0
3817 164.400009 104.400002
4667 311.0 53.0
4220 289.0 40.0
4622 48.0 219.0
4351 367.0 438.0
3481 345.600006 448.800018
4349 353.0 410.0
4567 154.0 244.0
4147 518.0 260.0
3809 80.0 188.0
4638 157.200012 22.800001
4630 225.600006 93.600006
4355 319.0 440.0
4373 288.0 449.0
4364 273.0 460.0
4388 261.0 427.0
4570 219.0 235.0
4581 199.0 239.0
4277 236.0 151.0
4401 159.0 400.0
4434 191.0 356.0
4425 156.0 366.0
4108 465.0 276.0
4376 190.0 443.0
4216 220.800003 51.600002
4515 57.0 283.0
4531 84.0 262.0
4529 64.0 265.0
2915 189.600006 296.400024
4119 270.0 295.0
4461 86.0 322.0
4418 240.000015 378.0
4365 224.400009 454.800018
4111 112.800003 325.200012
4485 137.0 320.0
4308 683.0 408.0
4316 648.0 372.0
4469 390.0 335.0
4068 474.0 300.0
4603 699.600037 182.400009
4626 384.0 137.0
3706 362.400024 298.800018
4152 356.0 263.0
3818 261.600006 190.800003
3370 34.0 42.0
4276 175.0 55.0
4273 166.800003 49.200001
3451 367.200012 438.000031
4347 352.800018 409.200012
4280 236.400009 103.200005
4539 513.600037 259.200012
4417 118.080002 371.52002
4375 249.0 447.0
4382 260.400024 427.200012
4101 489.600006 267.600006
4538 478.0 266.0
4387 146.0 426.0
3825 132.480011 182.880005
4400 158.400009 400.800018
4633 193.200012 356.400024
4438 172.800003 350.400024
4527 84.0 261.600006
4532 63.600002 265.200012
4500 181.440002 298.080017
4396 201.600006 416.160004
4466 44.640003 326.880005
4206 58.800003 282.0
4506 283.200012 294.0
4457 61.200001 322.800018
4472 93.600006 321.600006
4419 240.480011 377.280029
4420 264.0 376.800018
4449 246.000015 346.800018
3786 222.000015 276.0
4507 201.0 288.0
4561 196.800003 244.800003
4432 211.0 355.0
4332 642.0 310.0
4329 576.0 375.0
4315 649.200012 372.0
4035 442.080017 315.360016
3418 435.600006 410.400024
4637 372.0 405.600006
4363 394.560028 358.560028
3406 495.936035 425.088043
4173 444.960022 115.200005
4625 514.0 29.0
4203 505.440033 233.280014
3698 361.440002 298.080017
3746 331.200012 259.200012
4381 103.200005 434.400024
4410 103.0 382.0
3843 272.400024 117.600006
3820 267.839996 44.640003
4226 223.200012 26.400002
4670 310.800018 52.800003
3804 300.0 175.200012
3361 51.840004 113.760002
4575 101.0 230.0
3359 22.800001 223.200012
3832 177.12001 155.520004
4525 83.520004 262.080017
4109 465.600006 276.0
4102 512.640015 257.76001
3917 295.200012 443.52002
3496 324.0 419.040009
4423 184.896011 378.432037
4404 158.400009 400.320007
4426 157.248016 364.608032
3990 198.720001 403.200012
4385 146.400009 426.000031
3737 282.240021 293.76001
4522 246.000015 274.800018
4632 283.200012 244.800003
4513 57.600002 282.240021
2884 168.480011 345.600006
3998 60.480003 434.880005
4470 60.480003 322.559998
4465 60.480007 323.136017
4464 92.160004 329.76001
4473 72.0 318.240021
4640 430.560028 40.32
4574 212.544022 240.192017
4442 246.240005 347.040009
4492 267.600006 310.800018
4491 146.88002 314.496033
4331 576.0 374.400024
4314 648.0 372.960022
3665 441.600006 316.800018
4519 436.320007 272.160004
4076 487.200012 296.400024
3420 437.184052 409.536041
3431 392.400024 435.600006
4439 434.400024 362.400024
3912 393.984039 359.424042
4595 656.400024 200.400009
4600 699.840027 181.440002
3780 398.400024 109.200005
4634 514.800049 28.800001
4607 436.320007 218.880005
4611 409.200012 217.200012
4636 483.600006 150.0
3353 319.680023 243.648026
4366 248.400009 447.600006
3463 352.800018 408.960022
4505 195.840012 289.440002
4227 259.200012 190.080017
3841 235.008026 150.336014
4201 352.800018 236.160004
4648 102.240005 34.560001
4275 120.960007 123.840004
4222 167.040009 48.960003
4591 100.800003 230.400009
3816 176.256012 155.52002
3366 132.0 182.400009
3783 220.320007 276.480011
4237 229.82402 243.648026
4516 271.296021 274.752014
3338 241.920029 273.024017
3269 264.384033 385.344025
4185 449.971252 53.913609
4181 449.280029 55.296005
4651 428.544037 41.472004
3957 190.080017 440.640045
4171 41.472004 305.856018
4458 141.12001 342.720001
4120 136.512009 314.496033
4121 125.280006 319.680023
4447 93.312012 330.048035
4482 72.576004 317.952026
4478 248.832031 324.864044
3728 267.839996 311.040009
3701 236.160004 349.920013
4313 648.000061 373.248047
3660 442.368042 316.22403
4136 408.960022 269.279999
4114 487.296051 267.840027
3896 436.320007 408.960022
3429 391.680023 436.320007
3909 393.98407 358.732849
4344 495.590485 425.088074
4602 699.840088 181.440018
3759 397.440002 109.440002
4619 435.456055 219.456024
3775 409.536041 216.000015
4643 483.840027 149.76001
3211 295.488037 444.096039
4524 82.944008 262.656036
3686 103.680016 431.308868
4405 86.400009 381.888031
4383 145.440002 426.240021
2868 192.844833 354.585663
4645 227.520004 118.080002
4243 311.040039 51.840004
4580 217.728027 235.008026
4551 352.512024 236.736023
4654 298.944031 174.528015
4247 101.952011 34.560005
4293 32.832005 39.744003
3840 176.256012 114.048012
3835 120.960014 122.688011
4228 100.800003 230.400009
4680 133.919998 192.960007
4233 265.420837 385.689667
4063 251.320358 343.388214
3764 117.504013 335.232025
4095 136.85762 313.113647
4292 119.439377 306.063416
4495 112.320007 309.312042
4480 248.832031 323.481659
3700 235.008026 349.05603
4428 219.456024 357.696045
4251 311.040039 51.840008
4564 98.49601 231.552017
3830 49.766407 217.728027
4494 441.676849 315.187256
4012 390.528046 336.960022
3751 381.54245 265.420837
3848 103.680016 41.472008
4318 649.036865 373.248047
4130 350.438446 296.524841
4339 642.81604 311.040039
4407 691.753052 286.15683
4350 437.529663 408.499268
3430 389.836853 435.456055
4361 390.66629 360.806458
4248 176.256027 114.048019
3855 120.268814 122.342415
4674 167.961624 51.840008
3455 352.512054 408.499268
3913 293.76004 381.888031
4244 257.126434 190.771225
4582 215.654434 234.316833
3842 228.096039 114.048019
4284 267.494446 47.692806
4554 700.876892 180.403229
4653 483.840057 150.336014
4655 429.23526 41.472008
2910 39.744003 395.712036
4093 507.61734 258.785309
4124 487.296082 267.494446
4129 199.065628 296.524841
4530 80.870415 261.273651
4153 269.568024 271.641632
3260 190.771225 435.456055
4384 147.225616 429.23526
2862 191.808014 355.968048
4446 141.696014 343.87204
4487 440.432709 316.016693
4021 390.66629 335.923248
4590 393.154602 226.437149
4572 355.829803 261.273651
3801 320.993317 243.855392
4307 681.799805 403.10791
4317 646.963318 375.736359
3863 176.670746 116.951057
3862 166.717468 49.766407
4263 119.439377 121.927696
4612 109.486099 72.161293
4358 391.163971 361.304138
4211 457.850952 218.972198
4335 642.816101 311.040039
4286 176.256027 153.446426
4328 574.802002 375.736359
4577 213.995544 233.902115
4252 253.808685 191.103012
4676 233.902115 149.299225
4285 226.437149 114.462738
3901 350.85318 410.572845
3155 303.575073 398.131256
4583 99.532814 230.169632
3851 52.254726 216.483871
4183 440.432709 114.462738
4249 387.763245 116.121613
3785 194.088989 291.133484
3781 47.278088 328.458282
4528 79.626251 263.761963
4673 282.009644 294.451233
4141 240.537628 273.71524
4463 121.927696 340.899902
4055 236.390427 348.364838
4256 335.923248 95.385612
4341 492.687439 425.502777
3940 338.41156 340.899902
3914 295.612457 382.206024
4352 440.731354 408.482697
4455 122.425369 340.402252
3696 352.346191 298.59845
4545 322.486328 244.850739
4157 456.855652 217.976868
4568 191.103012 232.906799
4288 176.173096 152.285217
4327 576.892212 376.23407
4167 438.939728 107.495445
4594 683.790466 206.032928
4610 651.939941 199.065628
4560 699.218018 181.647385
4509 203.046951 295.612457
4486 155.271194 313.528381
4517 222.157257 272.321808
4559 128.397339 241.864746
4048 465.813599 304.570435
4294 116.4534 307.556396
4520 80.621582 265.752625
3747 280.682556 295.612457
4518 223.948837 289.640503
4145 268.738586 273.71524
4395 155.271194 418.037842
3987 209.018906 395.642944
3281 221.46051 380.713013
4246 335.923248 94.556175
3857 226.93483 116.4534
3769 391.163971 223.948837
4337 641.986633 311.040039
3797 322.486359 243.656357
3910 394.149963 369.067719
4330 576.295044 376.23407
4616 212.004898 232.906799
4269 175.575897 232.906799
4682 175.575897 154.076813
4605 653.930603 197.074982
4154 204.241348 293.820892
4546 179.159088 247.239532
4445 82.413177 329.65271
4533 78.829994 265.155426
3793 265.155426 272.321808
3344 238.878769 274.710571
4059 179.159088 354.734985
3996 232.906799 388.177979
4071 236.48999 340.402252
4270 131.383316 185.131042
4290 175.575897 118.244995
3796 354.734985 232.906799
4259 337.41626 92.565521
3871 225.740448 114.661812
3915 297.404083 379.817261
3959 508.811798 343.985443
4023 441.92572 316.514374
4334 644.972656 313.528381
4484 532.0 329.0
4586 199.0 239.0
4094 542.0 275.0
4356 312.0 429.0
4421 124.0 375.0
4440 186.0 351.0
4521 246.0 275.0
4467 282.0 339.0
4614 408.0 218.0
4374 210.000015 442.800018
4144 189.600006 296.400024
4511 208.800003 290.400024
4597 214.800003 242.400009
4433 211.200012 355.200012
4333 643.200012 310.800018
4565 195.840012 244.800003
4218 158.400009 249.12001
4490 110.880005 308.160004
4336 642.240051 309.600006
4642 514.080017 28.800001
4593 465.120026 30.240002
3758 357.120026 262.080017
4534 305.279999 256.320007
3619 247.680008 449.280029
4553 195.264023 245.376022
4422 184.896011 378.432037
4441 158.976013 347.328033
3985 198.720016 402.624023
4650 278.208038 340.416046
3720 267.840027 311.040039
4158 409.536041 269.568024
3828 228.096024 117.504013
3839 219.456024 53.568005
4479 111.974419 308.966431
4062 170.035217 344.217651
4451 151.372818 342.144043
4116 143.078415 311.040039
4489 321.408051 311.040039
4304 694.656128 393.98407
4613 659.404907 182.476822
3716 39.398407 393.98407
4399 211.507233 400.204865
3732 408.084534 268.738586
4100 333.434937 313.528351
4281 164.229141 104.509453
3433 385.689667 430.479431
4558 97.044495 231.413788
4090 331.444275 313.528381
4576 149.299225 244.850739
4096 483.729492 265.752625
3881 170.201126 343.388214
3997 217.976868 382.206024
4555 95.551506 232.906799
4437 103.91227 333.235901
2935 96.745903 333.235901
4359 394.149963 369.067719
4606 437.148163 103.91227
4663 204.241348 186.325439
4104 498.062256 254.405899
4107 483.729523 265.155426
3694 218.574081 379.817261
4264 336.819061 93.16272
4054 440.731354 315.319977
4320 644.972717 376.23407
4338 644.972717 311.736786
