353
-1.2 -0.516 0.175 -0.00533 0.869 0.339 0.361 
4223 220.0 215.0 209.768768 215.0
4107 296.0 330.0 277.58609 330.0
3788 242.0 175.0 231.455307 175.0
4671 279.0 139.0 269.345551 139.0
4664 447.0 60.0 434.08783 60.0
4616 730.0 200.0 716.168884 200.0
4542 551.0 300.0 534.808411 300.0
4060 513.0 297.0 497.045776 297.0
4455 164.0 397.0 140.88562 397.0
4513 582.0 344.0 562.69458 344.0
4155 461.0 135.0 446.921051 135.0
4429 281.0 430.0 254.85611 430.0
4657 683.0 219.0 669.775452 219.0
4164 466.0 24.0 452.467987 24.0
4608 205.0 269.0 191.425079 269.0
4610 158.0 275.0 143.65181 275.0
4535 221.0 323.0 203.079834 323.0
4646 410.0 130.0 397.291595 130.0
4662 493.0 167.0 485.153107 167.0
4224 341.0 114.0 332.182678 114.0
4305 171.600006 73.200005 159.793427 73.200005
4640 708.0 225.600006 695.033875 225.600006
3368 196.800003 334.800018 177.949631 334.800018
4065 174.0 394.800018 151.047745 394.800018
4505 159.600006 351.600006 139.375549 351.600006
4220 438.000031 85.200005 425.835907 85.200005
4187 458.400024 26.400002 445.458008 26.400002
4638 272.400024 270.0 258.580231 270.0
4617 681.600037 219.600006 668.736938 219.600006
4653 103.200005 260.400024 89.910019 260.400024
4418 134.400009 436.800018 107.72187 436.800018
4557 249.600006 306.0 233.097458 306.0
4256 204.000015 159.600006 192.909698 159.600006
4304 232.800003 133.200012 222.218216 133.200012
4630 177.600006 265.200012 164.601471 265.200012
4425 253.200012 433.200012 227.242874 433.200012
4147 465.600006 24.0 452.280853 24.0
4488 114.000008 370.800018 92.525742 370.800018
4456 260.400024 394.800018 237.095261 394.800018
4538 56.400002 321.600006 38.566807 321.600006
4545 230.400009 310.800018 213.423035 310.800018
3715 428.400024 300.0 412.267395 300.0
4016 500.400024 334.800018 481.51236 334.800018
4098 500.400024 294.0 485.267487 294.0
3860 446.400024 426.000031 411.257904 426.000031
4190 420.000031 128.400009 407.627228 128.400009
4676 410.400024 129.600006 397.410797 129.600006
4077 339.600006 349.200012 319.850281 349.200012
3739 372.0 292.800018 356.779816 292.800018
3768 316.800018 286.800018 301.761719 286.800018
4596 141.600006 276.0 127.247948 276.0
4408 56.400002 451.200012 28.50296 451.200012
4229 277.200012 94.800003 266.366455 94.800003
4666 274.800018 64.800003 263.655731 64.800003
3773 268.800018 213.600006 259.173706 213.600006
4228 307.200012 196.800003 298.221497 196.800003
4708 135.600006 208.800003 124.304146 208.800003
4440 576.0 393.120026 553.177795 393.120026
4622 272.160004 269.279999 258.268097 269.279999
4574 542.880005 286.559998 528.178345 286.559998
4529 586.080017 322.559998 568.261719 322.559998
4178 440.640045 60.480007 428.527405 60.480007
4599 201.600006 275.040009 187.540634 275.040009
4111 280.800018 331.200012 262.341034 331.200012
4604 156.960007 275.040009 142.187714 275.040009
4168 228.960007 311.040009 211.797577 311.040009
4491 76.32 364.320007 55.205006 364.320007
4534 56.160004 321.120026 38.559326 321.120026
4695 280.800018 349.920013 261.074463 349.920013
4458 145.440002 391.680023 122.051208 391.680023
3731 141.12001 362.880005 119.927299 362.880005
4104 499.680023 293.76001 484.394775 293.76001
4670 410.400024 129.600006 396.989014 129.600006
4139 460.800018 135.360001 446.806763 135.360001
4680 400.320007 135.360001 387.454498 135.360001
4186 316.800018 286.559998 301.93457 286.559998
4556 84.960007 296.640015 68.513748 296.640015
4239 276.480011 95.040001 266.051971 95.040001
4251 241.920013 125.280006 230.601517 125.280006
4696 342.720001 115.200005 333.900024 115.200005
4697 308.160004 197.280014 298.537384 197.280014
4303 48.960003 128.160004 36.302589 128.160004
3777 168.480011 128.160004 157.052795 128.160004
4679 171.360001 73.440002 159.729797 73.440002
4307 53.280003 141.12001 40.135036 141.12001
3771 135.360001 208.800003 124.260529 208.800003
3789 123.840004 148.320007 111.784386 148.320007
4163 463.104034 74.304008 449.576874 74.304008
4439 200.448013 407.808044 176.272858 407.808044
4661 438.912048 86.400009 426.901337 86.400009
4633 177.984024 264.384033 164.927261 264.384033
3358 248.832031 305.856018 232.795731 305.856018
4131 205.632019 336.960022 186.702835 336.960022
4549 216.000015 305.856018 199.169296 305.856018
4523 57.024006 324.864044 39.056664 324.864044
4532 58.752007 319.680023 41.277489 319.680023
4420 252.288025 432.000031 226.648361 432.000031
4476 100.224007 380.160034 77.321228 380.160034
4252 93.312012 376.704041 70.369942 376.704041
3328 247.104019 397.440033 223.466156 397.440033
4490 262.656036 366.336029 241.710403 366.336029
4452 577.152039 393.984039 554.513489 393.984039
3710 428.544037 298.944031 412.174591 298.944031
4578 535.680054 285.120026 520.223633 285.120026
4366 432.000031 421.63205 396.821564 421.63205
3996 414.720032 378.432037 392.920593 378.432037
4497 468.288055 352.512024 448.267426 352.512024
4648 680.832092 217.728027 666.863892 217.728027
4157 459.648041 134.784012 445.596497 134.784012
4631 331.776031 271.296021 318.254089 271.296021
3765 317.952026 286.848022 301.970337 286.848022
4553 84.672005 297.216034 68.049423 297.216034
3779 50.112003 248.832031 37.610081 248.832031
4241 274.752014 70.848007 263.802032 70.848007
4682 316.22403 72.576004 306.925995 72.576004
3783 266.11203 214.272018 255.598877 214.272018
4261 279.936035 138.240021 268.934174 138.240021
4700 307.584015 196.99202 298.318909 196.99202
4701 50.112003 127.872009 36.33477 127.872009
4642 105.408012 60.480007 92.673233 60.480007
4702 171.072021 72.576004 159.340775 72.576004
3799 130.636826 211.507233 118.75103 211.507233
4469 145.152023 389.836853 122.067238 389.836853
3793 126.489616 383.616058 104.40667 383.616058
4422 230.169632 437.529663 203.782227 437.529663
4445 259.200043 393.98407 236.285019 393.98407
3718 279.936035 348.364838 260.182068 348.364838
3697 261.273651 367.027252 239.86644 367.027252
4265 344.217651 213.580826 333.542145 213.580826
4442 466.560059 408.499268 442.356323 408.499268
3999 468.633667 352.512054 448.346252 352.512054
4686 400.204865 136.85762 387.380035 136.85762
4262 342.144043 114.048019 333.48645 114.048019
4271 317.260834 70.502411 306.890472 70.502411
3713 429.23526 298.59845 412.255859 298.59845
4211 449.971252 242.611237 436.950806 242.611237
4210 410.572845 250.90564 397.120667 250.90564
4647 111.974419 97.459213 99.887039 97.459213
4313 234.316833 141.004822 223.829803 141.004822
3763 333.84964 271.641632 320.204803 271.641632
4364 431.308868 420.940857 395.668854 420.940857
4509 584.75531 342.144043 565.547546 342.144043
4444 578.534485 391.910461 555.914368 391.910461
4681 273.71524 68.42881 263.365814 68.42881
4201 439.603271 85.017609 426.933868 85.017609
4562 82.944016 296.524841 66.255188 296.524841
3786 87.091209 284.083252 72.435944 284.083252
4317 51.840008 246.758438 39.694962 246.758438
4079 507.61734 296.110107 491.8992 296.110107
4138 194.918427 333.84964 176.781052 333.84964
3803 196.992035 259.200043 183.670395 259.200043
3750 250.90564 304.819244 233.737305 304.819244
4600 277.862427 271.641632 263.269562 271.641632
4601 223.948837 263.347229 210.147263 263.347229
3706 174.182419 391.910461 151.758286 391.910461
3665 271.641632 435.456055 244.559097 435.456055
4162 442.921021 141.834259 428.888916 141.834259
4272 181.647385 141.834259 169.513031 141.834259
4268 343.388214 114.462738 334.462463 114.462738
4279 323.481659 104.509453 313.684845 104.509453
4280 316.016693 72.161293 306.066071 72.161293
4367 427.991089 423.014465 392.301636 423.014465
4135 427.991089 298.59845 411.255981 298.59845
3692 378.224701 333.434937 359.433624 333.434937
4159 410.572845 251.320358 397.132416 251.320358
4498 467.80423 353.341492 447.38736 353.341492
4217 335.923248 273.71524 320.981445 273.71524
4264 171.694107 74.649612 159.57666 74.649612
4609 679.311462 218.972198 666.242859 218.972198
3804 233.902115 139.345947 222.52739 139.345947
4257 87.091209 283.668518 72.876556 283.668518
4706 52.254726 246.343719 40.368294 246.343719
4572 532.500549 283.668518 517.157166 283.668518
4615 144.322586 273.71524 128.820557 273.71524
4550 281.180206 306.063416 263.445496 306.063416
3362 248.832031 306.063416 232.47287 306.063416
4311 221.46051 263.761963 208.079391 263.761963
3795 121.927696 149.299225 109.166168 149.299225
4282 179.159073 140.341278 168.751678 140.341278
4278 173.187103 77.635597 160.962982 77.635597
4275 343.388214 113.467415 335.087524 113.467415
4130 495.673431 238.878769 482.937775 238.878769
4283 268.738617 179.159073 259.036682 179.159073
4558 543.449219 286.65451 528.590271 286.65451
4281 232.906799 137.355286 221.995758 137.355286
3805 223.948837 77.635597 213.051132 77.635597
4051 370.262085 334.430267 352.875854 334.430267
4573 334.430267 271.724609 319.564728 271.724609
4619 680.804504 217.976868 666.500427 217.976868
4081 325.472321 349.360199 305.594116 349.360199
4565 80.621582 298.59845 63.976353 298.59845
4571 86.593552 283.668549 72.574524 283.668549
4090 507.617371 295.612457 491.952301 295.612457
4581 531.505249 283.668549 516.846924 283.668549
3745 280.682556 307.556396 262.960297 307.556396
3371 247.836716 307.556396 232.191925 307.556396
4267 274.710571 271.724609 262.324219 271.724609
4614 220.96286 262.766632 207.595932 262.766632
3681 244.850739 397.135956 221.675507 397.135956
4315 104.50946 62.705677 93.238739 62.705677
4508 468.799591 352.346191 447.710022 352.346191
3992 415.051849 379.220032 393.326752 379.220032
4296 107.495445 68.080452 93.999321 68.080452
4289 257.989075 214.990891 247.026901 214.990891
4290 268.738617 179.159088 258.688599 179.159088
4260 193.491806 261.572266 180.663116 261.572266
4627 157.659988 279.488159 143.240295 279.488159
4471 544.643616 386.983612 521.024597 386.983612
4555 505.228607 293.820892 490.501831 293.820892
4582 530.310852 283.07135 516.054016 283.07135
4183 472.97998 240.073166 460.675537 240.073166
4219 447.897705 68.080452 433.568909 68.080452
3767 96.745903 379.817261 75.376312 379.817261
4501 118.244995 347.568604 97.915092 347.568604
4473 82.413177 376.23407 59.973061 376.23407
4563 78.829994 300.987244 61.702869 300.987244
4595 128.994537 272.321808 115.25248 272.321808
3359 247.239532 308.153625 231.246048 308.153625
4206 293.820892 272.321808 278.452423 272.321808
4693 136.160904 211.407715 125.549576 211.407715
4294 171.992722 75.246811 159.964279 75.246811
4287 343.985443 111.078629 336.205231 111.078629
4015 500.400024 334.800018 481.51236 334.800018
4221 448.800018 262.800018 435.130829 262.800018
4308 182.400009 181.200012 171.200302 181.200012
4486 76.800003 364.800018 55.488224 364.800018
4441 255.0 405.0 230.86702 405.0
4524 58.800003 324.0 40.728504 324.0
4644 447.840027 262.080017 434.424042 262.080017
3701 365.76001 332.640015 347.554077 332.640015
4504 567.360046 347.040009 547.789673 347.040009
3778 187.200012 267.839996 173.550797 267.839996
4485 76.32 364.320007 55.205006 364.320007
4479 113.760002 370.080017 92.489761 370.080017
3854 446.400024 426.240021 411.091003 426.240021
3743 371.52002 292.320007 356.23587 292.320007
4096 295.200012 329.76001 276.887421 329.76001
4510 514.944031 330.048035 496.137909 330.048035
4171 228.096024 311.040039 210.952133 311.040039
4415 271.641632 435.456055 244.559097 435.456055
4119 295.488037 330.048035 276.976349 330.048035
4421 120.960014 438.912048 94.21801 438.912048
4709 233.280014 141.12001 223.08345 141.12001
4704 308.966431 196.992035 299.589966 196.992035
3722 294.451233 329.702454 276.506775 329.702454
3716 368.271423 333.434937 350.049561 333.434937
4026 266.250275 388.177979 242.937683 388.177979
4141 456.855652 134.369308 443.614258 134.369308
4519 211.407715 333.235901 192.849304 333.235901
4451 96.745903 379.817261 75.376312 379.817261
4552 275.904999 304.570435 258.278839 304.570435
4133 426.398621 297.404083 411.651276 297.404083
