362
-1.32 -0.475 0.325 0.0279 0.877 0.346 0.333 
4107 295.200012 362.400024 275.245636 362.400024
4221 446.400024 273.600006 432.329376 273.600006
4520 371.0 360.0 351.196838 360.0
3773 253.200012 235.200012 243.080399 235.200012
4676 396.000031 138.0 382.235321 138.0
4223 202.0 241.0 191.315063 241.0
4015 514.0 348.0 494.213959 348.0
4665 465.0 101.0 456.745178 101.0
4664 427.200012 63.600002 414.185364 63.600002
4164 444.0 25.0 430.195343 25.0
4513 600.0 352.0 579.467529 352.0
4215 420.0 90.0 407.269135 90.0
4662 478.0 169.0 470.375458 169.0
4504 589.200012 357.600006 567.421387 357.600006
4655 524.400024 260.400024 511.559082 260.400024
4666 248.400009 81.600006 237.068619 81.600006
4677 216.000015 189.600006 205.05159 189.600006
4646 395.0 138.0 382.594147 138.0
4634 727.200012 186.0 713.078247 186.0
4640 706.800049 213.600006 693.99585 213.600006
4256 180.0 184.800003 169.273285 184.800003
4657 678.240051 207.360016 664.690125 207.360016
4610 140.400009 313.200012 124.716354 313.200012
4596 121.200005 315.600006 106.117523 315.600006
4622 257.76001 296.640015 243.249069 296.640015
4547 61.200001 344.400024 42.916817 344.400024
4545 222.000015 346.800018 203.443497 346.800018
4488 96.0 429.600006 72.252319 429.600006
4608 190.800003 301.200012 176.204987 301.200012
4072 388.800018 358.800018 368.079071 358.800018
3768 312.480011 311.040009 296.774902 311.040009
4597 362.400024 282.0 346.713989 282.0
4253 294.0 86.400002 283.184479 86.400002
4671 259.200012 157.200012 248.539566 157.200012
3777 140.400009 154.800003 128.657822 154.800003
4667 148.800003 102.000008 136.162766 102.000008
4679 139.680008 96.480003 127.190536 96.480003
4232 198.000015 93.600006 186.112915 93.600006
4031 513.600037 348.0 493.821136 348.0
4709 210.816025 162.432022 199.779358 162.432022
4537 572.400024 336.0 553.582703 336.0
4670 394.560028 138.240005 381.963013 138.240005
3351 276.480042 336.960022 258.677124 336.960022
4630 160.800003 300.0 146.516998 300.0
4604 138.240021 312.768036 122.576202 312.768036
4556 60.480003 344.160004 42.178741 344.160004
4456 263.52002 442.080017 237.266113 442.080017
4124 138.240005 408.960022 114.855804 408.960022
4695 281.664032 388.800049 259.956177 388.800049
4110 277.920013 367.200012 257.464996 367.200012
4144 252.000015 351.360016 233.000839 351.360016
4591 186.624023 309.312042 171.867065 309.312042
4535 212.400009 361.200012 193.231827 361.200012
3368 185.76001 378.720001 165.421097 378.720001
4645 420.000031 254.400009 406.483002 254.400009
4578 541.440002 289.440002 525.403076 289.440002
4649 707.040039 213.12001 694.143921 213.12001
4583 361.440002 282.240021 346.281647 282.240021
4653 79.488007 300.672028 65.00988 300.672028
4672 247.680008 82.080002 236.471039 82.080002
4261 259.200012 157.248016 248.254059 157.248016
4697 292.320007 214.560013 283.334778 214.560013
3789 95.040001 180.0 81.658989 180.0
4067 518.400085 304.819244 501.407593 304.819244
4648 677.376038 207.360016 663.995117 207.360016
3745 277.920013 336.960022 260.145142 336.960022
4600 269.568024 298.944031 254.402725 298.944031
4599 188.640015 308.160004 173.757843 308.160004
4611 122.688011 314.496033 107.479752 314.496033
4505 145.152008 400.896027 123.020279 400.896027
4168 219.456024 347.328033 200.873352 347.328033
4518 177.12001 381.600006 156.605042 381.600006
4457 262.656036 442.368042 236.485794 442.368042
4557 243.360016 339.840027 225.173553 339.840027
4554 221.875229 340.070435 204.232666 340.070435
4601 211.507233 292.377655 196.723145 292.377655
4500 93.312012 406.080048 71.421928 406.080048
4111 278.208038 366.336029 258.040802 366.336029
4104 506.304047 302.400024 489.834991 302.400024
4574 540.864075 290.304016 524.655029 290.304016
3996 429.120026 406.080017 405.208832 406.080017
4497 482.112061 373.248047 460.467743 373.248047
4658 706.752075 212.544022 693.774414 212.544022
4178 421.63205 63.936005 408.467255 63.936005
4680 385.689667 145.152023 372.549957 145.152023
4678 292.032013 288.576019 277.953125 288.576019
4077 343.87204 381.888031 322.381104 381.888031
3771 112.320007 241.920013 99.826012 241.920013
4263 309.312042 69.12001 299.107727 69.12001
3783 252.288025 235.008026 241.883743 235.008026
4642 67.392006 88.128006 53.589783 88.128006
3794 196.99202 93.312012 185.474884 93.312012
4702 139.968018 96.768005 127.203568 96.768005
3791 153.792007 162.432022 142.254074 162.432022
4138 196.992035 377.395264 176.875885 377.395264
4633 161.740829 298.59845 147.495361 298.59845
4158 248.832031 350.438446 230.106445 350.438446
4171 219.801636 346.29126 201.107727 346.29126
4452 607.56488 408.499268 582.784851 408.499268
4509 601.344055 350.784027 580.879883 350.784027
4211 445.824066 252.979233 432.304657 252.979233
4210 408.499268 263.347229 393.991119 263.347229
4079 515.082336 306.063416 497.984528 306.063416
4016 511.488037 347.328033 491.419464 347.328033
3999 483.148865 371.174438 461.45993 371.174438
4656 709.171326 211.507233 697.289001 211.507233
3358 242.611237 337.996857 224.745331 337.996857
3763 327.628845 292.377655 313.46994 292.377655
4580 362.880066 279.936035 347.297852 279.936035
3776 122.342415 313.113647 107.840538 313.113647
3799 111.974419 242.611237 100.036827 242.611237
4553 60.134407 344.217651 41.412701 344.217651
4271 291.133484 84.60289 281.436371 84.60289
4681 247.104019 82.944008 236.411545 82.944008
4262 320.993317 126.904335 311.792938 126.904335
4269 308.966431 68.42881 298.968567 68.42881
4490 263.347229 408.499268 239.783569 408.499268
3795 93.312012 178.32962 80.907776 178.32962
4257 62.208008 329.702454 46.357159 329.702454
4051 383.201324 358.318115 362.94812 358.318115
4217 328.458282 293.621796 313.691559 293.621796
4586 360.806458 281.180206 346.030945 281.180206
4268 322.486328 125.411354 314.015411 125.411354
4276 308.551727 69.672974 298.480408 69.672974
4686 385.192017 149.299225 371.178986 149.299225
3985 527.523926 340.899902 507.377777 340.899902
3710 430.479431 316.016693 413.786316 316.016693
4444 612.126831 408.084534 586.588745 408.084534
4462 574.802002 405.596222 549.653076 405.596222
3805 197.074982 95.551506 185.295578 95.551506
4264 139.345947 97.044495 127.164055 97.044495
4609 677.818481 206.032928 662.533447 206.032928
4313 209.018906 159.252502 198.895142 159.252502
4493 124.416016 408.499268 102.10276 408.499268
4131 199.065628 378.224701 178.410095 378.224701
4090 513.589355 304.570435 497.017517 304.570435
4562 57.231369 345.876526 39.26873 345.876526
3362 241.864746 340.402252 224.399338 340.402252
4546 370.262085 313.528381 354.483856 313.528381
4587 361.304138 280.682556 346.405487 280.682556
4081 328.458282 383.201324 306.890381 383.201324
4315 68.677643 89.579536 54.145573 89.579536
4267 268.738617 298.59845 253.334839 298.59845
4280 292.626495 83.607567 281.262085 83.607567
4471 576.295044 406.093903 551.300598 406.093903
4289 243.656357 236.48999 232.778595 236.48999
4278 139.74408 100.329086 128.898941 100.329086
3735 144.322586 400.619568 122.538269 400.619568
3703 400.121918 313.528381 383.975311 313.528381
4185 401.316345 265.155426 386.453613 265.155426
4619 677.221313 204.241348 662.158752 204.241348
4635 680.804504 191.103012 666.800415 191.103012
3816 189.90863 236.48999 179.260483 236.48999
3804 209.018921 158.257187 198.978394 158.257187
4272 155.271194 167.215134 142.886765 167.215134
4183 471.785553 247.836716 457.098389 247.836716
4311 209.018921 292.626495 194.166916 292.626495
4550 274.710571 337.41626 256.175171 337.41626
3750 243.855392 338.41156 225.62149 338.41156
4287 322.486359 125.411354 314.330841 125.411354
4501 103.91227 401.316345 80.877449 401.316345
4159 403.10791 262.766632 388.314667 262.766632
4282 154.076813 168.409531 142.425873 168.409531
4206 286.654541 297.404083 271.349426 297.404083
4615 122.425369 313.528381 107.911308 313.528381
4693 111.078629 243.656357 99.840096 243.656357
4573 329.65271 293.820892 314.457489 293.820892
4593 361.901337 279.488159 346.616486 279.488159
4260 179.159088 293.820892 165.036621 293.820892
4555 512.394958 304.570435 495.885315 304.570435
4130 469.39679 247.239532 455.686035 247.239532
3371 243.656357 340.402252 224.437393 340.402252
4293 247.239532 82.413177 235.382874 82.413177
4236 302.0 115.0 291.801331 115.0
4616 729.0 187.0 714.049133 187.0
4237 270.0 75.600006 258.962311 75.600006
4304 210.000015 154.800003 198.570862 154.800003
4567 39.600002 338.400024 22.599529 338.400024
4441 258.0 456.000031 231.052994 456.000031
4548 673.200012 319.200012 654.17041 319.200012
4598 446.400024 273.600006 432.329376 273.600006
4708 111.600006 242.400009 99.797127 242.400009
4301 164.160004 204.480011 152.337387 204.480011
4544 672.480042 318.240021 653.405457 318.240021
3739 371.52002 312.480011 354.737823 312.480011
4512 108.000008 401.76001 86.148155 401.76001
4154 276.480042 336.960022 258.677124 336.960022
4631 331.776031 295.488037 316.308868 295.488037
4186 312.768036 311.040039 296.790497 311.040039
4521 196.992035 377.395264 176.875885 377.395264
4085 280.682556 388.177979 259.132874 388.177979
3716 382.206024 358.318146 361.120239 358.318146
4135 429.981781 315.319977 413.796112 315.319977
4102 146.910446 404.899536 124.772957 404.899536
4558 541.060425 275.904999 525.456726 275.904999
