381
-1.19 -0.609 0.607 -0.0183 0.882 0.353 0.311 
5101 716.0 227.0
5015 709.0 190.0
3818 197.0 210.0
3805 211.0 182.0
5019 684.0 218.0
4951 379.0 150.0
4981 404.0 267.0
4785 602.0 388.0
4776 432.0 394.0
4936 59.0 287.0
4895 36.0 295.0
5100 450.0 155.0
4873 496.0 326.0
4858 188.0 338.0
4980 414.0 41.0
4926 514.0 294.0
5091 82.800003 220.800003
4715 573.600037 446.400024
4621 466.800018 156.0
4720 366.0 441.600006
4781 435.600006 388.800018
4630 140.400009 92.400002
5054 708.0 256.800018
4992 716.400024 226.800003
5020 709.200012 189.600006
4957 216.000015 282.0
4714 110.400002 446.400024
4823 302.400024 369.600006
5009 498.000031 267.600006
5108 152.400009 160.800003
5111 151.200012 154.800003
4842 127.200005 343.200012
5073 79.200005 171.600006
5102 253.200012 96.0
4538 468.000031 304.800018
4567 36.0 294.0
5097 603.600037 199.200012
4667 248.400009 42.0
4944 178.800003 282.0
5044 388.800018 57.600002
5115 398.400024 26.400002
4995 394.800018 24.0
4837 133.200012 350.400024
4764 183.600006 400.800018
4753 171.600006 402.000031
4798 187.200012 373.200012
4840 163.200012 351.600006
4865 567.600037 342.0
5132 614.400024 375.600006
5116 697.200012 96.0
5045 657.600037 210.000015
4601 681.600037 178.800003
5128 444.000031 76.800003
5103 546.0 108.000008
4625 478.800018 22.800001
4627 462.000031 237.600006
5076 409.200012 226.800003
4891 280.800018 304.800018
4614 375.600006 242.400009
4702 205.200012 454.800018
4747 260.400024 397.200012
5099 205.200012 121.200005
3800 337.200012 236.400009
4626 342.0 144.0
5029 55.200001 105.600006
4277 159.600006 164.400009
5035 708.480042 188.640015
4812 470.880005 361.440002
4636 450.720032 154.080002
4539 508.320007 292.320007
5167 482.400024 289.440002
5183 149.76001 139.680008
4861 148.320007 336.960022
4736 180.0 416.160004
4573 396.000031 118.080002
4493 555.840027 375.840027
4821 568.800049 370.080017
5107 603.360046 198.720001
4079 493.920013 324.0
4544 468.000031 305.279999
5113 155.520004 103.680008
5075 79.200005 171.360001
3815 108.000008 146.880005
5114 41.760002 398.880005
5046 388.800018 57.600002
4952 131.040009 276.480011
4750 174.240005 400.320007
4806 187.200012 372.960022
4836 162.720001 349.920013
4511 109.440002 361.440002
4803 86.400002 374.400024
4946 73.440002 279.360016
5004 707.040039 257.76001
5048 656.640015 246.240005
4766 712.800049 404.640015
5024 404.640015 266.400024
5127 696.960022 95.040001
5032 656.640015 210.240005
5117 439.200012 79.200005
5118 544.320007 108.000008
5064 408.960022 226.080002
4954 264.960022 282.240021
4997 364.320007 249.12001
4913 303.840027 270.720001
3706 323.136017 369.792023
4857 109.440002 336.960022
4670 249.12001 43.200001
3780 357.120026 109.440002
4672 292.320007 214.560013
5182 374.400024 165.600006
5072 54.720001 105.120003
5016 54.720001 34.560001
4628 192.960007 31.68
5193 133.919998 211.680008
4937 395.712036 117.504013
5124 437.184052 165.888016
4643 451.008057 153.792007
4942 57.024006 283.392029
4817 570.240051 369.792023
4862 188.35202 338.688019
4848 160.70401 336.960022
5069 630.720032 224.640015
5122 603.072083 198.720016
4631 98.49601 184.896011
3816 79.488007 171.072021
2915 55.296005 388.800049
4280 155.52002 103.680008
4849 124.416016 336.960022
4762 184.896011 400.896027
4094 547.776062 314.496033
4541 514.944031 293.76004
4816 95.040009 362.880035
4507 89.85601 366.336029
4856 568.512024 342.144043
5039 654.912048 245.376022
4792 661.824036 381.888031
4877 416.448029 319.680023
4924 449.280029 286.848022
4977 404.352051 266.11203
4101 468.288055 305.856018
4774 432.000031 392.256042
4846 539.136047 349.05603
5106 587.520081 224.640015
5060 620.352051 174.528015
4595 654.912048 209.088013
5129 544.320068 108.864014
4635 461.376038 238.46402
5135 521.856079 210.816025
3746 279.936035 305.856018
4947 264.384033 281.664032
3758 312.768036 309.312042
4561 96.768005 293.76004
4566 34.560005 295.488037
5185 279.936035 95.040009
5174 248.832031 43.200005
5012 340.416046 143.424011
5053 76.032005 126.144012
4273 55.296005 34.560005
5133 696.384094 95.040009
4653 452.044861 153.446426
5021 396.057648 43.545605
4859 124.416016 335.923248
4671 78.796814 282.009644
5173 188.697632 371.174438
4724 165.888031 437.529663
4738 178.32962 416.793671
4791 101.606415 369.100861
4514 95.385612 360.806458
4930 597.196899 284.083252
4813 613.785706 358.732849
4800 555.724854 375.321655
4768 649.036865 404.352051
4771 661.478516 379.468842
4919 449.971252 286.15683
4540 468.633667 304.819244
4102 505.958466 290.304047
5148 588.902466 223.948837
5149 620.00647 172.108826
4602 711.244873 188.697632
5134 545.356873 109.900818
5143 474.854462 101.606415
5056 460.339264 236.390427
5041 410.572845 226.02243
5147 522.547302 209.433624
4879 279.936035 304.819244
4202 244.68483 302.745636
3834 271.641632 284.083252
4959 215.654434 286.15683
3742 346.29126 313.113647
4201 306.892853 271.641632
3737 211.507233 367.027252
3698 321.408051 367.027252
4218 43.545605 306.892853
4516 199.065628 333.84964
4773 41.472008 398.131256
4474 157.593628 427.161652
4850 159.667221 344.217651
3843 205.286423 120.268814
4243 248.832031 41.472008
3759 346.29126 116.121613
4986 342.144043 138.931213
5050 76.723213 126.489616
5037 58.060806 43.545605
3842 145.152023 116.121613
4284 194.918427 39.398407
4227 192.844833 209.433624
5166 698.803284 93.312012
4144 82.114571 385.689667
3783 121.927696 343.388214
5188 191.600662 365.783081
3751 345.876526 313.528351
4551 306.063416 271.226929
4084 320.993317 368.271423
4778 649.451599 405.596222
4756 659.404907 380.713013
3660 432.967743 390.66629
4871 684.288086 335.923248
5145 209.018906 121.927696
4885 278.691895 306.063416
4534 243.855392 303.575073
3354 271.226929 286.15683
5090 77.137932 171.694107
5142 544.942139 109.486099
4536 452.874298 303.575073
3732 380.713013 316.016693
4932 447.897675 286.15683
4588 403.10791 243.855392
4613 659.404907 191.600662
5049 410.572845 228.925476
4244 191.600662 209.018906
4775 609.638489 375.736359
3828 144.322586 116.951057
5155 577.290344 221.46051
5154 547.430481 151.787537
4500 54.74305 388.177979
4679 94.556175 271.226929
4978 67.184647 278.691895
4940 485.222473 288.645172
4719 156.764175 430.479431
5141 696.729675 94.556175
4797 659.902588 379.220032
4898 244.850739 301.584442
3801 268.738617 283.668549
5043 594.210938 283.668549
3733 346.374207 313.528381
5083 597.196899 116.4534
5150 546.435181 110.48143
4248 74.649612 122.425369
4542 453.869659 304.570435
4158 382.206024 316.514374
4975 447.897675 286.65451
4594 686.776428 214.990891
4958 653.930603 209.018921
5191 134.369308 212.004898
5152 209.018921 119.439384
4987 391.163971 56.733707
4145 197.074982 334.430267
4124 477.757538 307.556396
4553 95.551506 292.626495
4920 77.635597 298.59845
4239 128.397339 274.710571
5158 606.154846 200.060959
5159 552.407166 152.285217
4673 209.018921 370.262085
4249 343.388214 119.439384
4246 280.682556 92.565521
5151 474.771545 101.523476
4035 432.967773 391.163971
3745 347.568604 311.736786
4572 311.736786 308.153625
3863 75.246811 121.828178
4682 78.829994 168.409531
4610 652.139038 207.824539
4252 186.325439 211.407715
4272 197.074982 168.409531
4580 125.411354 275.904999
4568 93.16272 272.321808
5163 551.809998 150.493622
5161 544.643616 111.078629
3857 143.327271 118.244995
4901 161.243179 311.736786
4136 379.817261 315.319977
4211 433.564972 240.073166
4509 82.413177 383.400421
4829 78.829994 369.067719
5160 394.149963 103.91227
4804 609.140869 376.23407
4811 573.309082 369.067719
4093 501.645416 290.237701
3720 186.325439 401.316345
3747 207.824539 369.067719
3344 154.076813 336.819061
4968 340.402252 136.160904
4256 283.07135 93.16272
3696 308.153625 369.067719
4938 268.738617 283.07135
4831 659.30542 379.817261
5081 652.139038 240.073166
4745 288.0 399.600006
4828 578.400024 360.0
5068 76.800003 128.400009
5119 522.0 213.600006
4725 363.0 434.0
5123 590.400024 162.720001
4220 220.320007 27.360001
4496 556.800049 376.800018
4855 123.840004 336.960022
4784 99.600006 380.400024
4770 712.800049 405.600006
4876 453.600006 321.600006
4886 345.600006 313.200012
4739 22.800001 411.600006
5105 242.0 190.0
5000 26.400002 33.600002
5169 101.952011 200.448013
4860 188.640015 338.400024
4109 454.46405 321.40802
4976 404.400024 266.400024
4728 406.080017 437.76001
5026 483.840027 246.240005
3734 347.328033 312.768036
4899 41.760002 303.840027
3804 242.400009 190.800003
4843 539.136047 348.364838
3832 79.200005 171.360001
4216 131.040009 40.32
5059 69.120003 92.160004
4147 514.080017 293.76001
3757 188.35202 373.248047
4596 111.974419 275.788849
4761 648.000061 406.080048
4108 453.600006 321.120026
4068 470.016052 361.152039
4506 211.680008 367.200012
4953 171.072021 283.392029
4717 110.59201 445.824036
3820 193.536011 32.832005
4607 406.425659 242.611237
3709 261.273651 396.057648
4021 362.880035 433.728027
4780 49.766407 395.642944
4832 144.322586 350.85318
4281 55.296005 105.408012
4646 129.600006 39.744003
3841 158.976013 164.160019
3840 74.649612 118.195213
4796 552.407104 375.736359
4902 196.577301 286.15683
4089 244.850739 394.149963
4783 56.733707 388.177979
3785 80.621582 370.262085
5088 636.014709 176.173096
5153 457.850952 236.390427
4893 467.80423 306.063416
4971 65.691658 277.696564
4989 193.491806 283.07135
4582 129.392654 276.203552
4286 77.137932 171.694107
4130 304.570435 367.276093
5157 458.647247 236.48999
4546 75.246811 297.404083
5011 197.074982 286.65451
4193 128.994537 336.819061
4154 82.413177 383.400421
4141 155.271194 334.430267
5062 340.402252 136.160904
4820 465.813599 370.262085
