4
6.2e-05 -0.000282 6.47e-05 -0.000105 -1.66e-06 -0.000116 1 
74 217.0 85.0
12 440.0 256.0
8 497.0 298.0
9 488.0 319.0
15 592.0 358.0
1 610.0 108.0
21 274.0 82.0
64 710.0 181.0
79 121.0 74.0
103 537.0 255.0
32 485.0 418.0
16 490.0 292.0
17 475.0 275.0
28 494.0 96.0
22 711.0 335.0
25 495.0 368.0
34 183.0 324.0
35 193.0 317.0
36 155.0 322.0
23 657.0 178.0
24 657.0 131.0
26 548.0 169.0
27 550.0 151.0
33 209.0 151.0
37 596.0 105.0
42 580.0 278.0
40 88.0 388.0
51 405.0 328.0
52 414.0 320.0
43 375.0 281.0
44 350.0 268.0
45 360.0 267.0
46 344.0 259.0
50 457.0 373.0
29 534.0 210.0
47 549.0 100.0
54 672.0 317.0
55 646.0 314.0
58 724.0 277.0
57 598.0 298.0
59 650.0 224.0
60 623.0 367.0
2 424.0 333.0
61 517.0 398.0
62 732.0 111.0
63 643.0 209.0
69 211.0 295.0
73 76.0 289.0
75 312.0 85.0
77 93.0 89.0
176 92.400002 88.800003
87 496.800018 297.600006
92 534.0 210.000015
97 710.400024 181.200012
101 376.800018 292.800018
183 376.800018 266.400024
81 548.400024 169.200012
90 129.600006 118.800003
106 492.000031 286.800018
107 475.200012 274.800018
120 396.000031 357.600006
108 592.800049 357.600006
109 554.400024 350.400024
114 488.400024 384.0
115 475.200012 402.000031
116 495.600006 368.400024
127 134.400009 205.200012
128 124.800003 200.400009
104 684.0 180.0
105 657.600037 178.800003
93 205.200012 118.800003
94 217.200012 85.200005
112 548.400024 90.0
113 530.400024 90.0
117 205.200012 178.800003
129 182.400009 324.0
130 192.0 316.800018
131 154.800003 321.600006
125 716.400024 308.400024
126 690.0 314.400024
119 555.600037 111.600006
123 508.800018 424.800018
124 486.000031 417.600006
133 579.600037 277.200012
122 204.000015 192.0
137 405.600006 327.600006
138 414.000031 320.400024
139 375.600006 280.800018
140 351.600006 267.600006
141 364.800018 259.200012
142 344.400024 259.200012
134 438.000031 398.400024
135 457.200012 373.200012
136 438.000031 357.600006
143 87.600006 388.800018
39 536.400024 298.800018
145 687.600037 325.200012
146 651.600037 327.600006
147 672.0 316.800018
148 597.600037 298.800018
149 724.800049 276.0
150 699.600037 271.200012
151 712.800049 241.200012
152 673.200012 268.800018
153 656.400024 266.400024
154 608.400024 334.800018
155 603.600037 300.0
156 705.600037 205.200012
157 686.400024 238.800003
158 622.800049 367.200012
159 423.600006 332.400024
10 457.200012 294.0
13 564.0 44.400002
100 588.0 230.400009
164 494.400024 96.0
165 484.800018 222.000015
166 258.0 340.800018
167 326.400024 328.800018
168 220.800003 414.000031
71 249.600006 362.400024
170 306.0 429.600006
171 75.600006 289.200012
172 274.800018 81.600006
173 312.0 85.200005
313 488.160034 321.120026
261 92.160004 87.840004
185 591.840027 357.120026
186 554.400024 349.920013
197 701.280029 180.0
181 217.440002 84.960007
187 499.680023 410.400024
190 548.640015 89.280006
193 138.240005 205.920013
194 133.919998 204.480011
191 498.240021 393.120026
192 495.360016 368.640015
188 518.400024 293.76001
189 537.119995 253.440002
196 689.76001 313.920013
220 201.600006 227.520004
221 204.480011 192.960007
200 580.320007 277.920013
198 496.800018 290.880005
199 473.76001 279.360016
201 406.080017 326.880005
202 413.280029 319.680023
203 396.000031 299.52002
204 620.640015 293.76001
205 603.360046 292.320007
210 522.720032 329.76001
211 544.320007 321.120026
206 456.480011 378.720001
207 437.76001 357.120026
208 191.520004 316.800018
209 159.840012 315.360016
222 650.880005 328.320007
224 646.559998 313.920013
214 152.639999 335.52002
215 154.080002 321.120026
225 584.640015 305.279999
226 555.840027 302.400024
216 351.360016 267.839996
217 360.0 266.400024
213 86.400002 387.360016
228 603.360046 331.200012
229 630.720032 300.960022
230 603.360046 299.52002
231 659.52002 267.839996
232 715.680054 217.440002
233 685.440002 239.040009
234 720.0 194.400009
235 704.160034 204.480011
236 678.240051 203.040009
237 622.080017 365.76001
238 424.800018 332.640015
3 456.480011 293.76001
182 375.840027 292.320007
240 511.200012 398.880005
241 613.440002 110.880005
162 563.040039 44.640003
245 403.200012 86.400002
248 483.840027 221.76001
249 548.640015 168.480011
250 257.76001 339.840027
251 204.480011 325.440002
252 374.400024 296.640015
254 305.279999 429.120026
258 74.880005 288.0
265 311.040009 84.960007
177 74.880005 37.440002
80 120.960007 152.639999
314 485.568054 418.176025
268 549.504028 89.85601
273 499.392059 393.984039
274 495.936035 369.792023
275 575.424072 273.024017
269 495.936035 292.032013
270 473.472046 279.936035
271 708.480042 181.440018
272 717.120056 145.152008
279 620.352051 290.304016
280 603.072083 292.032013
281 632.448059 266.11203
282 186.624023 326.592041
283 196.99202 316.22403
284 648.000061 184.896011
277 535.680054 297.216034
278 516.672058 295.488037
285 708.480042 335.232025
286 696.384094 333.504028
223 663.552063 321.40802
289 651.456055 328.320038
290 648.000061 314.496033
287 86.400009 388.800049
294 406.080048 328.320038
297 551.232056 335.232025
298 585.792053 305.856018
299 556.416077 302.400024
291 374.976044 279.936035
292 362.880035 257.472015
293 343.87204 259.200012
295 452.736053 362.880035
296 435.456055 357.696045
300 634.176086 331.776031
301 603.072083 331.776031
302 630.720032 300.672028
303 615.16803 293.76004
304 677.376038 245.376022
308 687.74408 216.000015
309 703.296082 205.632019
305 661.824036 214.272018
306 648.000061 224.640015
307 651.456055 202.176025
310 622.080078 366.336029
311 641.088074 361.152039
312 376.704041 292.032013
242 563.328064 43.200005
316 641.088074 120.960014
317 426.81604 89.85601
318 402.624023 86.400009
319 464.832031 95.040009
247 532.22406 209.088013
321 547.776062 169.344009
323 373.248047 297.216034
324 373.248047 407.808044
256 288.576019 355.968048
328 76.032005 288.576019
329 274.752014 81.216011
330 217.728027 84.672005
331 236.736023 77.76001
332 311.040039 84.672005
333 252.288025 235.008026
334 202.176025 228.096024
339 138.240021 205.632019
377 611.712097 288.230438
343 159.667221 315.187256
341 524.62085 325.555237
342 516.326477 294.451233
345 497.664062 367.027252
346 466.560059 364.953644
353 454.118469 360.806458
354 435.456055 356.659241
347 680.140869 180.403229
348 196.992035 315.187256
349 182.476822 308.966431
350 406.425659 325.555237
351 398.131256 315.187256
352 396.057648 298.59845
355 698.803284 333.84964
356 686.361694 325.555237
357 682.214478 308.966431
360 551.577698 333.84964
361 586.828857 304.819244
362 557.798462 300.672028
364 375.321655 279.936035
365 362.880066 257.126434
366 346.29126 257.126434
363 85.017609 387.763245
367 634.521667 329.702454
359 669.772888 315.187256
368 603.417664 331.776062
369 615.859314 292.377655
370 667.69928 267.494446
371 655.25769 261.273651
372 686.361694 269.568024
373 702.9505 263.347229
375 649.036865 226.02243
376 651.110474 201.139221
379 642.816101 360.806458
380 425.088074 331.776062
381 497.664062 292.377655
382 487.296082 269.568024
383 487.296082 416.793671
384 549.504089 89.16481
344 655.25769 180.403229
387 375.321655 296.524841
398 373.248047 406.425659
325 304.819244 427.161652
388 74.649612 288.230438
389 273.71524 80.870415
390 252.979233 234.316833
392 203.21283 118.195213
395 203.21283 228.096039
396 136.85762 205.286423
397 203.21283 136.85762
322 259.200043 340.070435
405 368.271423 273.71524
406 370.759735 256.296997
407 345.876526 258.785309
408 654.428223 318.505005
409 632.033386 330.946594
410 661.893188 313.528351
411 637.01001 301.086761
417 641.986633 248.832031
412 686.776428 271.226929
418 554.895447 328.458282
419 557.383789 301.086761
414 701.70636 323.481659
415 671.846497 323.481659
416 681.799805 311.040039
413 405.596222 306.063416
421 701.70636 206.530594
420 84.60289 388.177979
422 617.103455 333.434937
423 602.173523 330.946594
424 614.615112 293.621796
426 455.36261 363.294769
427 644.474976 226.437149
444 539.965515 233.902115
399 258.785309 340.899902
447 365.783081 383.201324
449 273.71524 79.626251
443 400.619568 84.60289
451 121.927696 199.065628
452 121.927696 149.299225
439 644.474976 106.997772
386 470.292542 97.044495
430 694.241394 393.154602
440 627.056702 191.600662
441 547.430481 169.20578
483 134.369293 119.439377
338 129.392654 72.161293
391 77.137932 52.254726
453 199.065628 216.483871
454 136.85762 206.530594
445 373.248047 296.110107
429 589.731934 355.829803
448 166.717468 328.458282
403 154.275864 335.923248
432 425.502777 333.434937
436 462.827576 390.66629
437 517.570618 350.85318
400 507.61734 325.969971
433 497.664062 291.133484
434 525.035583 268.738586
428 624.56842 263.761963
442 649.451599 181.647385
456 393.154602 149.299225
503 668.860535 229.920807
497 116.4534 346.374207
504 647.958679 203.046951
459 692.748413 253.808685
460 665.874573 253.808685
461 456.855652 376.23407
462 426.995789 361.304138
463 438.939728 340.402252
464 435.953735 340.402252
465 603.168884 331.444275
466 585.252991 331.444275
467 615.112793 292.626495
468 600.182922 298.59845
469 656.916626 316.514374
470 630.042725 328.458313
471 650.944641 307.556396
472 639.000671 301.584442
477 289.640503 238.878769
475 513.589355 98.537491
476 409.079895 83.607567
473 549.421143 89.579536
479 137.355286 206.032928
478 143.327255 340.402252
480 122.425369 149.299225
481 549.421143 170.201126
485 683.790466 337.41626
486 641.986694 361.304138
490 591.224915 355.332153
493 194.088989 313.528381
491 373.248077 295.612457
492 346.374207 259.78067
494 426.995789 334.430267
495 409.079895 325.472321
496 453.869659 388.177979
498 525.533264 328.458313
499 498.659424 292.626495
500 525.533264 268.738617
501 516.575317 352.346191
502 465.813599 367.276093
505 677.818481 182.145065
506 650.944641 182.145065
457 555.393127 328.458313
507 564.351074 277.696564
508 671.846497 325.472321
509 650.944641 262.766632
474 274.710571 80.621582
510 128.397339 334.430267
446 259.78067 343.388214
512 619.890442 311.736786
514 630.639954 290.237701
547 598.391357 297.404083
516 555.393127 329.65271
517 566.1427 286.654541
519 662.888611 265.155426
520 680.804504 240.073166
521 655.722229 240.073166
522 429.981781 361.901337
523 451.480896 354.734985
526 515.978149 100.329086
525 275.904999 78.829994
527 143.327271 343.985443
450 197.074982 118.244995
524 200.658173 218.574081
530 372.650879 290.237701
531 347.568604 261.572266
533 558.976318 111.078629
534 537.477234 85.996361
488 128.994537 93.16272
532 677.221313 358.318176
535 408.482697 326.069519
536 376.23407 275.904999
537 587.641785 351.151794
538 548.226807 333.235901
539 197.074982 315.319977
540 143.327271 329.65271
541 451.480896 386.983612
542 415.649078 343.985443
546 498.062256 372.650879
545 480.146332 268.738617
548 601.974487 279.488159
549 562.559509 275.904999
511 257.989075 340.402252
551 412.065887 85.996361
56 582.0 330.0
76 367.0 186.0
98 727.200012 130.800003
82 550.800049 150.0
30 134.0 205.0
161 517.200012 398.400024
174 367.200012 186.0
259 275.040009 80.639999
91 122.400002 74.880005
253 293.76001 328.320007
335 89.85601 88.128006
374 659.404907 219.801636
385 408.499268 85.017609
337 132.710419 118.195213
394 124.416016 80.870415
455 74.649612 288.645172
487 128.397339 110.48143
529 203.046951 101.523476
544 523.144531 268.738617
