402
-0.286 -0.943 1.53 0.00797 0.762 0.284 0.582 
5351 647.0 339.0
5671 163.200012 216.000015
5335 548.400024 378.0
5362 506.0 381.0
5321 468.0 392.0
5535 76.0 129.0
5654 537.0 84.0
5646 508.0 72.0
5663 477.0 114.0
5619 479.0 77.0
5552 265.0 101.0
5547 262.0 70.0
5568 229.0 84.0
5554 131.0 173.0
5729 277.0 190.0
5381 662.400024 356.400024
5350 643.200012 345.600006
5637 190.0 178.0
5589 482.0 35.0
5610 258.0 159.0
5614 272.0 132.0
5633 235.0 146.0
5070 302.0 234.0
5690 232.0 187.0
5548 146.0 281.0
5513 163.200012 315.600006
4969 299.0 171.0
5068 358.0 170.0
5620 169.0 162.0
5073 352.800018 207.600006
5679 320.400024 188.400009
4908 272.0 317.0
5527 239.0 294.0
5239 387.0 436.0
5668 395.0 187.0
5672 498.000031 132.0
5038 379.0 73.0
5643 418.0 89.0
5577 295.0 114.0
5581 293.0 76.0
5712 421.0 208.0
5606 358.0 89.0
4990 352.0 60.0
5431 166.0 350.0
5504 210.0 315.0
4895 289.0 320.0
5481 340.0 324.0
5449 602.0 332.0
5680 85.0 263.0
5209 94.800003 450.000031
5604 199.0 195.0
5659 377.280029 158.400009
5501 162.720001 315.360016
5685 477.600006 114.000008
4628 478.800018 78.0
4911 272.160004 316.800018
5563 351.600006 58.800003
5597 294.0 76.800003
4277 421.200012 207.600006
5053 358.800018 169.200012
5072 345.0 150.0
5593 298.800018 170.400009
5636 303.600006 133.200012
5075 358.560028 204.480011
5372 662.400024 355.680023
5231 150.0 441.600006
5587 482.400024 36.0
4216 417.600006 89.280006
5649 453.600006 168.0
5697 428.400024 150.0
5369 370.0 376.0
5464 405.600006 342.0
4575 254.400009 286.800018
5592 258.0 159.600006
5635 424.800018 60.000004
5031 356.0 109.0
5016 357.600006 88.800003
5000 336.0 88.800003
4746 231.0 440.0
4732 208.800003 452.400024
4667 537.600037 85.200005
5478 210.000015 331.200012
5530 226.800003 301.200012
5422 165.600006 349.920013
5428 165.600006 350.400024
4218 288.0 331.200012
5494 339.600006 322.800018
5262 548.400024 435.600006
5348 547.200012 375.840027
5193 388.800018 250.800003
5718 498.0 243.0
5720 466.800018 241.200012
5295 499.200012 412.800018
5738 623.52002 154.080002
5408 682.800049 170.400009
5402 667.0 173.0
5102 531.360046 142.560013
5099 472.320007 168.480011
3830 221.76001 262.080017
5042 302.400024 234.000015
5666 85.200005 262.800018
5542 146.400009 280.800018
5673 198.000015 194.400009
5576 79.200005 127.200005
5608 162.720001 216.000015
5586 130.800003 172.800003
3810 293.76001 113.760002
5559 293.76001 76.32
5737 222.000015 262.800018
5652 196.800003 265.200012
5618 319.200012 160.800003
4275 298.080017 169.920013
5736 625.200012 153.600006
5224 233.280014 439.200012
5214 221.184021 445.824036
4273 357.120026 89.280006
4228 253.440002 286.559998
3809 252.000015 234.720016
3816 351.360016 207.360016
5669 416.160004 159.840012
4280 426.81604 148.608017
5259 156.960007 419.040009
3815 378.720001 187.200012
5462 404.640015 341.279999
5248 392.400024 434.400024
5287 400.896027 416.448029
5664 563.328064 65.664009
5370 138.240005 374.400024
5393 129.600006 368.640015
5490 194.400009 319.680023
5506 208.800003 315.360016
5223 120.960007 432.000031
5442 183.168015 347.328033
4206 167.616013 357.696045
4567 288.0 319.680023
5293 355.200012 403.200012
4837 335.52002 414.720032
4511 313.920013 419.040009
5261 297.216034 418.176025
5470 365.76001 336.960022
5473 509.76004 319.680023
5277 411.600006 428.400024
5421 633.600037 214.800003
5412 684.288086 169.344009
3820 478.656036 77.76001
3805 466.560028 230.400009
4909 272.400024 316.800018
3366 302.400024 234.720016
5415 237.600006 365.76001
4855 335.232025 393.984039
5550 146.880005 280.800018
3363 262.080017 70.560005
5562 200.160004 122.400002
4993 351.360016 59.040001
5580 129.600006 171.360001
3817 345.600006 149.76001
5085 419.904053 108.864014
4646 416.448029 89.85601
5753 356.659241 116.121613
5082 357.696045 193.536011
5574 293.621796 114.462738
3827 293.76004 86.400009
5656 565.920044 53.280003
5750 541.440002 48.960003
5378 138.240021 374.976044
5312 107.827217 377.395264
5272 190.080017 418.176025
5252 155.52002 418.176025
5368 373.248047 375.321655
5456 397.440033 340.416046
5721 273.600006 433.440002
5217 240.192017 442.368042
5500 221.184021 316.22403
5471 208.800003 329.76001
5505 203.21283 313.113647
5444 184.55043 346.29126
4513 167.961624 356.659241
5253 136.85762 425.088074
4816 302.745636 416.793671
5315 306.720001 400.320007
5298 361.440002 398.880005
5522 314.496033 311.040039
5475 331.776031 331.776031
3800 601.344055 329.702454
5254 547.776062 433.728027
4913 549.504089 375.321655
4981 705.024109 404.352051
4227 444.960022 256.320007
3804 499.737671 242.611237
5256 411.264038 428.544037
5423 440.640045 359.424042
5400 665.625671 172.108826
4226 425.088043 60.480007
4670 537.0625 85.017609
4220 508.320007 72.0
4279 480.960022 50.400002
3841 420.940857 205.286423
3831 378.432037 186.624023
4645 414.720032 167.616013
5755 528.768066 146.88002
5724 472.780853 167.961624
5650 195.840012 264.960022
3825 302.400024 235.008026
4852 323.481659 387.763245
5674 84.960007 262.080017
5336 83.520004 385.920013
5766 200.448013 122.688011
4638 350.784027 58.752007
3835 298.944031 171.072021
5549 67.392006 141.696014
5677 162.432022 216.000015
5537 129.600006 172.800018
3845 298.59845 170.035217
5186 475.269196 114.462738
5565 479.001678 78.796814
5503 164.229141 313.528351
5461 221.46051 348.364838
3842 416.793671 161.740829
5634 416.448029 117.504013
3839 416.793671 91.238411
5468 207.360016 331.776031
5397 161.740829 360.806458
4849 335.923248 393.98407
5301 297.216034 399.16803
5491 364.953644 321.408051
5467 316.22403 333.504028
5488 286.848022 319.680023
5521 559.87207 295.488037
5182 682.214478 255.052841
4614 661.824036 355.968048
4244 444.096039 257.472015
4654 499.392059 243.648026
4516 400.619568 415.5495
4534 464.48645 391.910461
3834 500.152405 378.224701
3780 665.874573 170.201126
5733 414.720062 192.844833
3843 471.744049 167.616013
3851 223.948837 261.273651
4649 302.745636 234.316833
2915 273.71524 431.308868
5692 84.672005 262.656036
3359 194.918427 265.420837
5352 106.997772 378.224701
5387 129.600006 369.792023
5529 201.139221 122.342415
3853 199.065628 62.208008
5037 356.659241 89.16481
4247 292.377655 76.723213
4984 350.438446 58.060806
3844 291.133484 47.278088
5560 74.304008 133.056015
5185 561.945679 141.004822
3848 293.621796 77.137932
5302 109.486099 393.154602
5744 83.607567 388.177979
4902 420.526154 353.341492
5392 373.248047 375.736359
4953 398.131256 340.899902
5391 130.636826 367.027252
5477 363.294769 320.993317
5499 335.923248 308.551727
4819 303.575073 420.526154
5294 301.584442 400.121918
5240 155.52002 416.793671
5314 126.489616 391.910461
5538 316.514374 310.542389
5508 284.083252 315.187256
4942 304.819244 313.113647
4832 345.876526 420.526154
4859 335.923248 395.642944
5394 161.740829 363.294769
5441 185.131042 346.374207
5419 169.20578 355.829803
5579 539.965515 278.691895
4916 547.430481 375.736359
4986 632.033386 213.995544
3818 440.432709 256.296997
5572 233.902115 154.275864
3746 502.640717 410.572845
3353 495.673431 370.262085
5469 220.96286 349.360199
4611 661.893188 355.829803
5174 534.988892 84.60289
5145 475.269196 166.717468
3847 199.065628 121.927696
5612 474.771545 116.4534
4284 477.757507 79.626251
4248 358.318146 164.229156
5638 379.468842 186.624023
3857 415.051849 164.229156
4547 268.738617 310.542389
5483 207.360031 329.702454
4523 402.278442 416.793671
5023 301.086761 233.902115
4561 329.702454 331.776062
4292 191.600662 423.014465
4256 561.365112 140.341278
5399 131.880981 368.271423
5447 186.325439 343.985443
5030 600.182922 328.458313
3759 666.471802 171.992722
5657 84.60289 261.273651
4289 462.827606 146.313248
3861 418.037842 89.579536
4251 534.491211 83.607567
5371 501.645416 379.220032
4928 465.813599 390.566803
4246 562.360413 139.345947
5681 191.103012 265.752625
4252 438.939728 256.794678
5695 477.757538 80.621582
4528 206.530594 330.946594
5534 229.920807 83.607567
4288 351.151794 204.241348
3863 358.318176 164.826355
3855 296.110107 169.20578
5532 139.345947 151.787537
3862 358.318146 92.565521
5583 295.612457 116.4534
3860 292.626495 80.621582
5696 235.892776 155.271194
4917 283.668518 316.016693
3364 220.96286 316.514374
4676 421.023834 206.032928
4901 376.23407 376.23407
4553 330.946594 330.946594
5459 313.528381 334.430267
4971 316.016693 308.551727
5728 301.584442 235.892776
5323 164.229156 391.163971
3880 197.074982 119.439384
5303 164.826355 390.566803
5405 132.577713 365.484528
3775 662.888611 354.734985
5631 83.607567 259.78067
5484 218.574081 347.568604
4898 465.813599 391.163971
5759 415.051849 140.341278
3867 415.649078 93.16272
5006 633.028748 212.004898
4249 644.972717 182.742264
4259 562.559509 139.74408
5746 537.477234 125.411354
4250 564.351074 65.691658
3865 229.323624 82.413177
5596 189.90863 265.155426
5180 476.563141 82.413177
4263 293.820892 168.409531
4681 358.318146 140.341278
3868 358.318176 93.16272
5364 376.23407 376.23407
5510 295.612457 304.570435
3386 250.822708 236.48999
3382 225.740448 261.572266
4568 334.430267 316.514374
5678 333.235901 247.239532
5660 300.987244 236.48999
4920 311.736786 333.235901
5493 206.032928 331.444275
5601 232.906799 150.493622
5379 548.226807 372.650879
5330 703.0 406.0
5561 193.0 146.0
5676 416.0 170.0
5730 225.0 230.0
5715 282.0 234.0
5320 83.0 387.0
5403 166.0 359.0
4677 420.0 109.0
5492 194.0 323.0
5325 108.0 377.0
5454 317.0 338.0
5443 633.0 215.0
5284 728.400024 190.800003
5691 421.200012 169.200012
5570 418.800018 43.200001
5684 416.400024 169.200012
5463 367.200012 337.200012
5460 318.0 333.600006
4899 289.200012 331.200012
5448 727.200012 339.600006
5299 682.800049 256.800018
5585 164.400009 120.000008
4630 416.160004 138.240005
4842 334.080017 401.76001
4631 364.320007 221.76001
5059 357.120026 138.240005
5131 220.320007 446.400024
5291 116.640007 398.880005
5235 313.920013 436.320007
4803 293.76001 430.560028
5426 722.880005 336.960022
4886 590.400024 450.720032
5509 491.040009 298.080017
5322 466.560028 391.680023
5651 89.280006 239.040009
5479 286.848022 336.960022
5726 442.368042 354.240021
4222 357.696045 89.85601
5329 82.944008 387.072021
5211 198.720016 445.824036
5446 160.70401 345.600037
5251 285.120026 421.63205
4861 354.240021 402.624023
4884 288.576019 331.776031
5439 157.248016 349.05603
4952 362.880035 321.40802
4907 466.560059 392.256042
5438 632.448059 214.272018
5005 648.000061 171.072021
5762 271.296021 105.408012
5558 229.82402 86.400009
5269 412.646454 427.161652
5266 124.416016 412.646454
5417 178.32962 340.070435
5495 203.21283 313.113647
4783 263.347229 431.308868
4836 352.512054 429.23526
5308 360.806458 400.204865
5711 391.910461 250.90564
5280 545.356873 431.308868
4566 284.083252 315.187256
5175 223.948837 437.529663
3370 230.169632 85.017609
5621 358.732849 165.888031
5246 134.369293 418.037811
4530 201.553955 343.388214
5472 308.551727 333.434937
5357 303.575073 400.619568
5540 539.965515 278.691895
3758 544.942139 430.479431
4976 701.70636 405.596222
3371 191.600662 266.250275
5515 211.507233 320.993317
5273 288.645172 420.526154
4281 345.876526 149.299225
3846 79.626251 380.713013
3783 331.444275 403.10791
4679 334.430267 316.514374
4879 501.645416 412.065857
3354 501.645416 379.220032
5482 292.626495 337.41626
5306 689.762451 253.808685
5756 250.822708 235.892776
5760 406.093903 220.96286
5410 438.939728 358.318146
5489 361.304138 322.486328
4294 191.103012 421.023834
3791 641.389526 361.901337
5152 469.39679 175.575897
4885 501.645416 408.482697
5526 358.318176 139.74408
5758 415.649078 139.74408
5425 419.232239 351.151794
5525 283.07135 318.903168
4582 361.901337 318.903168
