414
0.272 -1.2 1.59 0.0057 0.685 0.265 0.678 
5236 179.0 453.0 154.995682 453.0
5293 195.0 419.0 173.308487 419.0
5626 396.0 90.0 381.748383 90.0
5709 458.0 154.0 444.35968 154.0
5683 197.0 258.0 185.930374 258.0
5704 456.0 186.0 442.3862 186.0
5592 333.0 101.0 319.461731 101.0
5606 365.0 83.0 351.222534 83.0
4618 333.0 98.0 319.446594 98.0
5633 335.0 158.0 321.73761 158.0
5595 305.0 136.0 291.532532 136.0
5801 439.0 103.0 424.906128 103.0
5276 348.0 459.0 322.953796 459.0
5364 225.0 382.0 206.000931 382.0
5710 345.0 245.0 332.756714 245.0
5695 292.0 270.0 279.843689 270.0
5658 265.0 222.0 252.966019 222.0
4603 333.600006 97.200005 319.839172 97.200005
5216 571.200012 268.800018 558.264893 268.800018
5372 549.600037 456.000031 524.47699 456.000031
5747 416.400024 202.800003 403.020508 202.800003
5638 327.600006 136.800003 314.1203 136.800003
4249 393.600006 259.200012 381.353546 259.200012
5613 537.600037 72.0 523.287109 72.0
5566 325.200012 56.400002 311.448456 56.400002
5698 416.400024 176.400009 403.139496 176.400009
4847 422.400024 448.800018 398.583313 448.800018
5414 458.400024 418.800018 436.289581 418.800018
5749 345.600006 244.800003 333.252838 244.800003
5338 250.800003 408.000031 229.768097 408.000031
5124 519.600037 188.400009 505.773682 188.400009
5046 444.000031 165.600006 431.118835 165.600006
5693 458.400024 153.600006 444.697205 153.600006
5113 535.200012 168.0 520.668823 168.0
5051 456.000031 186.0 442.478882 186.0
4667 468.000031 109.200005 454.004211 109.200005
5016 460.800018 102.000008 446.746368 102.000008
5795 438.000031 102.000008 423.968842 102.000008
5662 552.0 103.200005 537.089355 103.200005
5097 477.600006 205.200012 464.0867 205.200012
5602 396.000031 90.0 381.723816 90.0
5488 496.800018 390.000031 476.85379 390.000031
5380 225.600006 381.600006 206.552612 381.600006
5354 410.400024 432.000031 387.389801 432.000031
5302 229.200012 424.800018 206.917679 424.800018
5529 446.400024 372.0 427.649353 372.0
5450 583.200012 430.800018 560.809021 430.800018
5668 602.400024 88.800003 587.530823 88.800003
5659 291.600006 270.0 279.369934 270.0
5703 265.200012 222.000015 253.016403 222.000015
5714 521.280029 155.520004 507.610046 155.520004
5591 364.320007 83.520004 350.898468 83.520004
5699 416.160004 175.680008 402.733368 175.680008
3789 393.984039 183.168015 380.882324 183.168015
4875 442.080017 419.040009 420.264282 419.040009
5688 537.119995 72.0 522.987061 72.0
5641 396.000031 90.720001 381.415405 90.720001
5049 446.400024 224.640015 433.43158 224.640015
5572 325.440002 56.160004 310.936157 56.160004
5580 396.000031 63.360001 381.252502 63.360001
5675 607.680054 57.600002 592.296204 57.600002
5280 263.52002 434.880005 240.377945 434.880005
3777 443.52002 165.600006 430.664337 165.600006
5677 457.920013 154.080002 443.974335 154.080002
4232 528.480042 102.240005 513.519775 102.240005
3392 290.880005 185.76001 277.456757 185.76001
5583 303.840027 135.360001 290.208344 135.360001
5103 493.920013 205.920013 480.131866 205.920013
5116 476.640015 204.480011 463.383026 204.480011
5607 341.279999 298.080017 327.312836 298.080017
4941 485.280029 381.600006 465.788513 381.600006
4534 252.000015 367.200012 233.709045 367.200012
5386 226.080002 381.600006 207.095474 381.600006
5326 200.160004 397.440002 179.559937 397.440002
5295 208.800003 420.480011 186.883179 420.480011
5512 293.76001 342.720001 276.313965 342.720001
5218 570.240051 267.839996 557.534424 267.839996
4968 583.200012 430.560028 560.650574 430.560028
5754 393.120026 247.680008 380.816193 247.680008
3780 505.440033 241.920013 491.973145 241.920013
5733 676.800049 96.480003 660.69281 96.480003
5718 197.280014 257.76001 186.074112 257.76001
5660 203.040009 236.160004 191.552063 236.160004
4303 334.080017 156.960007 321.08667 156.960007
4642 395.712036 89.85601 381.326202 89.85601
4666 601.344055 89.85601 586.316528 89.85601
4301 445.824036 224.640015 433.150482 224.640015
5787 476.92804 205.632019 463.065399 205.632019
5772 520.128052 228.096024 506.977142 228.096024
4709 518.400024 188.35202 504.898254 188.35202
5332 190.080017 397.440033 170.026962 397.440033
3784 304.128021 134.784012 290.108643 134.784012
4833 400.896027 444.096039 377.257019 444.096039
5374 392.256042 426.81604 369.599976 426.81604
5379 378.432037 425.088043 355.739075 425.088043
5504 485.568054 381.888031 465.810852 381.888031
4904 409.536041 361.152039 391.877472 361.152039
5506 393.984039 364.608032 374.752991 364.608032
5571 340.416046 298.944031 326.625793 298.944031
5411 226.368027 381.888031 207.359283 381.888031
5511 292.032013 342.144043 275.045135 342.144043
5262 235.008026 428.544037 212.127655 428.544037
5286 209.088013 421.63205 187.093536 421.63205
5469 267.840027 357.696045 250.402451 357.696045
4697 609.98407 274.752014 596.763184 274.752014
3792 504.57605 241.920029 491.523499 241.920029
5341 428.544037 444.096039 404.209351 444.096039
5217 698.112061 119.23201 682.29187 119.23201
5722 675.648071 96.768005 660.039673 96.768005
4671 584.75531 188.697632 571.484497 188.697632
5792 661.824036 164.160019 646.313416 164.160019
4305 461.376038 101.952011 446.917603 101.952011
4251 533.952026 167.616013 519.665771 167.616013
5069 476.92804 176.256012 463.724884 176.256012
3798 333.504028 100.224007 319.350403 100.224007
5656 522.547302 155.52002 508.220764 155.52002
5767 572.31366 257.126434 559.885071 257.126434
5621 393.98407 182.476822 381.379395 182.476822
4653 340.070435 298.59845 325.512024 298.59845
5426 221.875229 373.248047 203.381241 373.248047
5558 398.131256 331.776062 381.820831 331.776062
5428 248.832031 371.174438 229.873947 371.174438
5475 269.568024 356.659241 252.262253 356.659241
5515 292.377655 342.144043 275.286346 342.144043
5573 331.776062 302.745636 318.104156 302.745636
5553 302.745636 317.260834 288.038788 317.260834
3794 528.768066 101.606415 513.714783 101.606415
5279 215.654434 435.456055 193.296371 435.456055
3783 543.283264 282.009644 529.071411 282.009644
4846 404.352051 433.382446 381.759949 433.382446
5648 551.577698 101.606415 536.556274 101.606415
4253 675.993713 97.459213 660.393738 97.459213
4696 705.024109 163.814423 690.609131 163.814423
5774 661.478516 163.814423 647.036255 163.814423
5597 396.057648 91.238411 381.613708 91.238411
5628 539.136047 70.502411 523.945862 70.502411
5160 454.118469 209.433624 441.298187 209.433624
5735 516.326477 213.580826 502.308929 213.580826
4706 317.260834 267.494446 305.321106 267.494446
5328 373.248047 435.456055 350.204041 435.456055
5495 364.953644 352.512054 346.687317 352.512054
3772 302.745636 132.710419 289.256592 132.710419
3795 393.154602 184.135712 380.370117 184.135712
5274 209.018906 420.526154 186.757965 420.526154
5443 221.46051 373.248047 203.224136 373.248047
5522 385.689667 360.806458 368.303192 360.806458
5533 442.921021 350.85318 425.456635 350.85318
4562 291.133484 343.388214 273.57666 343.388214
5487 268.738586 355.829803 251.486298 355.829803
4973 584.75531 430.479431 561.504333 430.479431
3773 539.965515 283.668518 526.422485 283.668518
5680 333.434937 166.717468 320.609436 166.717468
3790 286.15683 271.226929 273.565277 271.226929
4241 602.173523 89.579529 586.313965 89.579529
4802 363.294769 430.479431 341.099762 430.479431
4633 398.131256 333.434937 381.769714 333.434937
5690 393.154602 248.832031 380.646149 248.832031
4261 584.75531 189.11235 570.537109 189.11235
5586 395.642944 92.067856 380.895447 92.067856
4954 520.05896 410.572845 499.644562 410.572845
5647 370.759735 116.951057 356.393188 116.951057
5563 301.086761 131.880981 287.544952 131.880981
4604 365.783081 338.41156 349.334595 338.41156
3786 306.063416 328.458282 290.720337 328.458282
5214 460.339264 104.509453 446.176514 104.509453
4883 445.409332 420.526154 423.186218 420.526154
5334 253.80867 400.619568 233.067535 400.619568
4599 409.079895 361.304138 391.10907 361.304138
5526 388.177979 349.360199 371.032898 349.360199
5500 250.822708 349.360199 233.548309 349.360199
5453 253.808685 367.276093 236.027985 367.276093
5484 271.724609 355.332153 254.274719 355.332153
5536 444.911713 352.346191 426.639679 352.346191
3806 334.430267 167.215134 320.580414 167.215134
4681 600.182922 92.565521 585.442566 92.565521
5186 674.83252 143.327255 659.756897 143.327255
5798 674.83252 95.551506 659.79248 95.551506
5652 286.65451 271.724609 274.302734 271.724609
4286 301.584442 131.383316 286.903687 131.383316
5200 540.463196 283.668549 526.100647 283.668549
4647 394.149963 131.383316 381.50827 131.383316
5424 313.528381 388.177979 294.491669 388.177979
5549 364.290131 340.402252 348.381683 340.402252
5520 298.59845 364.290131 280.973022 364.290131
5053 456.855652 256.794678 444.868652 256.794678
4693 394.149963 250.822708 381.817871 250.822708
4272 456.855652 179.159073 441.940948 179.159073
5789 394.149963 182.145065 379.523315 182.145065
4602 501.645416 400.121918 480.282318 400.121918
3805 526.727722 103.91227 512.115601 103.91227
4264 459.841614 104.50946 445.934021 104.50946
5538 349.360199 328.458313 332.895752 328.458313
4257 304.570435 328.458313 290.27536 328.458313
5111 516.575317 212.004898 501.817078 212.004898
4313 519.56134 182.145065 505.214722 182.145065
4882 444.911713 421.023834 423.151276 421.023834
4549 388.177979 421.023834 365.745575 421.023834
5330 214.990891 400.121918 194.86142 400.121918
3804 519.56134 182.742264 505.436981 182.742264
5530 444.314514 351.151794 425.576233 351.151794
4905 408.482697 358.318176 389.958038 358.318176
5557 397.733154 333.235901 382.375183 333.235901
3820 283.07135 268.738617 270.175537 268.738617
5213 673.638123 143.327271 659.306335 143.327271
4682 673.638123 96.745903 658.921692 96.745903
5471 501.645416 397.733154 479.776581 397.733154
4289 537.477234 283.07135 523.804993 283.07135
5713 601.974487 93.16272 585.711609 93.16272
5612 394.149963 128.994537 380.957458 128.994537
3813 300.987244 128.994537 285.783722 128.994537
3807 333.235901 96.745903 319.226318 96.745903
5569 311.736786 326.069519 296.273346 326.069519
5707 455.064056 179.159088 441.038666 179.159088
5360 225.740448 379.817261 207.538177 379.817261
5518 286.654541 343.985443 269.448853 343.985443
4316 333.235901 164.826355 319.449554 164.826355
5639 355.0 172.0 341.788696 172.0
5283 262.0 435.0 239.112244 435.0
5603 456.0 72.0 441.764679 72.0
5770 471.600006 70.800003 457.236603 70.800003
4223 482.400024 272.400024 469.754242 272.400024
5756 491.0 240.0 478.045868 240.0
5120 494.400024 206.400009 480.753754 206.400009
5796 525.600037 134.400009 511.34433 134.400009
5492 393.120026 364.320007 375.015656 364.320007
5637 469.440033 89.280006 455.150635 89.280006
5497 453.600006 378.0 434.181183 378.0
5604 238.800003 180.0 226.630692 180.0
5615 537.119995 72.0 522.987061 72.0
5644 505.440033 84.960007 490.699097 84.960007
5149 444.960022 371.52002 426.636169 371.52002
5771 610.800049 274.800018 597.483948 274.800018
5340 254.016022 404.352051 233.262772 404.352051
4307 335.232025 171.072021 321.648956 171.072021
4938 451.008057 376.704041 432.147552 376.704041
5470 266.400024 357.120026 249.15892 357.120026
4237 639.360046 82.080002 623.849792 82.080002
5460 240.537628 356.659241 222.264877 356.659241
5438 246.343719 370.759735 227.87854 370.759735
5783 580.608032 321.40802 564.116577 321.40802
3799 393.98407 248.832031 381.550323 248.832031
5732 454.46405 209.088013 440.955292 209.088013
5269 209.018906 420.526154 186.757965 420.526154
5221 444.911713 223.948837 432.869293 223.948837
5420 247.836716 370.262085 229.224182 370.262085
5521 426.398621 358.318176 408.431885 358.318176
5568 307.556396 77.635597 293.812958 77.635597
5741 594.210938 131.383316 579.442871 131.383316
5560 397.135956 331.444275 381.434326 331.444275
5121 585.252991 188.117035 571.213623 188.117035
5465 501.645416 400.121918 480.282318 400.121918
4294 462.230438 107.495445 446.797852 107.495445
5516 297.404083 361.901337 280.001465 361.901337
4317 318.903168 268.738617 307.798492 268.738617
5421 220.96286 373.248077 203.506805 373.248077
