462
2.02 -0.38 0.251 0.003 0.292 0.141 0.946 
6062 440.0 279.0 421.58548 279.0
5658 687.600037 166.800003 672.734802 166.800003
5589 633.0 227.0 619.587341 227.0
6321 500.0 100.0 485.93454 100.0
6376 565.0 31.0 550.908997 31.0
3321 196.0 285.0 178.214722 285.0
5654 644.400024 204.000015 631.424866 204.000015
5240 535.0 362.0 509.238953 362.0
5282 552.0 334.800018 528.670593 334.800018
6024 585.0 317.0 563.373108 317.0
5875 700.0 395.0 670.470154 395.0
6349 493.200012 139.200012 479.727875 139.200012
6318 475.0 138.0 461.532745 138.0
5833 385.0 334.0 361.735718 334.0
6138 628.0 279.0 609.6073 279.0
5457 590.0 282.0 570.923096 282.0
6101 558.0 285.0 539.140991 285.0
5878 325.0 312.0 303.474091 312.0
6032 514.800049 303.600006 494.594696 303.600006
5929 499.0 327.0 476.312988 327.0
6048 639.0 314.0 616.645752 314.0
5660 609.0 178.0 596.958374 178.0
5838 276.0 294.0 255.631287 294.0
5730 717.0 178.0 701.046814 178.0
6367 493.0 214.0 480.108521 214.0
6324 488.0 63.0 474.665771 63.0
6305 486.720032 51.840004 472.761017 51.840004
2450 194.400009 138.0 177.234268 138.0
5283 551.0 334.0 527.470032 334.0
5233 523.200012 357.600006 497.940247 357.600006
6213 686.400024 276.0 667.831787 276.0
6360 492.480011 138.240005 478.972595 138.240005
5519 647.0 288.0 626.793518 288.0
886 72.0 285.120026 53.058876 285.120026
2313 252.000015 315.360016 231.145477 315.360016
5887 325.440002 311.040009 304.423859 311.040009
6071 514.800049 284.400024 495.754303 284.400024
5896 345.600006 309.600006 325.0336 309.600006
5963 478.800018 315.600006 457.524567 315.600006
849 44.400002 210.000015 25.500559 210.000015
6359 561.600037 62.400002 547.680298 62.400002
5718 597.600037 197.280014 586.203857 197.280014
5695 703.200012 231.600006 687.294617 231.600006
5691 644.0 205.0 631.02832 205.0
6327 506.400024 105.600006 492.592468 105.600006
5827 383.616028 333.504028 360.518433 333.504028
5512 646.559998 286.559998 626.488892 286.559998
6122 588.960022 282.240021 570.341675 282.240021
5386 551.232056 286.848022 532.114685 286.848022
5298 642.240051 400.320007 612.428162 400.320007
5822 596.160034 384.480011 567.686768 384.480011
5248 549.600037 366.0 523.386292 366.0
5358 530.496033 278.208038 511.314819 278.208038
5332 514.080017 283.680023 495.110443 283.680023
2976 511.488037 274.752014 493.550659 274.752014
5885 326.592041 311.040039 305.650848 311.040039
6055 637.920044 312.480011 615.93335 312.480011
6241 699.600037 273.600006 681.346802 273.600006
5883 699.840027 394.560028 670.240601 394.560028
6058 440.400024 278.400024 421.886871 278.400024
5877 522.720032 357.120026 497.451691 357.120026
6355 563.040039 61.920002 548.788696 61.920002
5683 597.600037 196.800003 585.991272 196.800003
5672 609.600037 177.600006 597.481873 177.600006
5653 686.880005 167.040009 671.88092 167.040009
2452 194.400009 138.240005 176.799606 138.240005
3969 325.555237 381.54245 298.899536 381.54245
5250 550.080017 365.76001 523.784973 365.76001
5890 342.144043 308.966431 321.33783 308.966431
5891 327.628845 311.040039 306.704254 311.040039
6057 636.595276 313.113647 614.849304 313.113647
5511 644.889709 286.15683 625.496948 286.15683
5836 679.104065 399.16803 648.406128 399.16803
5294 642.81604 402.624023 613.163452 402.624023
6052 439.200012 277.920013 420.595062 277.920013
6090 530.841675 277.862427 511.750977 277.862427
3731 521.856079 357.696045 496.666107 357.696045
6352 561.600037 60.480007 547.217346 60.480007
6375 669.600037 112.320007 655.488281 112.320007
5664 597.888062 196.99202 586.371338 196.99202
5659 701.568054 231.552017 686.038269 231.552017
6363 473.472046 133.056015 460.265564 133.056015
6273 504.000031 57.600002 488.530212 57.600002
6383 493.516876 211.507233 481.325226 211.507233
2317 219.801636 317.260834 199.608017 317.260834
5902 333.434937 316.016693 311.37851 316.016693
5899 360.806458 313.113647 339.638275 313.113647
5984 492.480042 307.584015 471.196442 307.584015
5983 480.245819 313.528351 458.643036 313.528351
5279 513.216064 314.496033 491.756836 314.496033
4534 584.064026 286.848022 565.06311 286.848022
5247 549.504028 366.336029 523.505737 366.336029
5842 678.067322 396.057648 648.320007 396.057648
6029 437.944397 278.691895 418.467957 278.691895
6342 559.87207 57.231369 544.748901 57.231369
5682 599.270508 196.992035 587.76709 196.992035
3352 350.784027 298.944031 330.370544 298.944031
2457 217.728027 250.90564 203.505386 250.90564
5921 485.222473 343.388214 460.562775 343.388214
5953 539.965515 335.923248 516.440369 335.923248
6412 597.196899 196.577301 585.856567 196.577301
6341 561.945679 58.060806 546.965637 58.060806
5886 373.248047 325.969971 351.420685 325.969971
6026 439.603271 277.862427 420.288025 277.862427
6038 634.521667 311.040039 612.788147 311.040039
5515 641.986694 286.65451 622.883301 286.65451
6302 498.659424 56.733707 484.131683 56.733707
6111 584.75531 286.15683 565.647888 286.15683
5923 350.85318 298.59845 330.199921 298.59845
4131 603.417664 400.204865 574.209473 400.204865
4759 594.210938 379.220032 566.456543 379.220032
4825 664.381531 388.177979 635.421753 388.177979
6413 527.523926 278.691895 508.723602 278.691895
5936 486.715485 343.388214 461.960052 343.388214
5269 515.082336 303.575073 494.428101 303.575073
6418 619.890442 68.080452 607.858337 68.080452
5995 438.939728 277.696564 419.69577 277.696564
6232 502.640717 54.74305 487.284698 54.74305
5904 349.360199 298.59845 328.828278 298.59845
5484 609.140869 286.654541 589.393799 286.654541
4562 641.389526 286.654541 621.975525 286.654541
2318 223.948837 316.016693 202.497162 316.016693
5952 548.226807 336.819061 523.659912 336.819061
5415 574.802002 288.645172 555.686035 288.645172
5426 552.407166 280.682556 534.075562 280.682556
5328 666.471802 390.566803 637.870667 390.566803
5652 692.748413 229.920807 677.207703 229.920807
6357 561.365112 59.719692 545.773682 59.719692
6388 495.673431 209.018921 483.501587 209.018921
6284 504.631378 68.677643 490.537415 68.677643
2446 186.325439 121.828178 168.639648 121.828178
5913 347.568604 297.404083 327.210388 297.404083
4152 609.140869 404.899536 580.474121 404.899536
2315 223.948837 316.514374 201.728073 316.514374
6084 576.295044 289.640503 556.794556 289.640503
5453 585.252991 289.640503 566.088989 289.640503
5443 551.809998 286.654541 532.490845 286.654541
6253 514.0 20.0 498.773743 20.0
6396 671.0 71.0 655.903931 71.0
6362 493.200012 213.600006 480.244598 213.600006
6047 638.400024 313.200012 616.373291 313.200012
5881 720.0 394.800018 689.746094 394.800018
5604 670.800049 112.800003 656.313293 112.800003
5470 604.800049 286.559998 586.054077 286.559998
6007 564.480042 308.160004 543.279602 308.160004
4518 587.520081 378.432037 559.4646 378.432037
2880 374.976044 328.320038 352.492981 328.320038
4521 635.904053 407.808044 605.186829 407.808044
5629 597.888062 196.99202 586.371338 196.99202
5840 275.788849 292.377655 255.703674 292.377655
6411 491.443268 306.892853 470.174927 306.892853
5260 551.577698 333.84964 527.755493 333.84964
5475 607.56488 286.15683 588.739319 286.15683
5553 682.214478 271.641632 663.158447 271.641632
6402 702.9505 138.931213 687.081238 138.931213
6172 641.986633 286.15683 623.165039 286.15683
3374 516.575317 334.430267 493.546021 334.430267
5487 609.140869 286.65451 589.695984 286.65451
2392 68.080452 283.07135 48.967346 283.07135
5956 483.729523 311.736786 462.47522 311.736786
6134 526.727722 279.488159 508.169861 279.488159
