465
2.03 -0.343 0.151 -0.00761 0.275 0.139 0.952 
6937 507.0 49.0
6916 555.0 55.0
6897 675.0 41.0
6677 359.0 295.0
6397 166.0 341.0
5548 654.0 216.0
6272 509.0 203.0
6250 474.0 196.0
6214 492.0 126.0
6920 501.0 72.0
6805 706.0 266.0
6413 569.0 359.0
6355 335.0 366.0
6031 665.0 277.0
5504 680.0 266.0
6362 329.0 362.0
6384 293.0 354.0
6067 644.0 269.0
5431 605.0 271.0
6428 559.0 351.0
5260 564.0 321.0
6521 214.0 326.0
6762 600.0 268.0
6650 267.0 299.0
6609 245.0 303.0
6387 396.0 356.0
5912 528.0 291.0
6752 546.0 266.0
5823 666.0 372.0
6353 208.0 355.0
6571 397.0 318.0
58 97.0 270.0
6532 340.0 327.0
6591 373.0 313.0
6657 338.0 296.0
6442 546.0 347.0
5921 454.0 266.0
6262 584.0 47.0
5661 729.0 127.0
5666 617.0 186.0
6712 461.0 128.0
6922 516.0 173.0
6680 290.0 279.0
3251 167.0 130.0
6886 524.400024 50.400002
6102 523.200012 44.400002
6450 156.0 339.600006
6328 693.600037 386.400024
6131 720.0 262.800018
6778 706.800049 266.400024
6341 472.800018 370.800018
6684 579.600037 296.400024
5257 564.0 320.400024
5478 664.800049 277.200012
6105 682.800049 266.400024
3686 328.800018 362.400024
6391 304.800018 350.400024
6386 586.800049 360.0
5378 565.200012 268.800018
6760 634.800049 271.200012
5428 606.0 271.200012
6534 279.600006 324.0
6597 279.600006 310.800018
6605 244.800003 302.400024
6421 405.600006 350.400024
6554 396.000031 318.0
6938 600.0 364.800018
6690 528.0 290.400024
6483 508.800018 339.600006
6667 338.400024 296.400024
6348 207.600006 355.200012
4485 532.800049 343.200012
6655 601.200012 309.600006
6633 655.200012 302.400024
6255 582.681702 43.545605
6888 703.200012 52.800003
6956 627.600037 183.600006
5652 721.440002 220.320007
6885 711.600037 154.800003
6923 678.0 145.200012
6202 518.400024 86.400002
6913 492.000031 126.000008
1974 212.400009 240.000015
6705 364.800018 283.200012
6681 290.400024 278.400024
6809 213.600006 126.000008
6794 210.000015 70.800003
6834 235.200012 238.800003
6351 328.320007 361.440002
6399 396.000031 355.680023
5442 620.640015 275.040009
5422 604.800049 270.720001
6774 622.080017 266.400024
6043 599.040039 266.400024
6495 220.320007 329.76001
6636 236.160004 300.960022
5471 663.840027 276.480011
6570 396.000031 316.800018
6721 593.280029 277.920013
5370 564.480042 275.040009
6770 574.559998 263.52002
6564 360.0 324.0
6510 344.160004 331.200012
6542 321.120026 324.0
6354 613.440002 377.280029
6364 665.280029 371.52002
6467 486.720032 338.400024
6590 504.000031 316.800018
6379 233.280014 351.360016
6342 205.920013 354.240021
6761 544.320007 266.400024
5336 527.040039 262.080017
1308 96.480003 267.839996
6425 169.920013 351.360016
6518 519.840027 329.76001
5252 541.440002 305.279999
6661 701.280029 298.080017
6645 653.76001 300.960022
6308 560.160034 351.360016
5902 452.160004 264.960022
6959 626.400024 182.880005
5608 711.360046 154.080002
6902 491.040009 126.720001
6263 509.76001 201.600006
6654 267.839996 299.52002
5780 364.320007 283.680023
2500 211.680008 126.720001
6791 208.800003 70.560005
6839 236.160004 237.600006
6251 583.200012 46.080002
6634 267.840027 298.944031
2915 613.440063 376.704041
5791 606.528076 371.52005
6727 542.453857 266.250275
4177 527.040039 262.656036
6525 323.136017 323.136017
6578 323.136017 298.944031
6369 231.552017 352.512024
6393 222.912018 350.784027
5811 518.400024 330.048035
2436 53.568005 202.176025
5387 565.05603 269.568024
5948 653.184082 300.672028
6765 701.568054 264.384033
6585 395.712036 317.952026
6883 696.384094 124.416016
6939 641.088074 50.112003
5692 618.624084 186.624023
6903 677.376038 145.152008
6184 490.752045 126.144012
6875 521.856079 43.200005
6280 509.76004 202.176025
2464 290.304016 278.208038
6828 235.008026 238.46402
6797 210.816025 126.144012
6238 582.33606 44.928005
6526 323.481659 323.481659
6582 369.100861 321.408051
6358 605.491272 369.100861
6595 377.395264 313.113647
6415 423.014465 348.364838
6359 479.001678 362.880066
5908 528.768066 290.304047
3846 526.694458 263.347229
6349 232.243225 352.512054
6378 221.875229 348.364838
5805 545.356873 337.996857
6460 518.400085 327.628845
5893 543.283264 302.745636
6700 599.270508 292.377655
4741 564.019287 321.408051
5936 653.184082 300.672028
5468 663.552124 275.788849
6961 561.945679 350.438446
5816 690.508911 383.616058
5261 655.25769 385.689667
5896 454.118469 265.420837
6893 696.729675 97.459213
6940 642.816101 51.840008
5674 617.932861 184.55043
6915 711.244873 153.446426
6158 522.547302 41.472008
6928 503.884857 62.208008
6261 510.105682 201.139221
6643 267.494446 298.59845
6602 238.464035 300.672028
6824 230.169632 240.537628
6462 192.844833 329.702454
6810 211.507233 126.489616
6831 236.390427 238.464035
6414 559.87207 350.85318
6423 480.245819 363.294769
5828 517.570618 328.458282
6709 539.965515 293.621796
4292 562.360413 323.481659
6006 599.685181 276.203552
5391 564.848694 268.738586
5925 649.451599 303.575073
5483 661.893188 276.203552
4500 604.661865 370.759735
5301 676.82312 375.736359
5899 450.385986 263.761963
6453 415.5495 345.876526
6473 542.453857 340.899902
6944 641.986633 52.254726
5631 617.103455 186.624023
6694 462.827576 126.904335
6259 502.640717 204.042267
6945 505.129028 174.182419
6629 266.250275 298.59845
6615 238.878754 301.086761
2903 291.133484 276.203552
6659 353.341492 293.621796
6688 363.294769 283.668518
1902 89.579529 246.343719
6464 191.600662 328.458282
6789 171.694107 243.855392
6842 236.390427 238.878754
6808 211.507233 141.834259
6795 209.018906 126.904335
6546 492.687439 340.402252
2530 80.621582 206.032928
6567 528.519287 322.486328
6468 501.645416 313.528381
2517 235.892776 238.878769
6947 644.972656 56.733707
6792 206.032928 110.48143
6474 191.103012 328.458313
6575 170.201126 325.472321
6933 510.603363 200.060959
6151 483.729492 125.411354
6245 519.56134 56.733707
6685 343.388214 298.59845
6648 325.472321 292.626495
6678 364.290131 283.668549
6710 683.790466 289.640503
6628 647.958679 304.570435
5515 692.748413 274.710571
4530 659.902588 274.710571
6703 238.878769 301.584442
2430 289.640503 274.710571
6696 603.168884 289.640503
4294 561.365112 322.486328
5419 591.224915 277.696564
5405 567.337097 268.738617
2862 447.897675 403.10791
6433 415.051849 346.374207
6672 492.687439 301.584442
6949 618.098816 185.131042
6639 533.894043 300.987244
6946 619.890442 186.325439
6787 204.241348 107.495445
6455 200.658173 318.903168
6274 515.978149 200.658173
6619 394.149963 308.153625
2446 89.579544 265.155426
5453 627.056763 275.904999
2925 361.901337 283.07135
6640 286.654541 308.153625
4129 612.72406 386.983612
6647 494.479065 300.987244
6783 523.144531 265.155426
6446 415.649078 347.568604
6722 601.974487 275.904999
5980 541.060425 268.738617
6825 229.0 188.0
1845 39.0 51.0
6764 688.800049 273.600006
6814 719.0 263.0
1890 53.0 94.0
6377 222.0 351.0
6646 235.0 300.0
6339 625.0 376.0
6356 674.400024 376.800018
6337 423.0 365.0
6732 535.0 275.0
6519 521.0 330.0
6926 679.0 145.0
6896 506.0 39.0
6670 358.800018 295.200012
6790 646.800049 264.0
6372 222.000015 350.400024
6461 339.600006 339.600006
6544 401.0 323.0
6728 535.200012 274.800018
5650 721.440002 220.320007
6181 518.0 87.0
6801 214.0 126.0
6524 250.560028 324.864044
6772 622.080017 266.400024
6484 410.400024 335.52002
6485 396.000031 333.600006
6375 303.840027 349.920013
6499 344.160004 331.200012
6666 339.840027 295.200012
6444 493.920013 342.720001
6758 453.600006 266.400024
6898 502.848053 62.208008
6682 276.0 274.800018
6506 343.87204 331.776031
6652 340.416046 295.488037
5873 479.001678 306.892853
6701 532.800049 288.0
6479 393.98407 333.84964
6381 428.544037 357.696045
5781 632.448059 378.432037
6403 221.875229 348.364838
6488 532.800049 342.720001
5131 561.600037 350.784027
6389 395.712036 355.968048
6911 695.52002 97.920006
6910 509.76001 126.720001
6693 288.0 289.440002
6163 674.334839 261.273651
6487 495.175751 335.923248
5797 364.953644 284.083252
6447 157.593628 337.996857
5812 518.400085 327.628845
5881 525.533264 301.584442
5879 502.640717 296.110107
5844 564.019287 321.408051
5505 678.067322 267.494446
6480 390.66629 333.434937
6523 253.808685 316.514374
6405 164.229141 340.899902
5875 501.645416 295.612457
5994 591.224915 277.696564
6812 525.533264 265.752625
6626 286.654541 308.153625
6477 391.163971 334.430267
3785 641.389526 379.817261
6711 541.060425 290.237701
5964 601.974487 275.904999
