487
2.26 0.0839 -0.646 -0.0102 0.104 0.0605 0.993 
1432 185.0 224.0
6181 701.0 78.0
1822 225.0 38.0
6252 666.0 217.0
6680 389.0 256.0
6360 556.800049 384.0
6214 659.0 125.0
6667 430.0 281.0
6950 720.0 306.0
6650 365.0 271.0
6608 344.0 267.0
6395 368.0 323.0
188 57.0 252.0
6337 487.200012 361.200012
6355 401.0 341.0
6391 379.200012 321.600006
5260 679.0 356.0
6571 480.0 312.0
6377 309.0 307.0
6348 296.0 307.0
6401 269.0 288.0
6801 352.0 106.0
3251 312.0 108.0
6834 360.0 213.0
269 46.800003 253.200012
6537 422.400024 302.400024
6400 367.200012 322.800018
6684 715.680054 332.640015
5370 705.600037 306.720001
6345 556.0 384.0
6466 577.200012 358.800018
6654 364.320007 270.720001
6605 344.400024 270.0
5912 645.600037 313.200012
6362 396.0 337.0
6458 415.0 320.0
6375 377.280029 319.680023
5890 624.0 318.0
204 138.0 243.600006
6372 309.600006 307.200012
6342 295.200012 307.200012
6303 665.0 397.0
5257 678.240051 355.680023
6739 597.600037 280.800018
5921 567.0 272.0
6761 684.0 291.600006
6386 686.880005 403.200012
1258 227.0 123.0
6809 351.600006 106.800003
2890 312.480011 108.000008
1308 241.0 223.0
1977 358.800018 213.600006
2371 166.800003 108.000008
6444 575.424072 357.696045
6519 616.800049 352.800018
5785 594.432068 359.424042
6585 478.080017 311.040009
5252 660.096069 331.776031
6690 645.119995 313.920013
5223 623.52002 318.240021
6442 639.600037 378.0
6403 309.312042 305.856018
2436 216.000015 160.70401
5902 565.920044 272.160004
5786 676.800049 403.200012
5224 672.192078 393.984039
6663 449.280029 281.664032
6272 666.720032 216.000015
6614 344.400024 266.400024
2500 349.920013 106.560005
6839 358.560028 213.12001
6416 376.704041 321.40802
468 120.960007 247.680008
6399 463.680023 345.600006
6479 470.707275 323.481659
6552 478.656036 311.040039
6308 655.200012 385.920013
6488 624.960022 368.640015
5253 636.595276 323.481659
5970 655.200012 293.76001
6727 682.560059 292.032013
6913 656.640076 124.416016
6263 667.008057 216.000015
6602 342.144043 267.494446
6462 292.320007 285.120026
6797 349.05603 107.136009
6824 359.424042 214.272018
5838 613.440063 343.87204
6410 555.724854 367.027252
6453 489.024048 340.416046
6481 471.744049 326.592041
6595 461.376038 304.128021
5131 657.331299 385.689667
4485 625.536072 369.792023
841 228.096024 217.728027
1902 238.464035 203.21283
5246 634.521667 323.481659
5908 646.963318 313.113647
5899 564.848694 271.226929
5952 698.112061 309.312042
6358 711.244873 420.940857
2464 388.800049 254.016022
2925 463.104034 274.752014
6341 537.408081 380.160034
6389 464.48645 346.29126
6928 690.508911 45.619205
6261 667.69928 215.654434
6435 367.027252 308.966431
6464 292.032013 285.120026
433 46.656006 252.288025
6810 348.364838 105.753616
6818 347.328033 155.52002
1824 99.532814 111.974419
922 218.972198 221.46051
1947 238.878769 217.976868
5811 612.126831 350.85318
2530 236.390427 170.035217
6925 659.404907 118.195213
1881 221.875229 109.900818
6804 298.59845 209.018906
6787 343.388214 86.593552
6688 462.827576 273.71524
6671 613.785706 311.040039
5896 564.351074 268.738617
521 194.088989 201.553955
6370 675.993713 402.278442
6424 661.893188 395.642944
4292 669.772888 358.732849
6961 659.902588 385.192017
6642 435.456055 283.668518
6463 365.783081 308.551727
6615 340.899902 268.738586
6533 275.788849 275.788849
5881 641.389526 322.486359
1394 209.018921 158.257187
6933 670.054993 211.407715
6678 462.827606 274.710571
6559 418.037842 301.584442
6569 400.121918 295.612457
6429 668.860535 388.177979
873 186.325439 218.574081
5983 680.804504 292.626495
6812 656.916626 283.668549
6703 340.402252 268.738617
6474 298.59845 277.696564
6433 489.701477 343.388214
2446 236.390427 201.553955
6259 659.902588 217.976868
6151 648.555847 121.828178
5797 462.230438 275.904999
6672 594.808167 315.319977
6625 437.148163 283.07135
5851 659.902588 355.332153
5812 612.126831 349.360199
6446 487.312714 343.985443
1390 203.046951 220.96286
2517 358.318176 204.241348
6752 684.0 292.0
6745 655.0 294.0
6140 663.0 243.0
759 90.0 247.0
5219 597.0 312.0
6387 464.0 346.0
6591 459.0 302.0
5778 469.0 290.0
6724 330.0 238.0
5940 655.200012 294.0
5775 452.400024 282.0
6586 453.600006 306.0
6644 660.0 322.800018
6570 480.000031 310.800018
6938 700.800049 411.600006
6413 664.800049 396.000031
6791 355.200012 55.200001
5876 593.280029 316.800018
6415 493.920013 347.040009
6369 316.800018 309.600006
6418 671.040039 393.120026
6343 486.720032 360.0
6670 450.720032 280.800018
6191 701.280029 77.760002
6184 646.559998 132.480011
6408 367.200012 322.559998
810 80.639999 96.480003
6354 715.39209 432.000031
5791 711.936096 423.360046
4739 672.192078 393.984039
5272 677.376038 355.968048
6349 314.496033 311.040039
271 216.000015 160.70401
5801 463.104034 274.752014
6886 717.120056 32.832005
6624 342.144043 267.840027
5790 688.435303 410.572845
3846 661.478516 284.083252
1945 184.55043 201.139221
896 186.624023 218.972198
930 184.135712 201.553955
6902 651.939941 124.416016
6487 574.802002 355.829803
6653 465.813599 289.640503
5980 674.83252 280.682556
6599 340.402252 268.738617
6414 670.054993 386.983612
4294 673.638123 358.318176
6567 630.639954 347.568604
