511
2.44 0.715 -1.23 0.0368 -0.0349 -0.0906 0.995 
1346 274.0 170.0 259.742218 170.0
7354 274.0 293.0 254.295761 293.0
7180 161.0 340.0 134.52623 340.0
7498 90.0 193.0 76.679764 193.0
1167 52.0 211.0 36.740116 211.0
7473 219.0 131.0 205.342972 131.0
7127 352.800018 393.600006 324.24823 393.600006
7199 337.0 369.0 310.485565 369.0
7152 387.0 384.0 359.703003 384.0
7145 466.0 401.0 438.002319 401.0
7342 91.0 257.0 71.682159 257.0
7331 153.0 280.0 132.604172 280.0
6482 262.800018 412.800018 230.754761 412.800018
7280 374.0 332.0 351.877502 332.0
7315 378.0 318.0 357.091919 318.0
7333 361.0 308.0 340.869049 308.0
7303 328.0 316.0 306.909332 316.0
6682 284.0 329.0 260.708923 329.0
7311 297.0 309.0 276.358246 309.0
6520 255.0 386.0 225.662827 386.0
7129 265.200012 375.600006 236.834396 375.600006
6722 275.0 304.0 254.174896 304.0
7120 182.400009 372.0 153.889069 372.0
7211 449.0 25.0 423.090393 25.0
7219 77.0 305.0 51.989941 305.0
6998 118.080002 324.0 78.010216 324.0
7404 147.0 238.0 130.053787 238.0
7359 254.400009 282.0 234.390503 282.0
7434 189.600006 231.600006 174.443817 231.600006
7254 55.200001 290.400024 31.745699 290.400024
7173 160.800003 339.600006 134.227982 339.600006
7235 187.200012 315.360016 163.454865 315.360016
6852 328.800018 114.000008 314.600922 114.000008
7416 340.800018 25.200001 325.245178 25.200001
7393 91.200005 231.600006 74.727661 231.600006
7046 352.800018 436.320007 319.77002 436.320007
7502 200.160004 211.680008 186.815216 211.680008
7361 178.0 270.0 158.922272 270.0
7397 178.800003 244.800003 162.312042 244.800003
7253 399.600006 348.0 376.184265 348.0
5805 379.0 319.0 358.586334 319.0
7139 463.0 410.0 434.632721 410.0
7351 91.200005 256.800018 71.697861 256.800018
6677 337.200012 368.400024 311.958344 368.400024
7337 361.200012 308.400024 340.546448 308.400024
7213 409.200012 369.600006 383.873444 369.600006
7165 392.0 379.0 365.418091 379.0
6680 283.680023 328.320007 260.215881 328.320007
7304 297.600006 308.400024 276.826233 308.400024
7178 198.0 349.0 171.420151 349.0
6726 274.800018 303.600006 253.93013 303.600006
7081 168.480011 384.480011 138.336578 384.480011
7293 90.0 276.0 68.266205 276.0
7302 82.080002 277.920013 60.496944 277.920013
7358 68.400002 246.000015 49.001179 246.000015
7339 153.600006 276.0 133.337906 276.0
7511 217.440002 139.680008 204.463242 139.680008
7186 159.840012 339.840027 133.709137 339.840027
7154 312.480011 374.400024 285.508514 374.400024
7010 183.168015 444.096039 146.296387 444.096039
7429 213.12001 231.840012 197.972305 231.840012
7391 92.160004 230.400009 75.49369 230.400009
7042 352.512024 437.184052 319.380157 437.184052
7318 377.280029 318.240021 356.826691 318.240021
7366 198.720016 266.11203 179.590378 266.11203
7344 151.200012 279.360016 131.176804 279.360016
7396 178.560013 244.800003 162.387863 244.800003
7092 335.52002 406.080017 305.293091 406.080017
7214 347.040009 357.120026 322.105011 357.120026
7088 134.400009 372.0 103.976501 372.0
2432 311.040039 179.712021 296.712006 179.712021
270 312.480011 152.639999 297.983032 152.639999
5938 477.600006 356.400024 454.411591 356.400024
7014 192.960007 449.280029 156.574753 449.280029
7029 191.520004 421.920013 156.549484 421.920013
7294 326.880005 315.360016 305.351227 315.360016
7313 298.080017 308.160004 277.139801 308.160004
6611 216.000015 304.800018 193.81102 304.800018
7204 250.560013 347.040009 225.213806 347.040009
7087 169.344009 383.616028 138.996979 383.616028
7141 158.400009 362.880005 130.095627 362.880005
7349 224.640015 285.120026 204.536865 285.120026
7401 226.080002 243.360016 209.955307 243.360016
7412 217.440002 247.680008 201.049988 247.680008
6058 606.240051 397.440002 581.176453 397.440002
7347 288.0 293.76001 268.293365 293.76001
7206 96.0 309.600006 70.500626 309.600006
7000 118.800003 324.0 78.750229 324.0
7477 272.160004 120.960007 258.278992 120.960007
1075 83.520004 76.32 72.203537 76.32
7497 144.0 87.840004 131.29274 87.840004
1003 148.320007 70.560005 135.246872 70.560005
7413 143.424011 219.456024 124.110336 219.456024
7111 335.232025 407.808044 305.703247 407.808044
7031 276.480042 438.912048 242.506668 438.912048
6440 243.360016 430.560028 209.081696 430.560028
7155 464.832031 397.440033 437.575928 397.440033
5931 476.640015 355.680023 453.289368 355.680023
7288 351.360016 322.559998 329.577545 322.559998
7392 93.312012 231.552017 76.624496 231.552017
7390 84.960007 230.400009 68.290527 230.400009
7510 95.040009 193.536011 82.67704 193.536011
7078 442.368042 433.728027 411.397766 433.728027
6645 414.720032 430.560028 383.475586 430.560028
7137 359.424042 393.984039 331.526184 393.984039
7221 345.600037 357.696045 322.562927 357.696045
853 311.040039 152.064011 296.676941 152.064011
6698 295.488037 333.504028 272.122864 333.504028
7316 298.944031 307.584015 278.057404 307.584015
7189 430.272034 383.616028 403.843231 383.616028
6717 390.528046 380.160034 363.85199 380.160034
7202 408.499268 367.027252 383.210846 367.027252
6479 214.272018 369.792023 186.963501 369.792023
7056 304.128021 421.63205 271.718018 421.63205
6683 282.009644 327.628845 258.629639 327.628845
7197 250.560028 347.328033 225.109177 347.328033
7123 184.55043 369.100861 155.294357 369.100861
6623 207.360016 305.856018 184.555161 305.856018
6551 266.11203 374.976044 238.039612 374.976044
7406 226.368027 243.648026 209.936935 243.648026
6062 604.800049 397.440033 579.845276 397.440033
7164 643.680054 423.360016 616.675293 423.360016
7290 377.395264 317.260834 357.27536 317.260834
6739 461.376038 406.080048 433.513123 406.080048
6738 254.016022 283.392029 234.060089 283.392029
6914 362.880066 244.68483 347.872314 244.68483
7298 81.216011 278.208038 59.609875 278.208038
7169 160.70401 340.416046 133.896729 340.416046
7312 152.064011 279.936035 130.993637 279.936035
6989 92.160004 355.680023 46.267467 355.680023
7038 156.960007 404.640015 123.342293 404.640015
7455 316.22403 131.328018 301.376648 131.328018
7436 212.544022 233.280029 197.695099 233.280029
7487 143.424011 86.400009 130.498611 86.400009
7503 196.99202 210.816025 183.84433 210.816025
6555 354.240021 437.184052 321.412842 437.184052
7493 199.065628 211.507233 185.348694 211.507233
7480 207.360016 100.224007 193.063171 100.224007
7441 311.040039 151.372818 296.38324 151.372818
7136 358.732849 391.910461 330.370087 391.910461
7225 345.876526 358.318115 321.701782 358.318115
7188 447.897675 385.689667 421.478638 385.689667
7196 433.382446 377.395264 407.571228 377.395264
5885 440.432709 353.341492 417.513397 353.341492
7320 236.390427 292.377655 215.726212 292.377655
6687 296.524841 331.776062 273.63269 331.776062
7289 324.864044 314.496033 303.541534 314.496033
7146 275.788849 369.100861 248.390335 369.100861
7064 159.252502 393.154602 127.843048 393.154602
7110 234.316833 383.616058 204.888245 383.616058
6572 238.464035 333.84964 214.199966 333.84964
7220 217.728027 331.776062 192.518616 331.776062
6612 206.530594 308.551727 183.559784 308.551727
7356 694.241394 328.458282 674.833496 328.458282
6026 605.491272 396.057648 580.408508 396.057648
7277 425.502777 340.899902 403.384827 340.899902
6796 378.224701 318.505005 357.223083 318.505005
7323 402.278442 259.200043 381.729889 259.200043
7147 464.48645 400.204865 436.792694 400.204865
5941 476.92807 354.585663 453.585938 354.585663
7271 423.014465 165.888031 399.946747 165.888031
7308 358.732849 306.892853 338.735809 306.892853
7257 58.060806 290.304047 34.955593 290.304047
7306 82.944016 275.788849 61.959385 275.788849
7181 159.667221 337.996857 133.579086 337.996857
7398 177.984024 245.376022 161.486038 245.376022
7341 143.078415 267.494446 122.739182 267.494446
6988 91.584007 355.968048 46.066193 355.968048
7438 313.528351 131.880981 298.478912 131.880981
7496 223.948837 151.787537 210.982117 151.787537
7508 143.078415 85.017609 129.850754 85.017609
7234 428.544037 133.056015 404.827026 133.056015
6822 355.829803 308.551727 335.718506 308.551727
7227 474.771545 358.318146 450.218689 358.318146
5923 475.269196 355.829803 451.937714 355.829803
7067 327.628845 420.940857 296.208496 420.940857
7183 388.177979 378.224701 361.806458 378.224701
7182 458.265656 391.910461 431.828796 391.910461
7191 430.479431 378.224701 405.36499 378.224701
7231 437.529663 356.659241 413.702148 356.659241
7421 300.672028 234.316833 285.633484 234.316833
7431 306.063416 201.553955 291.59549 201.553955
7051 268.738586 415.5495 235.99057 415.5495
7076 211.507233 387.763245 180.635483 387.763245
6527 218.972198 348.364838 193.354797 348.364838
6675 265.420837 317.260834 242.122269 317.260834
7307 271.226929 303.575073 250.198196 303.575073
7216 283.668518 345.876526 258.918793 345.876526
7222 212.004898 331.444275 187.860199 331.444275
7322 233.902115 293.621796 214.457855 293.621796
1350 256.296997 223.948837 242.41922 223.948837
7327 400.619568 258.785309 379.229095 258.785309
7261 427.161652 132.710419 404.226685 132.710419
7268 420.526154 166.717468 397.819275 166.717468
7403 221.46051 246.343719 205.743423 246.343719
7068 232.243225 398.131256 200.667557 398.131256
7117 355.829803 398.131256 327.104858 398.131256
7299 82.114571 276.203552 60.847378 276.203552
7380 184.135712 256.296997 166.499054 256.296997
6999 111.974419 400.204865 70.901291 400.204865
6991 91.238411 354.585663 45.207043 354.585663
7059 161.740829 389.836853 130.408752 389.836853
7033 147.225616 408.499268 113.192955 408.499268
7072 174.182419 385.689667 143.757996 385.689667
1812 315.187256 130.636826 300.282166 130.636826
7512 226.93483 152.285217 213.479218 152.285217
821 205.286423 99.532814 190.931915 99.532814
7395 94.556175 231.413788 78.071648 231.413788
7383 79.626251 231.413788 61.627277 231.413788
7417 134.369308 217.976868 120.616989 217.976868
7142 644.889709 420.940857 617.31012 420.940857
5904 472.97998 358.318176 448.544739 358.318176
6850 301.584442 217.976868 287.44751 217.976868
7450 310.542389 188.117035 295.493835 188.117035
7330 235.892776 292.626495 215.89563 292.626495
7282 206.032928 307.556396 182.957397 307.556396
7162 218.574081 365.484528 191.005203 365.484528
7159 217.976868 367.276093 190.520416 367.276093
6504 247.836716 376.23407 219.058258 376.23407
7187 217.976868 349.360199 191.852341 349.360199
7217 283.668549 346.374207 259.062653 346.374207
990 283.668518 231.413788 269.348755 231.413788
6829 641.389526 322.486359 623.037476 322.486359
7255 425.502777 134.369293 403.493683 134.369293
7193 604.661865 395.642944 579.305603 395.642944
7203 597.196899 376.23407 570.544922 376.23407
449 82.413177 75.246811 71.905586 75.246811
7153 644.972656 421.023834 617.357178 421.023834
7425 310.542389 131.383316 295.920837 131.383316
7504 141.834259 84.60289 128.626373 84.60289
7400 95.551506 232.906799 79.087189 232.906799
7003 110.48143 400.121918 70.266251 400.121918
7259 418.037842 164.229156 396.073395 164.229156
7516 217.976868 122.425369 205.28421 122.425369
7491 197.074982 212.004898 184.808411 212.004898
7410 136.160904 218.574081 122.092377 218.574081
7378 182.145065 253.808685 164.37233 253.808685
6814 355.332153 307.556396 335.722717 307.556396
7028 164.229156 418.037842 130.530182 418.037842
7022 146.313248 406.093903 112.677361 406.093903
7063 231.413788 400.619568 199.422775 400.619568
7382 179.159088 254.405899 161.497391 254.405899
6568 277.696564 370.262085 249.970612 370.262085
7461 277.696564 170.201126 263.210571 170.201126
7377 641.986694 322.486328 624.066101 322.486328
7207 605.557678 394.149963 579.612793 394.149963
7195 594.808167 372.650879 569.341003 372.650879
7515 140.341278 86.593552 126.425804 86.593552
474 83.607567 74.649612 72.557129 74.649612
1817 307.556396 152.285217 293.309998 152.285217
7449 204.241348 100.329086 190.284073 100.329086
7394 96.745903 232.906799 80.171333 232.906799
7518 197.074982 211.407715 184.456985 211.407715
6767 472.97998 394.149963 446.431763 394.149963
6851 297.404083 236.48999 282.970093 236.48999
7423 311.736786 186.325439 296.45166 186.325439
7096 441.92572 412.065857 412.132446 412.065857
6802 438.939728 355.332153 415.667664 355.332153
6774 390.566803 354.734985 367.153351 354.734985
6676 297.404083 333.235901 274.066467 333.235901
7296 85.996361 275.904999 64.420624 275.904999
7069 313.528381 412.065857 282.420715 412.065857
7061 171.992722 397.733154 140.306519 397.733154
7084 139.74408 369.067719 110.084694 369.067719
6589 204.241348 308.153625 181.80574 308.153625
7324 139.74408 265.155426 118.885605 265.155426
7427 257.989075 222.157257 242.708313 222.157257
7101 232.906799 383.400421 202.644745 383.400421
5888 502.0 417.0 473.570129 417.0
7468 327.0 122.0 313.046112 122.0
7065 612.0 458.0 581.186462 458.0
7160 645.0 424.0 617.763489 424.0
7418 243.0 240.0 227.645065 240.0
7375 675.0 327.0 657.02301 327.0
7002 119.0 324.0 78.874763 324.0
7007 118.0 447.0 80.086418 447.0
7027 149.0 412.0 114.734818 412.0
863 159.0 205.0 145.708069 205.0
7246 56.0 291.0 32.413219 291.0
7044 365.0 440.0 332.624573 440.0
7233 188.0 319.0 164.061066 319.0
6437 219.0 423.0 185.535355 423.0
7095 335.0 406.0 304.940735 406.0
6695 370.0 379.0 343.612335 379.0
6668 337.0 369.0 310.485565 369.0
7020 290.0 442.0 255.348938 442.0
6701 296.0 334.0 272.448181 334.0
7194 436.0 380.0 410.048187 380.0
7198 598.0 380.0 572.717346 380.0
7409 243.600006 240.000015 227.563232 240.000015
7388 146.400009 237.600006 129.430481 237.600006
7506 90.0 193.200012 76.479095 193.200012
7115 387.600006 408.000031 358.563446 408.000031
7167 300.0 376.800018 271.976593 376.800018
7004 118.800003 447.600006 80.278679 447.600006
6996 111.600006 404.400024 71.219604 404.400024
7287 352.800018 322.800018 331.028931 322.800018
7176 391.200012 379.200012 364.634003 379.200012
6694 296.400024 333.600006 272.875488 333.600006
7125 462.000031 410.400024 433.493805 410.400024
7021 289.200012 442.800018 254.426743 442.800018
7032 219.600006 422.400024 185.846878 422.400024
6534 219.600006 334.800018 194.628265 334.800018
7174 517.200012 406.800018 489.8638 406.800018
6913 362.400024 244.800003 347.683197 244.800003
6990 92.400002 355.200012 46.670815 355.200012
7435 340.800018 230.400009 326.327057 230.400009
7332 90.720001 256.320007 71.554527 256.320007
7343 707.040039 239.040009 687.508789 239.040009
7466 267.839996 151.200012 253.671005 151.200012
7116 325.440002 391.680023 296.628326 391.680023
6791 360.0 308.160004 339.52652 308.160004
6743 390.240021 362.880005 365.744446 362.880005
5837 460.800018 404.640015 433.071625 404.640015
7035 218.880005 421.920013 185.340698 421.920013
6505 246.240005 377.280029 217.855667 377.280029
7149 273.600006 368.640015 246.233246 368.640015
7039 289.440002 426.240021 256.84964 426.240021
5896 459.360016 360.0 435.997681 360.0
5843 423.360016 345.600006 400.671875 345.600006
7025 243.648026 430.272034 209.812332 430.272034
7030 190.080017 423.360046 155.700531 423.360046
7118 354.240021 400.896027 325.221924 400.896027
5950 476.92804 355.968048 453.905853 355.968048
406 77.76001 191.808014 64.366051 191.808014
7364 198.720016 266.11203 179.590378 266.11203
6644 352.512024 393.984039 324.214172 393.984039
7212 390.528046 362.880035 365.982971 362.880035
6661 266.11203 317.952026 243.054306 317.952026
5900 457.920044 357.696045 434.427979 357.696045
7489 259.200012 216.000015 245.539322 216.000015
2955 613.440063 407.808044 587.76886 407.808044
7168 642.81604 423.360046 616.125671 423.360046
7301 378.432037 319.680023 357.358643 319.680023
6736 464.832031 400.896027 436.846527 400.896027
7156 313.113647 373.248047 286.364868 373.248047
7085 170.035217 383.616058 139.59726 383.616058
5890 458.265656 356.659241 434.926636 356.659241
7529 279.936035 188.697632 265.819153 188.697632
6757 255.052841 282.009644 235.604507 282.009644
7370 196.992035 255.052841 179.85466 255.052841
6895 311.040039 189.11235 295.835236 189.11235
7241 440.432709 353.341492 417.513397 353.341492
6585 276.203552 370.759735 248.608841 370.759735
7133 442.921021 410.572845 412.983612 410.572845
7148 313.528351 375.736359 286.672089 375.736359
7338 141.834259 266.250275 121.794487 266.250275
6542 265.752625 376.23407 237.760071 376.23407
7119 358.318146 400.121918 329.554138 400.121918
6700 236.48999 293.820892 216.291214 293.820892
7453 308.153625 128.994537 293.597076 128.994537
6800 354.734985 308.153625 335.549957 308.153625
7452 175.575897 229.323624 160.396454 229.323624
7490 68.080452 189.90863 53.331158 189.90863
7113 437.148163 408.482697 408.038788 408.482697
6666 358.318176 397.733154 330.202087 397.733154
