517
2.35 0.457 -1.42 -0.00493 -0.0761 -0.0254 0.997 
6989 182.400009 356.400024 141.34137 356.400024
7407 416.0 249.0 399.390747 249.0
6722 328.0 287.0 307.756317 287.0
6522 445.200012 438.000031 410.702179 438.000031
7044 436.0 409.0 404.055481 409.0
7046 423.600006 408.000031 392.352264 408.000031
6805 403.200012 283.200012 383.946259 283.200012
7303 381.0 293.0 360.02713 293.0
7180 229.0 334.0 204.162323 334.0
7246 127.0 298.0 106.141365 298.0
1803 353.0 76.0 338.167328 76.0
7001 202.0 398.0 165.697403 398.0
7052 446.0 404.0 414.759064 404.0
7152 448.0 354.0 421.594238 354.0
7107 419.0 372.0 390.777222 372.0
7331 210.000015 277.200012 190.538254 277.200012
6838 355.0 51.0 339.839355 51.0
7420 354.0 22.800001 338.534363 22.800001
7013 300.0 433.0 265.493103 433.0
7404 197.0 238.0 180.530533 238.0
7365 129.600006 254.400009 110.740639 254.400009
7498 137.0 201.0 124.460922 201.0
7486 248.0 217.0 234.697556 217.0
5933 535.0 317.0 511.911011 317.0
7199 398.0 344.0 372.336334 344.0
6637 349.200012 327.600006 325.132629 327.600006
7165 451.200012 348.0 425.187531 348.0
7280 428.0 304.0 405.841034 304.0
6707 265.200012 260.400024 247.230347 260.400024
1346 306.0 155.0 291.811249 155.0
1025 295.0 214.0 281.821045 214.0
7065 687.0 406.0 656.165833 406.0
320 173.0 92.0 160.049622 92.0
1072 63.0 173.0 52.010838 173.0
7254 128.160004 298.080017 106.969154 298.080017
7393 147.600006 237.600006 131.874222 237.600006
7281 182.0 292.0 160.930771 292.0
7302 148.320007 282.240021 128.58873 282.240021
7351 151.200012 262.800018 132.853302 262.800018
7397 228.000015 241.200012 212.548264 241.200012
7511 248.400009 132.0 235.506271 132.0
7499 136.800003 201.600006 124.127342 201.600006
7127 416.400024 366.0 388.928314 366.0
6996 201.600006 396.000031 165.085922 396.000031
7093 212.0 365.0 183.887863 365.0
5938 535.200012 316.800018 512.204651 316.800018
6677 398.400024 343.200012 373.488251 343.200012
7287 405.600006 297.600006 384.065399 297.600006
7264 492.000031 315.600006 469.650787 315.600006
7253 456.000031 316.800018 432.867828 316.800018
7161 375.840027 351.360016 349.293915 351.360016
7505 242.400009 206.400009 229.858032 206.400009
7176 450.720032 347.040009 424.653229 347.040009
7275 426.000031 303.600006 404.042267 303.600006
6635 348.480011 326.880005 324.340118 326.880005
6680 340.800018 310.800018 317.972992 310.800018
7073 511.200012 396.000031 480.909332 396.000031
5837 528.0 363.0 500.817505 363.0
7081 244.800003 374.400024 216.337677 374.400024
7337 410.400024 280.800018 390.297546 280.800018
3302 426.000031 116.400002 410.393036 116.400002
6726 327.600006 286.800018 307.29361 286.800018
7344 207.360016 277.920013 187.921112 277.920013
7396 227.520004 240.480011 212.042023 240.480011
7030 269.568024 407.808044 237.911835 407.808044
6539 423.360016 407.52002 392.165344 407.52002
5909 515.52002 322.559998 492.214203 322.559998
5931 534.240051 316.800018 510.940735 316.800018
7444 355.968048 77.76001 340.93924 77.76001
6644 416.448029 366.336029 389.128632 366.336029
7424 234.720016 226.080002 219.532547 226.080002
7413 190.080017 221.184021 175.530121 221.184021
6623 264.384033 297.216034 242.965927 297.216034
6997 201.600006 396.000031 165.196442 396.000031
7412 263.52002 239.040009 247.971146 239.040009
7502 240.480011 205.920013 228.017212 205.920013
7288 404.640015 298.080017 382.85675 298.080017
7236 492.480011 322.559998 469.710541 322.559998
5878 492.480011 315.360016 469.956512 315.360016
7244 455.040009 316.800018 431.580902 316.800018
6694 354.240021 314.496033 331.518646 314.496033
6685 339.840027 309.600006 317.425964 309.600006
7154 376.704041 352.512024 349.840149 352.512024
7068 303.840027 383.040009 274.37088 383.040009
6494 316.22403 361.152039 288.416626 361.152039
7087 245.376022 373.248047 216.839493 373.248047
7085 244.800003 372.960022 216.441864 372.960022
6062 672.480042 344.160004 646.834656 344.160004
7328 409.536041 281.664032 389.534363 281.664032
7249 129.600006 298.944031 108.171158 298.944031
7480 233.280029 95.040009 219.097107 95.040009
7455 344.160004 110.880005 329.540771 110.880005
7497 172.800003 90.720001 159.556503 90.720001
1075 113.760002 87.840004 103.60318 87.840004
7391 146.880005 237.600006 131.261169 237.600006
7506 135.360001 201.600006 122.530159 201.600006
7137 423.360046 364.608032 395.930023 364.608032
7398 229.82402 240.192017 214.067825 240.192017
7401 270.720001 233.280014 255.370117 233.280014
7503 238.46402 205.632019 225.353302 205.632019
7241 492.480042 323.136017 469.998169 323.136017
5885 492.480042 316.22403 470.000427 316.22403
7026 378.432037 418.176025 345.297485 418.176025
6574 497.664062 438.912048 463.097412 438.912048
6698 352.512024 314.496033 330.453217 314.496033
6585 340.070435 348.364838 313.575256 348.364838
6479 283.680023 357.120026 256.811096 357.120026
7078 509.76004 395.712036 479.566559 395.712036
2880 527.040039 362.880005 499.702087 362.880005
6058 673.920044 345.600037 647.736206 345.600037
7318 429.120026 289.440002 408.175232 289.440002
6791 408.499268 282.009644 388.0289 282.009644
5941 532.915283 315.187256 509.494171 315.187256
7042 423.360046 407.808044 391.966278 407.808044
7271 458.265656 132.710419 434.945618 132.710419
6612 263.347229 296.524841 242.465378 296.524841
7313 350.784027 288.576019 330.662109 288.576019
7320 288.576019 279.936035 268.890686 279.936035
7306 149.299225 282.009644 129.060944 282.009644
270 342.144043 133.056015 327.622864 133.056015
7496 254.016022 141.696014 240.969986 141.696014
7487 171.072021 91.584007 158.341141 91.584007
7208 226.437149 335.923248 202.017319 335.923248
7282 263.761963 298.59845 242.135208 298.59845
7136 423.014465 362.880066 395.498718 362.880066
7341 201.139221 265.420837 182.277695 265.420837
7231 493.516876 321.408051 470.897308 321.408051
7202 466.560059 335.232025 441.453766 335.232025
7523 492.687439 320.993317 470.087616 320.993317
7421 338.41156 216.483871 324.114105 216.483871
7225 406.425659 329.702454 382.169403 329.702454
7289 377.395264 292.377655 356.526062 292.377655
6530 331.776031 357.696045 304.947723 357.696045
7063 302.745636 381.54245 273.111725 381.54245
7122 285.120026 355.968048 258.256439 355.968048
6995 200.448013 395.712036 163.897415 395.712036
7216 346.29126 325.555237 322.633789 325.555237
5827 524.62085 364.953644 497.432983 364.953644
7188 510.105682 348.364838 484.467804 348.364838
7197 313.113647 329.702454 288.875458 329.702454
6029 673.920105 344.217651 648.034424 344.217651
6759 445.824066 321.408051 422.687897 321.408051
7308 405.596222 281.180206 386.382996 281.180206
5840 457.850952 276.203552 438.31662 276.203552
6555 423.014465 406.425659 391.496948 406.425659
7316 350.438446 286.15683 330.570129 286.15683
7022 230.169632 398.131256 198.652542 398.131256
7059 238.464035 381.54245 209.176178 381.54245
7031 352.512024 414.720032 320.119141 414.720032
7441 338.41156 131.880981 323.60437 131.880981
7399 265.420837 238.464035 249.47374 238.464035
7508 172.108826 91.238411 158.720215 91.238411
449 114.462738 87.091209 104.604614 87.091209
7430 188.697632 219.801636 173.839706 219.801636
7392 149.299225 236.390427 133.535645 236.390427
7323 447.897675 228.096039 426.370056 228.096039
7064 238.878754 383.201324 209.369003 383.201324
6672 356.659241 317.260834 333.318817 317.260834
7224 343.388214 325.969971 319.672241 325.969971
6687 352.512054 313.113647 330.262878 313.113647
6469 354.585663 412.646454 321.964783 412.646454
6509 316.514374 361.304138 288.51535 361.304138
7133 507.61734 375.736359 479.404388 375.736359
7431 343.388214 184.135712 328.384399 184.135712
6527 283.668518 335.923248 258.849304 335.923248
2955 671.846497 343.388214 646.080383 343.388214
7520 450.883667 286.65451 431.144775 286.65451
6538 380.713013 388.177979 351.137054 388.177979
7196 490.199097 343.388214 465.78421 343.388214
7338 199.065628 266.250275 180.169128 266.250275
7322 288.230438 279.936035 268.357086 279.936035
7028 247.836716 406.093903 216.428757 406.093903
7033 228.925476 398.131256 197.872665 398.131256
534 230.169632 95.385612 216.389511 95.385612
1817 337.41626 131.383316 322.58371 131.383316
7493 238.464035 205.286423 226.349609 205.286423
7504 169.20578 89.579529 156.102371 89.579529
394 70.502411 182.476822 60.378448 182.476822
7395 149.299225 238.878754 134.280685 238.878754
7327 445.409332 228.925476 423.622711 228.925476
7105 303.575073 368.271423 275.402985 368.271423
7177 286.654541 336.819061 260.663239 336.819061
7051 340.402252 394.149963 309.687958 394.149963
6895 343.388214 185.131042 328.359497 185.131042
7423 343.985443 168.409531 329.593536 168.409531
7450 343.388214 167.215134 329.492645 167.215134
7522 330.946594 355.829803 304.448822 355.829803
6905 457.850952 131.880981 434.894165 131.880981
7500 164.826355 89.579544 152.145462 89.579544
5967 677.818481 409.079895 646.711365 409.079895
7193 671.846497 343.388214 645.553711 343.388214
7417 189.11235 218.972198 173.688904 218.972198
7400 152.285217 238.878769 136.750641 238.878769
7516 247.836716 116.4534 234.130325 116.4534
7449 232.906799 93.16272 217.855484 93.16272
7469 231.413788 92.067856 217.055389 92.067856
7321 455.064056 283.07135 434.041595 283.07135
7518 238.878754 206.530594 226.387848 206.530594
7492 262.766632 146.313248 249.791687 146.313248
6796 427.991089 291.133484 408.067535 291.133484
6813 406.093903 283.668549 386.613159 283.668549
7319 197.074982 265.752625 178.096039 265.752625
7096 504.631378 373.248077 476.274231 373.248077
6528 421.023834 406.093903 389.693573 406.093903
7117 424.009796 370.262085 395.936523 370.262085
6676 355.332153 313.528381 332.851959 313.528381
6700 289.640503 280.682556 269.749268 280.682556
6590 262.766632 298.59845 241.626099 298.59845
7380 232.906799 250.822708 215.595825 250.822708
6850 340.402252 200.060959 326.218018 200.060959
7203 661.893188 325.969971 635.847778 325.969971
5923 531.505249 316.514374 507.291016 316.514374
7098 300.987244 365.484528 272.284424 365.484528
7101 301.584442 367.276093 273.59433 367.276093
7187 283.668549 337.41626 258.96283 337.41626
7515 167.215134 89.579536 154.416321 89.579536
474 113.467415 86.593552 102.641991 86.593552
7410 182.145065 220.96286 168.236435 220.96286
6792 404.899536 283.07135 386.158936 283.07135
7119 426.398621 372.650879 398.495605 372.650879
6696 515.978149 401.316345 484.715973 401.316345
7113 501.645416 372.650879 472.714752 372.650879
6992 189.90863 326.069519 152.319321 326.069519
7378 232.906799 250.822708 215.196091 250.822708
7452 222.157257 225.740448 207.387741 225.740448
7491 238.878769 206.032928 226.460526 206.032928
6851 336.819061 214.990891 323.564087 214.990891
7427 297.404083 211.407715 282.933014 211.407715
7061 250.822708 386.983612 221.415985 386.983612
6721 354.734985 311.736786 332.587952 311.736786
6708 290.237701 283.07135 269.966217 283.07135
6542 331.444275 355.332153 304.859131 355.332153
7195 659.30542 322.486359 633.191956 322.486359
7198 664.0 329.0 638.182983 329.0
195 51.0 171.0 40.448586 171.0
7340 209.0 277.0 189.671432 277.0
6682 341.0 311.0 318.603546 311.0
7150 718.0 368.0 689.993713 368.0
7310 450.0 231.0 429.583984 231.0
6758 367.200012 292.800018 346.194458 292.800018
7186 229.200012 333.600006 204.377533 333.600006
321 204.000015 96.0 190.071747 96.0
6649 483.600006 396.000031 453.056183 396.000031
283 295.200012 213.600006 282.087799 213.600006
7160 717.600037 367.200012 689.694458 367.200012
7315 429.600006 290.400024 409.970978 290.400024
6645 482.400024 396.000031 452.106628 396.000031
5235 711.360046 450.720032 675.187134 450.720032
7210 404.640015 331.200012 380.719116 331.200012
7247 339.840027 309.600006 317.425964 309.600006
6551 331.200012 357.120026 304.235443 357.120026
7265 426.240021 303.840027 404.04306 303.840027
7164 715.680054 367.200012 688.400635 367.200012
6760 367.200012 292.320007 345.9487 292.320007
7000 195.840012 325.440002 158.475372 325.440002
7260 475.200043 316.22403 452.524048 316.22403
7214 404.352051 331.776031 380.847046 331.776031
7074 247.104019 374.976044 218.354752 374.976044
6662 283.392029 290.304016 262.844879 290.304016
6615 298.944031 314.496033 275.861847 314.496033
6026 680.832092 350.784027 655.08905 350.784027
7298 148.608017 283.392029 128.540314 283.392029
1094 70.848007 183.168015 60.231693 183.168015
7390 148.608017 236.736023 133.107025 236.736023
6534 286.15683 333.84964 261.313416 333.84964
7131 246.758438 354.585663 220.155655 354.585663
1800 331.776062 215.654434 317.496338 215.654434
7447 402.278442 217.728027 387.294769 217.728027
7037 230.169632 398.131256 198.652542 398.131256
7257 145.152023 302.745636 123.176842 302.745636
7003 201.139221 393.98407 164.963287 393.98407
6829 701.70636 263.761963 674.655334 263.761963
6833 457.850952 276.203552 438.31662 276.203552
7066 482.734161 398.131256 451.857758 398.131256
7259 457.850952 131.880981 434.894165 131.880981
7057 343.388214 380.713013 314.442505 380.713013
7299 164.229141 286.15683 143.906998 286.15683
7453 337.41626 131.383316 322.58371 131.383316
7296 164.229156 283.668549 144.142136 283.668549
6994 200.060959 394.149963 162.605469 394.149963
7512 262.766632 146.313248 249.791687 146.313248
7040 238.878769 382.206024 209.653397 382.206024
6750 346.374207 280.682556 327.683502 280.682556
6790 677.221313 408.482697 646.319397 408.482697
7460 186.325439 218.574081 171.471085 218.574081
7381 143.327271 232.906799 126.684273 232.906799
7300 164.826355 283.07135 144.318832 283.07135
6771 465.813599 333.235901 440.800598 333.235901
