54
-0.00147 -0.00244 -0.000473 -0.000249 0.00039 -0.000229 1 
63 643.0 210.0
64 710.0 182.0
98 727.200012 132.0
103 537.600037 255.600006
21 274.0 83.0
8 497.0 299.0
9 488.0 320.0
15 592.0 359.0
10 456.0 295.0
32 485.0 419.0
195 716.0 344.0
23 657.0 179.0
34 183.0 325.0
35 193.0 318.0
36 155.0 323.0
25 495.0 369.0
100 588.0 230.400009
29 534.0 211.0
42 579.0 278.0
40 88.0 389.0
41 62.0 391.0
26 548.0 170.0
27 550.0 152.0
51 405.600006 328.800018
52 414.0 321.0
39 536.0 299.0
47 547.0 103.0
43 375.0 282.0
44 350.0 269.0
46 344.0 260.0
54 672.0 318.0
55 646.0 315.0
58 724.0 278.0
57 598.0 299.0
60 623.0 368.0
2 424.0 334.0
62 732.0 112.0
73 76.0 290.0
74 216.0 86.0
75 312.0 86.0
33 209.0 152.0
76 367.0 187.0
77 93.0 90.0
87 496.800018 298.800018
176 92.400002 88.800003
13 564.0 45.600002
93 205.200012 118.800003
94 217.200012 86.400002
99 192.0 438.000031
394 123.840004 83.520004
104 684.0 181.200012
92 534.0 211.200012
245 403.200012 87.840004
61 517.200012 398.400024
109 553.200012 350.400024
114 488.400024 384.0
116 495.600006 369.600006
30 134.400009 206.400009
128 124.800003 200.400009
120 396.000031 357.600006
129 182.400009 325.200012
130 192.0 318.0
125 716.400024 309.600006
196 689.76001 315.360016
119 555.600037 111.600006
106 491.0 288.0
107 475.200012 276.0
112 548.640015 90.720001
124 484.800018 418.800018
132 637.200012 254.400009
137 406.080017 328.320007
138 414.000031 320.400024
134 438.000031 399.600006
135 457.200012 374.400024
136 438.000031 358.800018
218 338.400024 267.600006
141 364.800018 260.400024
142 343.200012 259.200012
143 87.600006 388.800018
121 202.800003 229.200012
122 204.000015 193.200012
144 536.400024 298.800018
145 687.600037 326.400024
146 651.600037 328.800018
147 672.0 318.0
224 646.800049 314.400024
148 598.800049 298.800018
149 724.800049 277.200012
150 698.400024 271.200012
151 712.800049 242.400009
154 608.400024 334.800018
153 656.400024 267.600006
157 686.400024 240.000015
234 721.200012 194.400009
236 679.200012 204.000015
158 622.800049 367.200012
159 424.800018 333.600006
97 709.200012 182.400009
28 494.400024 96.0
166 257.76001 341.279999
167 327.0 330.0
168 220.800003 415.200012
71 249.600006 363.600006
170 306.0 430.800018
171 75.600006 289.200012
172 274.800018 82.800003
173 312.0 86.400002
174 367.200012 187.200012
175 313.0 232.0
111 511.200012 103.200005
164 495.360016 96.480003
238 423.360016 332.640015
239 456.480011 295.200012
139 376.800018 280.800018
183 375.840027 263.52002
189 537.119995 254.880005
108 592.800049 357.600006
186 556.800049 351.600006
190 549.504028 89.85601
191 498.240021 393.120026
192 495.360016 368.640015
198 496.800018 290.880005
199 473.76001 280.800018
193 138.240021 207.360016
127 133.919998 205.920013
209 159.840012 316.800018
126 690.0 315.600006
210 522.720032 328.320007
188 518.400024 295.200012
205 603.360046 293.76001
201 406.080048 328.320038
202 411.840027 321.120026
203 393.984039 300.672028
140 351.360016 269.279999
292 362.880005 259.200012
213 86.400002 388.800018
225 584.640015 305.279999
222 650.880005 328.320007
220 201.600006 228.960007
221 204.480011 194.400009
227 635.040039 332.640015
228 603.360046 332.640015
231 658.080017 269.279999
232 715.680054 218.880005
237 622.080017 367.200012
160 456.480011 293.76001
240 511.200012 400.320007
162 563.040039 44.640003
247 532.800049 210.240005
249 548.640015 169.920013
251 203.040009 325.440002
252 374.400024 298.800018
169 249.12001 362.880005
255 366.336029 383.616028
258 74.880005 289.440002
180 203.904022 119.23201
117 205.920013 180.0
261 92.160004 89.280006
78 75.600006 38.400002
263 128.160004 123.840004
265 311.040009 86.400002
268 549.504089 89.16481
273 499.392059 393.984039
274 495.936035 369.792023
339 136.85762 205.286423
275 575.424072 274.752014
267 554.688049 350.784027
214 155.520004 335.52002
281 632.448059 267.840027
283 196.99202 316.22403
343 161.740829 315.187256
285 708.480042 335.232025
286 696.384094 335.232025
357 680.832092 311.040039
276 508.032043 324.864044
278 516.672058 295.488037
291 374.976044 281.664032
365 361.152039 259.200012
293 343.87204 259.200012
287 86.400009 388.800049
223 661.824036 321.40802
289 651.456055 330.048035
359 670.46405 317.952026
297 551.232056 335.232025
298 585.792053 305.856018
299 555.724854 302.745636
295 451.008057 362.880035
207 435.456055 357.696045
294 406.425659 327.628845
301 603.072083 333.504028
280 603.072083 293.76004
310 622.080078 368.064026
313 489.024048 321.40802
314 485.568054 418.176025
242 563.328064 43.200005
318 404.352051 86.400009
319 466.560059 96.768005
321 547.776062 169.344009
322 259.200043 342.144043
323 373.248047 296.524841
328 74.649612 288.230438
259 274.752014 82.944008
332 311.040039 86.400009
334 200.448013 228.096024
397 202.176025 139.968018
335 91.584007 88.128006
177 74.304008 38.016003
338 126.144012 74.304008
179 120.960007 152.639999
436 462.827576 390.66629
345 497.664062 371.174438
346 466.560059 367.027252
347 682.214478 182.476822
341 524.62085 329.702454
401 537.0625 296.524841
342 516.326477 294.451233
348 196.992035 315.187256
349 180.403229 308.966431
420 84.60289 390.66629
296 435.456055 356.659241
364 375.321655 279.936035
216 352.512024 269.568024
418 555.724854 327.628845
361 586.828857 304.819244
362 554.895447 303.575073
355 698.803284 333.84964
356 686.361694 325.555237
300 634.176086 331.776031
290 649.036865 315.187256
350 405.596222 328.458282
351 400.204865 317.260834
352 393.98407 300.672028
368 603.417664 331.776062
369 615.859314 294.451233
372 686.361694 269.568024
370 667.69928 269.568024
307 651.110474 205.286423
309 702.9505 205.286423
379 640.742493 360.806458
380 427.161652 333.84964
381 497.664062 293.621796
435 485.222473 271.226929
383 489.369659 416.793671
384 549.918823 89.579529
344 655.25769 180.403229
387 373.248047 297.216034
325 305.856018 430.272034
331 236.390427 78.796814
391 76.723213 51.840008
392 203.21283 118.195213
453 199.065628 216.483871
396 136.85762 206.530594
388 74.649612 288.645172
399 258.785309 343.388214
426 455.36261 363.294769
366 344.217651 259.200043
416 681.799805 311.040039
412 686.776428 271.226929
422 617.103455 335.923248
423 602.173523 333.434937
377 607.56488 288.230438
417 641.986633 248.832031
408 656.916626 319.500336
367 634.521667 331.776062
410 664.381531 313.528351
413 405.596222 308.551727
360 549.918823 335.923248
425 584.75531 306.063416
419 558.379089 304.570435
375 644.474976 226.437149
376 646.963318 204.042267
443 400.619568 87.091209
447 365.783081 383.201324
444 539.965515 236.390427
446 259.78067 343.388214
389 273.71524 82.114571
452 121.927696 151.787537
439 644.474976 106.997772
386 467.80423 97.044495
440 627.056702 194.088989
441 547.430481 169.20578
430 694.241394 393.154602
431 699.218018 340.899902
393 134.369308 119.439384
429 589.731934 355.829803
448 166.717468 328.458282
403 154.275864 335.923248
400 507.61734 325.969971
433 498.659424 292.626495
434 525.035583 271.226929
382 487.296082 269.568024
432 425.502777 333.434937
437 517.570618 355.829803
363 85.017609 387.763245
428 624.56842 263.761963
442 651.939941 181.647385
424 614.615112 293.621796
457 555.393127 328.458313
497 116.4534 346.374207
459 692.748413 253.808685
460 665.874573 253.808685
409 632.033386 330.946594
411 639.000671 301.584442
449 274.710571 80.621582
477 283.668549 238.878769
475 513.589355 98.537491
480 122.425369 149.299225
473 549.421143 89.579536
450 201.553955 119.439377
481 549.421143 170.201126
484 624.070801 394.149963
486 639.000671 361.304138
489 495.673431 188.117035
407 345.876526 258.785309
266 588.238953 355.332153
496 453.869659 388.177979
461 456.855652 376.23407
495 406.093903 328.458313
501 516.575317 352.346191
498 525.533264 328.458313
500 525.533264 271.724609
545 483.729492 271.724609
505 677.818481 185.131042
506 650.944641 182.145065
507 564.351074 277.696564
415 669.358154 325.969971
511 257.989075 340.402252
548 601.974487 279.488159
470 630.639954 329.65271
516 555.393127 329.65271
517 566.1427 286.654541
522 429.981781 361.901337
523 451.480896 354.734985
476 408.482697 85.996361
329 275.904999 78.829994
478 143.327271 343.985443
526 515.978149 100.329086
524 200.658173 218.574081
491 373.248077 292.626495
492 346.374207 259.78067
529 203.046951 101.523476
533 555.393127 111.078629
534 537.477234 85.996361
532 677.221313 361.901337
535 408.482697 326.069519
536 376.23407 275.904999
490 587.641785 354.734985
538 548.226807 333.235901
493 197.074982 315.319977
540 143.327271 329.65271
541 451.480896 386.983612
542 415.649078 347.568604
546 498.062256 372.650879
502 465.813599 369.067719
543 515.978149 293.820892
544 523.144531 268.738617
467 615.112793 292.626495
549 562.559509 275.904999
508 671.846497 325.472321
515 670.054993 229.323624
84 646.0 124.0
19 587.0 156.0
50 457.0 374.0
123 514.0 429.0
66 409.0 88.0
70 348.0 327.0
80 121.0 152.0
118 210.000015 151.200012
113 531.600037 90.0
187 500.400024 411.600006
81 548.400024 170.400009
185 591.840027 357.120026
155 597.600037 298.080017
65 426.240021 90.720001
101 374.400024 298.080017
254 305.279999 430.560028
181 217.440002 84.960007
182 373.248047 297.216034
333 247.104019 235.008026
340 120.960014 152.064011
288 657.331299 319.334442
317 427.161652 89.16481
390 242.611237 234.316833
395 201.139221 228.096039
509 632.033386 266.250275
405 368.271423 273.71524
406 368.271423 256.296997
468 602.173523 293.621796
471 664.381531 313.528351
485 699.218018 340.899902
312 373.248047 296.110107
513 639.000671 313.528381
469 650.944641 310.542389
454 134.369308 191.103012
551 400.121918 86.593552
527 155.271194 337.41626
451 128.397339 203.046951
488 128.397339 95.551506
463 426.995789 334.430267
519 662.888611 265.155426
520 680.804504 240.073166
464 451.480896 354.734985
458 558.976318 322.486359
445 372.650879 293.820892
531 347.568604 261.572266
494 419.232239 326.069519
462 415.649078 347.568604
