541
1.23 0.438 -2.06 0.0497 -0.33 -0.12 0.935 
1036 454.0 154.0 441.809326 154.0
320 443.0 152.0 430.365967 152.0
1467 328.0 210.0 318.840118 210.0
1068 341.0 225.0 330.888641 225.0
7507 511.0 218.0 496.742065 218.0
1832 661.0 164.0 641.960632 164.0
1813 661.0 150.0 642.168823 150.0
7246 359.0 364.0 336.456146 364.0
1025 549.0 298.0 533.149109 298.0
280 284.0 250.0 271.598053 250.0
7237 404.0 388.0 378.417908 388.0
834 611.0 322.0 592.940613 322.0
395 327.600006 210.000015 318.712097 210.000015
452 328.800018 178.800003 319.967834 178.800003
7233 482.400024 426.000031 454.960602 426.000031
7473 514.800049 188.400009 500.25528 188.400009
7498 388.800018 252.000015 376.398468 252.000015
7331 444.000031 362.400024 421.89505 362.400024
7254 358.800018 363.600006 336.479126 363.600006
6722 590.400024 422.400024 563.48822 422.400024
7238 404.400024 387.600006 379.326416 387.600006
7206 392.400024 394.800018 367.174774 394.800018
491 362.400024 264.0 348.781586 264.0
7342 388.800018 326.400024 369.386871 326.400024
6609 548.400024 454.800018 518.03302 454.800018
6579 522.0 433.200012 493.673004 433.200012
6659 526.800049 406.800018 500.753845 406.800018
99 614.400024 242.400009 596.357483 242.400009
6758 650.880005 450.720032 620.862671 450.720032
7393 390.240021 293.76001 374.323273 293.76001
365 378.720001 249.12001 366.446136 249.12001
6614 502.560028 408.960022 476.368134 408.960022
7388 434.880005 305.279999 417.891998 305.279999
6719 514.080017 368.640015 491.489044 368.640015
7351 387.360016 325.440002 368.350311 325.440002
7391 390.240021 295.200012 374.303986 295.200012
6634 540.0 436.320007 510.998749 436.320007
6600 521.280029 433.440002 493.023926 433.440002
7434 478.080017 299.52002 461.547974 299.52002
7359 555.840027 381.600006 532.023499 381.600006
825 642.240051 187.200012 623.40686 187.200012
7497 442.080017 151.200012 429.504761 151.200012
1075 393.120026 145.440002 383.315918 145.440002
7511 514.080017 188.640015 499.570984 188.640015
394 338.400024 223.200012 328.591187 223.200012
7412 508.032043 326.592041 489.816284 326.592041
7401 518.400024 319.680023 499.9487 319.680023
6726 587.520081 421.63205 560.747314 421.63205
7332 387.072021 326.592041 367.87674 326.592041
7392 390.528046 295.488037 374.660065 295.488037
6630 539.136047 437.184052 510.7099 437.184052
6657 516.672058 376.704041 493.655701 376.704041
6707 508.032043 355.968048 486.585297 355.968048
7429 501.120056 302.400024 485.319611 302.400024
7397 468.288055 317.952026 450.001648 317.952026
7502 487.296051 276.480042 472.981049 276.480042
7344 440.640045 361.152039 417.971985 361.152039
6623 502.848053 409.536041 476.353088 409.536041
247 442.368042 150.336014 429.425598 150.336014
7320 534.988892 391.910461 510.310455 391.910461
886 609.638489 319.334442 591.774963 319.334442
6641 539.136047 435.456055 510.87674 435.456055
7396 470.707275 317.260834 452.43576 317.260834
1405 559.87207 277.862427 543.305969 277.862427
6738 557.798462 381.54245 534.158081 381.54245
7430 433.382446 282.009644 418.110229 282.009644
7491 485.222473 273.71524 471.340088 273.71524
7312 441.676849 360.806458 419.986176 360.806458
7298 381.54245 350.438446 360.401093 350.438446
7487 441.676849 149.299225 428.75885 149.299225
1094 340.070435 223.948837 330.424927 223.948837
1800 607.150146 318.505005 589.685547 318.505005
7402 393.154602 296.110107 376.914154 296.110107
6590 512.593994 410.572845 486.128784 410.572845
449 393.154602 144.322586 383.78241 144.322586
7496 517.570618 211.507233 502.994781 211.507233
7480 500.152405 159.252502 485.293701 159.252502
7455 637.01001 186.624023 618.850769 186.624023
7341 432.967743 343.388214 412.729401 343.388214
7306 380.713013 350.85318 359.54184 350.85318
6757 554.895447 383.201324 530.702515 383.201324
7383 390.66629 288.645172 375.183929 288.645172
7503 485.222473 276.203552 471.121124 276.203552
6612 500.152405 410.572845 473.78302 410.572845
7282 501.645416 412.065857 474.934021 412.065857
7322 537.477234 394.149963 512.476807 394.149963
7516 516.575317 179.159073 501.30191 179.159073
7508 447.897675 143.327255 434.847443 143.327255
474 394.149963 143.327255 385.395203 143.327255
7515 438.939728 149.299225 425.915466 149.299225
1817 627.056763 212.004898 609.095703 212.004898
1802 668.860535 146.313248 649.84729 146.313248
1812 636.014709 188.117035 617.643005 188.117035
1827 624.070801 277.696564 605.444641 277.696564
7357 555.393127 382.206024 532.316711 382.206024
7400 394.149963 295.612457 377.609528 295.612457
7410 429.981781 283.668549 414.915497 283.668549
7464 519.56134 212.004898 504.871155 212.004898
7338 432.967773 343.388214 412.320801 343.388214
2392 615.112793 295.612457 597.269104 295.612457
6881 609.140869 315.319977 590.359802 315.319977
6843 609.140869 243.656357 591.482788 243.656357
6700 537.477234 394.149963 512.489502 394.149963
7492 523.144531 214.990891 508.631805 214.990891
7449 501.645416 157.659988 486.022522 157.659988
7461 584.058594 232.906799 566.076599 232.906799
7395 394.149963 297.404083 377.961731 297.404083
7460 429.981781 283.07135 414.475525 283.07135
7431 619.890442 275.904999 602.409363 275.904999
7518 469.39679 286.654541 454.556213 286.654541
7493 483.729523 275.904999 470.439453 275.904999
6621 501.645416 408.482697 475.057404 408.482697
7378 472.97998 333.235901 454.165985 333.235901
7299 394.149963 358.318176 373.419403 358.318176
7517 439.200012 152.400009 426.978607 152.400009
649 396.000031 288.0 381.110291 288.0
185 367.0 146.0 357.638397 146.0
157 479.0 301.0 462.434937 301.0
1346 577.200012 234.000015 560.33905 234.000015
331 367.200012 145.200012 356.454773 145.200012
6693 502.560028 371.52002 480.217285 371.52002
7404 436.800018 306.0 419.525848 306.0
7414 398.400024 295.200012 382.453796 295.200012
6813 715.680054 449.280029 686.662659 449.280029
7416 686.400024 51.600002 666.215576 51.600002
1881 634.800049 214.800003 616.591431 214.800003
7279 504.000031 408.000031 477.657837 408.000031
7361 469.200012 352.800018 448.021881 352.800018
7297 380.160004 349.920013 358.943848 349.920013
7454 615.600037 322.800018 597.733887 322.800018
7249 359.424042 364.608032 338.021362 364.608032
6711 587.52002 432.000031 559.652588 432.000031
7302 380.160034 350.784027 359.527405 350.784027
6847 673.920044 115.776009 654.418579 115.776009
7436 503.884857 302.745636 487.516052 302.745636
7413 432.000031 283.392029 416.609985 283.392029
7257 360.806458 362.880066 338.26593 362.880066
2430 617.103455 318.505005 599.969849 318.505005
7504 440.432709 149.299225 427.280273 149.299225
7469 498.659424 158.257187 483.954132 158.257187
7490 385.192017 250.822708 372.639221 250.822708
7366 490.199097 350.85318 468.908142 350.85318
7450 629.545044 256.296997 611.541016 256.296997
6589 501.645416 408.482697 475.057404 408.482697
7441 632.033386 213.995544 613.888611 213.995544
7295 394.149963 358.318176 373.419403 358.318176
6895 624.070801 277.696564 605.444641 277.696564
7500 433.564972 146.910446 420.19104 146.910446
7319 429.981781 343.985443 409.262848 343.985443
7452 469.39679 286.654541 454.556213 286.654541
