55
-0.000219 0.000104 -0.000311 0.00101 0.000118 -9.8e-05 1 
64 643.0 210.0 622.228821 210.0
100 729.0 132.0 706.60083 132.0
21 274.0 83.0 257.706177 83.0
8 497.0 299.0 472.369202 299.0
10 455.0 294.0 431.87912 294.0
15 592.0 359.0 562.158142 359.0
33 485.0 419.0 448.459351 419.0
23 657.0 180.0 635.630188 180.0
35 183.0 325.0 155.194382 325.0
36 193.0 318.0 165.978302 318.0
37 155.0 323.0 127.377678 323.0
25 495.0 369.0 463.364227 369.0
30 534.0 211.0 512.144714 211.0
43 579.0 278.0 557.668518 278.0
26 548.0 170.0 527.285339 170.0
27 550.0 152.0 529.449097 152.0
42 62.0 391.0 26.425415 391.0
40 536.0 299.0 512.070618 299.0
48 547.0 103.0 525.172363 103.0
53 414.0 321.0 386.945038 321.0
44 375.0 282.0 352.646759 282.0
45 350.0 269.0 329.025177 269.0
47 344.0 260.0 324.021545 260.0
55 672.0 318.0 645.748657 318.0
56 646.0 315.0 621.195679 315.0
61 623.0 368.0 592.175476 368.0
2 424.0 334.0 396.331177 334.0
63 732.0 112.0 709.591858 112.0
75 217.0 86.0 199.388199 86.0
76 312.0 86.0 295.107788 86.0
34 209.0 152.0 191.531006 152.0
78 93.0 90.0 76.049698 90.0
13 564.0 44.400002 541.901184 44.400002
85 496.800018 298.800018 473.423279 298.800018
94 205.200012 120.000008 187.744385 120.000008
95 217.200012 86.400002 199.731918 86.400002
103 192.0 438.000031 152.42421 438.000031
178 92.400002 90.0 75.695503 90.0
393 123.600006 84.0 107.527504 84.0
93 534.0 211.200012 512.172058 211.200012
247 405.600006 87.600006 385.494934 87.600006
29 244.800003 424.800018 206.49678 424.800018
62 517.200012 399.600006 481.79071 399.600006
111 553.200012 350.400024 523.739624 350.400024
118 495.600006 369.600006 463.736359 369.600006
31 134.400009 206.400009 118.615234 206.400009
131 182.400009 325.200012 154.574005 325.200012
132 192.0 318.0 165.830017 318.0
127 716.400024 309.600006 690.898865 309.600006
198 697.200012 321.600006 671.649048 321.600006
114 546.0 91.200005 524.663696 91.200005
107 492.000031 288.0 468.658875 288.0
108 475.200012 276.0 453.357452 276.0
122 555.600037 111.600006 534.653503 111.600006
134 637.200012 254.400009 616.848206 254.400009
139 405.600006 328.800018 378.480164 328.800018
140 414.000031 320.400024 387.349457 320.400024
136 438.000031 399.600006 403.133514 399.600006
137 457.200012 374.400024 425.050507 374.400024
143 364.800018 260.400024 344.23056 260.400024
144 343.200012 259.200012 323.356293 259.200012
146 86.400002 388.800018 50.819798 388.800018
123 202.800003 229.200012 186.065216 229.200012
124 204.000015 193.200012 186.481598 193.200012
148 651.600037 328.800018 624.557678 328.800018
149 672.0 318.0 645.696716 318.0
226 649.200012 315.600006 623.584167 315.600006
150 598.800049 298.800018 574.816589 298.800018
151 724.800049 277.200012 702.983948 277.200012
152 698.400024 271.200012 677.281128 271.200012
153 712.800049 242.400009 691.033936 242.400009
156 608.400024 334.800018 580.754456 334.800018
155 656.400024 267.600006 635.401489 267.600006
238 679.200012 204.000015 657.548767 204.000015
160 622.800049 368.400024 592.078125 368.400024
99 709.200012 182.400009 687.216064 182.400009
28 494.400024 96.0 473.444672 96.0
83 550.800049 151.200012 529.591553 151.200012
168 258.0 340.800018 229.508286 340.800018
169 326.400024 330.0 298.806122 330.0
170 220.800003 415.200012 183.404449 415.200012
72 249.600006 363.600006 218.032639 363.600006
172 306.0 430.800018 267.304016 430.800018
173 75.600006 289.200012 51.612255 289.200012
174 274.800018 82.800003 258.273987 82.800003
175 312.0 86.400002 295.563263 86.400002
262 92.160004 89.280006 75.156921 89.280006
240 424.800018 334.080017 397.245697 334.080017
241 456.480011 295.200012 433.870056 295.200012
141 375.840027 280.800018 352.954468 280.800018
183 375.840027 263.52002 354.598907 263.52002
192 537.119995 254.880005 516.347534 254.880005
110 591.840027 357.120026 561.625305 357.120026
187 560.160034 349.920013 530.873596 349.920013
190 548.640015 90.720001 527.312622 90.720001
200 496.800018 290.880005 474.163513 290.880005
201 473.76001 280.800018 450.907257 280.800018
194 495.360016 368.640015 463.951782 368.640015
195 138.240005 207.360016 122.32354 207.360016
129 133.919998 205.920013 118.179695 205.920013
211 159.840012 316.800018 132.56488 316.800018
128 689.76001 315.360016 664.169495 315.360016
207 603.360046 293.76001 580.559021 293.76001
212 522.720032 328.320007 495.917908 328.320007
191 518.400024 295.200012 494.701294 295.200012
203 406.080017 328.320007 378.801666 328.320007
142 351.360016 269.279999 330.238159 269.279999
293 361.440002 256.320007 341.52359 256.320007
221 86.400002 388.800018 50.387016 388.800018
227 584.640015 305.279999 560.508057 305.279999
224 650.880005 328.320007 624.039612 328.320007
219 201.600006 228.960007 185.486908 228.960007
220 204.480011 194.400009 187.285767 194.400009
229 635.040039 332.640015 607.4245 332.640015
230 603.360046 332.640015 575.661865 332.640015
233 658.080017 269.279999 637.855225 269.279999
234 715.680054 218.880005 693.827881 218.880005
239 622.080017 367.200012 591.919373 367.200012
162 456.480011 293.76001 433.386902 293.76001
242 516.960022 398.880005 481.399567 398.880005
249 532.800049 210.240005 511.196106 210.240005
251 548.640015 169.920013 527.664368 169.920013
253 203.040009 326.880005 175.045364 326.880005
171 249.12001 362.880005 217.832336 362.880005
256 367.200012 384.480011 333.769135 384.480011
259 74.880005 289.440002 51.483917 289.440002
184 204.480011 119.520004 187.046478 119.520004
119 205.920013 180.0 188.596069 180.0
79 74.880005 38.880001 57.782516 38.880001
264 128.160004 123.840004 112.399658 123.840004
266 311.040009 86.400002 295.676788 86.400002
316 549.504028 89.85601 528.187317 89.85601
273 499.392059 393.984039 465.465271 393.984039
274 495.936035 369.792023 464.306976 369.792023
269 708.480042 184.896011 685.87616 184.896011
340 138.240021 207.360016 122.354271 207.360016
275 575.424072 274.752014 553.659973 274.752014
272 554.688049 350.784027 526.342896 350.784027
283 632.448059 267.840027 612.398193 267.840027
280 196.99202 316.22403 170.161469 316.22403
343 158.976013 317.952026 131.270874 317.952026
285 708.480042 335.232025 681.053955 335.232025
286 696.384094 335.232025 669.234924 335.232025
357 680.832092 311.040039 656.606079 311.040039
292 374.976044 281.664032 352.553925 281.664032
294 343.87204 259.200012 324.818359 259.200012
276 508.032043 324.864044 481.876862 324.864044
278 516.672058 295.488037 493.896393 295.488037
297 551.232056 335.232025 523.209412 335.232025
298 585.792053 305.856018 560.983215 305.856018
299 556.416077 304.128021 532.090149 304.128021
225 661.824036 321.40802 636.088867 321.40802
289 651.456055 330.048035 624.769165 330.048035
287 86.400009 388.800049 50.741337 388.800049
209 435.456055 357.696045 405.146942 357.696045
291 406.080048 328.320038 378.916626 328.320038
301 603.072083 333.504028 574.99939 333.504028
282 603.072083 293.76004 580.451416 293.76004
310 622.080078 368.064026 591.721191 368.064026
244 563.328064 43.200005 540.948608 43.200005
320 404.352051 86.400009 384.782928 86.400009
321 466.560059 96.768005 447.102112 96.768005
323 547.776062 169.344009 527.258057 169.344009
324 259.200012 342.144043 229.470413 342.144043
329 76.032005 288.576019 51.554588 288.576019
260 274.752014 82.944008 259.046265 82.944008
333 311.040039 86.400009 295.889862 86.400009
335 202.176025 229.82402 186.038254 229.82402
396 202.176025 139.968018 184.566132 139.968018
336 91.584007 88.128006 74.284294 88.128006
179 74.304008 38.016003 57.080406 38.016003
339 126.144012 74.304008 110.468895 74.304008
181 120.960014 152.064011 105.496078 152.064011
380 524.62085 329.702454 497.922791 329.702454
400 537.0625 296.524841 514.355896 296.524841
401 516.326477 294.451233 493.773865 294.451233
348 196.992035 315.187256 170.309998 315.187256
349 180.403229 308.966431 154.886612 308.966431
296 435.456055 356.659241 405.26474 356.659241
414 555.724854 327.628845 528.821411 327.628845
359 586.828857 304.819244 561.52478 304.819244
360 555.724854 302.745636 533.201172 302.745636
363 375.321655 279.936035 352.993317 279.936035
215 346.29126 261.273651 326.073273 261.273651
300 634.521667 331.776062 606.647278 331.776062
290 649.036865 315.187256 623.416321 315.187256
355 698.803284 333.84964 670.673828 333.84964
350 406.425659 327.628845 379.6987 327.628845
351 400.204865 317.260834 373.251373 317.260834
368 603.417664 331.776062 575.586426 331.776062
369 615.859314 294.451233 592.512085 294.451233
372 686.361694 269.568024 665.698181 269.568024
370 667.69928 269.568024 646.863647 269.568024
307 651.110474 205.286423 629.959473 205.286423
378 640.742493 360.806458 609.62616 360.806458
381 499.737671 292.377655 475.044037 292.377655
435 487.296082 271.641632 464.694916 271.641632
383 489.369659 416.793671 451.457916 416.793671
384 549.504089 89.16481 528.533325 89.16481
346 655.25769 180.403229 633.758911 180.403229
330 275.788849 80.870415 260.78064 80.870415
390 76.723213 51.840008 60.040581 51.840008
391 203.21283 118.195213 186.314941 118.195213
453 199.065628 217.728027 182.433624 217.728027
395 136.85762 205.286423 122.348534 205.286423
387 74.649612 288.230438 51.486866 288.230438
398 259.200043 342.144043 230.073135 342.144043
422 455.36261 363.294769 423.998169 363.294769
365 345.876526 258.785309 326.13797 258.785309
411 686.776428 271.226929 665.459106 271.226929
418 681.799805 311.040039 656.78125 311.040039
424 602.173523 333.434937 573.798706 333.434937
342 614.615112 293.621796 591.15918 293.621796
367 632.033386 330.946594 603.888794 330.946594
409 664.381531 313.528351 638.27887 313.528351
420 116.951057 358.318115 84.184059 358.318115
358 549.918823 335.923248 520.678589 335.923248
426 584.75531 306.063416 560.416443 306.063416
415 554.895447 303.575073 532.228271 303.575073
375 644.474976 226.437149 624.116211 226.437149
376 646.963318 204.042267 626.395935 204.042267
447 365.783081 383.201324 332.363983 383.201324
446 258.785309 343.388214 229.695236 343.388214
444 539.965515 236.390427 519.216125 236.390427
443 400.619568 87.091209 381.835907 87.091209
474 273.71524 82.114571 257.335815 82.114571
452 121.927696 151.787537 106.162407 151.787537
439 641.986633 106.997772 622.617676 106.997772
386 467.80423 97.044495 447.630035 97.044495
430 694.241394 393.154602 660.478882 393.154602
431 699.218018 340.899902 671.935181 340.899902
440 627.056702 194.088989 605.701233 194.088989
441 547.430481 169.20578 526.989136 169.20578
392 129.392654 124.416016 113.096848 124.416016
429 589.731934 355.829803 559.564392 355.829803
445 373.248047 296.110107 349.104248 296.110107
448 166.717468 328.458282 139.816147 328.458282
432 425.502777 333.434937 397.169556 333.434937
399 507.61734 325.969971 481.066437 325.969971
433 497.664062 293.621796 474.227631 293.621796
382 485.222473 271.226929 463.025024 271.226929
366 84.60289 390.66629 48.468151 390.66629
428 624.56842 263.761963 604.066467 263.761963
442 651.939941 181.647385 630.846863 181.647385
425 621.084778 298.59845 596.730042 298.59845
506 555.393127 331.444275 529.289795 331.444275
457 116.4534 346.374207 85.937347 346.374207
459 692.748413 253.808685 671.661621 253.808685
460 665.874573 253.808685 645.098389 253.808685
408 630.042725 331.444275 603.013977 331.444275
410 639.000671 301.584442 613.94458 301.584442
449 274.710571 80.621582 258.220459 80.621582
477 283.668549 238.878769 262.370544 238.878769
473 513.589355 98.537491 492.33667 98.537491
482 122.425369 149.299225 106.068245 149.299225
475 549.421143 89.579536 528.394714 89.579536
450 203.046951 119.439384 184.506668 119.439384
483 549.421143 170.201126 528.204346 170.201126
484 624.070801 394.149963 596.860229 394.149963
486 639.000671 361.304138 608.042175 361.304138
491 373.248077 292.626495 348.655701 292.626495
406 346.374207 259.78067 326.747986 259.78067
271 588.238953 355.332153 559.001465 355.332153
461 456.855652 376.23407 424.043884 376.23407
495 409.079895 328.458313 380.862396 328.458313
500 516.575317 352.346191 487.267303 352.346191
545 483.729492 271.724609 461.670197 271.724609
505 650.944641 182.145065 630.193848 182.145065
507 564.351074 277.696564 541.592041 277.696564
417 671.846497 325.472321 645.254578 325.472321
511 259.78067 343.388214 230.122818 343.388214
536 408.482697 326.069519 380.34671 326.069519
470 630.639954 329.65271 602.819946 329.65271
523 429.981781 361.901337 398.453461 361.901337
524 451.480896 354.734985 420.751221 354.734985
516 558.976318 322.486359 532.454834 322.486359
517 555.393127 329.65271 530.326355 329.65271
388 275.904999 78.829994 259.349548 78.829994
476 408.482697 85.996361 393.065033 85.996361
478 143.327271 343.985443 114.106857 343.985443
528 515.978149 100.329086 494.329254 100.329086
530 200.658173 121.828178 182.499252 121.828178
525 200.658173 218.574081 183.758377 218.574081
531 372.650879 293.820892 348.642212 293.820892
492 347.568604 261.572266 327.222229 261.572266
533 555.393127 111.078629 536.355408 111.078629
534 537.477234 85.996361 512.558655 85.996361
493 197.074982 315.319977 168.330826 315.319977
541 143.327271 329.65271 115.826126 329.65271
489 587.641785 354.734985 558.420471 354.734985
539 548.226807 333.235901 518.589417 333.235901
543 515.978149 293.820892 491.781952 293.820892
548 587.641785 286.654541 563.108337 286.654541
549 562.559509 275.904999 541.186768 275.904999
508 673.638123 326.069519 645.530151 326.069519
16 490.0 293.0 466.547394 293.0
125 508.800018 426.000031 470.931915 426.000031
252 257.76001 341.279999 229.104263 341.279999
277 535.680054 298.944031 512.30719 298.944031
325 373.248047 409.536041 336.856567 409.536041
328 288.576019 357.696045 257.401611 357.696045
405 369.100861 255.052841 348.934387 255.052841
385 408.499268 87.091209 391.182098 87.091209
451 121.927696 201.553955 105.962029 201.553955
455 74.649612 288.645172 51.223598 288.645172
465 603.168884 334.430267 573.822388 334.430267
469 656.916626 319.500336 630.446228 319.500336
454 136.85762 206.530594 121.854179 206.530594
479 137.355286 206.032928 121.98085 206.032928
494 426.995789 334.430267 398.305756 334.430267
529 200.658173 121.828178 182.499252 121.828178
