553
1.32 0.321 -1.94 0.0526 -0.331 -0.106 0.936 
93 468.0 249.0 453.070129 249.0
331 356.400024 154.800003 345.701233 154.800003
320 433.0 160.0 420.16272 160.0
280 272.0 264.0 258.30896 264.0
1740 676.0 74.0 654.978638 74.0
1813 658.0 155.0 638.125671 155.0
7420 675.600037 81.600006 654.85083 81.600006
7475 534.0 183.600006 518.449158 183.600006
6722 588.960022 450.720032 559.501343 450.720032
7246 342.0 388.800018 318.251587 388.800018
7342 374.400024 345.600006 354.626923 345.600006
7305 532.800049 434.880005 505.162476 434.880005
6712 509.0 399.0 484.199188 399.0
7486 487.200012 304.800018 471.520325 304.800018
7498 380.400024 264.0 367.838501 264.0
7505 482.400024 288.0 467.574005 288.0
7419 679.200012 66.0 658.489685 66.0
7497 433.440002 158.400009 419.998688 158.400009
7418 532.800049 329.76001 513.785645 329.76001
406 371.52005 262.656036 358.865784 262.656036
7397 459.360016 334.080017 440.843964 334.080017
7388 425.088043 321.40802 407.009827 321.40802
7254 341.279999 388.800018 318.193542 388.800018
7393 378.720001 309.600006 362.060913 309.600006
7331 430.272034 383.616028 407.304443 383.616028
7389 396.000031 324.0 377.834167 324.0
6670 521.280029 424.800018 493.5979 424.800018
886 609.119995 334.080017 590.274048 334.080017
7506 378.720001 263.52002 366.077545 263.52002
1881 630.720032 221.76001 611.777893 221.76001
7479 571.679993 184.320007 554.883911 184.320007
1832 658.800049 170.400009 639.484009 170.400009
1075 383.040009 154.080002 372.08371 154.080002
7387 395.712036 324.864044 378.002167 324.864044
756 416.160004 295.200012 400.430023 295.200012
7401 513.216064 335.232025 493.676788 335.232025
7451 423.360046 297.216034 407.595276 297.216034
7352 509.76004 399.16803 484.894196 399.16803
7340 426.240021 384.480011 402.914093 384.480011
7390 373.248047 309.312042 356.566498 309.312042
7351 374.976044 345.600037 354.972168 345.600037
6659 521.856079 435.456055 493.657013 435.456055
7364 476.92804 374.976044 454.513184 374.976044
6891 622.080078 290.304047 603.199463 290.304047
7502 482.112061 288.576019 467.487366 288.576019
7444 660.960022 152.639999 641.123047 152.639999
247 432.000031 157.248016 418.936768 157.248016
2257 495.936035 165.888016 480.065002 165.888016
7494 378.432037 264.384033 365.645477 264.384033
7344 431.308868 383.616058 407.824066 383.616058
7341 425.088074 364.953644 403.687225 364.953644
7391 378.432037 311.040039 361.786713 311.040039
6738 552.407104 405.596222 527.298401 405.596222
7329 509.76004 411.264038 484.34671 411.264038
7396 462.412872 333.84964 443.636566 333.84964
518 462.827576 303.575073 446.673096 303.575073
7302 367.027252 373.248047 344.547729 373.248047
7249 343.87204 390.528046 320.174469 390.528046
7436 497.664062 315.187256 480.291748 315.187256
7424 470.016052 314.496033 453.212067 314.496033
2432 626.227295 257.126434 607.601624 257.126434
7359 552.960083 406.080048 527.733643 406.080048
270 630.374512 219.801636 611.374878 219.801636
474 383.201324 154.275864 373.449188 154.275864
7480 495.590485 165.888031 480.127716 165.888031
1094 330.048035 235.008026 319.979462 235.008026
7392 379.468842 308.966431 363.221069 308.966431
7298 365.783081 373.248047 343.932678 373.248047
7445 497.664062 318.505005 480.379089 318.505005
7430 423.014465 296.110107 406.953552 296.110107
7489 553.651306 298.59845 536.717285 298.59845
7399 507.61734 340.899902 487.712006 340.899902
853 629.545044 221.46051 610.117859 221.46051
1812 633.028748 194.088989 613.702759 194.088989
7508 430.479431 156.764175 417.189697 156.764175
449 383.616058 153.446426 373.654327 153.446426
394 331.776062 234.316833 320.648773 234.316833
821 492.687439 166.717468 477.329529 166.717468
7406 512.17926 335.923248 492.963715 335.923248
7493 479.001678 286.15683 464.782593 286.15683
7386 373.248047 308.966431 356.927216 308.966431
7257 344.217651 389.836853 320.58725 389.836853
7366 482.734161 368.271423 459.964294 368.271423
990 585.252991 322.486328 567.420288 322.486328
2372 549.918823 308.551727 532.223816 308.551727
910 561.365112 271.724609 543.27594 271.724609
1398 576.892212 243.656357 560.077271 243.656357
7357 551.809998 404.899536 527.331299 404.899536
7402 373.248047 306.063416 356.95343 306.063416
7490 376.23407 261.572266 362.780273 261.572266
534 490.895874 164.826355 475.949432 164.826355
7417 419.232239 293.820892 404.326843 293.820892
7395 382.206024 313.528381 365.46701 313.528381
7503 480.7435 286.65451 465.157135 286.65451
7299 367.276093 373.248077 344.593719 373.248077
7403 507.617371 340.402252 488.459564 340.402252
1022 558.976318 268.738617 541.812622 268.738617
6851 606.154846 331.444275 587.967407 331.444275
6757 552.407166 406.093903 526.957764 406.093903
7469 492.687439 167.215134 477.421631 167.215134
7295 379.817261 383.400421 356.282104 383.400421
7296 369.067719 372.650879 346.389069 372.650879
1425 446.0 164.0 433.30481 164.0
452 320.400024 188.400009 311.592712 188.400009
283 546.0 310.800018 529.524475 310.800018
7233 472.800018 456.000031 442.905457 456.000031
649 380.400024 304.800018 363.882874 304.800018
7416 679.680054 51.840004 658.530396 51.840004
365 365.76001 270.720001 353.143921 270.720001
7293 365.76001 372.960022 343.194885 372.960022
7345 345.600037 338.688019 326.136078 338.688019
7470 552.960083 300.672028 535.927673 300.672028
2847 608.256042 333.504028 589.369568 333.504028
6881 615.859314 333.84964 597.490234 333.84964
7487 433.382446 157.593628 419.914856 157.593628
6700 528.519287 418.037842 502.712769 418.037842
1350 549.421143 307.556396 532.144104 307.556396
1802 662.88855 152.285217 642.961609 152.285217
7400 373.248077 307.556396 357.435699 307.556396
7338 424.009796 364.290131 402.517487 364.290131
7452 456.855652 280.682556 441.819519 280.682556
911 558.976318 268.738617 541.812622 268.738617
7394 383.400421 311.736786 365.726135 311.736786
7491 480.146332 286.654541 465.089539 286.654541
7319 419.232239 365.484528 397.143066 365.484528
