56
-0.000394 -3.95e-05 -0.000538 0.00075 0.000108 -8.34e-05 1 
23 657.0 180.0 635.664917 180.0
94 205.0 120.0 187.795059 120.0
75 216.0 86.0 199.278687 86.0
21 274.0 83.0 257.823395 83.0
28 494.0 96.0 473.2948 96.0
44 377.0 281.0 353.759796 281.0
8 497.0 299.0 472.916168 299.0
9 488.0 320.0 461.555511 320.0
172 306.0 430.0 267.662537 430.0
31 134.0 208.0 118.316452 208.0
33 485.0 419.0 448.578491 419.0
1 611.0 109.0 590.06665 109.0
26 548.0 169.0 527.168274 169.0
27 550.0 152.0 529.481201 152.0
30 534.0 211.0 512.061279 211.0
35 183.0 325.0 155.302261 325.0
36 193.0 318.0 166.016449 318.0
37 155.0 323.0 127.323921 323.0
34 209.0 152.0 191.547165 152.0
43 579.0 278.0 557.672729 278.0
48 547.0 103.0 525.315674 103.0
41 88.0 389.0 52.217594 389.0
53 414.0 321.0 386.746124 321.0
45 350.0 269.0 329.109375 269.0
143 364.0 256.0 343.641205 256.0
47 344.0 258.0 324.128662 258.0
55 672.0 318.0 645.824646 318.0
40 536.0 299.0 512.064148 299.0
61 623.0 368.0 592.051453 368.0
2 424.0 334.0 396.399231 334.0
10 455.0 294.0 431.607147 294.0
63 732.0 112.0 709.652405 112.0
74 76.0 290.0 51.72723 290.0
76 312.0 86.0 294.89917 86.0
77 367.0 187.0 349.623871 187.0
78 93.0 90.0 76.054085 90.0
141 376.800018 280.800018 353.765045 280.800018
129 134.400009 206.400009 118.580284 206.400009
15 592.800049 357.600006 562.545227 357.600006
111 556.800049 351.600006 523.108521 351.600006
123 202.800003 229.200012 186.298096 229.200012
124 204.000015 193.200012 186.565659 193.200012
109 536.400024 255.600006 517.017639 255.600006
243 610.800049 109.200005 590.212219 109.200005
85 496.800018 298.800018 473.100922 298.800018
116 488.400024 384.0 454.972839 384.0
25 495.600006 368.400024 463.738342 368.400024
107 492.000031 288.0 468.845612 288.0
108 475.200012 276.0 453.350067 276.0
131 182.400009 325.200012 154.610764 325.200012
211 160.800003 316.800018 133.865921 316.800018
93 534.0 211.200012 512.288452 211.200012
122 555.600037 111.600006 534.913635 111.600006
197 714.0 343.200012 685.709961 343.200012
95 217.200012 85.200005 200.545471 85.200005
134 637.200012 254.400009 616.84314 254.400009
139 405.600006 328.800018 378.452637 328.800018
140 414.000031 320.400024 387.219086 320.400024
146 87.600006 388.800018 51.437386 388.800018
136 438.000031 399.600006 402.840729 399.600006
137 457.200012 374.400024 425.02063 374.400024
142 350.400024 268.800018 329.346191 268.800018
144 343.200012 259.200012 323.472748 259.200012
145 536.400024 298.800018 512.875183 298.800018
148 651.600037 328.800018 624.737671 328.800018
149 672.0 318.0 645.773376 318.0
56 646.800049 314.400024 621.820923 314.400024
150 598.800049 298.800018 574.793518 298.800018
151 723.600037 277.200012 701.66626 277.200012
152 698.400024 271.200012 677.336792 271.200012
156 612.0 337.200012 584.203796 337.200012
155 656.400024 267.600006 635.395386 267.600006
238 679.200012 204.000015 657.517944 204.000015
160 622.800049 367.200012 592.055786 367.200012
162 456.000031 294.0 433.265656 294.0
62 517.200012 398.400024 482.197693 398.400024
13 564.0 44.400002 541.923523 44.400002
99 710.400024 182.400009 688.381653 182.400009
166 494.400024 96.0 473.540649 96.0
168 258.0 340.800018 229.413818 340.800018
170 220.800003 415.200012 183.483551 415.200012
173 75.600006 289.200012 51.545719 289.200012
174 274.800018 82.800003 258.192108 82.800003
175 312.0 86.400002 295.384186 86.400002
176 367.200012 187.200012 349.920929 187.200012
178 92.400002 88.800003 75.509003 88.800003
79 75.600006 38.400002 58.488037 38.400002
181 120.960007 152.639999 105.454712 152.639999
183 375.840027 263.52002 354.474304 263.52002
110 591.840027 357.120026 561.550842 357.120026
118 495.360016 368.640015 463.944 368.640015
192 537.119995 254.880005 516.911682 254.880005
114 548.640015 90.720001 527.229492 90.720001
200 496.800018 290.880005 474.032043 290.880005
201 473.76001 280.800018 451.014465 280.800018
128 689.76001 315.360016 664.224487 315.360016
212 522.720032 328.320007 495.900513 328.320007
191 518.400024 295.200012 494.363251 295.200012
221 86.400002 388.800018 50.350574 388.800018
203 406.080017 328.320007 378.786713 328.320007
205 396.000031 299.52002 371.135132 299.52002
219 203.040009 228.960007 186.442871 228.960007
220 204.480011 192.960007 186.946945 192.960007
217 344.160004 259.200012 324.502045 259.200012
227 584.640015 305.279999 560.592163 305.279999
228 555.840027 302.400024 532.383301 302.400024
224 650.880005 328.320007 624.127502 328.320007
153 711.360046 241.920013 689.620911 241.920013
229 635.040039 332.640015 607.525574 332.640015
233 659.52002 269.279999 639.221069 269.279999
239 622.080017 367.200012 591.857178 367.200012
241 456.480011 293.76001 433.377136 293.76001
164 563.040039 44.640003 541.069336 44.640003
247 404.640015 86.400002 385.433502 86.400002
249 532.800049 210.240005 511.254211 210.240005
323 548.640015 169.920013 527.65979 169.920013
252 257.76001 341.279999 229.168182 341.279999
253 203.040009 325.440002 175.408569 325.440002
101 374.400024 298.080017 350.141418 298.080017
259 74.880005 289.440002 51.406284 289.440002
262 92.160004 89.280006 75.195107 89.280006
179 74.880005 37.440002 57.514084 37.440002
393 123.840004 83.520004 107.729156 83.520004
266 311.040009 86.400002 295.58786 86.400002
275 575.424072 274.752014 553.617065 274.752014
244 563.328064 43.200005 540.986206 43.200005
195 138.240021 207.360016 122.299187 207.360016
272 554.688049 350.784027 526.487366 350.784027
277 535.680054 297.216034 513.310608 297.216034
278 516.672058 295.488037 493.866547 295.488037
280 196.99202 316.22403 170.331024 316.22403
343 160.70401 316.22403 133.14769 316.22403
222 153.792007 336.960022 124.734657 336.960022
292 374.976044 281.664032 352.49942 281.664032
294 343.87204 259.200012 324.960541 259.200012
285 708.480042 335.232025 681.079651 335.232025
286 696.384094 335.232025 669.293823 335.232025
357 680.832092 311.040039 656.642944 311.040039
297 551.232056 335.232025 523.142212 335.232025
298 585.792053 305.856018 561.112732 305.856018
299 554.688049 304.128021 531.288635 304.128021
225 665.28009 321.40802 638.737305 321.40802
289 651.456055 330.048035 624.951965 330.048035
295 451.008057 362.880035 420.369934 362.880035
209 435.456055 357.696045 405.093536 357.696045
287 86.400009 388.800049 50.415009 388.800049
300 634.176086 331.776031 605.989807 331.776031
301 603.072083 333.504028 574.901306 333.504028
307 651.456055 202.176025 630.379395 202.176025
310 622.080078 368.064026 591.687439 368.064026
190 549.504028 89.85601 528.150269 89.85601
320 404.352051 86.400009 384.781036 86.400009
321 464.832031 95.040009 444.364197 95.040009
251 547.776062 169.344009 527.372253 169.344009
326 305.856018 430.272034 267.163483 430.272034
256 366.336029 383.616028 333.243408 383.616028
328 288.576019 357.696045 257.536499 357.696045
329 74.304008 288.576019 51.101948 288.576019
260 274.752014 81.216011 258.132751 81.216011
184 203.904022 119.23201 186.432724 119.23201
333 311.040039 86.400009 295.827942 86.400009
335 203.904022 229.82402 187.427063 229.82402
396 202.176025 139.968018 184.522018 139.968018
336 91.584007 88.128006 74.373734 88.128006
346 655.25769 180.403229 633.77356 180.403229
380 524.62085 329.702454 497.902802 329.702454
400 537.0625 296.524841 514.258301 296.524841
401 516.326477 294.451233 493.631378 294.451233
348 196.992035 315.187256 170.493881 315.187256
349 180.403229 308.966431 155.083008 308.966431
296 435.456055 356.659241 405.275787 356.659241
367 634.521667 331.776062 606.809998 331.776062
290 649.036865 315.187256 623.458191 315.187256
366 85.017609 387.763245 49.580845 387.763245
363 375.321655 279.936035 352.948761 279.936035
405 369.100861 255.052841 348.977539 255.052841
365 346.29126 259.200043 326.017426 259.200043
291 406.425659 327.628845 379.656738 327.628845
352 393.98407 300.672028 369.634247 300.672028
355 698.803284 333.84964 670.743225 333.84964
356 686.361694 325.555237 659.538696 325.555237
359 586.828857 304.819244 561.627625 304.819244
360 555.724854 302.745636 533.051025 302.745636
368 603.417664 331.776062 575.576233 331.776062
369 615.859314 294.451233 592.543091 294.451233
372 686.361694 269.568024 665.676758 269.568024
376 651.110474 205.286423 629.966919 205.286423
382 487.296082 269.568024 465.550293 269.568024
383 489.369659 416.793671 451.448547 416.793671
316 549.504089 89.16481 528.464111 89.16481
386 466.560059 95.385612 446.135101 95.385612
324 259.200043 342.144043 230.206238 342.144043
330 275.788849 80.870415 260.741364 80.870415
391 203.21283 118.195213 186.107758 118.195213
339 128.563217 74.649612 112.680565 74.649612
340 136.85762 205.286423 122.276955 205.286423
387 74.649612 288.230438 51.166481 288.230438
422 455.36261 363.294769 423.922058 363.294769
411 686.776428 271.226929 665.424927 271.226929
407 654.428223 318.505005 628.962402 318.505005
408 632.033386 330.946594 603.864075 330.946594
409 664.381531 313.528351 638.178772 313.528351
406 345.876526 258.785309 326.309967 258.785309
418 681.799805 311.040039 656.772156 311.040039
413 641.986633 248.832031 621.418274 248.832031
424 602.173523 333.434937 573.715698 333.434937
350 405.596222 328.458282 378.941162 328.458282
414 549.918823 335.923248 520.454407 335.923248
426 584.75531 306.063416 560.533081 306.063416
415 554.895447 303.575073 532.27948 303.575073
375 644.474976 226.437149 624.125488 226.437149
428 624.56842 263.761963 604.116394 263.761963
429 589.731934 355.829803 559.621338 355.829803
430 694.241394 393.154602 660.652222 393.154602
431 699.218018 340.899902 671.912476 340.899902
432 425.502777 333.434937 397.265503 333.434937
399 507.61734 325.969971 481.058716 325.969971
381 497.664062 293.621796 474.194305 293.621796
545 485.222473 271.226929 462.97113 271.226929
384 549.918823 89.579529 528.010376 89.579529
439 641.986633 106.997772 622.506714 106.997772
441 547.430481 169.20578 527.23822 169.20578
442 651.939941 181.647385 630.855164 181.647385
443 400.619568 87.091209 381.940399 87.091209
445 373.248047 296.110107 349.235138 296.110107
447 365.783081 383.201324 332.529083 383.201324
448 166.717468 328.458282 139.766068 328.458282
402 154.275864 335.923248 124.969261 335.923248
474 273.71524 82.114571 257.187836 82.114571
390 77.137932 52.254726 59.667889 52.254726
453 199.065628 216.483871 182.341431 216.483871
395 136.85762 206.530594 121.723419 206.530594
455 74.649612 288.645172 50.567684 288.645172
398 258.785309 343.388214 229.829742 343.388214
459 692.748413 253.808685 671.666748 253.808685
460 665.874573 253.808685 645.095459 253.808685
465 603.168884 334.430267 573.624573 334.430267
468 597.196899 301.584442 573.666138 301.584442
506 555.393127 328.458313 528.916565 328.458313
469 656.916626 319.500336 630.437744 319.500336
410 639.000671 301.584442 613.920288 301.584442
449 274.710571 80.621582 258.073303 80.621582
476 409.079895 86.593552 389.520508 86.593552
473 513.589355 98.537491 492.355652 98.537491
533 555.393127 110.48143 535.536743 110.48143
475 549.421143 89.579536 528.411255 89.579536
454 137.355286 206.032928 121.863487 206.032928
450 203.046951 119.439384 184.321243 119.439384
483 549.421143 170.201126 528.473816 170.201126
479 128.397339 203.046951 112.869255 203.046951
452 122.425369 149.299225 106.274178 149.299225
486 639.000671 361.304138 608.048279 361.304138
271 588.238953 355.332153 559.039246 355.332153
491 373.248077 295.612457 349.534576 295.612457
492 346.374207 259.78067 326.869019 259.78067
496 453.869659 388.177979 419.944641 388.177979
461 456.855652 376.23407 423.995636 376.23407
494 426.995789 334.430267 398.476929 334.430267
537 376.23407 274.710571 354.011444 274.710571
457 116.4534 346.374207 86.006325 346.374207
500 516.575317 352.346191 487.387817 352.346191
433 498.659424 292.626495 475.3013 292.626495
499 525.533264 268.738617 501.878082 268.738617
505 650.944641 182.145065 630.186157 182.145065
507 564.351074 277.696564 541.532715 277.696564
417 671.846497 325.472321 645.147827 325.472321
446 259.78067 343.388214 230.227646 343.388214
470 630.639954 329.65271 602.725037 329.65271
523 429.981781 361.901337 398.613007 361.901337
524 451.480896 354.734985 420.673004 354.734985
516 558.976318 322.486359 532.473022 322.486359
517 555.393127 329.65271 530.217957 329.65271
482 121.828178 150.493622 105.141792 150.493622
478 143.327271 343.985443 113.962784 343.985443
388 275.904999 78.829994 259.366516 78.829994
528 515.978149 100.329086 494.368073 100.329086
534 537.477234 85.996361 512.009888 85.996361
525 200.658173 218.574081 183.805817 218.574081
529 200.658173 121.828178 182.563477 121.828178
495 408.482697 326.069519 380.261871 326.069519
489 587.641785 354.734985 558.486633 354.734985
539 548.226807 333.235901 518.665894 333.235901
493 197.074982 315.319977 168.718216 315.319977
541 143.327271 329.65271 115.81723 329.65271
542 451.480896 386.983612 417.929962 386.983612
536 415.649078 347.568604 387.151184 347.568604
543 515.978149 293.820892 492.125732 293.820892
544 523.144531 268.738617 500.340485 268.738617
549 562.559509 275.904999 541.217041 275.904999
508 673.638123 326.069519 645.525269 326.069519
511 257.989075 340.402252 229.486771 340.402252
100 727.0 132.0 704.892883 132.0
51 457.0 374.0 424.908844 374.0
57 583.0 330.0 555.269348 330.0
80 122.0 75.0 105.734077 75.0
81 122.0 156.0 106.677727 156.0
82 548.400024 169.200012 527.617798 169.200012
115 530.400024 91.200005 508.57785 91.200005
120 210.000015 151.200012 192.400894 151.200012
189 500.400024 411.600006 464.379364 411.600006
154 672.0 268.800018 651.507385 268.800018
269 708.480042 181.440002 686.36554 181.440002
196 133.919998 205.920013 118.097542 205.920013
185 217.440002 84.960007 200.631744 84.960007
88 601.200012 76.800003 562.410217 76.800003
215 351.360016 269.279999 330.278381 269.279999
319 426.240021 90.720001 407.881958 90.720001
341 120.960014 152.064011 105.41748 152.064011
435 485.222473 271.226929 462.97113 271.226929
404 368.271423 273.71524 345.873444 273.71524
416 701.70636 323.481659 674.689148 323.481659
458 102.021133 350.85318 70.076385 350.85318
503 646.963318 204.042267 626.382385 204.042267
484 624.070801 394.149963 586.130615 394.149963
488 128.397339 95.551506 112.014771 95.551506
425 614.615112 293.621796 591.17749 293.621796
520 662.888611 265.155426 642.252441 265.155426
515 670.054993 229.323624 648.582092 229.323624
532 347.568604 261.572266 327.303284 261.572266
466 588.238953 334.430267 559.933105 334.430267
467 615.112793 292.626495 592.17218 292.626495
