561
1.44 0.364 -1.91 0.0764 -0.314 -0.127 0.938 
99 578.0 272.0 559.837952 272.0
7513 449.0 295.0 435.072998 295.0
834 574.0 354.0 555.164307 354.0
1740 642.0 106.0 621.827271 106.0
2311 645.0 98.0 625.002869 98.0
1467 299.0 228.0 289.771271 228.0
7498 356.0 273.0 343.532349 273.0
7409 501.0 349.0 482.418274 349.0
6712 470.0 413.0 445.928558 413.0
988 543.0 262.0 525.811646 262.0
7454 578.400024 355.200012 559.99115 355.200012
247 412.800018 174.0 400.002228 174.0
395 298.800018 228.000015 289.734924 228.000015
7473 482.400024 213.600006 467.452484 213.600006
7342 343.200012 355.200012 323.121613 355.200012
6659 477.600006 448.800018 450.11084 448.800018
7246 304.800018 396.000031 281.034607 396.000031
1477 459.600006 346.800018 441.152405 346.800018
1025 513.600037 327.600006 497.229187 327.600006
7497 413.280029 172.800003 399.802612 172.800003
394 308.160004 243.360016 298.308411 243.360016
1881 597.600037 244.800003 579.174805 244.800003
6693 456.480011 407.52002 432.495514 407.52002
7389 365.76001 334.080017 347.582306 334.080017
649 357.120026 312.480011 340.585114 312.480011
7393 349.920013 319.680023 333.230072 319.680023
6703 470.880005 413.280029 445.981232 413.280029
7404 394.560028 332.640015 376.90155 332.640015
1648 396.000031 308.160004 379.686951 308.160004
7254 305.279999 396.000031 281.296143 396.000031
7361 423.360016 384.480011 400.962067 384.480011
886 573.119995 352.800018 554.278503 352.800018
7479 542.880005 204.480011 527.271545 204.480011
7506 354.240021 273.600006 341.69986 273.600006
7237 348.480011 424.800018 322.559998 424.800018
1075 364.320007 165.600006 354.532043 165.600006
7206 333.504028 432.000031 306.386108 432.000031
7281 361.152039 407.808044 336.341736 407.808044
7351 342.144043 354.240021 321.910248 354.240021
7388 393.984039 333.504028 376.470062 333.504028
7390 343.87204 323.136017 327.063385 323.136017
7391 349.05603 319.680023 332.582428 319.680023
7340 397.440033 390.528046 374.736053 390.528046
7352 470.016052 412.992035 445.720276 412.992035
7418 499.392059 347.328033 480.558319 347.328033
7397 428.544037 347.328033 410.009613 347.328033
6881 571.968079 352.512024 553.403625 352.512024
2196 511.488037 419.904053 486.594482 419.904053
1803 627.264038 179.712021 608.421753 179.712021
7487 412.992035 172.800018 398.924469 172.800018
406 345.600037 271.296021 333.577484 271.296021
491 326.592041 285.120026 312.724731 285.120026
7480 470.707275 184.55043 455.881927 184.55043
270 597.196899 242.611237 578.32373 242.611237
7312 398.131256 389.836853 375.435059 389.836853
7344 393.98407 393.98407 370.569519 393.98407
7249 306.892853 396.057648 283.083984 396.057648
7392 350.438446 319.334442 334.162109 319.334442
7451 396.057648 306.892853 379.413879 306.892853
7396 429.23526 346.29126 410.784485 346.29126
518 433.382446 317.260834 417.178467 317.260834
7302 331.776062 381.54245 309.033081 381.54245
7429 466.560059 331.776062 449.402649 331.776062
7359 512.17926 418.867249 487.130768 418.867249
7444 630.374512 178.32962 611.451111 178.32962
7494 352.512054 273.71524 340.074371 273.71524
7332 342.144043 354.585663 321.057709 354.585663
474 364.953644 165.888031 354.998566 165.888031
910 527.523926 288.645172 510.718323 288.645172
7395 350.85318 320.993317 334.267975 320.993317
7329 470.292542 425.502777 445.106995 425.502777
534 470.292542 184.135712 454.881775 184.135712
7399 467.80423 355.829803 448.934143 355.829803
7398 430.479431 348.364838 411.559845 348.364838
7504 410.572845 171.694107 397.25 171.694107
449 365.783081 164.229141 355.763855 164.229141
7503 450.385986 301.086761 436.245667 301.086761
7490 350.85318 273.71524 338.38559 273.71524
7298 330.946594 380.713013 308.823395 380.713013
6738 510.105682 420.526154 485.734589 420.526154
7378 432.967773 367.276093 412.147156 367.276093
7515 406.093903 170.201126 393.454163 170.201126
6851 582.266968 349.360199 564.494202 349.360199
7394 352.346191 322.486328 335.676727 322.486328
821 468.799591 182.145065 453.665619 182.145065
7493 450.883667 301.584442 436.8367 301.584442
7430 388.177979 307.556396 374.272278 307.556396
6757 510.603363 421.023834 486.296936 421.023834
7306 331.444275 382.206024 308.996674 382.206024
7366 447.897675 385.192017 425.860596 385.192017
7341 388.177979 376.23407 366.298096 376.23407
1827 585.252991 307.556396 566.919128 307.556396
1812 600.182922 217.976868 581.605957 217.976868
6914 668.860535 376.23407 647.661133 376.23407
7452 429.981781 315.319977 414.182434 315.319977
7491 451.480896 300.987244 436.992737 300.987244
2392 576.892212 326.069519 558.768982 326.069519
7423 605.557678 286.654541 587.326721 286.654541
6895 584.058594 308.153625 565.883179 308.153625
1802 630.639954 179.159088 611.773438 179.159088
7500 404.899536 168.409531 392.29718 168.409531
7400 354.734985 322.486359 336.884521 322.486359
1800 569.725891 347.568604 552.087646 347.568604
7516 483.729523 204.241348 468.814789 204.241348
7469 469.39679 182.742264 453.973816 182.742264
7417 390.566803 308.153625 375.807617 308.153625
7295 343.985443 390.566803 321.744629 390.566803
7438 598.391357 218.574081 580.031921 218.574081
6719 469.200012 404.400024 445.581238 404.400024
1813 623.0 181.0 604.265808 181.0
666 321.120026 292.320007 307.178009 292.320007
825 604.800049 217.728027 585.86145 217.728027
7339 397.440033 390.528046 374.736053 390.528046
7434 440.640015 328.320007 423.471893 328.320007
7424 440.640045 328.320038 423.096619 328.320038
7508 412.646454 172.108826 399.288574 172.108826
7349 470.707275 412.646454 446.238068 412.646454
7455 603.417664 217.728027 584.519165 217.728027
7336 398.131256 389.836853 375.435059 389.836853
2372 517.570618 325.969971 500.1297 325.969971
7410 388.177979 307.556396 374.272278 307.556396
7338 388.177979 375.736359 366.194305 375.736359
6843 585.252991 271.724609 566.906189 271.724609
6884 584.058594 275.904999 565.262756 275.904999
7461 548.226807 261.572266 530.319275 261.572266
7492 490.895874 240.073166 475.466858 240.073166
