592
1.36 0.766 -2.28 0.00332 -0.285 -0.104 0.953 
2784 598.0 38.0 581.060547 38.0
1820 588.0 97.0 572.358948 97.0
7107 627.0 410.0 595.169312 410.0
7206 374.0 292.0 353.041046 292.0
7297 361.0 265.0 342.336884 265.0
6855 568.0 141.0 552.695251 141.0
7002 409.0 306.0 374.730865 306.0
7473 468.0 128.0 454.994659 128.0
7134 563.0 375.0 534.408691 375.0
7237 385.0 287.0 364.274841 287.0
7333 629.0 310.0 606.707214 310.0
7404 405.0 231.0 389.852661 231.0
7393 364.0 225.0 349.824432 225.0
7498 363.0 192.0 351.987305 192.0
666 336.0 203.0 323.999237 203.0
7303 589.0 316.0 566.406433 316.0
7180 427.0 323.0 403.194458 323.0
6482 527.0 405.0 495.274261 405.0
7020 559.0 441.0 523.561707 441.0
7505 449.0 207.0 436.399384 207.0
6680 541.0 325.0 517.517212 325.0
7027 425.0 385.0 394.853882 385.0
7120 449.0 354.0 422.328522 354.0
6437 486.0 407.0 454.624512 407.0
99 552.0 166.0 536.810364 166.0
6727 525.0 295.0 504.61792 295.0
394 309.600006 172.800003 300.190826 172.800003
181 294.0 130.800003 285.968628 130.800003
7008 421.200012 408.000031 389.480774 408.000031
7199 604.800049 373.200012 576.541626 373.200012
7287 620.400024 326.400024 596.206848 326.400024
7331 412.800018 268.800018 394.356293 268.800018
7238 385.200012 286.800018 365.107819 286.800018
7451 400.800018 214.800003 387.249237 214.800003
6995 403.200012 372.0 369.35611 372.0
7391 363.600006 224.400009 349.566223 224.400009
7013 487.200012 434.400024 452.875885 434.400024
7048 507.600006 406.800018 476.184235 406.800018
6695 648.0 392.400024 618.062256 392.400024
6614 464.400024 295.200012 443.186371 295.200012
1881 567.600037 141.600006 552.18927 141.600006
6699 554.400024 331.200012 530.734131 331.200012
6496 517.200012 378.0 488.044312 378.0
6685 541.200012 325.200012 517.289795 325.200012
7434 440.400024 225.600006 426.145142 225.600006
7114 450.000031 354.0 423.45517 354.0
5805 650.400024 324.0 627.623474 324.0
6617 559.200012 361.200012 531.819763 361.200012
320 403.200012 97.200005 391.007019 97.200005
1075 355.200012 94.800003 346.082703 94.800003
7298 361.440002 263.52002 343.25119 263.52002
6989 394.560028 331.200012 356.911438 331.200012
7401 475.200012 236.160004 459.139557 236.160004
7344 411.840027 267.839996 393.327576 267.839996
7288 617.76001 325.440002 593.944031 325.440002
6799 627.840027 309.600006 605.628784 309.600006
7392 364.320007 224.640015 350.191193 224.640015
7510 362.880005 192.960007 351.789154 192.960007
7186 426.240021 322.559998 402.468201 322.559998
6623 463.680023 295.200012 442.400116 295.200012
6694 554.400024 329.76001 530.530151 329.76001
7294 587.52002 315.360016 564.362061 315.360016
7304 554.400024 305.279999 532.868042 305.279999
270 565.920044 141.12001 550.635681 141.12001
7176 675.360046 396.000031 644.52063 396.000031
7244 684.0 361.440002 656.56073 361.440002
7429 460.800018 226.080002 446.729126 226.080002
7397 432.000031 237.600006 416.742828 237.600006
6674 540.0 324.0 516.396484 324.0
7204 509.76001 339.840027 484.622803 339.840027
7412 466.560028 241.920013 451.114868 241.920013
7068 495.360016 385.920013 465.143188 385.920013
6521 508.320007 367.200012 480.185516 367.200012
7029 460.800018 398.880005 429.289948 398.880005
6641 496.800018 318.240021 473.44046 318.240021
7315 650.880005 324.0 627.525085 324.0
6677 604.800049 372.960022 576.500183 372.960022
7480 457.920013 99.360001 444.493408 99.360001
247 406.080017 97.920006 394.911102 97.920006
2432 563.328064 171.072021 548.160583 171.072021
7166 673.920044 395.712036 643.084167 395.712036
7054 571.968079 421.63205 538.918762 421.63205
7436 461.376038 226.368027 447.614166 226.368027
7503 445.824036 205.632019 433.302734 205.632019
6567 508.032043 349.05603 481.725708 349.05603
6683 539.136047 324.864044 515.561401 324.864044
7030 459.648041 399.16803 428.767303 399.16803
7123 449.280029 352.512024 422.820038 352.512024
7122 476.92804 355.968048 450.053436 355.968048
7320 489.024048 285.120026 468.685516 285.120026
6612 463.104034 297.216034 441.711273 297.216034
7328 625.536072 311.040039 603.217407 311.040039
6644 627.264038 404.352051 596.007629 404.352051
7210 615.16803 362.880035 588.055603 362.880035
7137 637.63208 406.080048 606.06134 406.080048
7213 699.840088 388.800049 670.598816 388.800049
7341 406.080048 257.472015 388.498352 257.472015
821 457.920044 98.49601 443.987671 98.49601
7306 361.152039 264.384033 342.76358 264.384033
7493 445.824066 205.286423 433.790649 205.286423
6675 520.473694 311.040039 497.59082 311.040039
7322 489.369659 286.15683 469.297852 286.15683
7329 476.92807 288.230438 456.36441 288.230438
6504 510.105682 367.027252 481.808563 367.027252
7179 497.664062 342.144043 471.962219 342.144043
7282 462.412872 296.524841 441.20343 296.524841
6814 620.00647 308.966431 598.004517 308.966431
6721 555.724854 329.702454 531.744202 329.702454
7290 651.110474 323.481659 628.236084 323.481659
7184 690.508911 398.131256 659.533936 398.131256
7202 700.876892 385.689667 671.070618 385.689667
7338 406.425659 257.126434 388.748169 257.126434
6479 479.001678 352.512054 452.40271 352.512054
7455 570.240051 118.195213 554.756287 118.195213
7447 624.153687 238.464035 607.556274 238.464035
7476 423.014465 159.667221 410.648071 159.667221
7496 470.707275 145.152023 458.115723 145.152023
7299 362.880066 263.347229 345.557007 263.347229
7395 367.027252 226.02243 353.056671 226.02243
1094 311.040039 172.108826 301.387604 172.108826
7428 530.012207 206.530594 514.977112 206.530594
7504 405.596222 97.044495 394.35614 97.044495
7400 365.783081 226.437149 351.909149 226.437149
6789 649.451599 323.481659 626.759216 323.481659
7491 445.409332 206.530594 433.308044 206.530594
7410 393.154602 213.995544 381.436249 213.995544
7337 624.56842 311.040039 601.438477 311.040039
6698 554.895447 330.946594 531.005066 330.946594
7117 632.033386 410.572845 600.183289 410.572845
6914 624.56842 238.878754 607.147644 238.878754
7380 437.944397 248.832031 421.306976 248.832031
7319 403.10791 256.296997 385.289581 256.296997
7022 437.944397 390.66629 407.856659 390.66629
7064 430.479431 370.759735 402.967285 370.759735
6733 614.615112 363.294769 588.106262 363.294769
7522 527.523926 368.271423 499.065887 368.271423
7512 472.780853 146.810898 460.096832 146.810898
7330 490.199097 283.668518 470.450806 283.668518
7308 624.070801 310.542389 601.378052 310.542389
7327 689.762451 259.78067 664.242981 259.78067
6672 555.393127 331.444275 532.27887 331.444275
7460 397.135956 214.990891 383.620911 214.990891
7378 435.953735 247.836716 419.565277 247.836716
7324 403.10791 256.794678 384.87262 256.794678
7119 633.028748 409.079895 601.237976 409.079895
7028 438.939728 391.163971 408.713348 391.163971
7061 441.92572 376.23407 413.032196 376.23407
7225 615.112793 361.304138 589.238525 361.304138
6850 555.393127 212.004898 539.669678 212.004898
7423 564.351074 179.159073 548.564819 179.159073
6590 462.827606 298.59845 440.937683 298.59845
7159 480.7435 352.346191 454.081696 352.346191
7437 471.785553 238.878769 456.307831 238.878769
534 453.869659 98.537491 440.152618 98.537491
6676 555.393127 329.65271 532.440002 329.65271
6992 401.316345 308.153625 366.483368 308.153625
7382 433.564972 247.239532 417.206299 247.239532
6774 677.221313 369.067719 648.142883 369.067719
7421 548.226807 229.323624 532.807739 229.323624
6589 462.230438 297.404083 440.139832 297.404083
7432 472.97998 236.48999 457.431152 236.48999
6532 526.727722 369.067719 499.116058 369.067719
7177 480.146332 336.819061 454.367249 336.819061
533 469.39679 118.244995 455.602966 118.244995
7469 455.064056 100.329086 440.446991 100.329086
1025 501.0 220.0 487.413849 220.0
6668 604.0 373.0 575.72052 373.0
1346 522.0 162.0 507.66687 162.0
7340 410.0 269.0 391.47522 269.0
7325 680.0 325.0 656.358093 325.0
6628 559.200012 361.200012 531.819763 361.200012
7014 466.560028 424.800018 432.71106 424.800018
6565 460.0 302.0 438.641022 302.0
7173 427.200012 324.0 403.221069 324.0
7502 448.800018 207.600006 436.180389 207.600006
7044 647.0 458.0 610.591003 458.0
6838 596.400024 52.800003 579.832153 52.800003
7253 685.200012 362.400024 657.741089 362.400024
7046 631.200012 451.200012 595.174377 451.200012
6520 517.200012 378.0 488.044312 378.0
1800 551.232056 228.096024 535.516846 228.096024
6711 528.0 304.800018 506.290497 304.800018
7036 429.600006 379.200012 400.20166 379.200012
2238 459.600006 99.600006 446.148834 99.600006
7033 423.360046 383.616028 393.377808 383.616028
7059 431.308868 369.100861 403.068481 369.100861
7031 544.320007 432.000031 510.261353 432.000031
6539 630.720032 450.720032 594.570312 450.720032
7430 400.204865 213.580826 386.805206 213.580826
765 458.265656 228.096039 444.083008 228.096039
6597 510.105682 337.996857 484.83017 337.996857
7529 528.768066 180.403229 514.559387 180.403229
7472 518.400085 161.740829 504.593018 161.740829
6503 490.752045 352.512024 464.388489 352.512024
7136 636.595276 404.352051 605.802002 404.352051
6538 582.681702 412.646454 550.165894 412.646454
7403 470.292542 238.878754 455.610016 238.878754
7525 636.014709 247.836716 619.143921 247.836716
7394 367.276093 226.93483 353.323944 226.93483
6700 489.701477 286.65451 469.816589 286.65451
6542 528.519287 370.262085 499.575592 370.262085
