60
-0.000277 -0.000107 -0.000416 0.000278 4.81e-05 -3.64e-05 1 
10 455.0 294.0 431.737518 294.0
28 494.0 96.0 473.367615 96.0
15 592.0 358.0 562.020325 358.0
75 217.0 85.0 200.56839 85.0
23 657.0 178.0 635.632507 178.0
33 485.0 418.0 448.430573 418.0
67 406.0 87.0 385.792114 87.0
25 495.0 368.0 463.333374 368.0
29 244.0 425.0 205.631256 425.0
31 135.0 205.0 119.154579 205.0
26 548.0 169.0 527.229065 169.0
41 88.0 388.0 52.5 388.0
43 580.0 278.0 558.151001 278.0
35 183.0 325.0 155.275345 325.0
36 193.0 317.0 166.044632 317.0
37 155.0 323.0 127.360176 323.0
40 536.0 299.0 512.13208 299.0
44 375.0 281.0 352.985962 281.0
45 350.0 268.0 328.853882 268.0
47 344.0 258.0 324.118835 258.0
30 534.0 211.0 512.382202 211.0
52 405.0 328.0 378.136444 328.0
53 414.0 320.0 387.399445 320.0
59 723.0 277.0 701.343689 277.0
55 673.0 318.0 646.717957 318.0
56 646.0 314.0 621.18396 314.0
57 583.0 330.0 554.849121 330.0
58 598.0 298.0 574.767334 298.0
2 424.0 333.0 396.343292 333.0
8 497.0 298.0 473.813721 298.0
63 732.0 111.0 710.597412 111.0
6 654.0 121.0 630.369019 121.0
65 710.0 181.0 687.814941 181.0
70 212.0 295.0 187.79274 295.0
74 76.0 289.0 51.76923 289.0
76 312.0 86.0 295.288269 86.0
78 93.0 89.0 76.125 89.0
81 121.0 151.0 105.834915 151.0
62 517.200012 398.400024 482.052185 398.400024
95 217.200012 85.200005 200.634369 85.200005
82 548.400024 169.200012 527.648193 169.200012
99 710.400024 181.200012 688.208252 181.200012
100 727.200012 132.0 705.189209 132.0
109 536.400024 254.400009 516.539124 254.400009
110 592.800049 357.600006 562.546448 357.600006
85 496.800018 297.600006 473.541351 297.600006
34 210.000015 151.200012 192.461105 151.200012
106 656.400024 178.800003 635.068359 178.800003
107 492.000031 286.800018 468.277802 286.800018
118 495.600006 368.400024 463.731903 368.400024
197 716.400024 343.200012 686.784607 343.200012
131 186.0 326.400024 157.924957 326.400024
132 192.0 316.800018 165.954483 316.800018
123 202.800003 229.200012 186.574432 229.200012
124 204.000015 193.200012 186.868912 193.200012
126 486.000031 417.600006 449.199341 417.600006
134 637.200012 254.400009 616.795532 254.400009
135 580.800049 278.400024 559.02478 278.400024
139 405.600006 327.600006 378.45932 327.600006
140 414.000031 320.400024 387.026703 320.400024
137 457.200012 374.400024 425.044342 374.400024
138 438.000031 357.600006 406.840881 357.600006
122 555.600037 111.600006 535.274536 111.600006
141 375.600006 280.800018 353.256012 280.800018
142 350.400024 268.800018 329.531952 268.800018
144 344.400024 259.200012 324.423706 259.200012
145 536.400024 298.800018 512.828979 298.800018
146 87.600006 388.800018 51.976208 388.800018
148 651.600037 328.800018 624.900024 328.800018
150 597.600037 298.800018 574.524048 298.800018
151 723.600037 277.200012 701.709167 277.200012
154 673.200012 267.600006 652.780518 267.600006
155 660.0 268.800018 639.549316 268.800018
156 608.400024 334.800018 580.924561 334.800018
61 622.800049 367.200012 592.176392 367.200012
162 456.000031 294.0 433.150574 294.0
13 564.0 44.400002 541.979126 44.400002
166 494.400024 96.0 473.6409 96.0
167 484.800018 222.000015 464.00174 222.000015
168 258.0 340.800018 229.368286 340.800018
170 220.800003 415.200012 183.405914 415.200012
172 306.0 429.600006 267.656799 429.600006
173 75.600006 289.200012 51.574207 289.200012
174 276.0 82.800003 259.774902 82.800003
175 312.0 86.400002 295.370789 86.400002
177 313.200012 232.800003 293.846954 232.800003
178 92.400002 88.800003 75.628235 88.800003
79 75.600006 38.400002 58.532215 38.400002
242 511.200012 398.880005 475.206268 398.880005
313 488.160034 321.120026 462.046661 321.120026
182 377.280029 292.320007 353.411835 292.320007
199 699.840027 181.440002 678.598816 181.440002
114 548.640015 90.720001 527.204224 90.720001
186 591.840027 357.120026 561.559937 357.120026
187 554.400024 349.920013 526.493591 349.920013
193 498.240021 393.120026 463.937805 393.120026
194 495.360016 368.640015 463.96048 368.640015
200 496.800018 290.880005 474.006958 290.880005
198 689.76001 315.360016 664.635498 315.360016
219 203.040009 228.960007 187.209305 228.960007
220 204.480011 192.960007 187.094864 192.960007
206 620.640015 293.76001 597.582031 293.76001
303 614.880005 293.76001 591.643677 293.76001
203 406.080017 328.320007 378.804352 328.320007
204 413.280029 319.680023 386.482788 319.680023
205 396.000031 299.52002 371.099182 299.52002
211 159.840012 315.360016 133.003647 315.360016
223 155.520004 321.120026 128.377014 321.120026
227 584.640015 305.279999 560.690552 305.279999
228 555.840027 302.400024 532.058411 302.400024
292 374.400024 280.800018 352.571289 280.800018
215 351.360016 269.279999 330.339417 269.279999
224 650.880005 328.320007 624.283203 328.320007
225 663.840027 321.120026 638.16449 321.120026
226 646.559998 313.920013 621.722839 313.920013
230 603.360046 331.200012 576.101013 331.200012
233 659.52002 267.839996 639.190002 267.839996
236 720.0 194.400009 697.997253 194.400009
160 622.080017 367.200012 591.966187 367.200012
240 423.360016 332.640015 396.37323 332.640015
241 456.480011 293.76001 433.497681 293.76001
243 610.559998 108.000008 589.413696 108.000008
164 563.040039 44.640003 541.11377 44.640003
93 532.800049 210.240005 511.429993 210.240005
250 483.840027 221.76001 463.115936 221.76001
323 548.640015 169.920013 528.142639 169.920013
252 259.200012 338.400024 229.997665 338.400024
171 249.12001 362.880005 217.826874 362.880005
256 367.200012 383.040009 333.721802 383.040009
185 217.440002 84.960007 200.530823 84.960007
266 311.040009 86.400002 295.407379 86.400002
262 92.160004 87.840004 74.923325 87.840004
179 74.880005 37.440002 57.455341 37.440002
339 125.280006 73.440002 109.360001 73.440002
129 133.919998 205.920013 117.994743 205.920013
181 120.960007 152.639999 105.686272 152.639999
195 138.240021 207.360016 122.311333 207.360016
196 133.056015 205.632019 117.42926 205.632019
275 575.424072 274.752014 553.693359 274.752014
273 499.392059 393.984039 465.316559 393.984039
281 620.352051 290.304016 597.41095 290.304016
283 632.448059 264.384033 612.317444 264.384033
284 648.000061 184.896011 627.222717 184.896011
280 196.99202 316.22403 170.533554 316.22403
290 648.000061 314.496033 622.102417 314.496033
285 708.480042 335.232025 681.193481 335.232025
286 698.112061 335.232025 670.44165 335.232025
291 406.080048 328.320038 378.938385 328.320038
294 343.87204 259.200012 324.916412 259.200012
212 523.584045 330.048035 496.452515 330.048035
277 535.680054 297.216034 512.907043 297.216034
278 516.672058 295.488037 493.740173 295.488037
295 452.736053 362.880035 421.347351 362.880035
209 435.456055 357.696045 405.095215 357.696045
297 551.232056 335.232025 523.132935 335.232025
298 585.792053 305.856018 561.30542 305.856018
299 556.416077 302.400024 532.721191 302.400024
221 86.400009 388.800049 51.008446 388.800049
300 634.176086 331.776031 606.097839 331.776031
301 603.072083 331.776031 575.662598 331.776031
305 661.824036 214.272018 640.971436 214.272018
307 651.456055 202.176025 630.356506 202.176025
239 622.080078 366.336029 592.224304 366.336029
311 641.088074 361.152039 610.033264 361.152039
192 537.408081 254.016022 516.69397 254.016022
314 485.568054 418.176025 449.422577 418.176025
190 549.504028 89.85601 528.046814 89.85601
247 404.352051 86.400009 384.765045 86.400009
321 464.832031 95.040009 444.35849 95.040009
249 532.22406 209.088013 510.254913 209.088013
251 547.776062 169.344009 527.514465 169.344009
324 257.472015 342.144043 229.398743 342.144043
326 305.856018 430.272034 266.862732 430.272034
259 76.032005 288.576019 51.290314 288.576019
260 274.752014 81.216011 258.165833 81.216011
331 217.728027 84.672005 200.88002 84.672005
263 70.848007 43.200005 53.538906 43.200005
393 124.416016 82.944008 108.449623 82.944008
335 200.448013 228.096024 184.367157 228.096024
341 120.960014 152.064011 105.538971 152.064011
342 607.56488 288.230438 584.72052 288.230438
347 680.140869 182.476822 658.766602 182.476822
382 487.296082 269.568024 465.263428 269.568024
201 472.780853 279.936035 449.650513 279.936035
343 159.667221 315.187256 132.146194 315.187256
296 435.456055 356.659241 405.244324 356.659241
380 524.62085 327.628845 497.891907 327.628845
356 686.361694 325.555237 659.623352 325.555237
289 655.25769 329.702454 628.485535 329.702454
348 196.992035 315.187256 170.658432 315.187256
349 182.476822 308.966431 155.689453 308.966431
363 375.321655 279.936035 352.940094 279.936035
365 344.217651 257.126434 325.349823 257.126434
359 586.828857 304.819244 561.822388 304.819244
350 406.425659 327.628845 379.628296 327.628845
351 400.204865 317.260834 373.452393 317.260834
287 85.017609 387.763245 49.683952 387.763245
367 632.448059 329.702454 604.933594 329.702454
368 603.417664 331.776062 575.756348 331.776062
372 686.361694 269.568024 665.718384 269.568024
379 425.088074 331.776062 397.066071 331.776062
381 497.664062 292.377655 474.91156 292.377655
383 489.369659 416.793671 451.420349 416.793671
316 549.504089 89.16481 528.399292 89.16481
346 655.25769 180.403229 633.805054 180.403229
320 404.352051 85.017609 384.895233 85.017609
386 466.560059 95.385612 446.353821 95.385612
329 74.649612 288.230438 51.297607 288.230438
330 275.788849 80.870415 260.538177 80.870415
389 250.90564 234.316833 230.193375 234.316833
390 76.723213 51.840008 60.063282 51.840008
396 203.21283 136.85762 185.570557 136.85762
402 154.275864 335.923248 124.822182 335.923248
400 537.477173 296.110107 513.833496 296.110107
401 515.082336 293.621796 492.286255 293.621796
448 166.717468 328.458282 139.721878 328.458282
416 701.70636 323.481659 675.103699 323.481659
417 671.846497 323.481659 645.833801 323.481659
418 681.799805 311.040039 656.971619 311.040039
404 368.271423 273.71524 345.993591 273.71524
406 345.876526 258.785309 326.22757 258.785309
408 632.033386 330.946594 603.970154 330.946594
413 641.986633 248.832031 621.415833 248.832031
422 455.36261 363.294769 424.212524 363.294769
458 102.021133 348.364838 71.447922 348.364838
421 701.70636 206.530594 679.683716 206.530594
414 554.895447 328.458282 528.123962 328.458282
426 584.75531 306.063416 560.747803 306.063416
415 557.383789 301.086761 534.475403 301.086761
425 614.615112 293.621796 591.266479 293.621796
375 644.474976 226.437149 624.112305 226.437149
428 624.56842 263.761963 604.196777 263.761963
271 589.731934 355.829803 559.78125 355.829803
430 694.241394 393.154602 660.427185 393.154602
432 425.502777 333.434937 397.402527 333.434937
433 497.664062 291.133484 475.109406 291.133484
436 462.827576 390.66629 428.986176 390.66629
437 517.570618 353.341492 487.962524 353.341492
384 549.918823 89.579529 527.987366 89.579529
439 641.986633 106.997772 622.430481 106.997772
441 547.430481 169.20578 527.494934 169.20578
442 651.939941 181.647385 630.879272 181.647385
443 400.619568 87.091209 381.839447 87.091209
444 539.965515 233.902115 519.073181 233.902115
446 258.785309 340.899902 229.284027 340.899902
447 365.783081 383.201324 332.616882 383.201324
452 121.927696 149.299225 106.021538 149.299225
453 199.065628 216.483871 182.552887 216.483871
395 136.85762 206.530594 121.670998 206.530594
387 74.649612 288.645172 50.839664 288.645172
538 585.252991 331.444275 556.422791 331.444275
467 615.112793 292.626495 592.128784 292.626495
468 600.182922 298.59845 576.249268 298.59845
459 692.748413 253.808685 671.675293 253.808685
460 665.874573 253.808685 645.113525 253.808685
461 456.855652 376.23407 424.028137 376.23407
462 426.995789 361.304138 397.082947 361.304138
463 438.939728 340.402252 408.709412 340.402252
464 435.953735 340.402252 407.138367 340.402252
469 656.916626 316.514374 630.560425 316.514374
471 650.944641 307.556396 626.764587 307.556396
410 639.000671 301.584442 614.068359 301.584442
474 274.710571 80.621582 258.211426 80.621582
476 409.079895 86.593552 389.613495 86.593552
477 286.65451 238.878769 267.440674 238.878769
483 549.421143 170.201126 528.68988 170.201126
475 549.421143 89.579536 528.350159 89.579536
473 513.589355 98.537491 492.386292 98.537491
340 137.355286 206.032928 121.807632 206.032928
484 624.070801 394.149963 586.034119 394.149963
431 686.776428 337.41626 658.61322 337.41626
482 122.425369 149.299225 106.475433 149.299225
429 591.224915 355.332153 560.457153 355.332153
490 495.673431 188.117035 474.154846 188.117035
491 373.248077 295.612457 349.752533 295.612457
492 346.374207 259.78067 326.781738 259.78067
494 426.995789 334.430267 398.583069 334.430267
496 453.869659 388.177979 419.921478 388.177979
498 498.659424 292.626495 475.418091 292.626495
434 525.533264 268.738617 502.232147 268.738617
457 116.4534 346.374207 86.164413 346.374207
500 516.575317 352.346191 487.295624 352.346191
506 555.393127 328.458313 529.096741 328.458313
507 564.351074 277.696564 541.784912 277.696564
505 650.944641 182.145065 630.234802 182.145065
508 671.846497 325.472321 645.192749 325.472321
509 650.944641 262.766632 630.534729 262.766632
511 259.78067 343.388214 230.572601 343.388214
470 630.639954 329.65271 603.210938 329.65271
472 637.806335 300.987244 613.430054 300.987244
514 630.639954 290.237701 606.891052 290.237701
523 429.981781 361.901337 398.792603 361.901337
524 451.480896 354.734985 420.704834 354.734985
516 558.976318 322.486359 532.410828 322.486359
517 555.393127 329.65271 530.338135 329.65271
518 566.1427 286.654541 541.783691 286.654541
528 515.978149 100.329086 494.545288 100.329086
551 408.482697 85.996361 390.538788 85.996361
449 275.904999 78.829994 259.357758 78.829994
525 200.658173 218.574081 183.839737 218.574081
531 372.650879 290.237701 348.167175 290.237701
532 347.568604 261.572266 327.235596 261.572266
537 376.23407 275.904999 354.376434 275.904999
533 558.976318 111.078629 537.568909 111.078629
534 537.477234 85.996361 512.609924 85.996361
535 677.221313 361.901337 646.563599 361.901337
489 587.641785 351.151794 557.654175 351.151794
539 548.226807 333.235901 518.689453 333.235901
493 197.074982 315.319977 169.111115 315.319977
541 143.327271 329.65271 115.786911 329.65271
543 515.978149 293.820892 491.8703 293.820892
499 523.144531 268.738617 500.777802 268.738617
546 498.062256 372.650879 466.419067 372.650879
549 562.559509 275.904999 541.292297 275.904999
521 680.804504 240.073166 659.802979 240.073166
478 143.327271 343.985443 113.818733 343.985443
103 192.0 438.000031 152.299194 438.000031
119 205.0 179.0 187.936981 179.0
42 62.0 390.0 26.573826 390.0
94 205.200012 118.800003 187.969162 118.800003
165 426.000031 90.0 407.283295 90.0
158 705.600037 205.200012 683.871948 205.200012
183 375.840027 263.52002 354.519104 263.52002
111 553.200012 350.400024 523.458862 350.400024
269 708.480042 183.168015 685.854736 183.168015
270 717.120056 145.152008 695.767578 145.152008
288 663.552063 321.40802 638.030151 321.40802
325 373.248047 407.808044 336.889709 407.808044
255 305.279999 429.120026 267.236694 429.120026
336 91.584007 88.128006 74.452545 88.128006
435 485.222473 271.226929 462.76123 271.226929
364 362.880066 257.126434 341.733734 257.126434
333 311.040039 86.400009 295.672882 86.400009
394 201.139221 228.096039 185.228729 228.096039
360 557.798462 300.672028 534.820801 300.672028
424 602.173523 333.434937 573.738708 333.434937
485 686.776428 337.41626 658.61322 337.41626
398 259.200043 342.144043 230.345764 342.144043
465 603.168884 334.430267 573.559692 334.430267
466 585.252991 331.444275 556.422791 331.444275
515 670.054993 229.323624 648.605652 229.323624
536 408.482697 326.069519 380.157074 326.069519
