626
-0.6 0.768 -2.45 0.0307 -0.532 -0.187 0.825 
8083 69.600006 303.600006 26.773157 303.600006
8303 298.0 421.0 263.582672 421.0
7823 469.200012 186.0 438.74942 186.0
7763 386.0 321.0 354.394104 321.0
8165 251.0 140.0 211.49147 140.0
7980 337.0 75.0 323.297058 75.0
7804 390.000031 382.800018 359.072906 382.800018
8464 381.600006 256.800018 348.915985 256.800018
7958 649.0 275.0 631.142578 275.0
8458 299.0 45.0 286.330658 45.0
8243 250.0 411.0 213.430984 411.0
8142 191.0 406.0 151.393051 406.0
8126 170.0 388.0 129.149002 388.0
8133 184.0 368.0 144.281525 368.0
7690 604.0 333.0 565.5 333.0
8176 200.0 442.0 160.98703 442.0
8098 163.0 348.0 121.532013 348.0
8076 156.0 307.0 114.050644 307.0
8122 183.0 268.0 142.140991 268.0
8106 169.0 270.0 127.194527 270.0
8195 225.0 345.0 186.804855 345.0
8244 264.0 335.0 227.217346 335.0
8171 205.0 387.0 166.011581 387.0
7723 359.0 398.0 327.294647 398.0
7670 340.800018 392.400024 308.013397 392.400024
8226 256.0 272.0 218.299225 272.0
8277 295.200012 288.0 259.603455 288.0
7592 326.0 248.0 291.240417 248.0
7674 368.0 272.0 335.127777 272.0
8254 580.0 416.0 544.29071 416.0
8149 608.0 395.0 569.300903 395.0
8052 659.0 357.0 616.665344 357.0
8410 457.200012 310.800018 429.39743 310.800018
8405 481.0 281.0 451.254089 281.0
8456 718.0 62.0 705.328491 62.0
8351 595.0 190.0 562.137146 190.0
8445 702.0 232.0 688.761414 232.0
8072 147.0 257.0 104.478172 257.0
8116 118.0 417.0 77.1875 417.0
8383 442.800018 136.800003 411.42923 136.800003
8377 386.400024 321.600006 354.765656 321.600006
8469 386.400024 178.800003 353.54657 178.800003
7994 300.960022 74.880005 288.459412 74.880005
8459 300.0 44.400002 287.347778 44.400002
7390 708.480042 270.720001 691.220886 270.720001
7649 330.0 409.0 296.758789 409.0
7589 297.600006 421.200012 263.062073 421.200012
7782 388.800018 352.800018 357.294617 352.800018
7993 655.200012 260.400024 638.607178 260.400024
8135 176.0 427.0 135.783203 427.0
7678 607.680054 331.200012 569.373474 331.200012
8236 624.0 320.400024 587.60968 320.400024
8248 623.0 321.0 586.686157 321.0
8123 169.920013 387.360016 129.13089 387.360016
8144 208.800003 231.600006 169.118896 231.600006
8187 211.200012 430.800018 172.681808 430.800018
8094 163.200012 348.0 121.708839 348.0
8127 175.200012 315.600006 134.783859 315.600006
8105 169.200012 270.0 127.182716 270.0
7571 324.0 219.600006 288.879578 219.600006
8264 289.200012 226.800003 252.474991 226.800003
8162 205.200012 386.400024 166.227341 386.400024
8167 201.0 363.0 161.75592 363.0
8154 216.000015 278.400024 176.142273 278.400024
8317 319.200012 387.600006 285.32193 387.600006
8307 315.600006 354.0 281.204712 354.0
7654 366.0 217.200012 332.37442 217.200012
7637 357.600006 207.600006 323.835541 207.600006
7601 345.600006 192.0 310.631195 192.0
8239 261.600006 295.200012 224.661499 295.200012
8375 360.0 397.200012 328.060455 397.200012
8279 272.160004 403.200012 236.585266 403.200012
7681 368.400024 272.400024 335.44162 272.400024
8275 295.200012 288.0 259.584106 288.0
7634 334.800018 327.600006 300.931793 327.600006
7701 608.400024 394.800018 569.574463 394.800018
7791 555.840027 368.640015 521.096191 368.640015
8035 722.400024 379.200012 674.843872 379.200012
8051 658.800049 357.600006 616.494263 357.600006
8348 522.0 297.600006 489.775024 297.600006
8404 481.200012 280.800018 451.594147 280.800018
8416 577.0 125.0 552.463928 125.0
8460 718.800049 61.200001 706.06189 61.200001
394 623.52002 203.040009 613.21759 203.040009
8465 471.600006 111.600006 462.533325 111.600006
7818 516.0 147.600006 483.820038 147.600006
8114 116.400002 417.600006 75.729416 417.600006
8100 152.639999 393.120026 111.451286 393.120026
7967 302.0 105.0 289.134583 105.0
8163 224.640015 231.552017 185.024155 231.552017
8147 200.160004 361.440002 160.93013 361.440002
8205 210.240005 430.560028 171.690414 430.560028
8262 276.480011 328.320007 240.068375 328.320007
8237 262.080017 295.200012 225.129272 295.200012
8232 267.839996 253.440002 230.128799 253.440002
8209 255.600006 271.200012 218.115189 271.200012
8271 312.480011 194.400009 276.081787 194.400009
8099 168.480011 270.720001 127.176247 270.720001
7656 364.320007 216.000015 330.933746 216.000015
8310 342.720001 191.520004 308.158569 191.520004
8204 240.000015 338.400024 201.661758 338.400024
8191 233.280014 299.52002 194.692108 299.52002
8255 572.400024 316.800018 536.13147 316.800018
7852 559.87207 293.76004 527.729004 293.76004
7956 651.456055 274.752014 633.299988 274.752014
8080 645.119995 416.160004 603.900574 416.160004
7580 721.440002 378.720001 673.542908 378.720001
8412 456.480011 311.040009 428.758972 311.040009
7827 522.720032 296.640015 490.198761 296.640015
7876 480.960022 280.800018 451.240143 280.800018
7838 469.440033 400.320007 437.316162 400.320007
8415 576.0 124.800003 551.01416 124.800003
8461 718.560059 60.480003 705.632874 60.480003
8355 595.200012 189.600006 562.479675 189.600006
8312 591.840027 161.279999 558.061768 161.279999
7510 703.296082 233.280029 689.634705 233.280029
8473 460.800018 110.880005 450.26413 110.880005
8466 382.800018 110.400002 373.52002 110.400002
8474 470.880005 110.880005 462.281677 110.880005
8278 538.559998 195.840012 503.256165 195.840012
8343 330.0 409.200012 296.79837 409.200012
8078 69.120003 303.840027 26.502159 303.840027
8138 176.400009 426.000031 136.405716 426.000031
7995 302.400024 105.600006 289.466187 105.600006
8179 250.800003 140.400009 211.557556 140.400009
7664 374.400024 188.640015 341.154541 188.640015
8062 139.968018 214.272018 97.071617 214.272018
8045 129.600006 136.800003 82.723953 136.800003
8173 204.480011 387.360016 165.696915 387.360016
8245 262.656036 295.488037 225.551239 295.488037
8384 588.960022 286.559998 558.508545 286.559998
8091 644.544067 416.448029 603.332214 416.448029
8057 658.368042 357.696045 615.967346 357.696045
7840 521.856079 297.216034 489.588562 297.216034
7867 481.075256 279.936035 451.808746 279.936035
7854 499.737671 398.131256 468.3172 398.131256
8418 574.559998 125.280006 548.638245 125.280006
8350 594.432068 190.080017 561.557861 190.080017
8329 539.136047 195.264023 505.09201 195.264023
8273 262.656036 432.000031 226.793488 432.000031
8077 69.12001 304.128021 26.564415 304.128021
8134 99.532814 414.720062 59.652466 414.720062
8054 86.400002 377.280029 44.102802 377.280029
8139 177.12001 424.800018 136.868195 424.800018
8110 152.064011 393.984039 110.760414 393.984039
8453 304.128021 105.408012 290.619354 105.408012
8001 302.745636 76.723213 290.503113 76.723213
8044 129.600006 138.240005 84.542229 138.240005
8339 337.996857 348.364838 304.625916 348.364838
8390 589.248047 286.848022 558.661133 286.848022
7952 653.184082 273.71524 634.984192 273.71524
7698 606.528076 402.624023 568.207947 402.624023
8064 659.404907 355.829803 617.113708 355.829803
8407 458.265656 294.451233 429.763031 294.451233
7843 522.547302 296.524841 490.175507 296.524841
8371 415.5495 403.10791 384.065643 403.10791
8381 387.763245 352.512054 356.092926 352.512054
7868 499.392059 399.16803 467.66394 399.16803
8398 491.443268 385.689667 461.210236 385.689667
8413 573.696045 126.144012 547.657104 126.144012
1456 711.244873 114.048019 698.568542 114.048019
480 649.728088 139.968018 638.660034 139.968018
8334 595.123291 188.697632 562.146851 188.697632
8479 649.451599 139.345947 637.760864 139.345947
7716 539.136047 194.918427 505.697418 194.918427
8266 263.347229 429.23526 227.65451 429.23526
8152 99.532814 415.5495 59.857929 415.5495
8111 151.372818 391.910461 110.022705 391.910461
7971 304.819244 105.753616 291.613831 105.753616
7662 373.248047 190.080017 340.280914 190.080017
8048 121.927696 218.972198 76.647377 218.972198
8059 141.004822 213.580826 97.97464 213.580826
7711 363.294769 353.341492 331.26593 353.341492
7696 360.806458 320.993317 328.428894 320.993317
8414 572.31366 124.416016 547.170593 124.416016
8330 590.976074 161.740829 557.054565 161.740829
7859 522.547302 296.110107 490.054688 296.110107
7879 480.245819 281.180206 450.976349 281.180206
8365 375.736359 226.437149 342.787354 226.437149
8207 584.75531 373.248047 547.525269 373.248047
8369 378.224701 258.785309 345.437073 258.785309
8299 437.529663 425.088074 403.060577 425.088074
7777 385.689667 355.829803 354.456635 355.829803
8121 191.600662 206.530594 150.475479 206.530594
8066 141.834259 213.995544 98.396599 213.995544
8454 304.570435 104.50946 292.378998 104.50946
8386 590.976074 286.15683 559.622681 286.15683
7839 561.945679 296.524841 529.476746 296.524841
8143 169.20578 383.201324 129.629501 383.201324
8107 149.299225 393.154602 108.408943 393.154602
8220 273.71524 199.065628 235.959579 199.065628
8192 233.902115 204.042267 194.97435 204.042267
8283 308.551727 196.577301 272.731781 196.577301
7608 343.388214 194.088989 308.131226 194.088989
7660 338.41156 395.642944 305.771301 395.642944
8443 679.311462 226.437149 665.875366 226.437149
7754 540.463196 197.074982 506.385315 197.074982
8308 589.731934 161.740829 556.270569 161.740829
7832 525.533264 298.59845 491.766998 298.59845
7858 497.664062 398.131256 466.490845 398.131256
7861 512.593994 348.364838 480.411133 348.364838
7687 376.23407 226.93483 343.041534 226.93483
7732 582.266968 375.736359 546.074036 375.736359
7676 445.409332 430.479431 409.740509 430.479431
7776 385.192017 355.332153 354.152283 355.332153
8063 143.327255 212.004898 99.727798 212.004898
7802 612.126831 310.542389 577.438782 310.542389
8364 561.365112 298.59845 529.317627 298.59845
8400 589.731934 288.645172 559.236084 288.645172
8151 171.992722 383.400421 131.472626 383.400421
8166 232.906799 203.046951 194.788559 203.046951
8093 156.764175 301.086761 115.093323 301.086761
8068 150.493622 257.989075 108.014458 257.989075
8285 310.542389 197.074982 273.692749 197.074982
7646 373.248077 191.103012 340.095337 191.103012
8306 328.458282 248.832031 294.116272 248.832031
7908 569.725891 125.411354 543.384644 125.411354
7726 612.72406 397.733154 574.876953 397.733154
8256 582.266968 373.248077 545.986267 373.248077
7692 530.310852 197.074982 493.717987 197.074982
8452 329.65271 75.246811 316.916931 75.246811
8349 379.817261 257.989075 346.881805 257.989075
7965 655.722229 272.321808 638.466248 272.321808
7831 612.72406 311.736786 577.752747 311.736786
8103 189.90863 207.824539 148.781921 207.824539
8055 143.327271 211.407715 100.245491 211.407715
8213 272.321808 200.658173 235.532104 200.658173
8164 232.906799 204.241348 194.641876 204.241348
8104 164.229156 343.388214 123.063843 343.388214
7623 343.388214 194.088989 308.206848 194.088989
8247 308.153625 197.074982 273.239136 197.074982
8367 365.484528 351.151794 333.361389 351.151794
8092 155.271194 301.584442 114.100189 301.584442
8084 149.299225 259.78067 107.578789 259.78067
8058 125.411354 204.241348 83.03138 204.241348
7769 541.060425 197.074982 504.963928 197.074982
7894 573.309021 125.411354 547.285522 125.411354
7842 523.144531 297.404083 491.467773 297.404083
8447 335.0 45.0 321.73703 45.0
8282 307.0 195.0 271.143829 195.0
8228 242.0 352.0 204.443878 352.0
7588 316.0 354.0 281.595306 354.0
8252 573.0 318.0 535.891235 318.0
1066 624.0 196.0 613.228088 196.0
8053 157.0 136.0 113.019791 136.0
8269 262.800018 433.200012 226.836746 433.200012
8426 624.0 290.400024 604.557007 290.400024
8206 265.200012 230.400009 227.502716 230.400009
8181 230.400009 270.0 191.58342 270.0
7593 345.600006 192.0 310.631195 192.0
8425 624.960022 285.120026 605.761719 285.120026
8177 205.632019 400.896027 166.795486 400.896027
8305 330.048035 255.744019 295.469055 255.744019
7737 672.192078 331.776031 634.046753 331.776031
7694 437.184052 426.81604 402.850922 426.81604
8130 91.584007 416.448029 50.746506 416.448029
8043 129.600006 139.968018 84.150345 139.968018
7855 566.092896 288.230438 534.555725 288.230438
8069 646.963318 416.793671 606.524841 416.793671
7824 592.220215 194.088989 559.118958 194.088989
7745 544.942139 196.577301 509.198395 196.577301
7985 651.939941 273.71524 634.58606 273.71524
7724 445.409332 430.479431 409.740509 430.479431
7822 591.224915 194.088989 559.051392 194.088989
8387 480.7435 280.682556 451.143524 280.682556
7821 513.589355 349.360199 481.21405 349.360199
8347 361.304138 319.500336 328.632843 319.500336
7771 383.400421 322.486359 350.988525 322.486359
