637
-0.565 0.874 -2.47 0.0303 -0.515 -0.19 0.835 
7595 700.0 397.0 655.864441 397.0
8351 592.0 165.0 559.912659 165.0
8165 254.0 107.0 213.766556 107.0
8384 584.0 261.0 554.221252 261.0
7849 557.0 267.0 525.420593 267.0
8469 388.0 151.0 355.03363 151.0
8081 197.0 102.0 153.969025 102.0
8176 201.0 412.0 161.788284 412.0
7763 386.0 295.0 353.990082 295.0
8035 718.0 341.0 671.87793 341.0
8135 177.0 396.0 136.658188 396.0
8126 170.0 356.0 129.208572 356.0
8447 326.0 30.0 312.577393 30.0
8458 290.0 28.0 277.355133 28.0
7784 388.0 326.0 356.703186 326.0
7723 359.0 371.0 327.259308 371.0
8122 185.0 234.0 143.33989 234.0
8106 171.0 236.0 128.315613 236.0
8343 330.0 382.0 296.650757 382.0
8076 158.0 273.0 115.236839 273.0
7958 635.0 259.0 617.609131 259.0
8225 237.0 386.0 199.285675 386.0
8226 258.0 240.0 219.920425 240.0
8222 243.0 346.0 205.044479 346.0
8300 333.0 229.0 298.352295 229.0
7674 369.0 245.0 336.04483 245.0
7678 604.0 301.0 566.282654 301.0
8149 606.0 363.0 568.370361 363.0
8405 479.0 256.0 449.820953 256.0
8456 699.0 55.0 686.829529 55.0
7869 468.0 212.0 438.540466 212.0
8289 538.0 168.0 503.474701 168.0
8061 137.0 260.0 93.187912 260.0
7679 379.200012 196.800003 346.098389 196.800003
8252 571.200012 288.0 535.403259 288.0
8389 584.400024 261.600006 554.752197 261.600006
7852 556.800049 266.400024 525.31958 266.400024
8259 292.800018 181.200012 255.763657 181.200012
7393 699.600037 255.600006 682.381348 255.600006
8380 387.600006 326.400024 356.1604 326.400024
7994 291.600006 58.800003 278.614563 58.800003
8459 290.400024 27.6 277.645416 27.6
7637 358.800018 178.800003 324.971344 178.800003
8138 177.600006 396.000031 137.046768 396.000031
8098 164.400009 315.600006 122.536591 315.600006
8375 360.0 370.800018 328.05426 370.800018
8125 184.800003 234.000015 143.244415 234.000015
8105 170.400009 236.400009 128.237991 236.400009
8211 232.800003 360.0 194.933334 360.0
8171 206.400009 356.400024 167.068024 356.400024
7956 636.0 258.0 618.110413 258.0
8144 211.200012 198.000015 170.764847 198.000015
8317 319.200012 360.0 285.070648 360.0
8209 258.0 240.000015 219.92067 240.000015
8218 267.600006 192.0 229.460052 192.0
8201 253.200012 200.400009 214.770035 200.400009
8154 217.200012 246.000015 177.625214 246.000015
8243 252.000015 381.600006 214.552887 381.600006
8167 199.200012 330.0 159.457489 330.0
7592 328.800018 218.400009 293.787598 218.400009
8307 315.600006 326.400024 281.086395 326.400024
7681 368.400024 244.800003 335.311157 244.800003
8277 297.600006 258.0 261.271667 258.0
7791 554.400024 339.600006 520.144409 339.600006
8040 700.800049 397.200012 656.352844 397.200012
8348 520.800049 270.0 488.724335 270.0
7575 408.000031 434.400024 369.603271 434.400024
8416 570.0 106.800003 544.574707 106.800003
8460 699.600037 54.000004 687.547302 54.000004
8269 264.0 405.600006 227.541901 405.600006
8071 148.800003 220.800003 105.657471 220.800003
8249 293.76001 181.440002 256.569366 181.440002
7664 374.400024 161.279999 341.219269 161.279999
8139 177.12001 394.560028 136.947418 394.560028
8123 171.360001 355.680023 129.889206 355.680023
8376 360.0 368.640015 328.181976 368.640015
8094 165.600006 313.920013 123.600342 313.920013
8191 236.160004 267.839996 197.062714 267.839996
8099 169.920013 236.160004 128.087326 236.160004
8102 182.880005 197.280014 140.797638 197.280014
8174 231.840012 237.600006 192.360443 237.600006
7589 298.080017 391.680023 263.696045 391.680023
8261 292.320007 195.840012 255.526398 195.840012
8147 201.600006 328.320007 161.450302 328.320007
8204 240.480011 306.720001 202.063187 306.720001
8232 269.279999 223.200012 231.498245 223.200012
8205 211.680008 400.320007 172.764816 400.320007
8162 205.920013 355.680023 166.712936 355.680023
7656 365.76001 188.640015 332.403992 188.640015
8262 277.920013 299.52002 241.400955 299.52002
8237 263.52002 264.960022 226.44989 264.960022
8275 296.640015 257.76001 260.851715 257.76001
7690 604.800049 300.960022 567.285461 300.960022
8390 584.640015 262.080017 554.894104 262.080017
7708 627.840027 434.880005 589.60437 434.880005
8080 643.680054 381.600006 603.580444 381.600006
7884 452.160004 296.640015 424.903259 296.640015
7827 521.280029 270.720001 489.534271 270.720001
8404 479.52002 256.320007 450.274994 256.320007
7719 436.320007 397.440002 402.089691 397.440002
7794 388.800018 357.120026 358.064911 357.120026
7705 509.76001 408.960022 473.750793 408.960022
8418 568.800049 106.560005 542.893372 106.560005
8461 699.840027 53.280003 687.346619 53.280003
8445 684.0 220.320007 671.084778 220.320007
8278 538.559998 168.480011 504.565918 168.480011
8054 84.960007 345.600006 41.911674 345.600006
8454 293.76001 89.280006 280.40979 89.280006
8212 262.080017 182.880005 223.555984 182.880005
8119 190.080002 171.360001 148.398376 171.360001
8062 141.12001 174.240005 96.824104 174.240005
7392 699.840088 255.744019 682.891602 255.744019
8039 692.92804 390.528046 649.146729 390.528046
7834 511.488037 321.40802 479.683624 321.40802
7876 478.656036 255.744019 449.734039 255.744019
7714 447.552032 400.896027 412.736328 400.896027
7854 497.664062 371.52005 465.801788 371.52005
8415 568.512024 107.136009 542.609924 107.136009
8355 590.976074 164.160019 558.579163 164.160019
7510 684.288086 221.184021 671.28186 221.184021
8329 539.136047 167.616013 503.540192 167.616013
8273 264.384033 402.624023 228.213348 402.624023
8088 84.672005 345.600037 41.444576 345.600037
8130 98.49601 385.344025 57.001938 385.344025
8100 153.792007 362.880035 111.936577 362.880035
8001 292.032013 60.480007 278.947693 60.480007
7663 374.976044 162.432022 341.568665 162.432022
8059 141.696014 174.528015 97.296394 174.528015
8306 329.702454 217.728027 294.758392 217.728027
7576 327.628845 190.771225 292.690674 190.771225
8339 337.996857 321.408051 304.587341 321.408051
8479 632.448059 130.636826 620.581787 130.636826
8414 568.166504 105.753616 542.674805 105.753616
8038 711.244873 344.217651 666.118591 344.217651
8019 669.772888 103.680016 658.407837 103.680016
1094 609.638489 192.844833 599.414001 192.844833
8350 590.976074 167.961624 557.96344 167.961624
7749 547.430481 167.961624 511.215973 167.961624
7841 512.17926 321.408051 480.161926 321.408051
7840 522.547302 269.568024 490.355774 269.568024
7867 481.075256 255.052841 450.451477 255.052841
7694 447.897675 400.204865 412.259552 400.204865
7798 387.763245 356.659241 356.586121 356.659241
7873 466.560059 209.433624 436.990936 209.433624
7716 539.136047 167.961624 504.714386 167.961624
8203 590.976074 352.512054 554.681946 352.512054
7755 580.608093 356.659241 544.589478 356.659241
8372 383.616058 296.524841 352.062592 296.524841
8110 153.446426 360.806458 111.440262 360.806458
8189 607.56488 300.672028 570.180908 300.672028
8087 149.299225 219.801636 106.102798 219.801636
8066 143.078415 174.182419 98.745773 174.182419
8224 252.979233 194.918427 214.218216 194.918427
7662 375.321655 161.740829 341.948486 161.740829
8334 589.731934 174.182419 556.671814 174.182419
8270 544.942139 169.20578 509.515717 169.20578
8308 587.243591 134.369293 554.22052 134.369293
7894 567.337036 106.997772 541.476562 106.997772
7754 537.477173 166.717468 507.015015 166.717468
7861 510.105682 320.993317 478.738464 320.993317
7843 522.547302 271.226929 490.094696 271.226929
7879 480.245819 256.296997 449.71524 256.296997
8207 579.778625 343.388214 543.986145 343.388214
8385 398.131256 358.318115 367.647583 358.318115
8365 378.224701 199.065628 345.100372 199.065628
7707 507.61734 410.572845 471.882477 410.572845
7962 684.288086 253.80867 666.248291 253.80867
8190 607.150146 301.086761 570.101868 301.086761
7750 567.337036 288.645172 533.079041 288.645172
8143 171.694107 350.85318 131.040176 350.85318
8107 149.299225 363.294769 107.519814 363.294769
8309 306.063416 378.224701 271.614929 378.224701
8112 164.229141 311.040039 122.652901 311.040039
8093 156.764175 268.738586 115.003723 268.738586
8220 276.203552 169.20578 238.171494 169.20578
8192 236.390427 169.20578 196.758682 169.20578
7608 343.388214 164.229141 309.253052 164.229141
8283 311.040039 166.717468 275.127472 166.717468
8443 659.404907 216.483871 645.736145 216.483871
7833 486.715485 376.23407 455.568146 376.23407
7859 522.547302 271.724609 490.581909 271.724609
8387 480.7435 256.794678 450.242523 256.794678
7732 582.266968 343.388214 545.44812 343.388214
7724 444.911713 400.121918 410.80014 400.121918
7965 641.986694 256.794678 624.535034 256.794678
8242 582.266968 298.59845 546.324097 298.59845
8151 170.201126 349.360199 129.224457 349.360199
8063 143.327255 176.173096 99.379234 176.173096
8104 164.229156 310.542389 122.978271 310.542389
8092 158.257187 268.738617 116.402779 268.738617
8166 235.892776 170.201126 196.377197 170.201126
8285 310.542389 167.215134 275.426147 167.215134
8441 656.916626 214.990891 643.54895 214.990891
7803 508.811798 318.903168 478.205109 318.903168
7832 523.144531 272.321808 491.222229 272.321808
7865 480.146332 257.989075 450.719879 257.989075
7675 440.731354 397.733154 405.87085 397.733154
7687 376.23407 197.074982 343.376648 197.074982
7771 383.400421 297.404083 351.043915 297.404083
7709 580.475403 297.404083 544.921997 297.404083
8068 150.493622 222.157257 107.923798 222.157257
8103 193.491806 171.992722 151.196884 171.992722
8213 275.904999 168.409531 237.931168 168.409531
8164 236.48999 171.992722 196.593719 171.992722
8247 311.736786 164.826355 275.346191 164.826355
8058 128.994537 164.826355 83.926056 164.826355
8046 132.577713 254.405899 88.416885 254.405899
7769 541.060425 168.409531 507.529327 168.409531
7908 562.559509 107.495445 537.070557 107.495445
8142 192.0 375.600006 152.043365 375.600006
8181 232.800003 237.600006 193.160599 237.600006
8156 227.0 190.0 186.942123 190.0
7793 399.0 275.0 367.848083 275.0
8133 186.0 336.0 145.567078 336.0
8170 226.800003 186.0 186.458069 186.0
8206 266.400024 198.720001 228.329727 198.720001
7657 338.400024 333.600006 304.724548 333.600006
8302 552.960022 338.400024 519.448364 338.400024
7701 606.0 362.400024 568.276245 362.400024
7671 666.0 456.000031 625.924438 456.000031
8042 694.080017 390.240021 649.563293 390.240021
8060 136.800003 259.200012 93.078186 259.200012
8137 185.76001 335.52002 145.600235 335.52002
7577 407.52002 433.440002 369.130737 433.440002
394 607.200012 192.0 597.085876 192.0
8266 269.279999 401.76001 233.155869 401.76001
8177 207.360016 369.792023 167.897247 369.792023
8305 331.776031 226.368027 296.75 226.368027
8245 264.384033 264.384033 227.03772 264.384033
8386 585.792053 262.656036 555.464233 262.656036
453 607.680054 185.76001 597.616577 185.76001
7605 700.876892 398.131256 657.05896 398.131256
7738 437.184052 397.440033 403.087128 397.440033
8357 379.468842 232.243225 347.006531 232.243225
7688 348.364838 345.876526 315.725891 345.876526
8070 141.004822 296.524841 97.691628 296.524841
8134 99.532814 383.616058 58.179337 383.616058
7696 360.806458 293.621796 328.493439 293.621796
8396 394.149963 355.332153 364.196808 355.332153
8399 462.827606 161.243164 433.393768 161.243164
7676 444.911713 400.121918 410.80014 400.121918
8371 418.037842 376.23407 386.223083 376.23407
8364 561.365112 274.710571 528.96405 274.710571
8121 194.088989 171.694107 151.948334 171.694107
7779 562.559509 275.904999 529.12146 275.904999
7692 530.310852 168.409531 494.235199 168.409531
