663
-0.706 0.568 -2.6 0.0139 -0.535 -0.158 0.83 
7849 585.0 340.0 555.994019 340.0
8462 305.0 59.0 293.153564 59.0
8076 236.0 393.0 198.829193 393.0
7568 384.0 220.0 351.974762 220.0
7967 315.0 145.0 302.346924 145.0
8338 533.0 227.0 502.191589 227.0
8252 601.0 370.0 568.453308 370.0
8383 470.0 203.0 441.60675 203.0
292 687.0 251.0 674.085022 251.0
7601 388.0 267.0 356.668976 267.0
8167 275.0 436.0 239.865448 436.0
7588 370.0 415.0 338.876678 415.0
8191 300.0 377.0 265.684448 377.0
8211 302.0 456.0 267.910675 456.0
8201 311.0 315.0 276.566742 315.0
7657 389.0 418.0 358.840179 418.0
8268 347.0 336.0 314.363739 336.0
8289 563.0 261.0 531.760376 261.0
8052 685.0 409.0 648.093323 409.0
8348 552.0 348.0 522.395752 348.0
8465 473.0 131.0 464.14386 131.0
8073 257.0 245.0 219.504745 245.0
8408 117.0 208.0 90.911858 208.0
8149 639.600037 439.200012 604.566589 439.200012
7995 315.600006 145.200012 302.854767 145.200012
7994 312.0 115.200005 299.627289 115.200005
8459 308.400024 86.400002 296.523376 86.400002
7731 426.000031 351.600006 396.855927 351.600006
7690 633.600037 384.0 598.72345 384.0
8255 601.200012 369.600006 568.488586 369.600006
7958 661.200012 294.0 644.421265 294.0
7931 621.600037 314.400024 602.901794 314.400024
7664 412.800018 260.400024 382.630371 260.400024
8144 276.0 320.400024 240.354736 320.400024
7673 411.600006 334.800018 381.571014 334.800018
8375 410.400024 446.400024 381.468811 446.400024
8194 300.0 390.000031 265.52298 390.000031
8237 324.0 369.600006 290.488007 369.600006
7852 585.600037 340.800018 556.543152 340.800018
8355 612.0 247.200012 582.339905 247.200012
8278 562.800049 261.600006 530.775574 261.600006
7791 589.200012 414.000031 557.626953 414.000031
8158 694.800049 379.200012 659.829468 379.200012
8236 649.200012 369.600006 615.822327 369.600006
7827 553.200012 348.0 523.558044 348.0
8415 585.600037 171.600006 562.292358 171.600006
8165 307.200012 236.400009 271.623535 236.400009
8406 117.600006 207.600006 91.364349 207.600006
8412 489.600006 355.680023 463.753632 355.680023
8463 308.160004 86.400002 295.907501 86.400002
7678 635.040039 383.040009 600.495239 383.040009
7971 315.360016 145.440002 302.798035 145.440002
8271 358.560028 275.040009 326.016388 275.040009
8249 344.160004 292.320007 311.099243 292.320007
8427 671.040039 303.840027 653.299194 303.840027
7798 434.880005 430.560028 406.876709 430.560028
7956 660.960022 293.76001 644.022766 293.76001
7684 416.160004 292.320007 386.179871 292.320007
7663 411.840027 260.640015 381.723846 260.640015
8305 378.720001 325.440002 347.159912 325.440002
8376 410.400024 444.960022 381.452759 444.960022
8351 612.0 250.560013 581.695923 250.560013
8329 563.040039 260.640015 532.534607 260.640015
8240 616.320007 434.880005 582.865295 434.880005
8302 588.960022 413.280029 556.885986 413.280029
8241 648.0 368.640015 615.182739 368.640015
7834 547.200012 394.560028 517.885559 394.560028
452 607.680054 164.160004 598.61377 164.160004
8418 583.200012 171.360001 559.472351 171.360001
406 688.320007 239.040009 675.609741 239.040009
480 649.440002 148.320007 638.542725 148.320007
8466 387.360016 136.800003 378.561188 136.800003
8179 306.720001 236.160004 271.251099 236.160004
8059 222.912018 312.768036 184.819717 312.768036
7662 412.992035 260.92804 381.819458 260.92804
8202 295.488037 416.448029 261.301239 416.448029
7716 563.328064 260.92804 532.244751 260.92804
7390 717.120056 285.120026 699.947571 285.120026
8057 684.288086 409.536041 647.12616 409.536041
7867 511.488037 331.776031 484.421082 331.776031
7841 546.048035 393.984039 517.043518 393.984039
8413 584.064026 171.072021 560.789551 171.072021
530 653.184082 136.512009 642.497437 136.512009
8112 241.920029 423.360046 205.913574 423.360046
8001 312.768036 115.776009 300.586578 115.776009
8096 248.832031 369.100861 212.068741 369.100861
8207 615.859314 420.940857 582.847168 420.940857
7843 553.651306 346.29126 523.718018 346.29126
8369 420.940857 321.408051 391.181885 321.408051
7879 512.17926 329.702454 484.893921 329.702454
8372 427.161652 377.395264 398.368591 377.395264
8093 236.390427 387.763245 199.506821 387.763245
8048 203.21283 317.260834 164.414993 317.260834
8083 161.740829 393.98407 124.674927 393.98407
7687 415.5495 293.621796 385.433472 293.621796
8089 161.740829 395.642944 124.722397 395.642944
8387 510.105682 330.946594 483.671875 330.946594
8399 490.199097 243.855392 462.642151 243.855392
8019 679.311462 121.927696 668.4953 121.927696
7754 562.360413 261.273651 532.417969 261.273651
8256 614.615112 420.526154 581.225342 420.526154
7821 544.942139 393.154602 516.345459 393.154602
7859 552.407104 348.364838 523.269409 348.364838
7957 664.381531 293.621796 647.573914 293.621796
8064 684.288086 408.084534 647.310242 408.084534
7729 689.264709 378.224701 654.887085 378.224701
7802 632.033386 358.318115 600.496277 358.318115
8063 221.46051 313.528351 183.799698 313.528351
7608 385.689667 268.738586 354.378937 268.738586
8104 243.855392 423.014465 207.442764 423.014465
8092 236.390427 388.177979 199.578247 388.177979
8058 206.032928 307.556396 168.095306 307.556396
7824 609.140869 250.822708 578.649353 250.822708
7769 564.351074 259.78067 534.636902 259.78067
8216 615.112793 421.023834 581.778625 421.023834
7832 552.407166 349.360199 523.7854 349.360199
7964 665.874573 292.626495 648.970093 292.626495
8079 683.790466 406.093903 646.351257 406.093903
8121 259.78067 304.570435 223.61058 304.570435
8055 220.96286 313.528381 183.229797 313.528381
8452 340.402252 113.467415 328.013336 113.467415
8164 295.612457 292.626495 260.361938 292.626495
8247 358.318146 277.696564 325.696014 277.696564
8160 256.794678 400.121918 221.0923 400.121918
8367 412.065857 403.10791 382.678772 403.10791
7853 537.477234 211.407715 510.102325 211.407715
7803 544.643616 390.566803 516.576965 390.566803
8364 587.641785 343.985443 558.161926 343.985443
7866 551.809998 347.568604 523.733704 347.568604
7857 512.394958 333.235901 485.152161 333.235901
1101 618.0 150.0 608.850769 150.0
7727 430.800018 283.200012 401.381439 283.200012
8230 347.0 228.0 313.142639 228.0
336 602.0 129.0 592.875122 129.0
8248 646.0 370.0 613.47113 370.0
8156 288.0 309.0 252.646179 309.0
8122 257.0 356.0 220.725464 356.0
7723 410.0 448.0 380.97876 448.0
7838 510.0 444.0 481.348114 444.0
8044 208.800003 253.200012 169.705963 253.200012
7805 464.0 213.0 435.665741 213.0
8410 489.0 356.0 463.428162 356.0
8147 274.800018 435.600006 239.661499 435.600006
8260 326.400024 405.600006 293.291199 405.600006
8051 685.200012 409.200012 648.137878 409.200012
8416 586.0 171.0 563.672058 171.0
8117 260.92804 302.400024 224.496033 302.400024
7393 723.600037 285.600006 706.993652 285.600006
7854 537.119995 439.200012 507.80661 439.200012
8473 463.680023 131.040009 453.316437 131.040009
7855 584.640015 339.840027 555.94104 339.840027
449 707.040039 125.280006 695.894897 125.280006
7894 583.200012 171.360001 559.472351 171.360001
8192 296.524841 292.377655 261.098145 292.377655
474 706.752075 126.144012 695.709167 126.144012
8285 358.732849 275.788849 326.149841 275.788849
8166 296.110107 293.621796 260.613556 293.621796
7831 633.028748 358.318146 601.543274 358.318146
8223 358.318176 275.904999 325.651703 275.904999
7829 634.223145 358.318176 602.745728 358.318176
7865 510.603363 331.444275 484.406433 331.444275
