671
-0.0942 0.29 -2.75 0.0531 -0.463 -0.133 0.875 
7592 262.0 381.0 230.362457 381.0
8462 208.800003 102.000008 196.837341 102.000008
2238 713.0 193.0 698.126465 193.0
8410 382.0 407.0 357.26825 407.0
8421 548.0 353.0 530.859253 353.0
8289 440.0 317.0 410.250061 317.0
8415 466.0 226.0 444.048065 226.0
7849 466.0 387.0 438.756073 387.0
7727 320.0 340.0 291.527283 340.0
181 499.200012 207.600006 491.678253 207.600006
8348 435.0 397.0 406.333771 397.0
8405 400.0 381.0 373.328094 381.0
649 594.0 316.0 579.425171 316.0
7388 643.0 336.0 627.033203 336.0
8252 476.0 417.0 445.842865 417.0
8052 542.0 451.0 508.192383 451.0
8158 552.0 420.000031 521.15094 420.000031
8464 310.800018 379.200012 281.749023 379.200012
7759 613.0 428.0 581.159302 428.0
8282 245.0 337.0 212.684311 337.0
8465 378.0 175.0 369.292358 175.0
7968 215.0 158.0 202.439926 158.0
7690 503.0 429.0 471.981323 429.0
8426 517.0 352.0 500.174591 352.0
8144 151.200012 392.400024 113.934898 392.400024
7634 273.0 451.0 242.058807 451.0
8268 231.0 401.0 197.902786 401.0
7571 257.0 357.0 225.150162 357.0
7834 433.0 443.0 405.127228 443.0
8474 378.0 175.200012 369.726562 175.200012
7756 324.0 362.400024 295.495239 362.400024
8255 476.400024 416.400024 446.152496 416.400024
7748 552.0 420.0 521.139465 420.0
7976 679.0 324.0 663.932434 324.0
7502 692.400024 309.600006 678.13562 309.600006
7995 218.400009 188.400009 205.564438 188.400009
7746 313.920013 407.52002 285.114075 407.52002
8154 158.400009 433.200012 121.360214 433.200012
8181 173.0 423.0 136.201614 423.0
8239 204.0 440.0 169.213303 440.0
8232 208.0 400.0 173.378128 400.0
7510 578.880005 279.360016 567.739014 279.360016
8278 440.400024 316.800018 410.749268 316.800018
294 565.0 278.0 553.720276 278.0
7841 432.000031 440.640015 404.468292 440.640015
7827 435.600006 397.200012 406.939423 397.200012
8002 726.0 215.0 711.155884 215.0
8418 465.600006 225.600006 443.830017 225.600006
8412 381.600006 406.080017 357.05014 406.080017
8081 137.0 307.0 98.085281 307.0
8459 212.400009 130.800003 199.673386 130.800003
7393 590.976074 321.40802 576.258911 321.40802
7404 642.0 336.0 626.036621 336.0
7958 541.200012 331.200012 525.861572 331.200012
7503 689.472046 309.312042 675.234009 309.312042
8466 295.200012 178.560013 286.463379 178.560013
7306 599.616028 371.52005 581.052673 371.52005
7664 300.672028 319.680023 270.765442 319.680023
7678 504.000031 427.680023 472.611023 427.680023
7412 728.400024 361.200012 710.569092 361.200012
8425 518.400024 350.784027 501.517883 350.784027
7931 506.400024 352.800018 488.87207 352.800018
8237 205.200012 439.200012 170.670105 439.200012
7915 663.552063 387.072021 643.104065 387.072021
7716 440.640015 316.800018 411.621857 316.800018
394 517.200012 252.000015 507.911926 252.000015
7840 436.320007 397.440002 408.07843 397.440002
7852 465.120026 387.360016 438.020569 387.360016
7876 400.800018 381.600006 374.816528 381.600006
8463 211.680008 131.040009 199.225311 131.040009
7956 541.440002 329.76001 526.116394 329.76001
7971 218.880005 188.640015 206.0914 188.640015
8249 228.960007 355.680023 195.338181 355.680023
8009 686.880005 308.160004 672.836426 308.160004
7855 464.832031 387.072021 437.703735 387.072021
7867 400.320007 380.160004 373.637665 380.160004
449 574.559998 178.560013 564.927063 178.560013
534 709.171326 192.844833 693.924622 192.844833
8001 216.000015 158.976013 203.501129 158.976013
8192 174.182419 360.806458 137.776779 360.806458
8189 505.958466 427.161652 474.276276 427.161652
8008 622.080078 311.040039 609.819153 311.040039
7754 441.676849 315.187256 412.053406 315.187256
7957 543.283264 329.702454 528.479919 329.702454
7824 483.840057 304.128021 456.059509 304.128021
7859 435.456055 396.057648 406.937347 396.057648
7879 400.896027 381.888031 374.283203 381.888031
8175 549.504028 419.904053 518.69165 419.904053
7508 632.033386 184.135712 619.300964 184.135712
1075 575.424072 177.984024 565.748657 177.984024
7646 298.59845 320.993317 269.609192 320.993317
7699 316.22403 312.768036 287.359558 312.768036
7996 219.456024 190.080017 206.314499 190.080017
8369 308.551727 378.224701 279.40152 378.224701
8441 559.87207 273.71524 548.418701 273.71524
8399 378.224701 296.110107 352.75705 296.110107
7728 321.408051 335.923248 292.650543 335.923248
8020 647.958679 185.131042 636.783325 185.131042
1456 574.802002 176.670746 565.60022 176.670746
8453 219.801636 188.697632 207.161163 188.697632
7750 472.780853 413.061188 442.543701 413.061188
8387 400.204865 381.54245 374.080292 381.54245
7769 440.432709 316.016693 412.37912 316.016693
7729 547.430481 420.526154 516.946594 420.526154
8103 132.577713 376.23407 93.653587 376.23407
8159 161.243164 391.163971 124.465027 391.163971
8247 241.864746 340.402252 209.984818 340.402252
8322 304.570435 310.542389 275.160645 310.542389
8327 304.570435 311.736786 275.513885 311.736786
7948 587.641785 315.319977 572.977356 315.319977
7764 471.785553 412.065857 442.499176 412.065857
7842 435.953735 397.135956 407.924591 397.135956
8452 241.864746 158.257187 229.587082 158.257187
7964 543.449219 328.458313 529.199219 328.458313
8400 489.701477 379.220032 463.930573 379.220032
8166 173.187103 361.304138 137.415451 361.304138
8223 243.656357 340.402252 210.808823 340.402252
7452 673.638123 318.903168 658.858582 318.903168
7460 627.056763 311.736786 613.100891 311.736786
7962 588.238953 316.514374 573.039795 316.514374
8443 558.379089 274.710571 546.360901 274.710571
7866 437.148163 397.733154 409.712067 397.733154
474 576.295044 176.173096 567.477905 176.173096
7382 692.748413 367.276093 674.464478 367.276093
7831 504.631378 403.10791 475.857269 403.10791
7985 544.643616 329.65271 530.065002 329.65271
8164 175.575897 361.901337 138.714951 361.901337
7884 382.0 415.0 357.523926 415.0
7331 663.0 387.0 642.973206 387.0
7342 600.0 351.0 583.053467 351.0
7791 469.0 460.0 439.228302 460.0
8051 546.0 448.800018 511.899872 448.800018
8191 177.600006 450.000031 141.452133 450.000031
7641 273.600006 450.000031 242.632645 450.000031
1648 630.720032 312.480011 616.106201 312.480011
8117 129.600006 374.400024 90.937569 374.400024
8233 211.680008 348.480011 177.298859 348.480011
7390 590.400024 321.120026 576.004639 321.120026
7861 432.000031 442.368042 404.328796 442.368042
8413 459.648041 226.368027 438.315247 226.368027
7765 325.555237 360.806458 296.934143 360.806458
8011 630.374512 311.040039 615.33197 311.040039
7752 549.504089 418.867249 518.583984 418.867249
7857 400.619568 380.713013 374.098145 380.713013
7822 477.757538 280.682556 449.394409 280.682556
7865 400.121918 382.206024 374.356873 382.206024
7692 441.92572 316.514374 410.308197 316.514374
7916 647.958679 370.262085 628.900574 370.262085
7736 546.435181 421.023834 515.703247 421.023834
7829 508.811798 404.899536 480.560181 404.899536
