687
1.46 0.655 -2.61 0.0177 -0.25 -0.108 0.962 
5837 661.0 423.0 635.538147 423.0
7869 125.0 270.0 99.044632 270.0
7871 153.600006 408.000031 126.803871 408.000031
7719 121.0 441.0 92.819672 441.0
7714 132.0 439.200012 102.668831 439.200012
8348 178.0 315.0 152.665115 315.0
1881 517.0 179.0 503.67276 179.0
8412 130.800003 334.800018 106.440239 334.800018
8404 144.0 307.0 119.121216 307.0
7613 313.0 427.0 285.725525 427.0
181 273.0 152.0 265.209198 152.0
7552 353.0 400.0 324.349945 400.0
8389 231.0 291.0 208.268158 291.0
7864 178.0 396.0 152.729004 396.0
7834 181.0 356.0 155.515381 356.0
8057 264.0 337.200012 237.832535 337.200012
7748 277.0 315.0 252.024475 315.0
7539 364.800018 358.800018 334.27832 358.800018
1456 333.0 124.0 324.522675 124.0
8302 212.0 362.0 186.138046 362.0
7554 322.800018 350.400024 294.280945 350.400024
8035 296.0 343.0 268.291351 343.0
6677 536.0 374.0 514.681458 374.0
7505 416.0 231.0 404.881683 231.0
5933 681.600037 382.800018 658.860718 382.800018
7678 236.0 329.0 209.186661 329.0
7849 210.0 304.0 185.354431 304.0
8421 302.0 274.0 286.904938 274.0
7958 299.0 258.0 285.605835 258.0
7388 378.0 253.0 364.658264 253.0
8436 341.0 247.0 328.303223 247.0
6614 428.400024 312.0 410.717804 312.0
7599 386.400024 324.0 360.176849 324.0
6680 490.0 336.0 470.759338 336.0
6726 482.0 314.0 464.61554 314.0
5887 636.0 372.0 614.513977 372.0
8425 278.400024 276.0 262.895691 276.0
7931 267.0 279.0 251.514847 279.0
7899 445.0 310.0 427.631378 310.0
7671 290.0 419.0 263.762939 419.0
7827 178.800003 314.400024 153.527496 314.400024
7610 312.480011 426.240021 284.305695 426.240021
7808 115.200005 205.920013 87.841873 205.920013
7502 415.200012 230.400009 404.09201 230.400009
7880 231.600006 291.600006 209.015961 291.600006
7556 306.0 344.400024 277.623993 344.400024
7786 322.800018 314.400024 297.883179 314.400024
7548 352.800018 399.600006 324.312805 399.600006
8251 230.400009 361.200012 203.867355 361.200012
7855 208.800003 303.840027 184.687439 303.840027
7737 276.0 315.600006 250.669266 315.600006
5938 681.120056 383.040009 658.133484 383.040009
5909 659.52002 383.040009 636.709839 383.040009
6539 547.200012 429.120026 521.073669 429.120026
886 502.0 256.0 488.941132 256.0
6644 549.600037 396.000031 525.97644 396.000031
7606 387.0 323.0 360.606079 323.0
7947 376.800018 252.000015 363.212128 252.000015
7412 432.000031 264.0 418.75647 264.0
6685 489.600006 336.0 470.229095 336.0
7390 336.960022 243.360016 324.384064 243.360016
7956 300.0 258.0 286.701477 258.0
7819 401.76001 372.960022 379.333221 372.960022
7915 385.920013 286.559998 369.715485 286.559998
7876 145.200012 307.200012 120.110573 307.200012
8378 154.0 408.0 127.529518 408.0
394 288.0 193.0 279.754639 193.0
452 272.160004 151.200012 264.735016 151.200012
8010 368.400024 236.400009 357.311615 236.400009
480 298.800018 139.200012 289.91983 139.200012
7538 362.880035 357.696045 332.768005 357.696045
8475 282.0 118.800003 273.909546 118.800003
8207 228.960007 360.0 202.700943 360.0
8012 244.800003 216.000015 234.259079 216.000015
7750 209.088013 321.40802 183.388168 321.40802
6623 427.680023 312.480011 410.0271 312.480011
7612 385.920013 322.559998 359.498566 322.559998
7306 341.279999 282.240021 325.808899 282.240021
7946 374.976044 252.288025 361.624695 252.288025
7391 343.87204 247.104019 331.148895 247.104019
7059 402.624023 373.248047 380.32605 373.248047
7952 299.52002 257.76001 286.365265 257.76001
6694 501.120056 340.416046 482.0737 340.416046
6479 439.200012 358.560028 417.997009 358.560028
7204 464.400024 348.0 444.336761 348.0
6822 552.0 324.0 534.306335 324.0
6914 563.328064 264.384033 549.23114 264.384033
7881 231.840012 292.320007 209.015366 292.320007
7562 306.720001 344.160004 278.545074 344.160004
7598 296.640015 378.720001 269.096222 378.720001
7840 178.560013 313.920013 153.319473 313.920013
7801 152.064011 407.808044 126.100571 407.808044
1094 286.848022 191.808014 278.1474 191.808014
8473 124.416016 114.048012 113.716484 114.048012
1403 466.560059 226.02243 454.726196 226.02243
1405 466.560059 228.096024 454.532227 228.096024
8430 330.048035 247.104019 317.318787 247.104019
7957 300.672028 257.472015 287.289795 257.472015
8189 240.537628 327.628845 213.73172 327.628845
7298 342.144043 283.392029 326.85611 283.392029
6538 515.52002 403.200012 491.363068 403.200012
6530 476.92804 371.52005 455.113617 371.52005
6698 501.811279 340.070435 482.755219 340.070435
7316 501.120026 319.680023 484.070862 319.680023
7320 449.280029 302.400024 432.434265 302.400024
5941 680.832092 383.616028 657.921326 383.616028
6612 426.81604 312.768036 409.418243 312.768036
8009 412.992035 229.82402 402.618195 229.82402
853 515.52002 178.560013 502.4198 178.560013
7752 274.752014 316.22403 248.987015 316.22403
7563 307.584015 343.87204 279.669769 343.87204
7708 269.568024 412.992035 243.740814 412.992035
7732 228.096024 361.152039 202.402252 361.152039
7541 362.880066 356.659241 332.916473 356.659241
7605 297.216034 380.160034 269.411194 380.160034
7873 124.416016 269.568024 98.078926 269.568024
7843 177.984024 314.496033 153.118637 314.496033
7540 360.806458 355.829803 330.950745 355.829803
7964 302.745636 255.052841 289.58017 255.052841
7380 404.352051 269.568024 390.265625 269.568024
6687 500.152405 340.899902 481.125458 340.899902
6469 489.024048 418.176025 463.268982 418.176025
7902 449.971252 302.745636 433.639038 302.745636
7282 427.161652 313.113647 409.521057 313.113647
534 423.014465 136.85762 410.508057 136.85762
1350 464.48645 240.537628 451.736237 240.537628
7503 414.720062 228.096039 403.134888 228.096039
1812 518.400085 159.667221 504.664764 159.667221
7736 273.71524 315.187256 248.11676 315.187256
7609 383.616058 323.481659 357.230011 323.481659
7691 271.641632 412.646454 245.599152 412.646454
7621 296.524841 379.468842 269.377655 379.468842
8256 228.096039 358.732849 202.354553 358.732849
7859 178.32962 313.113647 153.752975 313.113647
449 333.434937 121.927696 325.427887 121.927696
8013 373.248047 236.390427 360.235535 236.390427
7754 172.108826 236.390427 145.616913 236.390427
6676 501.645416 340.402252 482.319611 340.402252
7898 501.645416 313.528381 484.876709 313.528381
6700 450.385986 303.575073 433.642975 303.575073
6589 425.502777 313.528351 408.265656 313.528351
6532 477.757538 370.262085 456.072968 370.262085
7061 412.065857 376.23407 389.131836 376.23407
2392 505.129028 238.878754 491.950867 238.878754
910 470.707275 213.580826 458.497192 213.580826
8399 111.974419 228.925476 85.780968 228.925476
8020 388.177979 131.880981 378.319153 131.880981
320 379.468842 130.636826 370.226227 130.636826
474 331.444275 122.425369 323.114471 122.425369
7832 179.159058 313.528351 153.57048 313.528351
8387 145.152023 306.892853 120.05304 306.892853
5827 657.331299 423.014465 631.881165 423.014465
5923 679.311462 383.201324 656.108765 383.201324
7493 413.061188 228.925476 402.267548 228.925476
7692 164.229141 241.367081 136.706802 241.367081
7536 361.304138 355.332153 330.996552 355.332153
6814 555.393127 322.486328 536.680359 322.486328
7604 380.713013 323.481659 354.00766 323.481659
7985 301.086761 256.296997 288.707214 256.296997
6771 584.75531 368.271423 564.135498 368.271423
7602 292.626495 340.402252 263.214539 340.402252
7460 370.262085 235.892776 358.343719 235.892776
7803 179.159073 355.332153 154.720123 355.332153
1075 333.235901 121.828178 326.276642 121.828178
7992 424.009796 137.355286 411.209839 137.355286
7730 250.822708 370.262085 224.146561 370.262085
7978 462.827606 241.864746 450.906769 241.864746
533 432.967743 154.275864 422.471954 154.275864
7585 379.220032 325.472321 352.796509 325.472321
6721 501.645416 340.402252 482.680237 340.402252
7537 361.901337 354.734985 331.838715 354.734985
7769 171.694107 238.878754 145.285522 238.878754
7382 403.10791 268.738617 389.249023 268.738617
8443 319.500336 212.004898 308.633972 212.004898
6802 641.389526 376.23407 619.199097 376.23407
7955 462.230438 240.073166 450.996246 240.073166
7965 304.570435 254.405899 291.607971 254.405899
1817 510.603363 176.173096 497.629608 176.173096
7698 244.0 369.0 217.537155 369.0
8002 434.0 160.0 422.428589 160.0
8236 249.0 316.0 223.652405 316.0
7342 344.0 268.0 329.715729 268.0
6707 432.0 281.0 416.694855 281.0
7868 177.600006 396.000031 152.211136 396.000031
8423 278.400024 276.0 262.895691 276.0
649 342.0 246.000015 329.370361 246.000015
7393 336.960022 243.360016 324.384064 243.360016
7749 181.440002 240.480011 154.469955 240.480011
365 328.320007 213.12001 318.158813 213.12001
7860 209.088013 305.856018 184.836761 305.856018
5885 635.904053 373.248047 614.934265 373.248047
6757 463.104034 295.488037 447.492493 295.488037
8011 373.248047 236.736023 360.552216 236.736023
7839 209.433624 304.819244 184.9272 304.819244
5890 659.404907 381.54245 636.512024 381.54245
8038 292.377655 340.070435 264.124237 340.070435
7726 248.832031 369.100861 222.766174 369.100861
6542 482.734161 375.736359 459.819855 375.736359
7949 470.292542 213.995544 457.736237 213.995544
7857 144.322586 306.063416 119.133881 306.063416
7729 271.226929 316.016693 245.541641 316.016693
7427 453.869659 238.878769 441.664459 238.878769
8441 315.319977 211.407715 304.30896 211.407715
6708 458.647247 311.736786 441.05658 311.736786
