699
2.33 0.727 -2.1 0.00827 -0.105 -0.06 0.993 
8896 164.0 56.0
9103 168.0 383.0
6667 468.0 293.0
8927 262.0 437.0
7968 285.0 166.0
9245 458.0 48.0
9281 450.0 145.0
8545 101.0 296.0
9063 30.0 184.0
9320 670.0 265.0
8474 136.0 113.0
9466 112.0 98.0
453 128.0 167.0
9435 278.0 102.0
8064 137.0 296.0
8923 182.0 438.0
8926 152.0 433.0
6654 422.0 273.0
6998 168.0 269.0
7899 146.0 233.0
8018 213.0 300.0
7670 56.0 259.0
8427 194.0 219.0
8884 189.0 189.0
7300 241.0 252.0
9371 234.0 222.0
7429 229.0 208.0
9122 237.0 270.0
9399 222.0 266.0
8999 271.0 388.0
6624 401.0 266.0
5912 655.0 380.0
9233 429.0 313.0
6393 355.0 285.0
9014 634.0 386.0
9066 607.0 389.0
8934 586.0 428.0
9112 114.0 275.0
9349 131.0 250.0
9334 108.0 256.0
7901 260.0 226.0
7509 271.0 199.0
9217 399.0 322.0
6439 395.0 300.0
7410 289.200012 226.800003
9232 268.0 317.0
8285 261.0 322.0
9419 330.0 384.0
9088 593.0 380.0
9234 334.0 311.0
9188 286.0 339.0
6571 487.0 327.0
9289 467.0 299.0
9350 322.0 250.0
7322 303.0 264.0
1308 357.0 215.0
2433 363.0 141.0
5896 611.0 324.0
9164 639.0 259.0
8931 491.0 436.0
9386 366.0 122.0
7828 379.200012 27.6
334 130.800003 172.800003
9319 662.400024 262.800018
8057 136.800003 295.200012
9129 168.0 268.800018
9048 230.400009 386.400024
6643 421.200012 272.400024
9373 223.200012 216.000015
8424 229.200012 207.600006
8964 34.800003 288.0
8372 57.600002 260.640015
9007 540.0 393.600006
7942 194.400009 218.400009
9359 153.600006 238.800003
8889 190.800003 189.600006
8876 146.400009 232.800003
9346 242.400009 250.800003
7386 406.800018 265.200012
8025 207.600006 345.600006
8957 212.400009 300.0
8945 627.600037 420.000031
8947 618.0 411.600006
9326 108.000008 255.600006
9156 76.800003 260.400024
9071 267.600006 388.800018
9076 247.200012 379.200012
7510 288.0 145.200012
8932 415.200012 428.400024
8950 381.600006 406.800018
9058 632.400024 384.0
9073 679.200012 380.400024
9118 646.800049 373.200012
6351 400.800018 322.800018
9277 396.000031 300.0
9093 114.000008 274.800018
9356 150.0 247.200012
957 319.200012 207.600006
7409 260.400024 225.600006
6428 585.600037 428.400024
8958 573.600037 408.000031
9201 334.800018 333.600006
8168 334.800018 310.800018
8998 286.800018 388.800018
9221 486.000031 326.400024
9200 644.400024 337.200012
9325 439.200012 226.800003
9279 448.800018 144.0
8175 82.800003 333.600006
8747 37.200001 334.800018
8951 169.200012 298.800018
8719 68.400002 358.800018
8928 152.400009 433.200012
9069 168.0 382.800018
318 222.000015 98.400002
9469 88.800003 86.400002
9434 152.400009 91.200005
7984 76.800003 196.800003
452 106.800003 129.600006
9116 25.200001 160.800003
7940 194.400009 218.880005
9047 540.0 393.120026
7385 231.840012 221.76001
7572 27.360001 288.0
7289 286.559998 267.839996
9267 256.320007 290.880005
8966 352.800018 403.200012
6614 406.080017 264.960022
7902 146.880005 231.840012
9404 102.240005 257.76001
8955 211.680008 299.52002
9068 247.680008 378.720001
9131 276.480011 362.880005
9094 646.559998 372.960022
6403 355.680023 283.680023
6462 357.120026 266.400024
9182 397.440002 347.040009
8941 590.400024 419.040009
8993 480.960022 396.000031
6453 473.76001 348.480011
9284 429.120026 295.200012
8275 262.080017 322.559998
8976 417.600006 396.000031
8187 112.320007 275.040009
9020 318.240021 383.040009
9135 299.52002 364.320007
9083 623.52002 384.480011
9204 371.52002 335.52002
9205 342.720001 326.880005
7189 321.120026 312.480011
7165 298.080017 306.720001
5876 591.840027 364.320007
5780 501.120026 296.640015
6663 485.280029 296.640015
9351 318.240021 250.560013
7348 308.966431 257.126434
5921 609.119995 322.559998
9305 468.000031 293.76001
9327 437.76001 226.080002
9382 408.960022 216.000015
9283 449.280029 144.0
8929 262.080017 436.320007
8982 149.76001 295.200012
8930 151.200012 434.880005
9440 277.920013 102.240005
9402 221.76001 97.920006
9384 362.880005 122.400002
8906 79.200005 51.840004
454 106.560005 156.960007
7652 28.800001 184.320007
9084 248.832031 378.432037
9332 101.952011 257.472015
9380 314.496033 221.184021
6389 444.096039 350.784027
9347 355.968048 266.11203
9097 644.544067 373.248047
9021 317.952026 383.616028
7381 262.656036 233.280029
7518 271.296021 198.720016
9005 153.792007 288.576019
9177 354.240021 340.416046
9241 369.792023 311.040039
9254 335.232025 311.040039
5873 570.240051 366.336029
9197 468.288055 331.776031
9282 501.120056 297.216034
9292 482.112061 297.216034
7346 307.584015 257.472015
5909 609.98407 323.136017
5224 601.344055 442.368042
5307 698.112061 411.264038
5272 646.272034 419.904053
5970 698.112061 376.704041
9220 402.624023 324.864044
9337 404.352051 266.11203
6444 535.680054 385.344025
9262 451.008057 107.136009
9378 378.432037 57.024006
9316 437.184052 226.368027
9280 447.552032 143.424011
7307 286.848022 269.568024
8688 60.480007 330.048035
9042 145.152023 348.364838
763 269.568024 103.680008
1881 362.880035 122.688011
7936 228.096024 207.360016
9403 172.800018 93.312012
7975 74.304008 196.99202
9459 67.392006 357.696045
6308 586.828857 427.161652
9029 481.075256 393.98407
8220 109.486099 276.203552
9132 377.395264 367.027252
9025 317.260834 381.54245
6479 468.633667 331.776062
2925 499.737671 296.524841
1902 358.732849 196.992035
841 342.144043 209.433624
9002 443.750458 385.689667
9031 431.308868 383.616058
9154 445.824066 346.29126
9198 369.100861 333.84964
9196 335.923248 333.84964
9248 333.84964 311.040039
9127 364.953644 371.174438
9167 362.880066 350.438446
5253 632.448059 383.616058
9146 593.049683 364.953644
9079 549.504089 383.616058
7262 317.260834 279.936035
9474 356.659241 159.667221
5899 609.638489 321.408051
9209 632.448059 261.273651
5805 593.049683 418.867249
5257 646.963318 418.867249
6602 404.352051 265.420837
9295 464.48645 290.304047
9251 449.971252 114.048019
7480 377.395264 93.312012
9318 437.529663 226.02243
9287 447.897675 143.078415
8017 211.507233 298.59845
7298 286.15683 269.568024
9126 234.316833 269.568024
9312 356.659241 282.009644
8971 269.568024 387.763245
7657 58.060806 259.200043
8974 151.372818 294.451233
8052 151.372818 288.230438
9461 66.355209 356.659241
8933 153.446426 433.382446
1824 284.083252 122.342415
9388 362.880066 122.342415
9363 265.420837 232.243225
7452 228.096039 207.360031
7958 319.334442 203.21283
7519 323.481659 178.32962
9409 172.108826 93.312012
9412 163.814423 51.840008
7912 149.299225 230.169632
9471 130.636826 172.108826
9027 427.991089 385.689667
9136 442.921021 348.364838
9046 577.290344 393.154602
9190 333.434937 333.434937
9260 333.434937 311.040039
8396 268.738586 233.902115
7972 271.226929 199.065628
2446 355.829803 196.577301
7493 358.318115 184.135712
9453 355.829803 161.740829
9170 360.806458 350.85318
9207 607.150146 320.993317
9301 447.897675 111.974419
9317 632.033386 261.273651
9003 59.719688 340.899902
7422 271.226929 104.509453
9454 196.577301 218.972198
7909 149.299225 231.413788
8881 169.20578 186.624023
9278 497.664062 298.59845
8944 149.299225 420.526154
6703 403.10791 266.250275
7950 223.948837 209.018921
7503 291.133484 146.810898
9035 268.738586 388.177979
9008 228.925476 385.689667
9080 84.60289 335.923248
8352 59.719688 261.273651
5908 654.428223 380.713013
7309 286.15683 268.738586
9012 316.016693 380.713013
9191 368.271423 335.923248
9308 355.829803 283.668518
8962 594.708557 403.10791
9417 318.505005 204.042267
1421 325.969971 164.229141
9105 343.388214 373.248077
474 173.187103 92.565521
9389 71.663628 197.074982
9394 358.318146 140.341278
9367 149.299225 229.920807
8490 167.215134 188.117035
9414 268.738617 101.523476
8972 143.327255 337.41626
8016 209.018921 298.59845
8994 86.593552 334.430267
9322 441.92572 271.724609
6615 403.10791 265.752625
9067 250.822708 379.220032
7749 286.65451 271.724609
7470 361.304138 170.201126
9037 346.374207 397.135956
9100 456.855652 373.248077
9216 600.182922 304.570435
9113 347.568604 372.650879
9222 609.140869 318.903168
8015 211.407715 297.404083
9044 146.910446 290.237701
9258 498.062256 297.404083
9369 189.90863 218.574081
8420 150.493622 229.323624
9092 175.575897 383.400421
9090 143.327271 336.819061
9293 440.731354 304.570435
9323 440.731354 268.738617
9313 404.899536 265.155426
9108 616.307251 365.484528
9101 107.495445 275.904999
9138 71.663635 272.321808
9311 286.654541 283.07135
9364 261.572266 232.906799
8442 265.155426 189.90863
5828 598.391357 404.899536
9169 594.808167 365.484528
9024 261.572266 376.23407
9114 250.822708 376.23407
9099 455.064056 372.650879
9010 85.996361 336.819061
8676 83.0 334.0
330 145.0 94.0
6705 502.0 297.0
5260 649.0 420.0
617 223.200012 216.000015
9125 661.200012 156.0
8024 207.0 345.0
9119 636.0 374.400024
7585 80.0 279.0
7240 322.0 294.0
336 83.0 66.0
9018 211.200012 386.400024
9110 665.280029 377.280029
9095 594.0 380.400024
7234 321.600006 294.0
9192 644.400024 337.200012
9357 148.608017 247.104019
9004 612.0 385.920013
9117 610.800049 375.600006
6464 355.968048 266.11203
9140 237.600006 319.200012
9360 277.200012 240.000015
9218 485.280029 325.440002
7400 289.440002 226.080002
8417 285.120026 214.560013
5940 692.640015 370.080017
8546 100.800003 295.200012
6411 441.600006 342.0
7218 322.559998 293.76001
9354 321.600006 249.600006
7310 302.400024 264.0
9086 593.280029 380.160004
8984 480.384033 395.712036
8617 82.944008 333.504028
8480 152.064011 89.85601
9202 267.840027 335.232025
9395 355.968048 212.544022
9009 267.839996 388.800018
4739 586.080017 437.76001
9102 595.123291 379.468842
5819 577.152039 392.256042
9309 355.968048 283.392029
443 221.76001 97.920006
8421 228.960007 207.360016
961 151.200012 90.720001
9452 107.136009 141.696014
7788 317.952026 250.560028
9396 314.496033 221.184021
7530 319.680023 207.360016
9230 311.040039 315.187256
4483 574.387268 408.499268
5811 578.534485 391.910461
5797 505.958466 300.672028
9061 541.209656 391.910461
9265 467.80423 54.74305
7981 74.649612 196.992035
9228 311.040039 316.016693
9130 570.240051 364.953644
9411 118.195213 377.395264
9451 76.723213 51.840008
9450 196.992035 219.801636
9043 507.617371 382.206024
9049 579.281006 394.149963
9160 361.304138 352.346191
9235 633.028748 262.766632
9365 191.103012 217.976868
9415 182.145065 188.117035
9001 149.299225 286.65451
9040 480.7435 394.149963
9064 322.486328 379.220032
9302 634.223145 261.572266
8990 86.593552 334.430267
9263 504.631378 304.570435
9087 173.187103 382.206024
9153 469.39679 347.568604
7401 292.626495 223.948837
9331 440.731354 268.738617
