70
-0.000478 0.000524 0.000125 0.000667 9.46e-05 -0.000373 1 
75 216.0 86.0 199.430817 86.0
44 375.0 282.0 352.763092 282.0
100 727.200012 132.0 704.829285 132.0
109 537.600037 255.600006 516.872314 255.600006
8 497.0 299.0 473.129913 299.0
21 274.0 83.0 257.763855 83.0
23 657.0 179.0 635.646179 179.0
86 641.0 122.0 620.53125 122.0
17 475.0 276.0 453.085968 276.0
30 534.0 211.0 512.141357 211.0
28 494.0 96.0 473.289368 96.0
25 495.600006 368.400024 463.76828 368.400024
33 485.0 419.0 448.5383 419.0
35 183.0 325.0 155.125198 325.0
37 155.0 323.0 127.366234 323.0
26 548.0 169.0 527.240479 169.0
27 550.0 152.0 529.393616 152.0
43 579.0 278.0 557.706055 278.0
53 414.0 321.0 386.876068 321.0
41 88.0 389.0 52.377274 389.0
42 62.0 391.0 26.631765 391.0
45 350.0 269.0 329.146637 269.0
143 364.800018 260.400024 344.295868 260.400024
144 343.200012 259.200012 323.286621 259.200012
40 536.0 299.0 512.14624 299.0
58 598.0 299.0 574.766113 299.0
55 673.0 318.0 646.780823 318.0
56 646.0 315.0 621.173462 315.0
61 623.0 368.0 592.206177 368.0
2 424.0 334.0 396.428253 334.0
10 455.0 294.0 431.781067 294.0
13 564.0 44.0 541.982666 44.0
63 732.0 112.0 710.645081 112.0
67 406.0 87.0 385.896027 87.0
73 222.0 383.0 188.066879 383.0
74 76.0 290.0 51.835941 290.0
76 312.0 86.0 294.793243 86.0
34 209.0 152.0 191.700394 152.0
176 367.200012 187.200012 349.684143 187.200012
78 93.0 90.0 76.180588 90.0
79 76.0 39.0 58.831593 39.0
80 122.0 75.0 105.787239 75.0
81 122.0 155.0 106.616158 155.0
83 550.800049 151.200012 529.700806 151.200012
108 475.200012 276.0 453.388458 276.0
93 534.0 211.200012 512.446838 211.200012
141 377.0 281.0 353.925018 281.0
15 592.0 359.0 562.13623 359.0
116 488.400024 384.0 454.960388 384.0
118 495.360016 368.640015 463.974945 368.640015
106 657.600037 178.800003 636.133545 178.800003
131 182.400009 325.200012 154.649597 325.200012
132 193.200012 318.0 166.238373 318.0
211 160.800003 316.800018 133.885147 316.800018
112 543.600037 126.000008 521.931946 126.000008
115 531.600037 90.0 510.028717 90.0
120 210.000015 151.200012 192.730377 151.200012
129 134.400009 206.400009 118.765396 206.400009
180 126.720001 182.880005 111.019638 182.880005
134 637.200012 254.400009 616.862305 254.400009
95 217.200012 86.400002 199.664307 86.400002
189 500.400024 411.600006 464.475891 411.600006
126 486.000031 418.800018 449.182129 418.800018
123 202.800003 229.200012 186.191742 229.200012
122 555.600037 111.600006 534.730469 111.600006
139 405.600006 328.800018 378.474701 328.800018
140 414.000031 320.400024 387.3508 320.400024
137 457.200012 374.400024 425.121002 374.400024
142 351.360016 269.279999 330.309052 269.279999
47 344.0 258.0 324.235229 258.0
148 651.600037 328.800018 624.630554 328.800018
149 672.0 318.0 645.80304 318.0
226 646.559998 313.920013 621.549683 313.920013
146 87.600006 388.800018 51.793846 388.800018
57 583.0 330.0 556.637085 330.0
150 598.800049 298.800018 574.919861 298.800018
156 608.400024 334.800018 580.870422 334.800018
151 723.600037 277.200012 701.748718 277.200012
155 656.400024 267.600006 635.414612 267.600006
238 679.200012 204.000015 657.5354 204.000015
160 622.800049 367.200012 592.039856 367.200012
162 456.000031 294.0 433.144836 294.0
62 517.0 399.0 482.05899 399.0
166 494.400024 96.0 473.871674 96.0
170 220.800003 415.200012 183.496017 415.200012
72 249.600006 363.600006 218.198593 363.600006
173 75.600006 289.200012 51.61644 289.200012
174 275.040009 82.080002 258.347992 82.080002
175 312.0 86.400002 295.2453 86.400002
77 367.0 187.0 349.514648 187.0
178 92.400002 88.800003 75.618774 88.800003
179 75.600006 38.400002 58.489002 38.400002
184 203.904022 119.23201 186.642441 119.23201
185 217.440002 84.960007 200.859833 84.960007
163 517.200012 399.600006 481.97464 399.600006
196 133.919998 205.920013 118.287758 205.920013
263 74.880005 38.880001 57.95047 38.880001
183 375.840027 263.52002 354.542725 263.52002
110 591.840027 357.120026 561.590393 357.120026
114 547.200012 91.200005 525.725037 91.200005
194 495.936035 369.792023 464.364655 369.792023
192 537.119995 254.880005 516.454102 254.880005
198 691.200012 315.360016 665.671021 315.360016
107 492.000031 288.0 468.931763 288.0
206 620.640015 293.76001 597.358521 293.76001
221 86.400002 388.800018 50.993687 388.800018
133 156.960007 321.120026 129.830139 321.120026
212 522.720032 328.320007 495.969055 328.320007
191 518.400024 295.200012 494.57251 295.200012
203 406.080017 328.320007 378.831055 328.320007
205 396.000031 299.52002 371.212921 299.52002
227 584.640015 305.279999 560.600464 305.279999
228 556.416077 304.128021 532.068665 304.128021
224 650.880005 328.320007 624.074951 328.320007
219 203.040009 228.960007 186.311935 228.960007
229 635.040039 332.640015 607.527466 332.640015
230 603.360046 332.640015 575.669006 332.640015
234 715.680054 218.880005 693.829773 218.880005
239 622.080017 367.200012 591.92804 367.200012
241 456.480011 293.76001 433.490784 293.76001
164 564.0 44.400002 542.030945 44.400002
165 426.240021 90.720001 407.888977 90.720001
249 532.800049 210.240005 511.183807 210.240005
323 547.776062 169.344009 527.362915 169.344009
252 257.76001 341.279999 229.322906 341.279999
253 204.480011 325.440002 176.618958 325.440002
171 249.12001 362.880005 217.823425 362.880005
260 274.752014 82.944008 259.091705 82.944008
266 311.040009 86.400002 295.591949 86.400002
119 206.400009 180.0 189.074463 180.0
262 92.160004 89.280006 75.454773 89.280006
393 124.416016 82.944008 108.442818 82.944008
181 120.960014 152.064011 105.650658 152.064011
195 138.240021 207.360016 122.361305 207.360016
111 554.400024 351.360016 522.936401 351.360016
275 575.424072 274.752014 553.706055 274.752014
201 473.76001 280.800018 451.25589 280.800018
222 153.792007 336.960022 124.961823 336.960022
280 196.99202 316.22403 170.427979 316.22403
285 708.480042 335.232025 681.186646 335.232025
286 696.384094 335.232025 669.275879 335.232025
357 680.832092 311.040039 656.757019 311.040039
277 535.680054 298.944031 512.595032 298.944031
278 516.672058 295.488037 493.776062 295.488037
289 655.25769 329.702454 628.358643 329.702454
292 374.976044 281.664032 352.642639 281.664032
294 343.87204 259.200012 324.950348 259.200012
297 551.232056 335.232025 523.246887 335.232025
298 585.792053 305.856018 561.16687 305.856018
295 452.736053 362.880035 421.604126 362.880035
209 435.456055 357.696045 405.168304 357.696045
291 406.080048 328.320038 378.934387 328.320038
287 86.400009 388.800049 51.049938 388.800049
300 634.176086 331.776031 605.992126 331.776031
301 603.072083 333.504028 574.934814 333.504028
207 604.800049 293.76001 581.222656 293.76001
307 651.456055 202.176025 630.411804 202.176025
190 548.640015 90.720001 527.19043 90.720001
244 563.040039 44.640003 541.190125 44.640003
247 404.352051 86.400009 384.719177 86.400009
321 466.560059 96.768005 446.943695 96.768005
251 548.640015 169.920013 527.892578 169.920013
325 373.248047 409.536041 336.741272 409.536041
327 366.336029 383.616028 333.089874 383.616028
257 288.576019 357.696045 257.052368 357.696045
259 76.32 289.440002 51.491825 289.440002
330 275.788849 80.870415 260.369202 80.870415
333 311.040039 86.400009 295.514435 86.400009
336 91.584007 88.128006 74.545349 88.128006
337 74.304008 38.016003 57.156441 38.016003
335 203.904022 229.82402 187.334778 229.82402
341 122.342415 151.372818 106.992241 151.372818
382 485.222473 271.226929 463.094818 271.226929
346 655.25769 180.403229 633.815979 180.403229
343 160.70401 316.22403 133.229813 316.22403
296 435.456055 356.659241 405.278412 356.659241
348 196.992035 315.187256 170.549194 315.187256
349 182.476822 308.966431 155.798431 308.966431
355 698.803284 333.84964 670.820129 333.84964
356 686.361694 325.555237 659.693359 325.555237
419 84.60289 390.66629 48.691437 390.66629
363 375.321655 279.936035 353.107666 279.936035
293 362.880035 259.200012 342.027191 259.200012
365 345.876526 258.785309 326.352905 258.785309
350 406.425659 327.628845 379.73761 327.628845
351 400.204865 317.260834 373.320312 317.260834
359 586.828857 304.819244 561.684509 304.819244
299 555.724854 302.745636 533.260132 302.745636
290 649.036865 315.187256 623.520142 315.187256
368 603.417664 331.776062 575.549622 331.776062
369 615.859314 294.451233 592.687866 294.451233
372 686.361694 269.568024 665.810242 269.568024
376 651.110474 205.286423 630.005737 205.286423
383 489.369659 416.793671 451.466949 416.793671
316 549.504028 89.85601 528.215881 89.85601
386 467.80423 97.044495 447.829254 97.044495
324 257.472015 342.144043 229.415466 342.144043
312 375.321655 296.524841 350.899445 296.524841
391 205.286423 118.195213 186.981247 118.195213
388 273.71524 82.114571 257.308716 82.114571
390 77.137932 52.254726 59.820343 52.254726
339 128.563217 74.649612 112.792595 74.649612
395 136.85762 206.530594 121.911545 206.530594
396 202.176025 139.968018 184.540741 139.968018
329 76.032005 290.304016 51.362717 290.304016
399 507.61734 325.969971 481.030182 325.969971
400 537.0625 296.524841 514.433899 296.524841
401 516.326477 294.451233 493.433533 294.451233
411 686.776428 271.226929 665.488525 271.226929
420 116.951057 358.318115 84.305191 358.318115
422 455.36261 363.294769 423.940887 363.294769
407 654.428223 318.505005 629.049194 318.505005
367 632.033386 330.946594 603.886841 330.946594
404 368.271423 273.71524 345.944885 273.71524
406 346.374207 259.78067 326.859772 259.78067
416 701.70636 323.481659 674.802979 323.481659
417 671.846497 325.472321 645.372681 325.472321
418 681.799805 311.040039 656.926086 311.040039
424 602.173523 333.434937 573.703308 333.434937
342 614.615112 293.621796 591.306458 293.621796
370 667.69928 269.568024 646.990356 269.568024
413 641.986633 248.832031 621.455383 248.832031
414 555.393127 328.458313 529.012329 328.458313
426 584.75531 306.063416 560.579346 306.063416
360 554.895447 303.575073 532.251709 303.575073
375 644.474976 226.437149 624.156311 226.437149
503 646.963318 204.042267 626.3573 204.042267
428 627.056702 263.761963 604.971069 263.761963
271 589.731934 355.829803 559.776672 355.829803
430 694.241394 393.154602 660.592102 393.154602
431 699.218018 340.899902 671.898254 340.899902
432 425.502777 333.434937 397.302094 333.434937
267 499.737671 290.304047 476.433014 290.304047
435 483.729492 271.724609 461.684814 271.724609
384 549.504089 89.16481 528.528687 89.16481
439 644.474976 106.997772 625.292847 106.997772
440 627.056702 191.600662 605.544006 191.600662
441 547.430481 169.20578 527.202942 169.20578
442 651.939941 181.647385 630.868591 181.647385
443 400.619568 87.091209 381.653961 87.091209
445 373.248047 296.110107 349.273773 296.110107
447 365.783081 383.201324 332.719757 383.201324
402 154.275864 335.923248 125.167137 335.923248
366 85.017609 387.763245 49.884193 387.763245
450 204.042267 119.439377 185.610245 119.439377
452 121.927696 151.787537 106.117592 151.787537
453 199.065628 217.728027 182.549484 217.728027
387 74.649612 288.230438 51.301636 288.230438
398 259.200043 342.144043 230.334457 342.144043
467 615.112793 292.626495 592.351746 292.626495
468 601.974487 300.987244 576.91333 300.987244
506 555.393127 329.65271 530.225342 329.65271
415 558.379089 304.570435 534.530579 304.570435
459 692.748413 253.808685 671.721924 253.808685
460 665.874573 253.808685 645.1474 253.808685
469 656.916626 319.500336 630.602295 319.500336
471 653.930603 310.542389 627.565125 310.542389
410 639.000671 301.584442 614.0047 301.584442
474 274.710571 80.621582 258.477081 80.621582
473 513.589355 98.537491 492.384613 98.537491
475 549.421143 89.579536 528.390015 89.579536
476 408.482697 85.996361 393.858093 85.996361
483 549.421143 170.201126 528.472961 170.201126
482 121.828178 150.493622 106.107376 150.493622
480 203.046951 119.439384 184.57576 119.439384
484 624.070801 394.149963 593.14447 394.149963
491 373.248077 292.626495 348.625946 292.626495
492 347.568604 261.572266 327.246368 261.572266
496 453.869659 388.177979 420.020294 388.177979
461 456.855652 376.23407 424.122772 376.23407
429 591.224915 355.332153 560.434692 355.332153
490 495.673431 188.117035 473.672638 188.117035
494 426.995789 334.430267 398.547577 334.430267
495 408.482697 326.069519 380.374664 326.069519
381 497.664062 291.133484 475.454407 291.133484
499 525.533264 271.724609 503.140594 271.724609
433 498.659424 292.626495 475.425446 292.626495
457 116.4534 346.374207 86.060631 346.374207
507 564.351074 277.696564 541.737 277.696564
505 650.944641 182.145065 630.266541 182.145065
508 673.638123 326.069519 645.673157 326.069519
446 258.785309 343.388214 230.147156 343.388214
470 630.639954 329.65271 602.724243 329.65271
472 637.806335 300.987244 613.389282 300.987244
523 429.981781 361.901337 398.592987 361.901337
478 143.327271 343.985443 114.10759 343.985443
533 555.393127 111.078629 536.487915 111.078629
534 537.477234 85.996361 512.989807 85.996361
525 200.658173 218.574081 184.011719 218.574081
531 372.650879 293.820892 348.834686 293.820892
529 200.658173 121.828178 182.562729 121.828178
537 376.23407 275.904999 354.262299 275.904999
493 197.074982 315.319977 168.756165 315.319977
541 143.327271 329.65271 115.818161 329.65271
538 587.641785 354.734985 558.635559 354.734985
539 548.226807 333.235901 518.797058 333.235901
542 451.480896 386.983612 418.02536 386.983612
543 515.978149 293.820892 491.867523 293.820892
544 523.144531 268.738617 500.642517 268.738617
549 562.559509 275.904999 541.335388 275.904999
511 259.78067 343.388214 230.427872 343.388214
528 515.978149 100.329086 494.44751 100.329086
449 275.904999 78.829994 259.313049 78.829994
113 511.0 103.0 489.953125 103.0
99 710.400024 183.600006 688.424438 183.600006
85 496.800018 298.800018 473.341461 298.800018
248 495.360016 96.480003 474.432556 96.480003
200 496.800018 290.880005 474.26767 290.880005
220 204.480011 203.040009 187.011459 203.040009
225 665.28009 321.40802 638.812805 321.40802
240 425.088043 333.504028 396.864777 333.504028
182 373.248047 297.216034 349.416016 297.216034
389 247.104019 235.008026 228.019974 235.008026
405 369.100861 255.052841 349.062134 255.052841
288 657.331299 319.334442 630.840027 319.334442
311 642.816101 360.806458 611.843018 360.806458
485 699.218018 340.899902 671.898254 340.899902
31 121.927696 201.553955 105.94722 201.553955
455 74.649612 288.645172 51.164593 288.645172
477 283.668549 238.878769 262.359467 238.878769
463 426.995789 334.430267 398.547577 334.430267
514 615.112793 292.626495 592.351746 292.626495
547 585.252991 286.65451 563.867981 286.65451
464 451.480896 354.734985 420.81781 354.734985
