702
2.47 0.72 -1.96 0.00793 -0.078 -0.05 0.996 
9466 73.0 93.0
5921 579.0 310.0
9103 136.0 381.0
7968 256.0 162.0
454 75.0 158.0
8024 176.0 340.0
8926 119.0 432.0
8018 181.0 294.0
8427 163.0 217.0
8884 157.0 187.0
6624 375.0 260.0
9289 441.0 290.0
2433 335.0 136.0
9371 204.0 219.0
7499 254.0 119.0
9122 206.0 263.0
7899 111.0 232.0
8988 456.0 383.0
9057 457.0 374.0
5260 616.0 400.0
9014 602.0 368.0
8545 60.0 292.0
8932 391.0 417.0
9233 403.0 304.0
9112 76.0 271.0
9349 90.0 246.0
8999 241.0 384.0
6342 319.0 276.0
7410 261.600006 223.200012
7448 256.0 211.0
9019 415.0 373.0
9188 258.0 333.0
6571 460.0 316.0
7322 276.0 260.0
8946 587.0 394.0
9066 574.0 371.0
9195 308.0 327.0
9210 315.0 320.0
1308 329.0 211.0
6705 475.0 287.0
8931 465.0 421.0
8927 235.0 432.0
7463 229.0 165.0
318 189.0 95.0
8896 127.0 50.0
9373 193.200012 214.800003
7942 163.200012 216.000015
8474 98.400002 109.200005
452 68.400002 126.000008
8957 181.200012 294.0
8876 111.600006 231.600006
857 144.0 187.200012
1576 129.600006 201.600006
6466 508.800018 370.800018
7901 231.600006 222.000015
8424 199.200012 205.200012
9329 352.800018 265.200012
9435 248.400009 97.200005
9304 440.400024 289.200012
6537 417.600006 296.400024
9217 379.200012 313.200012
8951 134.400009 294.0
9129 133.200012 264.0
8993 456.000031 382.800018
8998 259.200012 382.800018
5912 621.600037 362.400024
9189 258.0 332.400024
8417 256.800018 211.200012
9045 406.800018 374.400024
6351 374.400024 314.400024
6462 330.0 261.600006
9047 513.600037 378.0
8950 356.400024 397.200012
8064 99.600006 291.600006
9093 75.600006 271.200012
9183 440.400024 334.800018
9221 459.600006 315.600006
9201 308.400024 326.400024
9234 308.400024 304.800018
8941 561.600037 402.000031
9083 591.600037 367.200012
9306 285.600006 280.800018
9343 276.0 259.200012
7289 259.200012 264.0
5780 475.200012 286.800018
9325 411.600006 220.800003
8929 235.200012 432.000031
8175 38.400002 334.800018
9082 80.400002 379.200012
8719 27.6 360.0
8928 117.600006 435.600006
9018 181.200012 382.800018
7828 349.200012 22.800001
1019 45.600002 76.800003
9442 37.200001 46.800003
9405 188.400009 94.800003
329 138.0 90.0
7984 37.200001 196.800003
6614 378.720001 259.200012
8546 60.480003 292.320007
9156 34.560001 256.320007
9179 257.76001 331.200012
9267 228.960007 286.559998
7409 231.840012 221.76001
7385 201.600006 218.880005
9071 240.480011 383.040009
9048 200.160004 381.600006
9068 227.520004 371.52002
9076 218.880005 372.960022
7940 164.160004 216.000015
9305 440.640015 288.0
9163 419.040009 335.52002
8275 234.720016 316.800018
9140 207.360016 313.920013
9000 259.200012 381.600006
5940 656.640015 351.360016
8984 455.040009 383.040009
9181 371.52002 338.400024
9013 406.080017 374.400024
9110 622.080017 361.440002
9058 600.480042 367.200012
8057 99.360001 290.880005
8187 74.880005 270.720001
9218 456.480011 322.559998
9197 442.080017 321.120026
9020 292.320007 375.840027
6403 328.320007 277.920013
6464 329.76001 260.640015
7310 279.360016 253.440002
7307 259.200012 263.52002
9192 610.559998 321.120026
9282 473.76001 286.559998
6444 508.320007 370.080017
9316 410.400024 220.320007
9283 419.040009 138.240005
9458 37.440002 334.080017
8025 177.12001 339.840027
8955 181.440002 293.76001
9459 27.360001 360.0
9069 135.360001 380.160004
9440 247.680008 96.480003
9384 335.52002 116.640007
9381 351.360016 47.52
334 95.040001 171.360001
7902 113.760002 230.400009
9202 240.192017 330.048035
9100 426.81604 373.248047
9021 292.032013 376.704041
9241 343.87204 304.128021
9061 513.216064 378.432037
9107 539.136047 364.608032
9015 416.448029 373.248047
9309 330.048035 278.208038
9395 328.320038 207.360016
7958 292.032013 200.448013
9275 285.120026 292.032013
7348 279.936035 254.016022
7298 259.200012 264.384033
9254 307.584015 304.128021
6370 570.240051 423.360046
1900 328.320038 165.888016
930 293.76004 186.624023
1421 297.216034 160.70401
5811 549.504028 376.704041
9102 563.328064 364.608032
5909 577.152039 309.312042
5272 613.440063 400.896027
6727 692.92804 357.696045
9226 376.704041 316.22403
9337 378.432037 259.200012
9262 421.63205 107.136009
9327 409.536041 221.184021
9280 418.176025 138.240021
9042 114.048019 346.29126
8930 119.23201 435.456055
1881 333.504028 117.504013
7972 241.920029 195.264023
7510 259.200012 141.696014
1902 331.776031 191.808014
443 188.35202 93.312012
9403 138.240021 88.128006
7912 114.048012 229.82402
7975 34.560005 195.264023
9312 329.702454 277.862427
8974 116.121613 288.230438
9132 350.438446 358.732849
9029 454.118469 381.54245
9085 431.308868 364.953644
9074 385.689667 367.027252
7346 282.009644 252.979233
7309 259.200043 263.347229
2446 331.776062 192.844833
7530 292.377655 201.139221
8977 319.334442 385.689667
9025 292.377655 375.321655
5253 601.344055 367.027252
5224 570.240051 420.940857
6308 559.87207 410.572845
9196 308.966431 325.555237
5819 549.504089 375.321655
9106 564.019287 362.880066
7996 321.408051 172.108826
9453 329.702454 155.52002
913 298.59845 161.740829
5899 578.534485 308.966431
5257 613.785706 398.131256
5983 692.58252 356.659241
9295 443.750458 286.15683
6602 377.395264 259.200043
9298 418.867249 136.85762
9167 335.923248 342.144043
8971 240.537628 381.54245
8220 72.161293 271.226929
9126 203.21283 263.347229
7422 238.464035 97.459213
9388 333.84964 116.121613
9375 263.347229 221.875229
7503 259.200043 141.004822
9412 126.489616 39.398407
9361 116.121613 230.169632
9471 95.385612 170.035217
7936 192.844833 205.286423
9454 159.667221 213.580826
9170 343.388214 348.364838
9174 415.5495 358.318115
5805 567.337036 403.10791
9190 311.040039 328.458282
9260 308.551727 303.575073
8962 564.848694 385.689667
9037 318.505005 385.689667
7470 333.434937 164.229141
9207 577.290344 308.551727
9317 597.196899 251.320358
9219 378.224701 316.016693
6615 375.736359 258.785309
9251 418.037811 106.997772
7749 258.785309 266.250275
9428 343.388214 258.785309
9035 241.367081 383.201324
8052 116.951057 288.645172
8020 179.159058 293.621796
8944 124.416016 415.5495
9414 241.367081 99.532814
7480 350.85318 87.091209
9396 291.133484 201.553955
7381 233.902115 228.925476
7516 261.273651 141.834259
8442 238.878754 186.624023
9409 139.345947 87.091209
7909 116.951057 228.925476
7452 196.577301 204.042267
8991 453.869659 382.206024
9099 429.981781 364.290131
6433 444.911713 337.41626
9136 418.037842 337.41626
9108 585.252991 349.360199
9169 564.351074 352.346191
9105 322.486328 364.290131
9064 298.59845 373.248077
9160 334.430267 343.388214
9208 576.295044 307.556396
9235 600.182922 250.822708
9394 328.458313 134.369308
9278 468.799591 289.640503
9367 116.4534 229.920807
9369 158.257187 214.990891
8490 134.369308 185.131042
8017 179.159073 292.626495
9001 113.467415 283.668549
9067 223.948837 373.248077
6812 689.762451 358.318146
6703 376.23407 259.78067
8396 232.906799 229.920807
9427 343.388214 167.215134
9311 256.794678 265.752625
8420 114.661812 229.323624
9222 576.892212 304.570435
9216 566.1427 290.237701
9302 598.391357 250.822708
8972 107.495445 333.235901
9365 157.659988 214.990891
9092 143.327271 379.817261
8996 200.658173 369.067719
9313 376.23407 257.989075
9024 222.157257 372.650879
9364 232.906799 229.323624
9044 111.078629 283.07135
9101 68.080452 272.321808
6783 670.054993 343.985443
9273 272.321808 300.987244
9243 322.486359 308.153625
474 136.160904 85.996361
2371 297.0 112.0
7429 193.200012 205.200012
1153 129.0 202.0
8938 637.200012 394.800018
9268 403.0 294.0
8494 249.0 304.0
9124 331.0 358.0
8285 233.0 318.0
8934 556.0 410.0
7386 380.0 259.0
9009 241.200012 384.0
8021 155.520004 285.120026
9335 416.0 266.0
9030 455.040009 372.960022
9372 268.800018 219.600006
9227 285.120026 311.040009
9255 249.600006 303.600006
9011 406.800018 374.400024
9359 116.400002 246.000015
9205 315.360016 319.680023
7257 285.120026 276.480011
9330 415.200012 266.400024
9229 285.120026 311.040039
9357 114.048012 245.376022
8979 318.240021 385.920013
6519 550.800049 378.0
8945 596.160034 400.320007
271 325.200012 157.200012
5336 673.920044 345.600037
9065 200.448013 381.888031
9186 257.472015 331.776031
7205 271.641632 300.672028
9199 240.537628 329.702454
7218 295.200012 288.0
7788 295.200012 244.800003
9031 404.352051 374.976044
4485 546.048035 392.256042
9038 512.640015 378.720001
505 311.040039 155.52002
9209 597.196899 250.90564
9291 456.192047 290.304016
2925 473.472046 286.848022
8617 43.200005 331.776031
810 240.480011 99.360001
9452 69.12001 138.240021
8421 198.720001 204.480011
9220 377.395264 315.187256
9133 331.776031 357.696045
7262 290.304047 275.788849
9206 323.481659 328.458282
5908 622.080078 362.880066
8953 595.123291 391.910461
7493 330.946594 179.159058
6479 442.368042 321.40802
9143 207.360016 314.496033
763 240.192017 98.49601
9424 331.776062 134.784012
8485 114.048012 86.400009
7976 186.624023 91.238411
8881 136.85762 186.624023
6429 572.31366 415.5495
9075 539.965515 363.294769
896 293.621796 186.624023
2530 335.923248 165.888031
9258 470.292542 288.645172
9054 620.00647 165.888031
9259 271.226929 301.086761
9008 201.553955 383.201324
473 248.832031 101.606415
7518 242.611237 194.918427
9429 298.59845 161.740829
9113 322.486359 365.484528
9416 71.663628 271.724609
9417 292.626495 200.060959
8386 283.07135 257.989075
9087 140.341278 382.206024
9114 209.018921 370.262085
9072 171.992722 343.985443
