704
2.53 0.701 -1.88 0.00718 -0.0663 -0.0415 0.997 
8485 68.0 445.0 33.163536 445.0
8787 550.0 340.0 526.856934 340.0
8615 192.0 382.0 162.494873 382.0
8590 168.0 381.0 138.782745 381.0
5283 605.0 388.0 576.934448 388.0
8456 108.0 41.0 97.018867 41.0
8502 224.0 429.0 191.045929 429.0
8495 327.0 441.0 293.308472 441.0
7404 191.0 218.0 176.807495 218.0
8558 171.0 297.0 140.121002 297.0
9016 243.0 161.0 231.737167 161.0
8743 682.0 346.0 657.880859 346.0
8860 217.0 285.0 196.728836 285.0
6990 182.0 276.0 152.715622 276.0
7958 95.0 232.0 79.93531 232.0
7999 239.0 117.0 227.576538 117.0
6058 567.0 302.0 547.082825 302.0
8793 643.0 340.0 620.296021 340.0
8436 148.0 217.0 134.565903 217.0
8697 706.0 366.0 679.983582 366.0
8600 229.0 381.0 200.2043 381.0
8646 234.0 368.0 205.976974 368.0
8641 207.0 372.0 179.168808 372.0
7554 118.0 292.0 86.273308 292.0
8915 150.0 249.0 132.459167 249.0
5933 464.0 281.0 445.409821 281.0
8937 369.0 255.0 352.509094 255.0
8918 339.840027 260.640015 322.799469 260.640015
6743 393.0 289.0 373.7341 289.0
5876 401.0 259.0 385.18399 259.0
8797 606.0 142.0 583.096558 142.0
7748 58.0 270.0 28.086206 270.0
7963 244.0 209.0 231.447754 209.0
8624 250.0 380.0 220.902924 380.0
8498 378.0 437.0 344.372772 437.0
8532 382.0 410.0 350.915131 410.0
8769 247.0 330.0 222.932007 330.0
8617 295.0 381.0 266.139282 381.0
8935 319.0 258.0 302.159088 258.0
6487 297.0 323.0 273.97818 323.0
8690 518.0 368.0 491.899536 368.0
8780 216.0 325.0 192.510056 325.0
8811 221.0 316.0 198.46315 316.0
9021 264.0 257.0 246.794403 257.0
8831 716.0 301.0 696.399475 301.0
7626 122.0 381.0 92.666359 381.0
9014 283.0 109.0 271.030609 109.0
8941 673.200012 253.200012 657.290405 253.200012
8633 604.800049 387.600006 576.916748 387.600006
8566 163.200012 338.400024 133.09816 338.400024
7947 189.600006 218.400009 175.33963 218.400009
7451 184.800003 204.000015 172.377655 204.000015
8741 681.600037 345.600006 657.374573 345.600006
8545 141.600006 283.200012 110.209755 283.200012
8689 117.600006 261.600006 90.467636 261.600006
6989 182.400009 276.0 153.322983 276.0
8922 154.800003 247.200012 138.43277 247.200012
8726 705.600037 366.0 680.042664 366.0
8939 369.600006 254.400009 352.671204 254.400009
7393 148.800003 216.000015 135.351181 216.000015
8537 380.400024 410.400024 349.438568 410.400024
8994 232.800003 94.800003 220.836838 94.800003
321 200.400009 97.200005 187.978134 97.200005
8648 234.000015 368.400024 205.928406 368.400024
7956 96.0 231.600006 80.892441 231.600006
8602 673.200012 384.0 645.286316 384.0
8636 283.200012 373.200012 255.129745 373.200012
8929 404.400024 261.600006 388.109924 261.600006
5938 464.400024 280.800018 445.875061 280.800018
8882 429.600006 283.200012 410.987061 283.200012
8964 218.400009 220.800003 205.345352 220.800003
7502 229.200012 194.400009 217.795395 194.400009
8995 97.200005 289.200012 65.702446 289.200012
7578 82.800003 289.200012 50.117702 289.200012
6555 362.400024 333.600006 338.189758 333.600006
8766 247.200012 330.0 222.914124 330.0
6479 260.400024 300.0 239.669556 300.0
6698 318.0 274.800018 300.105377 274.800018
8607 309.600006 380.400024 280.818939 380.400024
8596 294.0 380.400024 265.237885 380.400024
8724 590.400024 356.400024 564.849121 356.400024
8790 430.800018 328.800018 407.729523 328.800018
8830 450.000031 309.600006 428.571503 309.600006
8784 216.000015 325.200012 192.5242 325.200012
7817 222.000015 315.600006 199.404007 315.600006
7135 297.600006 301.200012 276.615479 301.200012
8856 283.200012 291.600006 263.191559 291.600006
6659 264.0 256.800018 246.819717 256.800018
8779 550.800049 340.800018 527.604614 340.800018
8940 399.600006 217.200012 383.413269 217.200012
8504 224.400009 429.600006 191.076447 429.600006
8493 326.400024 440.400024 293.076874 440.400024
8487 103.200005 435.600006 68.656372 435.600006
8987 92.400002 379.200012 62.466255 379.200012
8585 121.200005 380.400024 91.985771 380.400024
452 49.200001 126.000008 39.704796 126.000008
8997 108.000008 48.0 97.596375 48.0
9029 172.800003 92.400002 161.430405 92.400002
394 76.800003 171.600006 67.404625 171.600006
6804 366.336029 255.744019 349.700989 255.744019
5931 462.240021 280.800018 443.466278 280.800018
7391 148.320007 216.000015 135.045273 216.000015
7390 146.880005 213.12001 133.511353 213.12001
8595 228.960007 380.160004 200.622162 380.160004
8635 233.280014 367.200012 205.311768 367.200012
7952 96.480003 230.400009 81.667969 230.400009
8676 446.400024 365.76001 419.809998 365.76001
5286 619.200012 348.480011 594.852844 348.480011
8736 609.119995 351.360016 585.192566 351.360016
8698 704.160034 365.76001 678.976746 365.76001
7752 57.600002 269.279999 27.469805 269.279999
8525 82.080002 289.440002 49.41011 289.440002
8925 80.639999 247.680008 63.82066 247.680008
8934 403.200012 260.640015 387.082245 260.640015
8499 378.720001 436.320007 345.433502 436.320007
1384 279.360016 197.280014 267.832703 197.280014
7429 244.800003 208.800003 231.98233 208.800003
8826 367.200012 308.160004 345.726959 308.160004
8960 218.880005 220.320007 205.295853 220.320007
7503 228.960007 194.400009 217.719574 194.400009
8637 282.240021 371.52002 254.356506 371.52002
8574 368.640015 396.000031 338.504852 396.000031
7316 318.240021 257.76001 301.596161 257.76001
8777 216.000015 324.0 192.363693 324.0
7819 223.200012 315.360016 200.483185 315.360016
8835 296.640015 300.960022 275.702209 300.960022
8681 516.960022 367.200012 490.631714 367.200012
8539 561.600037 411.840027 531.007446 411.840027
2432 321.120026 155.520004 308.796204 155.520004
7320 267.839996 250.560013 251.204666 250.560013
6614 247.680008 262.080017 229.886551 262.080017
8520 643.680054 429.120026 611.716064 429.120026
8791 408.960022 329.76001 385.821442 329.76001
8687 504.000031 370.080017 477.22876 370.080017
8864 407.52002 102.240005 388.490021 102.240005
8932 398.880005 216.000015 381.633728 216.000015
8883 406.080017 133.919998 387.304382 133.919998
7552 162.720001 338.400024 132.788681 338.400024
7786 118.080002 260.640015 90.770889 260.640015
8560 95.040001 348.480011 64.685654 348.480011
8484 115.200005 436.320007 79.328506 436.320007
7610 120.960007 380.160004 91.570297 380.160004
8970 322.559998 113.760002 309.376648 113.760002
320 172.800003 92.160004 160.823013 92.160004
9030 120.960007 87.840004 111.72583 87.840004
8011 184.320007 204.480011 171.918976 204.480011
6800 383.616028 260.92804 366.754791 260.92804
7978 279.936035 198.720016 268.018646 198.720016
7493 229.82402 193.536011 217.889542 193.536011
8620 603.072083 388.800049 575.057129 388.800049
8799 430.272034 328.320038 407.152924 328.320038
8818 432.000031 316.22403 409.195099 316.22403
8564 57.024006 269.568024 26.827578 269.568024
8584 248.832031 380.160034 219.231842 380.160034
8623 281.664032 373.248047 253.422043 373.248047
6687 317.952026 274.752014 300.083588 274.752014
8938 317.952026 257.472015 301.416931 257.472015
8771 359.424042 331.776031 335.801971 331.776031
8822 366.336029 312.768036 344.370239 312.768036
8776 298.944031 323.136017 275.985687 323.136017
9043 304.128021 316.22403 282.105774 316.22403
9034 267.840027 252.288025 251.290268 252.288025
6623 247.104019 262.656036 229.272766 262.656036
8684 539.136047 366.336029 512.666077 366.336029
8852 584.064026 243.648026 563.367981 243.648026
8767 644.544067 340.416046 620.998718 340.416046
8715 705.024048 366.336029 679.269836 366.336029
5941 461.376038 281.664032 442.368347 281.664032
8881 406.080048 133.056015 387.32135 133.056015
8943 397.440033 216.000015 380.150269 216.000015
7064 222.912018 316.22403 200.243118 316.22403
7598 93.312012 331.776031 61.967747 331.776031
8489 103.680008 435.456055 69.515755 435.456055
9008 107.136009 39.744003 96.368034 39.744003
9036 171.072021 91.584007 159.861313 91.584007
1075 120.960014 88.128006 112.138733 88.128006
7957 98.49601 231.552017 83.288033 231.552017
1094 76.032005 171.072021 66.597282 171.072021
9031 184.896011 203.904022 172.063873 203.904022
7395 150.336014 217.728027 136.956329 217.728027
8630 601.344055 387.763245 573.879028 387.763245
8747 617.932861 352.512054 593.579407 352.512054
8527 80.870415 288.230438 48.73679 288.230438
8643 118.195213 259.200043 90.626732 259.200043
8781 230.169632 327.628845 206.725464 327.628845
8815 215.654434 321.408051 191.957672 321.408051
8517 555.724854 423.014465 524.192505 423.014465
5252 559.87207 410.572845 529.47998 410.572845
8758 325.555237 337.996857 301.272308 337.996857
8796 300.672028 323.481659 277.350281 323.481659
8802 304.819244 315.187256 282.643524 315.187256
6537 263.347229 288.230438 243.13736 288.230438
7902 269.568024 250.90564 252.885696 250.90564
8825 367.027252 311.040039 345.129791 311.040039
8678 354.585663 358.732849 328.139069 358.732849
8707 342.144043 354.585663 315.043732 354.585663
5229 539.136047 364.953644 512.81073 364.953644
5281 584.75531 381.54245 557.541992 381.54245
8978 321.408051 176.256027 308.426331 176.256027
5967 553.651306 340.070435 530.816772 340.070435
8789 659.404907 333.84964 636.873291 333.84964
8583 678.067322 404.352051 649.412842 404.352051
7227 462.412872 279.936035 443.236633 279.936035
9045 603.417664 157.593628 580.708557 157.593628
8821 273.71524 306.892853 251.631302 306.892853
6612 246.758438 263.347229 228.920074 263.347229
6822 367.027252 255.052841 349.869568 255.052841
7605 93.312012 331.776062 62.009033 331.776062
8541 97.459213 346.29126 66.345642 346.29126
1812 319.334442 114.048019 306.469482 114.048019
1405 282.009644 184.55043 269.967133 184.55043
7491 230.169632 186.624023 218.612106 186.624023
8972 319.334442 190.771225 306.434845 190.771225
9002 107.827217 39.398407 96.708015 39.398407
8020 184.55043 95.385612 174.810974 95.385612
449 120.268814 87.091209 111.228622 87.091209
7964 99.532814 230.169632 84.497536 230.169632
8013 184.55043 203.21283 171.508606 203.21283
8979 145.152023 213.580826 130.149124 213.580826
8644 442.921021 373.248047 416.148163 373.248047
8625 365.783081 378.224701 337.831177 378.224701
8683 378.224701 360.806458 351.60495 360.806458
8677 554.895447 375.736359 528.152588 375.736359
8762 552.407104 340.899902 529.914673 340.899902
8612 599.685181 388.177979 571.99353 388.177979
8727 609.638489 353.341492 584.964111 353.341492
6532 296.110107 301.086761 275.482239 301.086761
6895 318.505005 176.670746 306.570648 176.670746
8973 320.993317 161.740829 308.741913 161.740829
8897 400.619568 156.764175 383.475128 156.764175
8875 460.339264 281.180206 440.945129 281.180206
8887 400.619568 131.880981 382.479736 131.880981
1817 316.514374 131.383316 303.945435 131.383316
9049 169.20578 89.579529 158.129364 89.579529
8506 104.509453 420.526154 70.400169 420.526154
8538 97.044495 345.876526 65.753532 345.876526
8873 584.75531 243.855392 564.9104 243.855392
534 226.437149 97.044495 213.591187 97.044495
9006 231.413788 82.114571 218.645248 82.114571
7460 184.135712 204.042267 170.823898 204.042267
8956 143.327255 214.990891 129.061295 214.990891
8579 679.311462 405.596222 650.135071 405.596222
7536 164.229141 291.133484 132.912018 291.133484
7621 92.067856 333.434937 61.443584 333.434937
8530 77.137932 288.645172 45.275581 288.645172
8862 455.36261 291.133484 435.148254 291.133484
6802 435.953735 280.682556 417.099487 280.682556
8808 216.483871 318.505005 193.150177 318.505005
7282 246.343719 263.761963 228.383759 263.761963
910 283.668518 171.694107 270.929688 171.694107
7492 248.832031 141.834259 237.473419 141.834259
6814 365.783081 253.80867 349.370422 253.80867
8969 318.505005 191.600662 305.484711 191.600662
8926 659.404907 164.229141 649.574951 164.229141
8703 355.332153 358.318146 329.015503 358.318146
8655 328.458313 367.276093 301.135468 367.276093
8696 555.393127 376.23407 528.954529 376.23407
8755 573.309021 340.402252 549.265137 340.402252
5956 555.393127 340.402252 532.072388 340.402252
8710 412.065857 355.332153 386.331177 355.332153
9056 603.168884 158.257187 580.520813 158.257187
8921 671.846497 161.243164 654.438538 161.243164
7965 101.523476 229.920807 85.97448 229.920807
8837 564.351074 298.59845 543.761963 298.59845
9054 555.393127 283.668549 534.376404 283.668549
8550 104.50946 379.220032 73.858818 379.220032
9052 238.878769 113.467415 227.136459 113.467415
8589 212.004898 370.262085 183.585999 370.262085
7541 164.229156 289.640503 132.864792 289.640503
8575 680.804504 406.093903 651.757874 406.093903
8757 406.093903 331.444275 381.920563 331.444275
8510 77.635597 289.640503 45.086628 289.640503
8563 101.523476 286.65451 71.643929 286.65451
1350 280.682556 200.060959 268.022125 200.060959
9048 223.948837 188.117035 212.306091 188.117035
8773 331.444275 322.486328 308.914948 322.486328
6708 271.724609 253.808685 255.616562 253.808685
6589 244.850739 265.752625 227.520813 265.752625
8645 600.182922 388.177979 572.448364 388.177979
8549 564.351074 406.093903 533.578735 406.093903
8742 603.168884 355.332153 578.720154 355.332153
8642 310.542389 385.192017 281.861542 385.192017
8812 656.916626 334.430267 634.002136 334.430267
8841 566.1427 297.404083 544.273987 297.404083
8958 182.742264 204.241348 168.910431 204.241348
7962 143.327271 214.990891 128.741119 214.990891
9057 515.978149 379.817261 488.46814 379.817261
7992 222.157257 93.16272 210.01236 93.16272
8894 451.480896 283.07135 434.245636 283.07135
8592 157.659988 340.402252 128.54921 340.402252
8548 103.91227 286.654541 73.247932 286.654541
8879 132.577713 254.405899 113.646706 254.405899
8531 93.16272 283.07135 61.306087 283.07135
8820 204.241348 286.654541 181.768753 286.654541
8587 680.804504 404.899536 652.628479 404.899536
8733 673.638123 343.985443 648.983215 343.985443
8751 627.056763 358.318176 602.616699 358.318176
8954 218.574081 229.323624 203.787811 229.323624
8851 261.572266 297.404083 241.209335 297.404083
8917 247.239532 265.155426 228.418091 265.155426
8739 601.974487 354.734985 576.741699 354.734985
8671 558.976318 376.23407 531.521973 376.23407
8763 333.235901 322.486359 309.403778 322.486359
8640 444.314514 372.650879 415.965179 372.650879
8723 333.235901 347.568604 308.096252 347.568604
8963 100.329086 229.323624 85.842659 229.323624
5904 458.647247 283.07135 438.941132 283.07135
8657 447.0 376.0 419.632538 376.0
6539 362.0 334.0 338.010864 334.0
8035 83.0 290.0 50.097122 290.0
6699 318.0 275.0 299.723267 275.0
8551 591.0 417.0 560.321167 417.0
9012 558.0 288.0 537.908447 288.0
8524 643.0 430.0 611.430176 430.0
8809 643.200012 339.600006 620.585449 339.600006
8526 117.600006 291.600006 86.098114 291.600006
8990 96.0 290.0 64.326088 290.0
7737 57.600002 270.0 27.543625 270.0
8993 108.0 47.0 97.375443 47.0
8888 429.120026 282.240021 411.035248 282.240021
6504 283.680023 302.400024 262.500397 302.400024
8654 207.360016 371.52002 179.37233 371.52002
8483 69.12001 445.824036 33.555321 445.824036
8461 106.560005 40.32 96.386566 40.32
8501 378.432037 437.184052 345.225159 437.184052
8582 359.424042 393.984039 330.239502 393.984039
6469 309.600006 335.52002 285.038086 335.52002
8748 552.960083 354.240021 527.949341 354.240021
8853 584.75531 242.611237 564.338074 242.611237
5295 609.98407 352.512024 585.47644 352.512024
6969 466.560059 285.120026 447.79245 285.120026
8496 232.243225 433.382446 198.311096 433.382446
8627 229.82402 380.160034 200.892365 380.160034
7380 221.46051 228.925476 206.69249 228.925476
9040 224.640015 96.768005 212.434631 96.768005
8946 319.334442 255.052841 302.956329 255.052841
5247 547.776062 400.896027 518.37616 400.896027
8649 584.75531 383.201324 557.935547 383.201324
8750 553.651306 352.512054 529.141113 352.512054
8565 367.027252 396.057648 337.103546 396.057648
8944 404.352051 260.92804 387.802734 260.92804
5279 587.243591 355.829803 563.017029 355.829803
8695 420.526154 355.829803 394.737152 355.829803
8728 333.434937 343.388214 308.031677 343.388214
8656 313.528381 364.290131 286.138397 364.290131
8667 400.619568 363.294769 373.146942 363.294769
8443 121.927696 186.624023 109.351143 186.624023
8662 197.074982 370.262085 169.765915 370.262085
5426 701.70636 360.806458 676.971191 360.806458
8519 226.437149 427.991089 194.101028 427.991089
6676 318.505005 273.71524 301.247192 273.71524
6700 271.226929 251.320358 254.283981 251.320358
8441 119.439384 188.117035 107.231178 188.117035
8542 93.16272 283.07135 61.306087 283.07135
8626 211.407715 369.067719 183.004303 369.067719
8606 229.323624 379.817261 200.657333 379.817261
8878 451.480896 283.07135 434.245636 283.07135
