722
2.51 0.274 -1.91 0.0383 -0.0929 0.00298 0.995 
8896 118.0 106.0
1285 330.0 170.0
9442 31.200001 111.600006
9465 32.0 112.0
7988 181.0 144.0
7386 387.0 294.0
9325 416.400024 249.600006
1308 331.0 247.0
9164 624.0 259.0
8474 94.800003 166.800003
8951 113.0 368.0
8967 174.0 404.400024
396 75.0 217.0
9192 644.0 343.0
5921 606.0 332.400024
7499 247.0 161.0
7899 106.800003 290.400024
9217 383.0 358.0
9048 195.600006 456.000031
9267 228.000015 340.800018
7300 213.0 298.0
7446 228.000015 171.600006
6400 369.0 342.0
8631 54.0 346.0
9120 631.200012 388.800018
6677 474.0 322.0
6705 490.0 316.0
9088 597.0 399.0
9122 195.0 323.0
8877 155.0 270.0
8947 629.0 431.0
9066 610.0 406.0
1576 128.400009 253.200012
9145 445.0 395.0
6998 116.400002 331.200012
9334 64.0 320.0
7427 237.0 257.0
7407 198.000015 253.200012
8494 248.0 360.0
7234 297.600006 336.0
6342 323.0 319.0
9274 453.0 323.0
6667 453.600006 316.800018
9232 239.0 370.0
9233 414.0 344.0
6654 402.0 300.0
6624 380.0 296.0
7239 279.0 330.0
7289 260.0 311.0
7370 268.0 292.0
7376 262.0 282.0
7410 262.0 266.0
7189 297.600006 357.600006
348 34.0 260.0
8884 156.0 238.800003
7509 244.0 239.0
7968 253.200012 204.000015
9281 415.200012 164.400009
6571 477.0 352.0
9435 238.800003 139.200012
8025 164.0 415.0
8427 160.800003 268.800018
7429 192.0 254.400009
8988 478.800018 433.200012
9057 480.000031 421.200012
9182 382.800018 387.600006
6466 536.400024 412.800018
9356 111.600006 306.0
9119 639.360046 385.920013
9117 615.600037 392.400024
8948 630.0 430.800018
9350 293.76001 288.0
9110 673.200012 386.400024
7409 231.840012 267.839996
9183 458.0 376.0
6663 474.000031 321.600006
5780 488.160034 316.800018
9112 52.800003 346.800018
9011 423.600006 427.200012
9019 432.0 425.0
8998 260.400024 452.400024
9184 264.0 408.000031
9264 429.600006 333.600006
9188 259.200012 391.200012
9239 421.0 344.0
6643 403.200012 300.0
7287 322.800018 319.200012
7251 288.0 323.0
7322 276.0 306.0
9195 312.0 379.200012
9372 268.800018 260.400024
9095 597.600037 399.600006
7984 33.600002 260.400024
8969 157.0 407.0
7828 333.0 56.0
9439 151.200012 240.000015
9181 381.600006 385.920013
9237 414.000031 343.200012
9344 325.440002 292.320007
9282 487.296051 317.952026
9093 53.280003 345.600006
9326 63.600002 320.400024
6462 333.504028 300.672028
9157 262.656036 407.808044
9178 457.200012 375.600006
9045 420.000031 428.400024
8941 600.480042 444.960022
9055 612.0 406.080017
9359 110.880005 305.279999
9349 90.0 310.800018
9076 216.000015 445.824036
9189 259.200012 390.240021
9255 248.400009 358.800018
9289 453.600006 322.800018
6537 428.544037 333.504028
9328 423.360016 298.080017
9204 350.400024 372.0
9371 201.600006 267.600006
9244 413.280029 342.720001
6614 385.920013 293.76001
9086 597.600037 398.880005
9002 433.728027 425.088043
9201 312.480011 378.720001
8275 233.280029 376.704041
7365 267.600006 291.600006
7257 286.559998 322.559998
7310 276.0 304.800018
7307 259.200012 311.040009
5909 604.800049 332.640015
8993 478.080017 433.440002
9221 476.400024 351.600006
9279 414.720032 164.160004
7902 108.000008 289.440002
8878 155.520004 266.400024
8057 76.800003 368.400024
9406 164.160019 414.720032
8973 157.200012 406.800018
8955 164.160019 362.880035
9440 239.040009 138.240005
1889 326.592041 169.344009
8889 155.520004 239.040009
318 181.200012 142.800003
9309 333.504028 321.40802
9329 355.968048 304.128021
9118 651.456055 383.616028
9074 397.440033 423.360046
9020 295.488037 442.368042
9175 456.480011 375.840027
6411 429.120026 374.400024
6479 458.265656 358.732849
5970 699.840088 374.976044
9404 51.840004 328.320038
7165 273.024017 352.512024
9203 350.784027 373.248047
9241 352.512054 348.364838
9129 116.640007 331.200012
9304 452.160004 321.120026
9077 597.888062 399.16803
9276 264.384033 345.600037
7348 281.664032 297.216034
7298 259.200012 312.768036
7958 292.377655 238.464035
5896 605.491272 331.776062
9324 426.81604 288.576019
9379 385.344025 241.920029
6444 535.679993 411.840027
9262 412.992035 133.056015
9280 414.720032 164.160019
7315 210.816025 298.944031
8876 110.59201 288.576019
7936 196.992035 252.979233
8064 74.304008 368.064026
9143 201.139221 377.395264
1874 338.688019 120.960014
1902 331.776062 228.096039
8480 109.440002 142.560013
452 65.664009 184.896011
443 179.712021 141.696014
9403 130.636826 141.004822
5246 640.742493 398.131256
9305 454.46405 321.40802
9322 425.088074 296.524841
9053 439.603271 418.867249
9031 420.526154 427.991089
9085 449.971252 414.720062
6435 377.395264 331.776062
9312 333.84964 319.334442
9132 359.424042 414.720032
9102 599.270508 398.131256
9288 325.555237 329.702454
7218 298.59845 333.84964
9202 240.537628 389.836853
7346 281.180206 298.59845
5819 582.266968 415.5495
9205 321.408051 369.100861
9190 315.187256 379.468842
873 291.133484 238.878754
5899 603.072083 331.776031
9209 620.00647 263.347229
9130 570.240051 385.689667
9337 385.344025 293.76004
9327 412.646454 246.758438
9278 487.296082 317.260834
6433 460.339264 378.224701
9144 627.056702 174.182419
9287 410.572845 161.740829
9395 329.702454 242.611237
7205 273.71524 352.512054
9332 53.913609 325.555237
7909 109.900818 288.230438
9126 192.844833 321.408051
7452 191.600662 253.80867
8187 51.840004 347.328033
7422 230.169632 141.004822
9392 333.84964 201.139221
9424 325.555237 167.961624
9412 116.951057 94.556175
9471 93.312012 226.02243
961 108.864014 141.696014
7976 176.670746 139.345947
7381 236.390427 275.788849
9357 107.827217 304.819244
8020 164.229141 363.294769
7309 258.785309 313.528351
9127 348.364838 420.526154
9167 343.388214 395.642944
9196 313.528351 380.713013
9260 307.556396 349.360199
2446 330.946594 228.925476
930 293.621796 226.437149
7493 330.946594 213.995544
9251 412.646454 132.710419
7480 340.070435 120.268814
9207 602.173523 330.946594
763 229.920807 140.341278
9452 69.672974 199.065628
9409 131.880981 141.834259
2925 485.222473 318.505005
7503 257.126434 182.476822
8974 92.067856 365.783081
9061 543.283264 420.940857
9043 504.631378 415.051849
6453 464.48645 377.395264
7760 329.702454 294.451233
7468 328.458282 243.855392
9450 164.229141 268.738586
6602 383.616058 294.451233
5908 663.552124 389.836853
9219 388.177979 361.304138
7415 263.761963 263.761963
9146 594.708557 380.713013
9147 573.309021 379.220032
9427 340.402252 200.060959
6615 383.201324 293.621796
9308 333.434937 320.993317
7262 291.133484 320.993317
9428 331.444275 295.612457
9100 447.897675 413.061188
9153 458.647247 379.817261
9136 432.967773 382.206024
7470 331.444275 200.060959
5253 639.498352 398.131256
9046 585.252991 418.037842
6672 597.196899 382.206024
9223 318.505005 370.759735
9243 322.486359 351.151794
8881 134.369293 238.878754
9222 603.168884 331.444275
9317 619.591797 263.761963
474 132.577713 143.327271
8972 89.579536 415.051849
8052 95.551506 364.290131
9079 544.942139 408.084534
9367 113.467415 286.65451
9417 293.820892 240.073166
7972 241.367081 238.878754
7516 258.785309 184.135712
9072 161.243164 421.023834
7950 193.491806 254.405899
9365 155.271194 271.724609
9259 273.71524 353.341492
7749 256.794678 313.528381
9375 265.752625 262.766632
8396 232.906799 277.696564
9191 349.360199 376.23407
9301 410.572845 131.880981
9311 257.989075 315.319977
8386 286.654541 300.987244
9169 598.391357 383.400421
9106 591.224976 394.149963
9474 326.069519 186.325439
9394 322.486359 168.409531
9364 232.906799 275.904999
9236 326.069519 358.318176
9150 459.841614 379.220032
9238 483.729523 347.568604
329 134.369308 143.327255
9258 486.715485 316.514374
9414 232.906799 139.74408
9001 89.579544 358.318176
6477 451.480896 358.318176
8442 236.48999 229.323624
1824 244.850739 158.257187
6703 382.206024 295.612457
8420 114.661812 286.654541
9108 619.890442 379.817261
9313 383.400421 293.820892
8015 161.243179 361.901337
9213 247.239532 376.23407
8490 128.994537 240.073166
9235 621.084778 262.766632
8507 80.0 409.0
9466 70.0 162.0
330 102.0 147.0
9038 545.0 424.0
8954 90.0 368.0
5912 662.0 390.0
957 291.0 243.0
9320 664.800049 262.800018
9180 400.800018 375.600006
9218 476.400024 348.0
6403 333.600006 321.600006
7388 232.800003 282.0
9194 355.200012 378.0
9300 421.200012 320.400024
9140 200.400009 379.200012
9124 338.400024 415.200012
9271 414.000031 126.000008
7942 155.520004 269.279999
7940 155.520004 266.400024
7385 200.160004 267.839996
9148 205.920013 414.720032
6439 375.840027 332.640015
9013 423.360016 427.680023
8285 231.840012 375.840027
8024 161.279999 421.920013
9434 109.440002 142.560013
8976 407.808044 444.096039
9277 376.704041 333.504028
9198 354.240021 378.432037
5257 663.552063 435.456055
6389 433.728027 378.432037
9047 542.592041 421.63205
810 231.552017 141.696014
9206 333.84964 383.616058
4483 584.75531 435.456055
7519 294.451233 211.507233
8984 476.92807 431.308868
9054 630.374512 172.108826
7416 265.420837 263.347229
9021 311.040039 437.529663
9454 155.52002 269.568024
8952 589.731934 427.991089
9032 542.453857 423.014465
9336 345.876526 296.110107
9173 378.224701 385.689667
9099 447.897675 415.051849
9254 319.500336 352.346191
9049 591.224976 408.482697
9208 601.974487 329.65271
9323 429.981781 283.07135
9369 164.826355 268.738617
9302 619.890442 261.572266
