724
2.52 0.366 -1.89 0.034 -0.0933 -0.0141 0.995 
9465 36.0 104.0
1285 331.0 169.0
7386 380.0 295.0
9434 114.0 136.0
7446 228.0 168.0
9164 625.0 267.0
8967 164.0 405.0
7988 184.0 139.0
9016 89.0 428.0
9048 187.0 460.0
9057 469.0 429.0
7828 337.0 55.0
6571 473.0 357.0
8877 153.0 266.0
7300 210.0 296.0
6705 488.0 322.0
8947 625.0 443.0
9066 606.0 417.0
8631 44.0 342.0
9334 60.0 314.0
9122 188.0 321.0
7260 157.0 302.0
6400 365.0 345.0
1308 327.0 241.0
9011 416.0 433.0
7427 236.0 254.0
7407 196.0 250.0
9183 453.0 382.0
9145 439.0 401.0
6667 450.0 321.0
9335 422.0 302.0
8494 242.0 360.0
7234 293.0 337.0
6342 319.0 320.0
9088 593.0 409.0
7370 265.0 291.0
7376 259.0 281.0
7410 260.0 265.0
9233 410.0 347.0
6654 400.0 302.0
6624 378.0 298.0
7317 272.0 305.0
9232 233.0 369.0
348 33.0 253.0
8896 122.0 100.0
8474 96.0 159.600006
8024 153.600006 414.000031
9221 472.800018 357.600006
9281 416.400024 166.800003
7899 104.400002 285.600006
9182 376.800018 391.200012
9217 378.0 361.200012
6998 110.400002 326.400024
9094 650.400024 396.000031
8988 472.800018 441.600006
9119 636.0 397.200012
9117 612.0 402.000031
9192 642.0 352.800018
1576 126.000008 250.800003
6466 530.400024 421.200012
9350 295.200012 286.800018
9371 200.400009 264.0
7429 190.800003 250.800003
8427 158.400009 265.200012
6439 372.0 336.0
6462 331.200012 302.400024
9112 44.400002 342.0
8999 231.600006 456.000031
9356 106.800003 300.0
8948 625.200012 442.800018
9188 252.000015 392.400024
9255 242.400009 358.800018
9178 452.400024 381.600006
9019 426.000031 432.000031
8998 249.600006 454.800018
9184 255.600006 409.200012
9195 306.0 381.600006
9234 306.0 355.200012
9239 416.400024 348.0
6643 400.800018 302.400024
7287 319.200012 319.200012
7335 265.200012 290.400024
9372 267.600006 259.200012
9095 594.0 409.200012
9306 283.200012 328.800018
7322 272.400024 304.800018
9325 415.200012 250.800003
9059 634.800049 187.200012
7984 32.400002 252.000015
8969 146.400009 406.800018
7968 253.200012 201.600006
9435 241.200012 136.800003
336 42.0 123.600006
9439 150.0 235.200012
9402 183.600006 138.0
8424 190.080002 250.560013
7942 158.400009 264.960022
9181 375.840027 390.240021
9098 610.559998 401.76001
9200 635.040039 357.120026
9404 46.080002 322.559998
9093 43.200001 341.279999
9326 59.040001 313.920013
4177 715.680054 374.400024
8993 470.880005 440.640015
9110 671.040039 398.880005
9135 267.839996 423.360016
9157 254.880005 408.960022
7902 105.120003 283.680023
9189 250.560013 391.680023
9076 204.480011 446.400024
9359 106.560005 300.960022
9083 635.040039 408.960022
9055 609.119995 417.600006
9137 338.400024 411.840027
9289 449.280029 325.440002
9264 424.800018 336.960022
9328 421.920013 300.960022
9244 408.960022 347.040009
6614 383.040009 295.200012
9201 306.720001 381.600006
8417 266.400024 259.200012
8275 220.320007 375.840027
9086 593.280029 408.960022
9006 552.960022 427.680023
7310 272.160004 303.840027
7307 256.320007 311.040009
5909 603.360046 341.279999
9324 424.800018 292.320007
5780 486.720032 321.120026
6444 529.920044 420.480011
9279 414.720032 165.600006
9346 208.800003 295.200012
9277 371.52002 335.52002
8057 64.800003 364.320007
8025 152.639999 413.280029
9143 191.520004 377.280029
8955 154.080002 361.440002
9440 240.480011 133.919998
1889 329.76001 168.480011
8889 155.520004 233.280014
318 182.880005 136.800003
9045 412.992035 435.456055
9074 392.256042 421.63205
6435 371.52005 335.232025
9179 250.560028 392.256042
7165 266.11203 355.968048
9337 383.616028 295.488037
9129 108.864014 328.320038
9349 88.128006 304.128021
9304 449.280029 324.864044
6537 425.088043 336.960022
9085 442.368042 423.360046
8953 623.808044 444.096039
9058 635.904053 409.536041
9077 594.432068 409.536041
9204 345.600037 376.704041
9241 345.600037 350.784027
9175 451.008057 381.888031
6481 452.736053 366.336029
9205 314.496033 373.248047
9309 330.048035 321.40802
7257 283.392029 328.320038
7348 278.208038 297.216034
7298 255.744019 311.040039
5896 603.072083 340.416046
9151 632.448059 266.11203
5876 589.248047 390.528046
9118 649.728088 395.712036
9327 412.992035 250.560028
9282 485.568054 321.40802
9262 414.720032 133.056015
7315 209.088013 295.488037
9020 286.848022 445.824036
8876 107.136009 283.392029
8878 153.792007 262.656036
8064 63.936005 364.608032
9406 153.792007 414.720032
1874 340.416046 120.960014
1902 331.776031 229.82402
961 112.320007 134.784012
452 67.392006 177.984024
443 181.440018 136.512009
9097 649.036865 393.98407
7381 234.316833 273.71524
9202 232.243225 389.836853
9190 308.966431 381.54245
9254 306.892853 354.585663
9127 340.070435 423.014465
6433 458.265656 383.616058
6389 429.23526 383.616058
6479 452.044861 364.953644
9102 595.123291 408.499268
9312 331.776062 321.408051
7218 292.377655 335.923248
6464 331.776062 298.59845
9061 551.577698 427.161652
2446 331.776062 228.096039
7958 292.377655 238.464035
5899 603.417664 340.070435
9209 620.00647 271.641632
9305 449.971252 323.481659
6602 383.616058 294.451233
9322 425.088074 290.304047
9278 485.222473 321.408051
9031 414.720062 433.382446
9220 381.54245 362.880066
9251 414.720062 132.710419
9280 414.720062 163.814423
9395 329.702454 242.611237
8187 41.472008 342.144043
7909 107.827217 282.009644
9126 186.624023 321.408051
7936 190.771225 248.832031
7480 340.070435 120.268814
7422 232.243225 138.931213
9424 327.628845 167.961624
8480 111.974419 134.784012
7976 186.624023 132.710419
9403 134.784012 134.784012
9471 93.312012 219.801636
5819 577.290344 425.502777
9132 353.341492 418.037811
9167 335.923248 400.619568
7346 278.691895 296.110107
7309 253.80867 313.528351
9146 592.220215 390.66629
9196 308.551727 383.201324
9248 306.063416 355.829803
930 293.621796 223.948837
7493 330.946594 213.995544
9207 602.173523 340.899902
9147 569.825378 388.177979
5908 659.404907 403.10791
9295 452.874298 323.481659
9318 410.572845 248.832031
9100 440.432709 420.526154
9219 383.201324 365.783081
9301 413.061188 131.880981
9287 410.572845 164.229141
9198 343.388214 378.224701
9332 49.766407 320.993317
7950 194.088989 248.832031
9450 161.740829 266.250275
8974 82.114571 363.294769
763 231.413788 139.345947
873 291.133484 238.878754
7503 258.785309 181.647385
9427 340.899902 199.065628
9452 69.672974 191.600662
9193 307.556396 388.177979
7749 253.808685 313.528381
5879 621.084778 391.163971
6672 594.210938 391.163971
9223 313.528381 373.248077
9243 316.514374 352.346191
9216 591.224915 322.486328
9317 621.084778 271.724609
2925 483.729492 322.486328
9409 137.355286 137.355286
9414 232.906799 140.341278
8972 77.635597 412.065857
8052 83.607567 361.304138
6615 382.206024 295.612457
7470 331.444275 200.060959
9367 107.495445 283.668549
9417 292.626495 238.878769
8442 241.864746 235.892776
7516 262.766632 182.145065
6491 450.883667 367.276093
9308 331.444275 322.486328
7468 328.458313 241.864746
9365 155.271194 262.766632
9072 149.299225 418.037842
9375 262.766632 262.766632
8396 229.920807 274.710571
9191 343.388214 379.220032
8881 131.383316 232.906799
9108 619.890442 390.566803
9428 329.65271 297.404083
9169 594.808167 390.566803
9474 326.069519 186.325439
9236 318.903168 358.318176
474 136.160904 136.160904
9258 483.729523 322.486359
9238 480.146332 351.151794
9001 82.413177 354.734985
6703 379.817261 293.820892
9136 426.398621 386.983612
6477 447.897705 365.484528
8420 107.495445 283.07135
7972 240.073166 236.48999
1824 247.239532 154.076813
8015 150.493622 361.901337
9222 601.974487 336.819061
9369 154.076813 265.155426
8386 283.07135 300.987244
9311 254.405899 315.319977
9364 229.323624 275.904999
8490 128.994537 232.906799
9235 619.890442 272.321808
2371 291.600006 147.600006
6646 380.0 295.0
6745 698.400024 386.400024
7499 249.0 158.0
7313 161.0 286.0
9056 673.200012 399.600006
9400 262.800018 308.400024
8507 68.0 407.0
9007 537.600037 430.800018
9355 160.800003 285.600006
381 188.0 251.0
9344 324.0 294.0
9014 638.400024 411.600006
9419 300.0 444.0
9124 330.0 418.0
9210 316.800018 373.200012
6393 330.0 322.800018
7509 241.200012 236.400009
453 92.160004 214.560013
7999 49.0 143.0
329 134.0 138.0
409 218.880005 263.52002
6585 472.320007 357.120026
9267 222.000015 339.600006
8954 80.400002 364.800018
9140 192.0 378.0
9363 236.736023 274.752014
9229 281.664032 364.608032
9357 105.408012 300.672028
9380 279.936035 254.016022
7400 260.92804 264.384033
6403 329.76001 322.559998
9017 662.400024 404.640015
6351 381.888031 359.424042
8984 470.016052 442.368042
9075 564.848694 410.572845
9002 427.161652 431.308868
7367 267.840027 292.032013
7452 190.080017 250.560028
8016 153.792007 362.880035
7518 240.537628 236.390427
5811 578.534485 425.088074
5253 636.595276 408.499268
9265 425.502777 72.161293
9453 325.969971 189.11235
9412 119.439377 89.579529
9079 543.449219 418.037842
9099 441.92572 418.037842
9090 78.829994 408.482697
9208 603.168884 340.402252
9345 146.910446 315.319977
9168 333.235901 390.566803
9415 146.910446 232.906799
