727
2.53 0.442 -1.88 0.0322 -0.0957 -0.0301 0.994 
7988 185.0 132.0
810 236.400009 134.400009
9125 637.200012 168.0
8951 87.600006 362.400024
348 31.0 243.0
9119 630.0 409.200012
9200 632.0 369.0
8896 124.800003 91.200005
1020 93.0 206.0
396 77.0 201.0
9465 40.0 93.0
6705 482.400024 326.400024
9350 291.0 286.0
9368 341.0 62.0
8954 64.0 361.0
9048 168.0 459.0
8946 622.800049 456.000031
9014 632.0 425.0
9120 619.200012 411.600006
7260 152.0 296.0
6624 374.0 299.0
9217 369.600006 363.600006
6998 97.0 324.0
9019 413.0 438.0
7313 156.0 280.800018
8427 156.0 259.0
8877 150.0 260.0
8445 108.0 263.0
9371 198.0 259.0
9335 417.600006 304.800018
7386 381.0 297.0
7376 256.0 278.0
7410 257.0 262.0
7188 282.0 359.0
7240 286.0 336.0
6342 313.200012 319.200012
9183 444.000031 387.600006
7239 269.0 329.0
7718 262.0 317.0
2433 332.0 167.0
8025 138.0 412.800018
452 70.800003 169.200012
8474 98.400002 151.200012
9239 410.0 352.0
7828 340.800018 51.600002
8878 150.0 259.200012
9140 180.0 376.800018
9344 319.200012 292.800018
9351 290.400024 285.600006
9435 243.0 132.0
5912 654.0 415.200012
7940 156.0 259.200012
9066 598.0 429.0
9118 641.0 406.0
9300 412.800018 326.400024
9112 31.200001 336.0
9334 52.800003 306.0
7300 201.600006 292.320007
409 216.000015 259.200012
7189 283.200012 358.800018
7899 99.0 278.0
8447 108.000008 262.800018
6393 324.0 322.800018
7345 306.0 300.0
9372 265.200012 255.600006
9188 240.000015 392.400024
9195 295.200012 382.800018
9088 585.600037 421.200012
9306 276.0 328.800018
7322 268.0 303.0
5921 600.0 351.0
5876 582.0 400.800018
7984 30.000002 242.400009
9016 70.560005 423.360016
838 237.0 135.0
1285 332.400024 166.800003
8889 154.800003 226.800003
9439 148.800003 228.000015
318 184.800003 132.0
7942 156.960007 259.200012
9157 241.920029 409.536041
9038 527.040039 440.640015
9107 556.416077 421.63205
9081 529.920044 426.240021
9289 444.096039 330.048035
8187 30.240002 335.52002
9056 667.200012 412.800018
9055 599.040039 429.120026
9058 630.720032 423.360016
7165 259.200012 352.512024
9360 241.920029 278.208038
9346 203.904022 292.032013
9182 367.200012 394.800018
9204 335.52002 377.280029
6351 374.976044 362.880035
9284 403.200012 329.76001
9178 443.52002 387.360016
9221 465.120026 362.880005
8876 101.952011 276.480042
9189 240.192017 392.256042
9232 223.200012 367.200012
9354 290.880005 285.120026
6403 323.136017 323.136017
7234 285.120026 335.52002
9201 297.216034 383.616028
7317 267.600006 302.400024
7307 248.832031 309.312042
9325 411.600006 252.000015
5780 480.960022 326.880005
9281 415.200012 166.800003
9267 214.800003 337.200012
8982 73.440002 348.480011
9076 190.080002 446.400024
8024 138.240021 412.992035
9440 242.400009 132.0
1874 342.144043 117.504013
329 136.800003 129.600006
9277 365.76001 336.960022
9045 400.896027 442.368042
9129 96.768005 323.136017
9359 100.224007 293.76004
9404 38.016003 316.22403
7902 100.800003 276.480011
9363 230.169632 269.568024
6614 378.432037 297.216034
7788 286.848022 286.848022
7400 257.472015 260.92804
9181 365.76001 394.560028
9203 335.232025 376.704041
9226 373.248047 367.027252
9098 604.800049 414.720032
9110 665.280029 411.840027
9086 586.080017 420.480011
9175 442.368042 387.072021
6582 438.912048 349.05603
7251 276.480011 321.120026
7348 273.024017 295.488037
7298 248.832031 308.966431
1902 330.048035 228.096024
7958 290.304016 235.008026
9319 658.080017 277.920013
9316 409.536041 252.288025
9282 482.112061 326.592041
6411 414.720032 383.040009
9218 466.560059 362.880035
9262 414.720032 133.056015
9279 414.720032 164.160004
9395 328.320038 241.920029
7936 188.697632 244.68483
8057 48.960003 360.0
8957 139.680008 360.0
961 114.048019 126.489616
443 183.168015 131.328018
6481 445.824066 371.174438
6477 442.921021 370.759735
9257 439.603271 346.29126
7205 259.200043 352.512054
7778 286.15683 286.15683
7912 103.680016 275.788849
7381 228.925476 268.738586
9312 323.481659 320.993317
9077 586.828857 418.867249
5819 570.240051 437.529663
9146 584.75531 400.619568
8992 605.491272 425.088074
9254 298.59845 354.585663
7254 286.15683 333.84964
2446 329.702454 226.02243
5896 599.270508 348.364838
3846 711.244873 387.763245
9337 377.395264 296.524841
9318 408.084534 251.320358
9278 481.075256 325.555237
9074 380.713013 425.502777
6389 419.904053 388.800049
6444 521.856079 432.000031
9251 414.720062 132.710419
9301 413.061188 131.880981
9132 340.070435 420.940857
9198 335.923248 379.468842
9126 174.182419 319.334442
8955 139.968018 361.152039
7422 233.902115 131.880981
473 243.648026 136.512009
2530 333.84964 199.065628
8485 114.048012 127.872009
7976 182.476822 130.636826
9403 136.512009 129.600006
9471 93.312012 211.507233
9452 70.502411 180.403229
7760 323.481659 294.451233
7346 273.71524 296.110107
9127 328.458282 427.991089
9196 298.59845 383.201324
9248 298.59845 355.829803
5908 654.428223 418.037811
9149 179.159058 375.736359
9228 271.226929 363.294769
7493 330.946594 211.507233
9429 293.621796 194.088989
9102 587.243591 420.526154
5899 597.196899 348.364838
9295 447.897675 327.628845
6602 375.736359 298.59845
9327 408.499268 250.90564
9100 430.479431 427.991089
9154 418.037811 390.66629
9144 632.033386 186.624023
9265 427.991089 72.161293
7309 248.832031 311.040039
7468 327.628845 240.537628
9202 221.46051 390.66629
9220 373.248047 368.271423
7909 104.509453 276.203552
7452 194.088989 243.855392
9450 159.252502 258.785309
8974 67.184647 358.318115
8016 138.931213 360.806458
7480 345.876526 116.951057
7972 240.537628 232.243225
7516 258.785309 176.670746
9427 340.899902 196.577301
9453 325.969971 189.11235
8480 111.974419 126.904335
9409 134.369308 128.397339
9219 379.817261 369.067719
9322 415.051849 301.584442
6615 376.23407 298.59845
9191 334.430267 382.206024
9260 298.59845 355.332153
9106 588.238953 421.023834
5879 615.112793 403.10791
6672 585.252991 403.10791
9212 271.724609 364.290131
7470 331.444275 197.074982
9167 325.969971 403.10791
9258 477.757538 328.458313
763 232.906799 131.383316
9308 325.472321 322.486328
6433 447.897675 390.66629
8972 59.719692 409.079895
8052 68.677643 358.318146
7530 291.133484 236.390427
7518 238.878754 231.413788
1824 247.836716 155.271194
9207 600.182922 349.360199
9367 104.50946 274.710571
7749 247.836716 310.542389
8396 226.93483 271.724609
9199 223.948837 391.163971
7950 191.103012 244.850739
9369 150.493622 257.989075
9209 617.103455 278.691895
9428 325.472321 295.612457
2925 476.563141 326.069519
474 136.160904 125.411354
9414 229.323624 132.577713
8420 103.91227 272.321808
9147 562.559509 397.733154
9222 598.391357 347.568604
8015 136.160904 358.318176
6703 376.23407 297.404083
9417 289.640503 235.892776
8442 236.48999 222.157257
903 295.612457 194.088989
9153 447.897705 390.566803
9293 403.10791 331.444275
8386 275.904999 297.404083
9311 247.239532 311.736786
9375 261.572266 254.405899
9364 225.740448 268.738617
9365 152.285217 256.794678
9214 361.901337 361.901337
9243 311.736786 358.318176
9193 297.404083 383.400421
9213 229.323624 376.23407
8490 128.994537 225.740448
9235 618.098816 277.696564
9298 409.079895 164.229156
9434 116.0 128.0
8969 127.0 402.0
9386 334.0 148.0
9466 73.0 130.0
9271 417.0 128.0
6745 693.0 400.0
9122 178.0 319.0
8947 615.0 458.0
9355 157.0 280.0
9124 318.0 422.0
9234 297.0 356.0
1308 326.400024 240.000015
7429 188.400009 244.800003
8948 615.600037 456.000031
6439 366.0 337.200012
9085 433.200012 432.000031
9137 327.600006 415.200012
9210 307.200012 374.400024
6571 463.200012 369.600006
7257 276.0 328.800018
9442 37.200001 92.400002
8424 188.640015 244.800003
9419 286.559998 446.400024
9094 643.680054 407.52002
9006 541.440002 439.200012
8993 459.360016 449.280029
9330 417.600006 303.840027
8168 298.080017 355.680023
9349 72.576004 295.488037
9097 642.81604 407.808044
8275 217.728027 368.064026
9380 276.480042 250.560028
9280 414.720032 164.160019
9005 72.576004 349.05603
8064 48.384003 361.152039
9015 414.720062 437.529663
9054 634.521667 186.624023
9287 414.720062 163.814423
7416 259.200043 259.200043
5873 557.383789 405.596222
9158 325.969971 403.10791
7218 281.180206 320.993317
6453 460.339264 373.248047
9134 325.472321 403.10791
9259 271.724609 364.290131
9216 588.238953 331.444275
9136 418.037842 394.149963
9072 134.369308 418.037842
9313 367.276093 310.542389
9454 152.285217 256.794678
9160 333.235901 408.482697
9090 75.246811 408.482697
9001 71.663635 358.318176
9415 128.994537 225.740448
9317 619.890442 279.488159
