728
2.55 0.444 -1.88 0.0325 -0.0982 -0.0321 0.994 
1055 117.0 127.0 106.794029 127.0
8526 82.800003 362.400024 47.48542 362.400024
8566 133.0 414.0 99.154587 414.0
1101 76.800003 152.400009 67.569077 152.400009
5933 482.0 328.0 461.578064 328.0
1881 333.0 167.0 319.749451 167.0
886 330.0 245.0 316.747498 245.0
8974 341.0 96.0 328.132263 96.0
6000 657.600037 436.800018 627.487671 436.800018
7342 156.0 279.0 139.746735 279.0
8436 155.0 258.0 141.257507 258.0
7993 108.000008 261.600006 93.299057 261.600006
6677 355.200012 346.800018 334.517273 346.800018
7331 204.000015 291.600006 186.796722 291.600006
8929 417.0 306.0 399.358856 306.0
6680 312.0 320.400024 291.825134 320.400024
8965 257.0 261.0 242.616638 261.0
7204 286.0 336.0 264.841797 336.0
9012 588.0 338.0 565.232849 338.0
8987 58.0 460.0 24.968393 460.0
9016 254.0 197.0 242.030304 197.0
8860 213.0 337.0 191.663559 337.0
6058 600.0 352.800018 577.369019 352.800018
7552 133.919998 413.280029 99.911537 413.280029
8785 717.600037 396.000031 690.38208 396.000031
1803 342.0 118.800003 329.25 118.800003
5938 482.400024 328.800018 461.597687 328.800018
1104 76.0 152.0 67.071655 152.0
7393 156.0 258.0 142.040176 258.0
8641 186.0 448.800018 154.759888 448.800018
8793 692.400024 403.200012 665.707642 403.200012
8646 216.000015 442.800018 184.696442 442.800018
8937 379.200012 297.600006 361.257629 297.600006
5843 432.000031 322.559998 412.239563 322.559998
9020 352.800018 375.600006 328.089447 375.600006
6479 256.800018 355.200012 233.590775 355.200012
6699 322.800018 322.800018 302.87442 322.800018
6685 312.0 320.0 292.309204 320.0
8800 450.000031 386.400024 424.404907 386.400024
7958 98.400002 277.200012 82.840523 277.200012
8769 237.600006 393.600006 211.097549 393.600006
8832 231.600006 357.600006 208.663284 357.600006
9033 265.200012 255.600006 250.932556 255.600006
7412 256.800018 261.600006 242.790833 261.600006
8554 54.000004 406.800018 19.780466 406.800018
7562 60.0 361.0 25.362326 361.0
270 332.400024 166.800003 319.098236 166.800003
8997 126.000008 91.200005 115.305489 91.200005
9029 186.0 130.800003 173.988678 130.800003
7451 194.400009 243.360016 180.866547 243.360016
7391 155.520004 257.76001 141.717285 257.76001
6988 158.400009 340.800018 125.736 340.800018
8731 257.76001 411.840027 229.216537 411.840027
8939 373.200012 298.800018 356.144287 298.800018
8648 216.000015 442.080017 184.312378 442.080017
8650 378.432037 445.824036 346.936066 445.824036
8678 352.512024 433.728027 322.233124 433.728027
8721 620.400024 428.400024 590.121765 428.400024
8712 522.0 434.400024 491.683868 434.400024
6555 364.320007 396.000031 337.689941 396.000031
8688 459.600006 439.200012 428.873444 439.200012
8669 437.76001 443.52002 406.811829 443.52002
8809 692.640015 403.200012 666.033325 403.200012
8888 443.52002 331.200012 423.417175 331.200012
5302 658.080017 436.320007 627.273682 436.320007
6804 378.720001 298.080017 360.779999 298.080017
8766 237.600006 391.680023 210.802933 391.680023
8780 205.200012 386.400024 179.356888 386.400024
6504 282.240021 358.560028 258.815125 358.560028
7952 101.952011 276.480042 86.488174 276.480042
7981 106.560005 264.960022 91.660202 264.960022
8806 292.800018 384.0 267.635925 384.0
8835 295.488037 355.968048 273.17688 355.968048
6698 322.559998 322.559998 302.708801 322.559998
8830 463.680023 364.320007 440.046021 364.320007
6623 249.12001 308.160004 230.125137 308.160004
6052 597.888062 352.512024 575.41803 352.512024
8940 410.400024 252.000015 391.566467 252.000015
5931 480.960022 328.320007 460.265472 328.320007
8883 414.720032 167.040009 394.451904 167.040009
8858 212.400009 337.200012 191.343353 337.200012
8629 196.99202 444.096039 165.113434 444.096039
821 237.600006 134.400009 225.178497 134.400009
320 185.76001 129.600006 173.745514 129.600006
7510 155.520004 226.080002 144.377335 226.080002
8687 524.160034 443.52002 493.764801 443.52002
8011 192.844833 242.611237 180.423233 242.611237
8765 236.736023 392.256042 210.101044 392.256042
8931 376.704041 298.944031 358.725311 298.944031
9032 444.096039 331.776031 423.649994 331.776031
5885 445.824066 329.702454 425.108856 329.702454
5295 652.320007 419.040009 624.001282 419.040009
6538 333.84964 377.395264 308.960541 377.395264
7956 99.360001 276.480011 83.819077 276.480011
8676 459.360016 439.200012 428.621765 439.200012
8665 425.088074 437.529663 393.711212 437.529663
6757 286.848022 286.848022 270.42395 286.848022
7399 256.320007 260.640015 242.470688 260.640015
8807 293.76001 383.040009 268.399841 383.040009
6683 311.040009 319.680023 291.019043 319.680023
8790 440.640015 388.800018 414.768402 388.800018
7189 434.880005 352.800018 412.379089 352.800018
5917 568.512024 423.360046 539.600403 423.360046
7320 271.296021 297.216034 254.216263 297.216034
6612 248.832031 309.312042 229.68335 309.312042
8982 329.702454 226.02243 316.756012 226.02243
6026 599.270508 352.512054 576.439087 352.512054
5332 692.92804 404.352051 666.544983 404.352051
8774 715.39209 395.712036 687.727783 395.712036
5941 480.384033 328.320038 459.39032 328.320038
8638 400.320007 442.080017 368.376221 442.080017
8791 418.176025 390.528046 391.668335 390.528046
8864 414.720032 133.056015 393.872833 133.056015
8859 211.680008 336.960022 190.681488 336.960022
8635 216.000015 442.368042 184.119293 442.368042
8689 93.312012 323.136017 64.08741 323.136017
8557 82.944016 360.806458 47.31916 360.806458
7540 134.784012 361.152039 99.726585 361.152039
7503 240.537628 230.169632 228.876389 230.169632
7508 184.896011 129.600006 172.668564 129.600006
9023 136.800003 128.160004 127.372154 128.160004
1094 93.312012 210.816025 84.603958 210.816025
8756 711.936096 412.992035 684.067627 412.992035
7403 259.200043 259.200043 244.975082 259.200043
5286 653.184082 418.867249 624.945923 418.867249
8754 236.390427 389.836853 209.493958 389.836853
8819 223.948837 367.027252 200.114227 367.027252
7380 226.02243 269.568024 211.109451 269.568024
8748 584.75531 423.014465 555.499878 423.014465
8796 296.524841 383.616058 270.9711 383.616058
6530 296.524841 354.585663 273.44754 354.585663
6527 261.273651 337.996857 240.006088 337.996857
9034 271.641632 296.524841 255.118576 296.524841
8972 328.458282 226.437149 315.846405 226.437149
7978 290.304016 235.008026 278.251068 235.008026
6125 711.244873 391.910461 684.920044 391.910461
6822 375.736359 298.59845 357.721832 298.59845
8932 409.536041 252.288025 390.624664 252.288025
8702 520.473694 433.382446 490.117371 433.382446
8887 414.720032 165.888016 394.137268 165.888016
7282 248.832031 308.966431 229.626526 308.966431
8906 369.792023 311.040039 350.379852 311.040039
7957 103.680016 273.71524 88.783752 273.71524
9031 193.536011 243.648026 180.885864 243.648026
7395 157.593628 259.200043 144.015274 259.200043
8540 82.944008 362.880035 47.335037 362.880035
7536 134.784012 360.806458 99.030098 360.806458
9040 234.316833 134.784012 222.273758 134.784012
7491 238.878754 231.413788 227.916763 231.413788
8019 114.048012 126.144012 103.52726 126.144012
9049 184.55043 128.563217 172.232727 128.563217
9002 124.416016 80.870415 113.678223 80.870415
8718 559.87207 418.867249 530.852112 418.867249
8810 293.621796 383.201324 269.016754 383.201324
6542 296.110107 355.829803 272.913727 355.829803
6537 259.78067 340.402252 238.387604 340.402252
8808 206.032928 379.220032 180.311111 379.220032
7902 273.71524 296.110107 256.283325 296.110107
6895 330.946594 211.507233 317.901428 211.507233
8853 617.103455 281.180206 594.820801 281.180206
8837 597.196899 350.85318 574.215027 350.85318
8767 699.218018 410.572845 670.525085 410.572845
8747 651.939941 420.526154 624.055115 420.526154
9044 445.409332 328.458282 425.278046 328.458282
6814 376.23407 298.59845 358.015991 298.59845
8943 408.499268 250.90564 389.830078 250.90564
7227 477.757507 328.458282 456.989288 328.458282
8695 427.991089 430.479431 397.988007 430.479431
8862 467.80423 343.388214 445.936462 343.388214
7903 286.15683 286.15683 269.699524 286.15683
8781 218.972198 390.66629 193.551727 390.66629
8707 338.41156 423.014465 308.310181 423.014465
8822 370.759735 368.271423 347.760803 368.271423
7985 104.509453 276.203552 87.764755 276.203552
8013 189.11235 243.855392 177.3311 243.855392
9047 232.906799 131.383316 220.56575 131.383316
7955 291.133484 236.390427 278.259064 236.390427
7493 238.878769 232.906799 227.856354 232.906799
8985 325.969971 189.11235 313.451263 189.11235
1075 136.85762 126.489616 127.429611 126.489616
9008 124.416016 79.626251 113.599983 79.626251
9041 286.65451 286.65451 270.132629 286.65451
8751 671.846497 421.023834 643.300354 421.023834
7992 232.906799 132.577713 220.561966 132.577713
5973 612.126831 406.093903 584.222534 406.093903
6532 295.612457 355.332153 272.881622 355.332153
6700 274.710571 295.612457 257.160492 295.612457
8758 320.993317 405.596222 294.06424 405.596222
8841 598.391357 347.568604 574.674072 347.568604
6802 447.897675 328.458313 427.947693 328.458313
5923 477.757538 328.458313 456.402618 328.458313
8783 639.000671 167.215134 613.353088 167.215134
6589 247.836716 310.542389 228.680237 310.542389
7382 226.93483 268.738617 211.628281 268.738617
6676 326.069519 322.486359 306.078094 322.486359
8788 295.612457 385.192017 270.146149 385.192017
8795 220.96286 391.163971 195.308411 391.163971
7962 150.493622 257.989075 135.404877 257.989075
8535 134.369293 360.806458 98.361259 360.806458
474 136.85762 126.904335 127.767227 126.904335
6708 275.904999 297.404083 258.599487 297.404083
8855 261.572266 340.402252 238.950058 340.402252
8875 476.563141 329.65271 454.238708 329.65271
8828 597.196899 352.346191 574.517151 352.346191
8536 118.244995 408.482697 81.673492 408.482697
8894 447.897705 329.65271 427.868134 329.65271
9050 331.444275 197.074982 319.36438 197.074982
7948 149.299225 256.794678 136.013092 256.794678
8917 247.239532 311.736786 228.291687 311.736786
8954 225.740448 268.738617 210.346863 268.738617
8773 333.235901 383.400421 307.020386 383.400421
6829 618.098816 280.682556 595.285645 280.682556
8445 150.0 227.0 138.718292 227.0
5349 718.0 397.0 690.762024 397.0
2311 343.0 62.0 328.904724 62.0
8040 54.0 407.0 19.836788 407.0
8010 194.0 244.0 181.397247 244.0
8427 106.0 283.0 89.14753 283.0
5235 600.0 434.400024 569.781189 434.400024
6736 464.400024 364.800018 440.764404 364.800018
8685 554.400024 442.800018 523.292847 442.800018
8779 580.800049 404.400024 553.627258 404.400024
8961 31.200001 241.200012 17.703323 241.200012
8553 67.200005 424.800018 33.291924 424.800018
9026 347.040009 372.960022 322.505615 372.960022
8777 204.480011 385.920013 178.69252 385.920013
6597 289.440002 342.720001 268.017334 342.720001
7502 240.480011 231.840012 229.023575 231.840012
2238 236.160004 133.919998 223.719788 133.919998
6539 362.880035 395.712036 336.365173 395.712036
8776 293.76004 383.616028 268.493317 383.616028
8682 525.312073 444.096039 493.880524 444.096039
534 235.008026 134.784012 222.610413 134.784012
8818 443.750458 371.174438 418.935364 371.174438
8735 651.110474 425.088074 621.924622 425.088074
8684 568.166504 437.529663 536.896973 437.529663
5967 582.681702 402.278442 555.822998 402.278442
1015 294.451233 192.844833 282.508789 192.844833
8866 414.720062 132.710419 393.687836 132.710419
1398 302.745636 186.624023 290.753876 186.624023
9007 39.398407 101.606415 30.319504 101.606415
8711 530.012207 430.479431 500.273468 430.479431
8920 689.264709 201.553955 671.761902 201.553955
8742 671.846497 421.023834 643.300354 421.023834
8762 585.252991 406.093903 558.594055 406.093903
8752 322.486328 403.10791 295.210602 403.10791
7460 191.103012 244.850739 177.590225 244.850739
8952 204.241348 283.07135 187.670044 283.07135
8958 189.90863 243.656357 177.100861 243.656357
8723 329.65271 408.482697 301.234528 408.482697
7965 93.16272 279.488159 77.016312 279.488159
5956 587.641785 404.899536 559.750916 404.899536
8834 311.736786 358.318176 287.751068 358.318176
8873 619.890442 279.488159 596.138306 279.488159
