733
2.56 0.388 -1.92 0.0236 -0.112 -0.0219 0.993 
8969 124.0 412.0
9320 670.0 273.0
2433 335.0 164.0
8018 132.0 369.0
1308 334.0 242.0
8951 79.200005 370.800018
9200 640.800049 368.400024
8064 43.0 370.0
9192 647.0 362.0
454 86.400002 202.800003
6745 704.400024 400.800018
6705 487.0 325.0
8631 28.0 343.0
6400 357.600006 346.800018
9014 637.200012 427.200012
7828 340.0 47.0
7313 161.0 281.0
8427 161.0 260.0
9145 428.0 410.0
7300 209.0 293.0
7440 238.0 249.0
6654 399.0 303.0
7386 384.0 295.0
9400 259.200012 307.200012
7189 284.400024 360.0
6342 315.0 320.0
7364 306.0 295.0
7370 264.0 288.0
6624 377.0 297.0
348 41.0 245.0
7988 189.0 131.0
9281 415.200012 162.0
452 80.0 171.0
9466 82.800003 138.0
8025 130.800003 420.000031
9350 290.400024 285.600006
6571 468.000031 363.600006
9435 246.000015 129.600006
7429 194.400009 244.800003
7940 160.800003 260.400024
9239 411.0 352.0
9006 543.600037 442.800018
7899 106.0 280.0
9110 672.480042 413.280029
9112 27.6 343.200012
9066 602.400024 432.000031
7901 230.400009 261.600006
9019 410.0 443.0
6998 92.400002 331.200012
9419 282.240021 450.720032
9057 460.800018 441.600006
6355 370.0 370.0
9335 421.200012 302.400024
9183 444.000031 388.800018
9232 223.200012 370.080017
9195 294.0 385.200012
9234 297.600006 357.600006
9300 415.200012 325.200012
6643 398.400024 302.400024
9088 589.200012 423.600006
6393 325.200012 322.800018
7240 286.0 338.0
7345 308.400024 300.0
7317 270.0 302.400024
7365 264.0 288.0
9372 270.0 254.400009
7410 261.0 261.0
5921 608.400024 349.200012
9325 415.0 248.0
9267 214.560013 338.400024
7984 40.800003 244.800003
9016 67.200005 432.000031
8896 129.0 93.0
857 149.76001 228.960007
318 189.600006 130.800003
9056 673.200012 414.000031
8447 114.000008 264.0
9011 400.320007 444.960022
7942 161.279999 259.200012
9157 240.480011 413.280029
1902 333.504028 224.640015
9176 188.640015 381.600006
9094 650.880005 408.960022
7902 108.000008 279.360016
6439 365.76001 336.960022
9264 421.200012 340.800018
8424 200.160004 243.360016
7165 257.472015 357.696045
9129 92.160004 329.76001
9055 601.920044 432.000031
9004 609.98407 428.544037
9182 366.0 397.200012
9204 335.232025 380.160034
9217 370.080017 365.76001
6614 381.600006 295.200012
9095 588.960022 423.360016
9178 443.52002 388.800018
9188 237.600006 394.560028
8494 234.000015 360.0
7234 286.559998 336.960022
7310 269.279999 302.400024
7307 250.560028 311.040039
9324 423.360046 292.032013
5780 485.280029 324.0
9279 414.720032 159.840012
9346 208.800003 292.800018
8057 43.200001 369.600006
1874 343.87204 114.048012
8474 104.400002 152.400009
9405 192.960007 132.480011
9403 141.696014 129.600006
9305 447.897675 325.555237
7936 198.720016 243.648026
9143 175.680008 381.600006
9359 105.408012 295.488037
9349 86.400002 299.52002
9334 58.752007 309.312042
9189 236.736023 395.712036
9119 636.480042 410.400024
9117 609.119995 416.160004
9030 456.480011 440.640015
9058 635.904053 426.81604
9175 442.368042 388.800049
9163 418.867249 389.836853
9224 457.920044 361.152039
9257 435.456055 346.29126
6403 324.864044 323.136017
6464 329.702454 298.59845
9086 589.248047 423.360046
7348 275.040009 293.76001
5909 605.491272 346.29126
9282 485.568054 324.864044
9015 411.264038 444.096039
9262 412.646454 122.342415
9280 414.720032 160.70401
7315 207.360016 292.320007
9395 331.776062 238.464035
8876 108.864014 278.208038
7975 39.744003 245.376022
7422 238.46402 133.056015
443 186.624023 128.563217
8889 162.720001 227.520004
9140 174.182419 378.224701
9337 381.54245 294.451233
9196 296.110107 385.689667
9254 298.59845 356.659241
9097 651.110474 408.499268
9198 333.84964 381.54245
6351 369.792023 366.336029
9241 337.996857 352.512054
9426 320.993317 420.526154
6481 447.897675 371.174438
9102 590.976074 423.014465
5223 626.227295 412.646454
9309 325.555237 321.408051
7298 250.90564 308.966431
7958 296.524841 234.316833
7519 298.59845 205.286423
9318 410.572845 244.68483
9085 431.308868 433.382446
6466 521.856079 435.456055
9287 414.720062 159.667221
7778 290.304047 284.083252
9202 218.972198 393.154602
9132 335.923248 425.088074
9357 103.680016 294.451233
7909 109.486099 278.691895
7981 39.398407 244.68483
8024 133.056015 419.904053
5253 634.521667 425.502777
9248 298.59845 355.829803
5908 661.893188 418.037811
7346 276.203552 296.110107
7309 248.832031 311.040039
9127 323.481659 431.308868
9134 328.458313 412.065857
9190 295.612457 385.192017
2530 335.923248 194.088989
9230 271.226929 365.783081
9106 589.731934 423.014465
9146 589.731934 403.10791
2446 333.434937 223.948837
7530 295.612457 232.906799
9209 624.070801 271.724609
5896 604.661865 348.364838
6602 378.224701 296.110107
9327 410.572845 246.343719
9278 485.222473 323.481659
9226 371.174438 367.027252
6444 522.547302 433.382446
9054 636.595276 188.697632
9283 410.572845 159.252502
7381 229.920807 268.738617
9312 325.969971 320.993317
9199 220.96286 394.149963
7912 109.900818 277.862427
7452 199.065628 243.855392
9454 167.215134 259.78067
9090 56.733707 418.037842
8974 59.719688 368.271423
8955 128.397339 367.276093
7480 343.388214 114.462738
8485 119.439377 126.904335
9409 141.834259 129.392654
9471 104.509453 213.995544
9452 82.114571 184.135712
9251 410.572845 121.927696
6672 591.224915 403.10791
9228 271.724609 367.276093
9167 322.486328 406.093903
9417 293.820892 232.906799
7493 333.434937 209.018906
9429 298.59845 191.600662
9235 627.056763 272.321808
763 235.892776 131.383316
8972 54.74305 415.5495
8052 62.705677 367.276093
7972 246.343719 231.413788
6615 379.220032 295.612457
5899 603.168884 346.374207
9136 418.037842 394.149963
9215 373.248047 368.271423
9450 164.229141 258.785309
7749 250.822708 310.542389
7470 336.819061 193.491806
9173 361.304138 394.149963
9223 304.570435 376.23407
9216 594.808167 329.65271
1824 250.822708 149.299225
9414 236.48999 132.577713
8386 279.488159 297.404083
9160 322.486359 404.899536
9191 334.430267 382.206024
9258 480.146332 326.069519
474 146.910446 128.994537
5873 566.1427 397.733154
9150 447.897705 394.149963
6491 440.731354 369.067719
7518 244.850739 229.920807
9367 110.48143 277.696564
6703 379.817261 293.820892
9369 157.659988 257.989075
9214 361.901337 365.484528
9311 250.822708 311.736786
9364 229.323624 268.738617
9193 293.820892 386.983612
9213 229.323624 379.817261
8490 140.341278 226.93483
9211 591.224915 328.458313
9271 416.0 122.0
7968 258.0 196.0
8445 114.0 265.0
7188 285.0 360.0
7239 270.0 330.0
7376 258.0 278.0
9059 639.0 184.0
749 144.0 237.0
2371 295.200012 141.600006
8960 141.600006 410.400024
9076 186.0 453.600006
9233 404.400024 350.400024
7260 156.0 297.600006
9356 106.800003 296.400024
9124 315.600006 426.000031
7287 314.400024 319.200012
365 156.0 228.000015
9045 396.000031 446.400024
9081 531.360046 429.120026
9304 447.840027 329.76001
9181 364.320007 397.440002
9218 463.680023 370.080017
8417 257.76001 247.680008
9221 466.560028 362.880005
9406 131.040009 419.040009
7509 244.800003 230.400009
329 141.12001 129.600006
9098 608.256042 416.448029
409 219.456024 259.200012
6582 440.640045 347.328033
9201 298.944031 387.072021
9306 286.848022 336.960022
7322 274.752014 295.488037
5876 601.344055 399.16803
7788 290.304016 285.120026
9440 252.288025 131.328018
9439 164.160019 228.096024
9363 230.169632 269.568024
9179 236.390427 393.98407
9255 238.464035 360.806458
9326 60.134407 304.819244
7218 286.15683 335.923248
9316 410.572845 244.68483
6789 387.763245 238.464035
7416 261.273651 259.200043
7950 199.065628 242.611237
9100 427.991089 430.479431
6479 445.409332 370.759735
9079 532.500549 430.479431
8957 121.927696 368.271423
9453 335.923248 186.624023
9415 140.341278 226.93483
9447 86.593552 200.060959
9308 325.472321 322.486328
9273 268.738617 361.901337
9174 415.649078 394.149963
7415 261.572266 247.239532
9394 329.65271 143.327271
9310 408.482697 157.659988
