738
2.62 0.21 -1.93 0.0424 -0.116 -0.00506 0.992 
9274 437.0 353.0
7240 276.0 363.0
8474 98.400002 178.800003
7446 225.0 186.0
9125 626.0 175.0
6643 390.000031 325.200012
8969 97.200005 451.200012
9245 396.0 78.0
6667 439.0 346.0
453 94.800003 234.000015
452 74.400002 198.000015
8427 152.400009 286.800018
7988 181.0 157.0
1874 332.400024 136.800003
6624 367.0 320.0
6342 303.0 345.0
7313 150.0 308.0
5864 578.0 426.0
9118 643.200012 430.800018
9056 671.0 437.0
6400 346.800018 372.0
7410 253.200012 284.400024
7899 94.800003 308.400024
9232 207.0 401.0
7901 220.800003 286.800018
9400 248.0 333.0
7370 253.0 313.0
1308 327.0 264.0
344 294.0 207.600006
7463 222.000015 224.400009
329 136.0 158.0
8951 50.0 408.0
318 181.200012 157.200012
5921 601.200012 368.400024
9281 400.800018 182.400009
9271 398.400024 142.800003
7999 55.0 164.0
9279 400.320007 180.0
396 79.0 228.0
7429 186.0 270.0
8957 104.400002 404.400024
9183 433.200012 415.200012
9330 411.840027 324.0
6654 389.0 325.0
7968 250.0 219.0
1576 126.0 267.0
9439 150.0 254.400009
7287 303.600006 344.400024
7300 197.0 319.0
838 231.0 158.0
9145 416.0 438.0
9120 619.200012 436.800018
6393 313.200012 348.0
9088 582.0 448.800018
7409 220.320007 286.559998
8494 218.0 390.0
9233 392.400024 375.600006
9300 404.400024 348.0
9176 170.400009 414.000031
9356 94.800003 325.200012
9110 668.160034 436.320007
5912 656.400024 440.400024
7322 258.0 328.800018
9350 284.0 309.0
9286 460.0 346.0
9289 437.76001 351.360016
9395 325.440002 257.76001
7251 266.400024 349.200012
6705 478.0 346.0
348 32.0 275.0
9329 342.720001 328.320007
7942 152.639999 285.120026
6464 317.952026 324.864044
9344 312.480011 315.360016
9188 222.000015 427.200012
9178 432.000031 414.720032
9217 357.696045 392.256042
6439 355.680023 361.440002
9440 236.400009 153.600006
8021 80.639999 394.560028
9117 601.920044 440.640015
9094 645.119995 432.000031
9201 279.600006 415.200012
7165 243.648026 385.344025
9237 391.680023 375.840027
9264 410.400024 364.320007
9284 395.712036 354.240021
7509 238.46402 254.016022
7902 96.768005 307.584015
7317 257.76001 328.320007
9351 280.800018 309.600006
7365 253.200012 313.200012
9203 321.40802 407.808044
9221 457.200012 386.400024
6663 459.360016 351.360016
9192 640.800049 381.600006
5909 600.480042 368.640015
5780 476.640015 345.600006
9181 351.360016 424.800018
443 181.440002 156.960007
9129 67.68 364.320007
9435 236.160004 152.639999
9163 407.808044 418.176025
7519 290.304047 228.096039
6403 314.496033 347.328033
9242 400.320007 375.840027
9250 217.728027 387.072021
9277 355.968048 362.880035
7348 263.52002 319.680023
7778 279.936035 308.966431
930 288.576019 241.920029
7307 240.480011 335.52002
9195 279.360016 414.720032
9359 93.312012 324.864044
8876 96.480003 308.160004
9204 321.120026 407.52002
9392 328.320038 217.728027
1902 326.592041 247.104019
9218 458.265656 385.689667
9295 438.912048 345.600037
9306 264.960022 355.680023
9098 601.344055 440.640045
5896 599.616028 368.064026
9316 400.896027 266.11203
9282 476.92804 345.600037
9262 397.440033 146.88002
6614 371.52005 317.952026
9186 219.801636 425.088074
8421 191.808014 269.568024
7940 153.792007 286.848022
1881 323.481659 165.888031
454 80.639999 228.960007
8485 114.048019 155.52002
9403 134.784012 155.52002
6479 435.456055 397.440033
9097 644.889709 431.308868
9143 153.446426 412.646454
9246 400.896027 376.704041
7912 99.532814 306.063416
7422 228.096039 155.52002
7788 279.936035 309.312042
9309 315.187256 346.29126
7298 238.464035 335.923248
9363 221.875229 294.451233
9190 281.180206 415.5495
9205 290.304016 404.352051
9167 306.892853 437.529663
9276 235.008026 373.248047
9199 201.553955 425.502777
9380 273.71524 271.641632
9292 458.265656 350.438446
9304 437.184052 350.784027
9254 284.083252 383.616058
7257 266.11203 349.05603
5876 580.608093 425.088074
6389 408.499268 416.793671
9287 395.642944 179.159058
9337 371.174438 317.260834
9229 257.472015 395.712036
6351 360.806458 393.98407
9349 77.137932 328.458282
7936 186.624023 269.568024
9450 154.275864 286.15683
9381 330.048035 98.49601
9452 74.649612 209.018906
8480 114.048012 155.52002
9140 154.275864 413.061188
9429 291.133484 213.995544
9202 201.139221 425.088074
9206 296.110107 415.5495
9196 284.083252 414.720062
9223 289.640503 406.093903
7493 325.969971 231.413788
7996 313.528381 223.948837
9453 320.993317 206.530594
9209 615.112793 286.65451
9146 582.266968 425.502777
5899 599.270508 367.027252
9327 400.204865 265.420837
9154 405.596222 420.526154
2925 474.854462 346.29126
9280 398.131256 180.403229
7381 220.96286 295.612457
957 288.230438 255.052841
6602 370.759735 318.505005
7760 316.016693 318.505005
9230 257.126434 393.98407
9198 320.993317 410.572845
7909 97.459213 306.892853
9357 91.238411 323.481659
7452 188.117035 268.738617
9454 155.271194 286.65451
763 226.93483 158.257187
9424 320.993317 184.135712
7976 176.670746 154.275864
7312 185.131042 310.542389
7309 238.878754 338.41156
9228 256.296997 393.154602
9396 278.691895 271.226929
896 288.645172 241.367081
9417 286.654541 254.405899
7468 323.481659 261.273651
2446 325.472321 244.850739
9427 335.923248 213.995544
2530 328.458313 217.976868
9474 322.486328 206.032928
9414 225.740448 157.659988
9248 283.668518 385.689667
9207 600.182922 367.276093
9216 584.75531 350.85318
9322 412.065857 319.500336
9307 397.135956 355.332153
9310 394.149963 179.159088
7346 266.250275 320.993317
6615 370.262085 319.500336
9428 316.514374 319.500336
9220 360.806458 395.642944
9191 319.500336 409.079895
7950 186.325439 268.738617
9365 146.910446 283.07135
9394 319.500336 185.131042
9409 134.369293 154.275864
9311 236.48999 340.402252
7749 238.878769 337.41626
8386 265.155426 322.486359
7470 326.069519 214.990891
9243 295.612457 382.206024
9308 315.319977 347.568604
9238 465.813599 379.817261
9278 474.771545 346.374207
9222 598.391357 365.484528
9367 100.329086 304.570435
8490 128.994537 254.405899
6703 369.067719 318.903168
9358 326.069519 318.903168
9364 222.157257 293.820892
9226 361.304138 394.149963
6477 429.981781 394.149963
9293 397.733154 354.734985
9212 256.794678 394.149963
7958 286.65451 256.794678
474 134.369308 155.271194
9298 394.149963 182.145065
9301 394.149963 143.327255
9235 616.307251 286.654541
7239 256.0 357.0
7430 249.0 271.0
2433 326.0 186.0
8445 105.0 292.0
9368 330.0 80.0
9320 673.0 289.0
8877 147.0 287.0
7440 230.0 273.0
7345 296.0 322.0
8025 104.0 459.0
7984 31.200001 273.600006
8447 104.400002 291.600006
334 99.600006 241.200012
9252 397.200012 105.600006
386 207.600006 158.400009
7289 241.200012 334.800018
9346 199.200012 315.600006
6355 357.600006 391.200012
9239 399.600006 376.800018
9017 656.400024 440.400024
9119 631.200012 434.400024
7268 146.400009 330.0
9255 218.400009 388.800018
9436 74.400002 320.400024
9234 284.400024 385.200012
9014 630.720032 450.720032
9360 234.720016 302.400024
9095 581.76001 447.840027
6571 453.600006 394.560028
7189 263.52002 384.480011
7234 264.960022 355.680023
6462 312.768036 316.22403
7530 286.848022 255.744019
9107 556.416077 445.824036
5908 668.736084 437.184052
6537 409.536041 364.608032
9334 44.928005 340.416046
7310 264.384033 321.40802
7975 32.832005 274.752014
8906 43.200005 136.512009
7518 238.464035 252.979233
6582 431.308868 377.395264
9305 439.603271 348.364838
7262 273.71524 362.880066
6481 435.456055 396.057648
8955 93.312012 404.352051
9361 92.067856 325.969971
8920 106.997772 161.740829
6491 447.897675 382.206024
9258 456.855652 349.360199
9144 624.070801 191.103012
6453 435.953735 418.037842
9136 406.093903 421.023834
9422 265.752625 322.486328
9193 272.321808 404.899536
9213 211.407715 408.482697
7415 250.822708 268.738617
9263 472.97998 347.568604
