770
3.63 0.21 -1.22 0.00765 -0.000104 0.00422 1 
9518 492.0 175.0 475.204865 175.0
9510 496.0 167.0 479.162689 167.0
8882 219.0 333.0 198.315536 333.0
9149 502.0 416.0 473.759979 416.0
9323 218.0 352.0 195.193848 352.0
9316 207.0 362.0 183.733994 362.0
9436 568.0 250.0 549.976074 250.0
9273 114.0 382.0 88.318771 382.0
9350 169.0 106.0 146.23732 106.0
9120 94.0 441.0 63.816486 441.0
9523 533.0 268.0 516.417542 268.0
9365 129.0 348.0 106.490372 348.0
9591 143.0 119.0 128.938141 119.0
9072 350.0 449.0 318.520569 449.0
9252 84.0 397.0 57.574749 397.0
9242 68.0 399.0 41.037319 399.0
9289 70.0 374.0 44.914799 374.0
9232 186.0 396.0 159.578857 396.0
9090 169.0 453.0 138.204651 453.0
9211 158.0 408.0 130.43573 408.0
9101 407.0 434.0 376.935883 434.0
8929 208.0 304.0 189.632721 304.0
9391 188.0 330.0 167.128799 330.0
9290 448.0 369.0 423.816467 369.0
9071 319.0 456.0 286.964813 456.0
9455 606.0 294.0 588.709961 294.0
9297 519.0 364.0 495.817535 364.0
9534 412.800018 169.200012 397.489471 169.200012
9016 57.600002 194.400009 44.290024 194.400009
9330 394.800018 348.0 372.180603 348.0
6058 364.800018 338.400024 342.789703 338.400024
7999 44.640003 144.0 31.311951 144.0
5933 261.600006 322.800018 241.107193 322.800018
9291 116.400002 379.200012 91.119591 379.200012
9312 141.600006 363.600006 117.565033 363.600006
9293 124.800003 376.800018 99.189583 376.800018
6367 555.600037 288.0 538.463257 288.0
9442 568.800049 249.600006 550.250549 249.600006
9415 574.800049 200.400009 555.694641 200.400009
9228 318.0 394.800018 291.972015 394.800018
9590 139.200012 242.400009 125.80674 242.400009
9500 532.800049 267.600006 516.423218 267.600006
9506 525.600037 267.600006 509.237061 267.600006
8974 138.0 81.600006 123.684647 81.600006
9109 408.000031 433.200012 377.984772 433.200012
8918 130.800003 312.0 111.750008 312.0
9286 69.600006 373.200012 45.182922 373.200012
9185 351.600006 410.400024 324.067291 410.400024
6298 554.400024 181.200012 536.32019 181.200012
9600 115.200005 182.400009 101.862938 182.400009
9215 372.0 394.800018 345.716736 394.800018
9385 219.600006 332.400024 199.148117 332.400024
9091 193.200012 448.800018 161.827148 448.800018
8800 186.0 396.000031 159.218506 396.000031
9420 76.800003 314.400024 56.960979 314.400024
9528 488.400024 174.0 471.989838 174.0
8937 171.600006 298.800018 153.224182 298.800018
9150 319.200012 422.400024 290.515259 422.400024
9161 300.0 417.600006 270.958374 417.600006
8726 472.800018 405.600006 445.397217 405.600006
9253 200.400009 390.000031 174.314301 390.000031
5837 223.200012 366.0 199.071335 366.0
9421 49.200001 319.200012 29.349024 319.200012
9441 606.0 294.0 588.78772 294.0
9408 520.800049 316.800018 501.751404 316.800018
9357 591.840027 77.760002 570.748596 77.760002
9176 93.600006 414.720032 64.551865 414.720032
9128 146.880005 436.320007 116.440781 436.320007
8712 240.480011 436.320007 210.795197 436.320007
270 138.240005 158.400009 124.13665 158.400009
6698 87.840004 335.52002 66.564735 335.52002
8935 105.120003 309.600006 86.030159 309.600006
6727 80.639999 311.040009 60.94907 311.040009
6644 116.640007 378.720001 91.119789 378.720001
9224 67.68 398.880005 40.692081 398.880005
9075 354.240021 443.52002 323.041718 443.52002
8632 349.920013 449.280029 317.955292 449.280029
8724 351.360016 410.400024 323.622467 410.400024
8775 174.240005 398.880005 147.443634 398.880005
9321 198.720001 357.120026 175.301071 357.120026
9087 192.960007 447.840027 161.219788 447.840027
9073 174.240005 450.720032 142.254593 450.720032
9197 181.440002 408.960022 153.800476 408.960022
9553 47.52 267.839996 31.474205 267.839996
9560 60.480003 260.640015 44.695179 260.640015
8697 472.320007 404.640015 444.755371 404.640015
8774 446.400024 367.200012 421.850922 367.200012
8930 436.320007 181.440002 426.715271 181.440002
9095 540.0 430.560028 510.310028 430.560028
9240 200.160004 388.800018 174.193848 388.800018
8830 221.76001 365.76001 197.943909 365.76001
9345 53.280003 342.720001 30.555767 342.720001
8659 324.0 450.720032 292.215057 450.720032
5235 318.240021 421.920013 289.776947 421.920013
9145 298.080017 416.160004 269.903412 416.160004
9466 606.240051 293.76001 588.571045 293.76001
9426 502.560028 315.360016 482.976318 315.360016
5931 260.640015 322.559998 240.160156 322.559998
6052 364.320007 336.960022 342.54303 336.960022
9573 79.200005 253.440002 63.764515 253.440002
7505 47.52 233.280014 34.105076 233.280014
9026 91.584007 393.984039 65.239929 393.984039
9227 155.52002 397.440033 128.863937 397.440033
9288 122.688011 376.704041 97.196526 376.704041
9094 428.544037 428.544037 398.527283 428.544037
853 139.968018 158.976013 125.961777 158.976013
9351 186.624023 345.600037 163.835327 345.600037
6800 183.168015 305.856018 164.723083 305.856018
9443 169.344009 298.944031 150.304779 298.944031
9238 183.168015 395.712036 157.142395 395.712036
9496 539.136047 267.840027 522.69281 267.840027
9497 509.76004 186.624023 492.386078 186.624023
5900 241.920029 326.592041 221.317886 326.592041
9032 221.184021 331.776031 200.564606 331.776031
9265 442.368042 380.160034 417.345856 380.160034
9035 475.200043 262.656036 466.296204 262.656036
9602 101.952011 219.456024 88.350517 219.456024
9275 214.272018 374.976044 189.309036 374.976044
9296 222.912018 366.336029 198.379883 366.336029
9168 350.784027 411.264038 323.449707 411.264038
9121 539.136047 430.272034 509.371826 430.272034
9214 485.568054 402.624023 458.726044 402.624023
8698 471.744049 404.352051 444.443604 404.352051
9078 326.592041 445.824036 295.699951 445.824036
9152 328.320038 418.176025 299.074707 418.176025
9594 143.424011 191.808014 129.272766 191.808014
9492 556.416077 286.848022 539.241394 286.848022
9392 520.128052 316.22403 500.462463 316.22403
9309 518.400024 364.608032 494.332703 364.608032
9372 592.704041 76.032005 571.068298 76.032005
6330 651.456055 95.040009 630.379761 95.040009
5938 259.200012 323.136017 238.849136 323.136017
9229 319.680023 395.712036 293.641815 395.712036
8905 152.064011 314.496033 132.380524 314.496033
1800 141.696014 241.920029 127.691383 241.920029
9628 44.928005 233.280029 31.920246 233.280029
8906 151.372818 313.113647 132.025528 313.113647
9471 553.651306 180.403229 535.230713 180.403229
9148 163.814423 425.088074 134.688507 425.088074
9201 192.844833 396.057648 165.716568 396.057648
9507 487.296082 172.108826 471.475769 172.108826
7403 47.692806 267.494446 31.412783 267.494446
9561 60.134407 259.200043 44.481415 259.200043
9135 145.152023 435.456055 114.309387 435.456055
9207 157.593628 400.204865 130.803757 400.204865
9241 93.312012 393.98407 65.770744 393.98407
9244 184.55043 393.98407 157.508179 393.98407
1812 134.784012 138.931213 120.036797 138.931213
6804 167.961624 298.59845 149.218414 298.59845
9226 66.355209 402.278442 39.455624 402.278442
6687 89.16481 333.84964 68.695374 333.84964
9428 80.870415 304.819244 61.008118 304.819244
9371 240.537628 325.555237 219.721939 325.555237
8888 221.875229 329.702454 201.537689 329.702454
9208 400.204865 391.910461 373.528778 391.910461
9278 213.580826 371.174438 188.808975 371.174438
9282 221.875229 364.953644 197.73114 364.953644
6122 522.547302 423.014465 493.211914 423.014465
9165 520.473694 414.720062 492.466034 414.720062
9258 443.750458 379.468842 418.158478 379.468842
9167 311.040039 414.720062 282.119476 414.720062
9157 499.737671 418.867249 471.117584 418.867249
5386 466.560059 406.425659 440.213928 406.425659
8982 143.078415 223.948837 128.447952 223.948837
9480 555.724854 286.15683 539.28302 286.15683
9513 541.209656 263.347229 524.274841 263.347229
5426 474.854462 393.98407 448.456512 393.98407
9384 259.200043 321.408051 238.512115 321.408051
9174 91.238411 412.646454 62.411736 412.646454
8829 122.342415 375.321655 96.745094 375.321655
1817 134.369293 159.252502 120.569435 159.252502
9477 554.895447 161.740829 537.988342 161.740829
9397 89.579529 333.434937 69.326294 333.434937
9482 181.647385 306.063416 163.747131 306.063416
9125 256.296997 430.479431 226.495926 430.479431
9409 223.948837 330.946594 203.709839 330.946594
9164 507.61734 405.596222 480.070648 405.596222
9162 340.899902 413.061188 313.04129 413.061188
9494 554.895447 286.15683 538.12915 286.15683
8921 487.710785 171.694107 470.849182 171.694107
5941 258.785309 323.481659 237.217941 323.481659
9300 221.46051 365.783081 196.744812 365.783081
9476 151.787537 313.528351 131.778412 313.528351
9236 171.694107 400.619568 145.466751 400.619568
9188 149.299225 409.079895 121.955978 409.079895
6388 558.379089 283.668549 541.285156 283.668549
9588 131.383316 137.355286 117.094078 137.355286
6774 176.173096 319.500336 156.483826 319.500336
9283 194.088989 376.23407 169.400879 376.23407
5398 456.855652 403.10791 428.970886 403.10791
9657 110.48143 179.159073 95.663986 179.159073
9159 531.505249 418.037842 503.11261 418.037842
9250 400.121918 394.149963 373.318726 394.149963
9169 310.542389 415.051849 281.970459 415.051849
5956 322.486328 397.135956 296.172852 397.135956
8772 349.360199 391.163971 322.097626 391.163971
9154 543.449219 421.023834 513.684509 421.023834
9401 600.182922 77.635597 579.635193 77.635597
7227 256.794678 322.486328 235.588608 322.486328
9356 226.93483 337.41626 205.352341 337.41626
5996 340.402252 382.206024 313.678528 382.206024
9393 92.565521 334.430267 71.617325 334.430267
9206 89.579536 415.051849 61.479816 415.051849
8825 122.425369 376.23407 95.730843 376.23407
9318 349.360199 322.486328 327.164368 322.486328
9189 82.413177 401.316345 56.125221 401.316345
9493 558.976318 283.07135 541.994324 283.07135
9352 236.48999 340.402252 214.816559 340.402252
9389 591.224976 93.16272 570.566162 93.16272
9402 601.974487 78.829994 580.944763 78.829994
6895 139.74408 207.824539 126.485695 207.824539
5923 254.405899 322.486359 232.948853 322.486359
8739 369.067719 404.899536 341.990356 404.899536
8755 347.568604 390.566803 320.374054 390.566803
8751 390.566803 397.733154 363.476654 397.733154
9629 100.329086 189.90863 87.449387 189.90863
9614 132.577713 157.659988 118.417152 157.659988
9268 193.491806 372.650879 168.173096 372.650879
5366 455.064056 404.899536 426.965607 404.899536
9475 576.892212 290.237701 558.87262 290.237701
8789 440.731354 369.067719 416.061859 369.067719
5443 476.563141 397.733154 448.898041 397.733154
8926 476.563141 175.575897 465.67627 175.575897
6851 139.74408 240.073166 126.028122 240.073166
8822 121.828178 383.400421 95.457214 383.400421
9396 93.16272 333.235901 71.776314 333.235901
9660 143.327271 193.491806 127.882965 193.491806
9054 351.151794 318.903168 329.244293 318.903168
9178 432.0 400.0 404.239868 400.0
8768 435.600006 385.200012 410.59198 385.200012
6736 217.0 373.0 192.514954 373.0
9012 351.0 325.0 329.159088 325.0
9410 122.0 325.0 101.476799 325.0
9277 432.0 377.0 407.434479 377.0
9140 253.200012 429.600006 224.101105 429.600006
9425 50.0 317.0 29.665237 317.0
9412 502.800018 314.400024 483.80954 314.400024
6852 142.800003 118.800003 128.763412 118.800003
8967 128.400009 32.400002 113.199265 32.400002
9509 518.400024 266.400024 502.006317 266.400024
9107 408.000031 433.200012 377.984772 433.200012
8676 169.200012 453.600006 138.188187 453.600006
9388 151.200012 331.200012 130.477875 331.200012
9552 414.720032 254.880005 399.239532 254.880005
8790 186.0 396.000031 159.218506 396.000031
9550 434.880005 257.76001 419.020416 257.76001
9467 207.360016 304.128021 189.185898 304.128021
9033 61.200001 260.400024 45.403469 260.400024
8913 487.296051 184.896011 469.970276 184.896011
9182 432.000031 397.200012 405.286957 397.200012
8886 502.848053 314.496033 483.88028 314.496033
8779 318.240021 394.560028 292.34964 394.560028
9358 167.616013 107.136009 145.374863 107.136009
9429 48.960003 318.240021 29.259884 318.240021
5229 283.392029 437.184052 254.252853 437.184052
9332 224.640015 354.240021 201.682236 354.240021
5457 522.547302 423.014465 493.211914 423.014465
9092 429.120026 429.120026 398.696625 429.120026
9444 571.679993 292.320007 553.594788 292.320007
9295 518.400024 364.320007 494.932037 364.320007
8711 241.920029 435.456055 212.301102 435.456055
9571 128.160004 31.68 113.215607 31.68
9653 44.928005 143.424011 31.009619 143.424011
9451 58.060806 311.040039 38.818821 311.040039
6125 445.824066 367.027252 421.108063 367.027252
9158 319.334442 420.940857 290.702393 420.940857
8691 298.944031 426.81604 269.156464 426.81604
9196 466.560059 406.425659 440.213928 406.425659
9606 45.619205 232.243225 32.237358 232.243225
8897 182.476822 196.992035 162.015991 196.992035
9374 161.243164 107.495445 140.129929 107.495445
9259 340.899902 383.201324 314.658722 383.201324
4534 502.640717 427.991089 472.545807 427.991089
9204 394.149963 409.079895 367.035431 409.079895
9616 149.299225 238.878754 135.679352 238.878754
9281 121.927696 375.736359 96.147438 375.736359
9274 211.407715 372.650879 187.265549 372.650879
9430 74.649612 307.556396 54.434155 307.556396
9146 186.325439 401.316345 157.377518 401.316345
8757 150.493622 408.482697 121.995712 408.482697
