819
4.26 -0.152 -0.49 0.0191 0.0524 0.00298 0.998 
11003 266.0 241.0
10874 411.0 250.0
11138 272.0 228.0
11054 265.0 233.0
10912 374.0 251.0
11102 278.0 237.0
11105 275.0 236.0
11056 273.0 241.0
10405 448.0 205.0
10402 445.0 208.0
11013 369.0 228.0
10943 323.0 242.0
10731 41.0 435.0
10907 379.0 247.0
10898 378.0 247.0
11016 388.0 339.0
11000 359.0 238.0
10878 398.0 249.0
10891 394.0 249.0
10850 427.0 252.0
10763 458.0 152.0
10851 386.0 248.0
10952 343.0 244.0
11053 377.0 240.0
10963 315.0 241.0
11067 350.0 335.0
10555 300.0 328.0
11044 380.0 339.0
10510 434.0 227.0
10997 373.0 337.0
10548 365.0 337.0
10668 172.0 440.0
10661 166.0 437.0
10361 21.0 444.0
11027 411.0 342.0
10736 469.0 86.0
10829 423.0 254.0
11005 296.0 243.0
10864 249.0 362.0
10923 428.0 245.0
10939 424.0 245.0
10968 373.0 241.0
11055 369.0 240.0
10954 396.0 243.0
10455 440.400024 328.800018
10875 406.0 254.0
10826 429.0 368.0
10276 590.0 113.0
10719 584.0 172.0
10692 581.0 166.0
10745 456.0 163.0
10344 514.800049 171.600006
10358 473.0 153.0
11170 278.0 325.0
11134 336.0 333.0
11109 312.0 206.0
11045 262.0 208.0
10687 190.0 431.0
10757 453.0 219.0
10737 579.0 141.0
10653 601.0 64.0
10444 443.0 277.0
10777 634.0 391.0
10429 596.400024 388.800018
10766 385.0 407.0
10811 481.0 375.0
10413 360.0 408.0
10729 66.0 430.0
10689 200.0 198.0
9741 444.000031 374.400024
10924 350.400024 244.800003
10738 462.000031 102.000008
10363 474.000031 153.600006
10922 423.600006 244.800003
10959 416.400024 243.600006
10969 408.000031 243.600006
10283 590.400024 112.800003
11076 270.0 236.400009
10884 362.400024 246.000015
11136 274.800018 229.200012
11008 378.0 240.000015
10725 66.0 429.600006
11015 288.0 242.400009
11075 265.200012 232.800003
11078 292.800018 238.800003
11091 278.400024 236.400009
10877 390.000031 253.200012
11060 369.600006 240.000015
10930 370.800018 246.000015
10932 373.200012 240.000015
10937 346.800018 243.600006
10502 385.200012 241.200012
10961 381.600006 240.000015
9797 398.400024 253.200012
10880 402.000031 249.600006
10859 386.400024 248.400009
10886 405.600006 250.800003
10983 303.600006 243.600006
10972 319.200012 244.800003
11032 319.200012 241.200012
10955 396.000031 339.600006
10988 387.600006 338.400024
11153 278.400024 325.200012
11090 355.200012 237.600006
10673 171.600006 439.200012
10650 165.600006 436.800018
10794 447.600006 204.000015
10858 422.400024 255.600006
10522 351.600006 237.600006
11062 265.200012 240.000015
11095 307.200012 232.800003
10938 334.800018 247.200012
10991 339.600006 242.400009
10383 458.400024 152.400009
10372 462.000031 147.600006
10917 396.000031 242.400009
10507 388.800018 242.400009
10837 244.800003 361.200012
11004 285.600006 237.600006
11128 279.600006 229.200012
11052 273.600006 236.400009
10944 343.200012 248.400009
10989 400.800018 242.400009
10890 378.0 247.200012
9843 380.400024 337.200012
10867 415.200012 254.400009
10856 406.800018 254.400009
10476 438.000031 372.0
10314 584.400024 171.600006
10730 579.600037 164.400009
10860 434.400024 226.800003
10743 456.000031 163.200012
11133 336.0 332.400024
11065 373.200012 337.200012
11034 366.0 336.0
11143 292.800018 326.400024
11156 266.400024 204.000015
11073 262.800018 202.800003
10679 186.0 451.200012
10724 46.800003 434.400024
10390 31.200001 429.600006
10356 501.600006 164.400009
10774 453.600006 219.600006
10657 601.200012 63.600002
10734 594.0 93.600006
10297 622.800049 456.000031
10756 633.600037 391.200012
10451 538.559998 378.720001
10305 200.400009 198.000015
10836 426.240021 252.000015
10786 452.160004 165.600006
10999 315.360016 240.480011
10962 311.040009 240.480011
10849 381.600006 252.000015
10947 385.920013 247.680008
10942 403.200012 338.400024
10960 398.880005 335.52002
10857 394.560028 247.680008
11070 335.52002 331.200012
10487 246.240005 360.0
10764 473.76001 152.639999
10765 460.800018 148.320007
11132 321.120026 328.320007
11043 288.0 243.360016
11131 328.320007 234.720016
11081 313.920013 208.800003
6705 64.800003 429.120026
10974 354.240021 237.600006
10853 421.920013 256.320007
10542 368.640015 239.040009
9845 368.640015 227.520004
10992 306.720001 240.480011
11025 303.840027 240.480011
10882 349.920013 249.12001
10883 347.040009 243.360016
11022 299.52002 239.040009
10979 394.560028 338.400024
11042 332.640015 234.720016
10518 384.480011 240.480011
11072 273.600006 236.160004
11087 269.279999 236.160004
11182 275.040009 228.960007
10881 421.920013 252.000015
11007 331.200012 241.920013
11079 296.640015 239.040009
11014 292.320007 237.600006
10966 285.120026 236.160004
11035 277.920013 236.160004
11126 279.360016 228.960007
10838 401.76001 249.12001
10949 407.52002 241.920013
10990 400.320007 241.920013
10832 410.400024 249.12001
10905 416.160004 243.360016
10900 365.76001 250.560013
10910 370.080017 246.240005
10509 334.080017 247.680008
10513 393.120026 240.480011
10670 593.280029 93.600006
10664 171.360001 439.200012
10308 164.160004 434.880005
11178 285.120026 213.12001
10630 328.320007 329.76001
11096 372.960022 335.52002
10537 357.120026 334.080017
11119 292.320007 325.440002
10746 456.480011 162.720001
10814 432.000031 250.560013
11135 264.960022 231.840012
10695 185.76001 450.720032
10748 31.68 429.120026
11161 277.920013 324.0
11068 257.76001 342.720001
10776 453.600006 218.880005
10660 600.480042 63.360001
10279 588.960022 112.320007
10453 439.200012 328.320007
10412 383.040009 408.960022
10456 480.960022 374.400024
10735 469.440033 86.400002
11094 285.120026 236.736023
11151 278.208038 229.82402
11039 269.568024 235.008026
10485 247.104019 359.424042
10893 252.288025 350.784027
11108 288.576019 238.46402
11165 266.11203 203.904022
11130 260.92804 203.904022
11103 342.144043 331.776031
10981 279.936035 245.376022
11041 364.608032 335.232025
10516 418.176025 340.416046
10927 361.152039 238.46402
11064 354.240021 236.736023
10627 302.400024 231.552017
11019 349.05603 250.560028
9854 347.328033 236.736023
10904 411.264038 243.648026
11115 298.944031 240.192017
11144 292.032013 324.864044
10499 302.400024 247.104019
11083 307.584015 240.192017
10478 426.81604 245.376022
10489 419.904053 245.376022
11018 326.592041 248.832031
10911 333.504028 248.832031
10931 335.232025 243.648026
10894 361.152039 247.104019
10847 357.696045 250.560028
10906 354.240021 243.648026
10936 407.808044 243.648026
10892 400.896027 245.376022
10913 393.984039 248.832031
10934 392.256042 241.920029
10541 388.800049 241.920029
10951 378.432037 247.104019
10897 383.616028 240.192017
10524 376.704041 240.192017
11031 311.040039 247.104019
10417 366.336029 402.624023
10436 361.152039 407.808044
10464 437.184052 371.52005
10693 592.704041 93.312012
11118 264.384033 233.280029
11024 273.024017 243.648026
10854 428.544037 226.368027
10365 461.376038 146.88002
10861 414.720032 255.744019
10553 314.496033 207.360016
10707 190.080017 428.544037
10662 164.160019 435.456055
11084 264.384033 241.920029
11114 271.296021 319.680023
10296 578.880066 164.160019
10654 599.616028 63.936005
9737 445.824036 373.248047
11059 393.984039 340.416046
6140 381.888031 406.080048
10441 539.136047 380.160034
10806 480.384033 374.976044
10733 470.016052 86.400009
10377 514.944031 171.072021
10767 473.472046 153.792007
10700 221.184021 437.184052
9758 427.161652 250.90564
10495 427.161652 248.832031
10868 410.572845 246.758438
10723 43.545605 435.456055
9292 39.398407 433.382446
11046 261.273651 203.21283
9822 364.953644 252.979233
10984 333.84964 250.90564
10824 423.014465 257.126434
10871 385.689667 246.758438
10432 447.897675 201.139221
10492 433.382446 223.948837
10920 429.23526 226.02243
11010 265.420837 232.243225
11147 267.494446 223.948837
11164 313.113647 207.360031
11180 284.083252 213.580826
10409 462.412872 149.299225
10948 402.278442 238.464035
11061 383.616058 238.464035
10474 447.897675 375.736359
10818 437.529663 371.174438
10506 429.23526 367.027252
10508 418.867249 337.996857
10677 593.049683 93.312012
10651 599.270508 51.840008
10367 514.252869 170.035217
11021 265.420837 240.537628
10714 221.875229 435.456055
10503 246.758438 358.732849
10782 358.732849 406.425659
10742 470.707275 87.091209
6262 580.608093 161.740829
10438 597.196899 387.763245
10546 271.226929 223.948837
10533 266.250275 223.948837
10551 283.668518 213.995544
10805 435.456055 370.759735
5674 656.916565 398.131256
10800 432.967743 223.948837
10691 189.11235 427.991089
6126 380.713013 408.084534
10671 589.731934 94.556175
10406 455.36261 149.299225
10355 515.082336 169.20578
11049 263.761963 243.855392
10696 62.208008 430.479431
6106 470.292542 87.091209
10674 579.778625 161.740829
10424 594.708557 388.177979
11150 268.738617 214.990891
10357 456.855652 155.271194
11129 376.23407 226.93483
10475 435.953735 253.808685
10458 426.995789 250.822708
6272 429.981781 367.276093
10493 424.009796 361.304138
9863 268.738617 328.458313
10552 271.724609 316.514374
10484 265.752625 241.864746
10528 268.738617 232.906799
10535 268.738617 223.948837
9829 361.304138 235.892776
10531 301.584442 220.96286
11152 316.514374 209.018921
10460 247.836716 358.318146
10465 447.897675 373.248077
10449 438.939728 241.864746
5666 656.916626 397.135956
10750 471.785553 86.593552
10699 579.281006 152.285217
10292 576.892212 161.243179
10472 419.232239 247.239532
6151 404.899536 257.989075
10469 447.897705 372.650879
11141 268.738617 232.906799
10540 268.738617 222.157257
9868 361.901337 232.906799
11157 315.319977 207.824539
9837 297.404083 211.407715
9840 300.987244 222.157257
11088 283.07135 211.407715
10669 587.641785 96.745903
10277 590.400024 116.400002
11117 347.0 237.0
10889 295.200012 148.800003
10929 416.0 244.0
10957 417.0 242.0
10935 404.0 243.0
10928 418.0 343.0
11145 272.0 324.0
10527 403.0 341.0
10754 456.0 149.0
10762 482.0 408.0
11028 289.0 242.0
10761 454.0 154.0
10919 427.200012 247.200012
10964 354.0 244.800003
10843 415.0 251.0
10895 381.600006 247.200012
10982 366.0 239.0
10987 319.200012 241.200012
9862 292.800018 326.400024
10841 429.120026 254.880005
11047 262.0 208.0
11071 417.600006 342.0
10995 251.0 354.0
10835 422.400024 252.000015
10844 358.800018 249.600006
10625 280.800018 242.400009
10702 189.600006 430.800018
11092 300.960022 210.240005
5921 186.0 452.0
10768 633.600037 390.240021
10870 374.400024 250.560013
10986 410.400024 341.279999
10862 414.000031 250.800003
10945 311.040009 244.800003
10915 358.800018 244.800003
10899 394.800018 248.400009
10998 303.600006 240.000015
11037 372.960022 240.480011
11163 266.400024 205.920013
11058 295.200012 244.800003
10996 387.360016 336.960022
11154 272.400024 228.000015
10926 388.800018 241.920013
11097 364.320007 335.52002
11123 300.0 327.600006
11050 339.840027 234.720016
11063 403.200012 339.840027
10791 462.412872 149.299225
11085 350.784027 236.736023
10543 309.312042 233.280029
11124 316.22403 235.008026
11120 313.920013 233.280014
10873 326.592041 248.832031
11033 338.688019 241.920029
11099 276.480042 236.736023
10977 317.952026 247.104019
11057 330.048035 241.920029
10896 369.792023 245.376022
10828 390.528046 252.288025
10941 388.800049 241.920029
10908 361.152039 245.376022
10708 475.200012 46.080002
10401 447.897675 201.139221
10703 190.080002 427.680023
5780 63.936005 430.272034
10685 200.160004 197.280014
10842 416.793671 246.758438
10834 381.888031 252.288025
6252 430.272034 366.336029
10770 454.118469 153.446426
11174 260.92804 203.904022
10663 170.035217 435.456055
9258 62.208008 430.479431
11177 267.494446 203.21283
10450 435.953735 244.850739
9706 360.806458 408.084534
10467 418.037842 334.430267
10488 429.23526 226.02243
10286 584.058594 157.659988
10556 265.155426 247.239532
11140 367.276093 226.93483
10418 458.647247 150.493622
11173 331.444275 328.458313
6263 430.479431 365.783081
10523 244.850739 361.304138
11127 365.484528 225.740448
