862
3.35 -1.01 1.49 -0.0115 0.323 0.118 0.939 
10393 274.0 133.0
10959 241.0 215.0
10943 143.0 231.0
10961 200.0 219.0
10451 372.0 307.200012
10363 294.0 120.0
10288 410.0 359.0
10476 292.0 327.0
10811 328.0 318.0
10918 84.0 386.0
10453 288.0 288.0
11170 102.0 337.0
11003 65.0 243.0
10692 378.0 122.0
10283 379.0 80.0
10826 284.0 326.0
10955 248.0 311.0
10889 84.0 126.0
10429 411.0 301.0
10653 381.0 40.0
10766 263.0 376.0
10344 331.200012 133.200012
10858 256.800018 220.800003
10922 248.400009 214.800003
10944 168.0 234.000015
10513 217.200012 217.200012
10856 220.800003 228.000015
10949 232.800003 216.000015
10319 282.0 57.600002
10303 378.0 122.400002
10276 379.200012 80.400002
10374 277.200012 126.000008
10527 248.400009 310.800018
9741 291.600006 327.600006
11065 208.800003 318.0
9862 121.200005 333.600006
11067 192.0 321.600006
10855 255.600006 193.200012
11109 117.600006 192.0
11013 188.400009 208.800003
10438 411.600006 301.200012
10657 381.600006 39.600002
10850 256.320007 218.880005
10881 252.000015 214.560013
11138 67.68 228.960007
11012 240.480011 214.560013
10990 224.640015 216.000015
11014 103.680008 227.520004
9841 118.080002 237.600006
11048 128.160004 224.640015
10509 148.320007 236.160004
11037 191.520004 218.880005
11055 182.880005 220.320007
10849 220.320007 228.960007
10502 216.000015 216.000015
11008 200.160004 218.880005
11000 174.240005 220.320007
11042 165.600006 221.76001
10651 381.600006 34.560001
10296 377.280029 122.400002
10464 290.880005 326.880005
5657 447.840027 292.320007
5661 547.200012 256.320007
10893 83.520004 384.480011
11015 97.920006 240.480011
11153 102.240005 335.52002
6290 535.679993 181.440002
10979 247.680008 309.600006
10535 60.480003 224.640015
11097 200.160004 318.240021
10383 277.920013 126.720001
4622 586.080017 401.76001
10860 254.880005 192.960007
11122 116.640007 192.960007
9845 187.200012 207.360016
10146 394.560028 446.400024
10441 371.52002 306.720001
10412 260.640015 374.400024
10436 240.480011 381.600006
10377 331.200012 132.480011
11124 127.872009 224.640015
9815 184.896011 233.280029
11053 191.808014 219.456024
10974 183.168015 219.456024
9797 221.184021 229.82402
10941 216.000015 216.000015
10518 207.360016 217.728027
11094 93.312012 228.096024
10946 174.528015 221.184021
10929 240.192017 214.272018
10541 224.640015 216.000015
10911 148.608017 236.736023
10978 138.240021 236.736023
11110 146.88002 222.912018
5548 459.648041 364.608032
6880 470.016052 381.888031
5608 532.22406 286.848022
10279 378.432037 79.488007
10654 380.160034 39.744003
9737 300.672028 326.592041
11119 120.960014 331.776031
11151 67.392006 229.82402
10818 285.120026 324.864044
10942 247.104019 309.312042
10519 108.864014 240.192017
11043 86.400009 241.920029
10534 183.168015 321.40802
11096 224.640015 314.496033
10973 216.000015 314.496033
11155 76.032005 207.360016
10050 445.824036 437.184052
5620 566.784058 209.088013
6262 378.432037 122.688011
10428 371.52005 307.584015
9592 274.752014 442.368042
10417 240.192017 381.888031
10733 281.664032 58.752007
10355 331.776031 133.056015
10945 118.195213 238.464035
10627 103.680016 226.02243
10834 203.21283 232.243225
11019 176.256027 234.316833
5542 466.560059 364.953644
10499 107.827217 240.537628
10505 87.091209 242.611237
10401 273.71524 174.182419
10474 300.672028 325.555237
6299 588.902466 138.931213
5652 557.798462 387.763245
9762 277.862427 294.451233
10516 261.273651 304.819244
5666 449.971252 292.377655
10409 277.862427 126.489616
11063 238.464035 308.966431
5562 649.036865 155.52002
10919 255.052841 217.728027
10492 255.052841 190.771225
10861 238.464035 228.096039
10828 221.875229 230.169632
9825 157.593628 234.316833
10977 128.563217 238.464035
11164 116.121613 192.844833
6251 377.395264 120.268814
10677 377.395264 66.355209
10503 85.017609 383.616058
6940 467.80423 129.392654
6939 465.315918 126.904335
11180 74.649612 206.530594
5692 447.897675 291.133484
9822 184.135712 233.902115
10873 159.252502 236.390427
6269 627.056702 345.876526
6126 258.785309 375.736359
10770 276.203552 126.904335
10625 97.044495 241.367081
9758 253.80867 218.972198
10552 94.556175 340.899902
10493 276.203552 323.481659
10539 67.184647 233.902115
11112 184.135712 204.042267
5623 659.404907 293.621796
3851 587.243591 403.10791
6327 612.126831 194.088989
10854 246.343719 194.088989
10465 301.086761 325.969971
10292 375.736359 119.439377
10488 253.808685 191.103012
10432 271.724609 173.187103
3821 591.224915 280.682556
10407 271.724609 140.341278
10836 253.808685 217.976868
11010 77.635597 232.906799
10540 59.719692 223.948837
10551 74.649612 206.032928
5674 450.883667 292.626495
10416 415.051849 304.570435
10750 283.668549 59.719692
10920 244.850739 197.074982
11152 116.4534 194.088989
10460 83.607567 382.206024
10469 301.584442 325.472321
10699 376.23407 119.439384
9868 197.074982 204.241348
11129 193.491806 200.658173
6102 283.07135 125.411354
10556 68.080452 232.906799
10528 68.080452 225.740448
9829 182.742264 214.990891
11127 182.742264 204.241348
11150 75.246811 207.824539
10472 250.822708 218.574081
10500 283.07135 318.903168
6263 275.904999 322.486359
10475 265.155426 225.740448
11157 114.661812 193.491806
9863 93.16272 343.985443
5603 612.72406 193.491806
3876 587.641785 243.656357
10358 294.0 120.000008
11028 98.0 240.0
11134 167.0 326.0
11172 118.0 191.0
11060 192.0 219.600006
10877 220.800003 228.000015
11062 65.0 243.0
10917 224.400009 216.000015
10456 328.800018 318.0
10719 382.0 129.0
10096 396.000031 454.800018
11116 174.240005 220.320007
10912 194.400009 230.400009
10882 177.12001 233.280014
10991 162.0 229.200012
10921 139.200012 236.400009
11131 138.0 224.400009
10485 84.672005 385.344025
6902 255.744019 219.456024
10988 232.800003 313.200012
10537 200.160004 318.240021
11070 175.680008 322.559998
11133 166.800003 325.200012
10402 272.160004 174.240005
10870 203.040009 230.400009
10926 216.000015 216.000015
10424 410.400024 300.960022
9577 276.0 442.800018
10413 240.000015 382.800018
10630 165.888016 323.136017
10905 240.480011 214.560013
9843 216.000015 314.496033
10900 194.400009 231.840012
10984 158.400009 234.720016
11085 165.888016 221.184021
6272 283.680023 325.440002
11086 183.168015 321.40802
11064 174.528015 221.184021
10847 185.76001 231.840012
6296 535.680054 183.168015
5585 589.248047 138.240021
10981 86.400009 241.920029
11079 112.320007 233.280029
10388 418.037811 320.993317
10506 285.120026 324.864044
10150 393.984039 445.824036
5650 542.453857 380.713013
6106 284.083252 58.060806
11049 64.281609 242.611237
3809 661.893188 400.619568
5604 590.976074 279.936035
3361 694.241394 243.855392
10514 171.694107 226.437149
10418 283.668549 116.4534
10508 261.273651 301.086761
6297 275.904999 322.486359
11140 182.145065 203.046951
3826 648.555847 154.076813
