865
3.23 -1.03 1.67 -0.0289 0.352 0.122 0.928 
11062 27.6 226.800003
10939 223.200012 199.200012
11008 174.0 204.000015
10344 308.400024 116.400002
10429 388.0 286.0
10918 53.0 375.0
10453 264.0 273.600006
10476 268.0 313.0
6252 260.400024 312.0
10491 230.400009 180.0
10737 348.0 87.0
10283 356.400024 63.600002
10653 359.0 22.0
10030 423.0 417.0
10548 175.0 306.0
10901 144.0 213.0
10974 156.0 206.0
10451 348.480011 292.320007
10319 256.800018 38.400002
10990 199.200012 201.600006
11013 160.0 192.0
10959 216.000015 200.400009
10957 213.600006 198.000015
10811 306.0 303.600006
10692 355.200012 106.800003
10438 387.600006 285.600006
10464 268.800018 313.200012
4622 556.800049 380.400024
10942 223.200012 296.640015
10955 216.000015 298.800018
10412 238.800003 360.0
10276 355.680023 63.360001
10657 358.800018 22.800001
11070 148.320007 309.600006
10997 192.0 303.600006
10363 270.720001 102.240005
10374 253.200012 108.000008
10881 232.0 205.0
10856 204.000015 212.400009
11131 108.000008 208.800003
10911 129.600006 218.880005
11060 165.0 205.0
5585 561.600037 125.280006
10441 349.200012 292.800018
10415 274.800018 351.600006
10050 423.360046 416.448029
10377 308.160004 116.640007
10424 387.072021 285.120026
11153 70.560005 324.0
10436 217.440002 367.200012
11122 84.960007 175.680008
5608 506.304047 271.296021
5620 540.0 192.960007
10096 371.52005 433.728027
10296 354.240021 105.408012
10279 355.968048 63.936005
10818 267.840027 312.768036
10979 216.000015 298.080017
11143 81.600006 322.800018
10510 230.400009 180.0
9843 191.520004 302.400024
11034 175.200012 306.0
6290 509.76001 167.040009
10850 231.600006 205.200012
10969 207.360016 200.160004
10900 167.616013 217.728027
10513 190.800003 201.600006
10502 181.440002 201.600006
11058 76.32 223.200012
10912 168.0 216.000015
10946 150.336014 205.632019
11116 146.400009 205.200012
9577 254.016022 426.81604
10735 257.472015 38.016003
10444 259.200012 223.200012
10485 52.800003 374.400024
11012 223.200012 198.720001
10905 214.560013 198.720001
10303 352.512024 107.136009
6880 445.824066 362.880066
11164 84.672005 176.256012
3851 557.280029 380.160004
10474 277.862427 311.040039
10506 260.640015 311.040009
6888 495.936035 134.784012
10409 252.288025 108.864014
10860 230.169632 178.32962
10854 223.948837 180.403229
10973 201.139221 300.672028
10534 149.299225 308.966431
11132 129.600006 312.768036
6902 231.552017 203.904022
10977 108.864014 221.184021
11050 126.489616 205.286423
10870 177.12001 214.560013
10989 198.720001 200.160004
10926 190.080002 201.600006
10882 148.608017 219.456024
10927 155.520004 204.480011
10367 307.584015 115.776009
10435 259.200012 222.912018
10487 53.568005 373.248047
11037 164.160019 203.904022
10542 155.52002 203.21283
9845 158.976013 191.808014
5657 425.088074 277.862427
9758 230.169632 203.21283
10936 199.065628 199.065628
10496 182.476822 201.139221
10834 186.624023 216.000015
10524 172.800018 202.176025
10518 181.440018 202.176025
6262 354.585663 105.753616
5623 628.300903 273.71524
6939 443.750458 114.048019
10394 248.832031 97.044495
10782 217.728027 367.027252
5652 518.400085 360.806458
6263 262.656036 311.040039
5542 430.272034 345.600037
10492 229.82402 179.712021
10401 252.979233 151.372818
3361 659.404907 226.437149
5633 669.772888 199.065628
10984 128.563217 219.801636
11124 97.459213 207.360031
9822 157.593628 215.654434
5561 584.75531 178.32962
9762 255.052841 279.936035
10428 349.05603 292.032013
9592 255.052841 425.088074
10733 257.126434 39.398407
10488 229.920807 179.159073
10460 52.254726 373.248047
6251 353.341492 104.509453
6272 261.273651 308.966431
5666 425.502777 276.203552
10842 219.801636 201.139221
10770 252.979233 107.827217
11061 167.961624 203.21283
6226 669.358154 199.065628
9829 152.285217 200.060959
10499 87.091209 223.948837
6269 594.708557 323.481659
5604 562.360413 263.761963
6299 561.945679 124.416016
10140 375.321655 427.161652
9571 253.80867 425.502777
10292 352.346191 101.523476
6940 444.911713 116.4534
5763 665.874573 152.285217
10478 228.925476 201.553955
3809 627.056702 375.736359
10846 223.948837 295.612457
10493 253.808685 310.542389
10508 235.892776 286.65451
3876 558.976318 229.323624
6102 247.836716 95.551506
11152 82.413177 175.575897
3821 561.365112 262.766632
10514 146.910446 207.824539
9868 154.076813 200.658173
10432 247.239532 157.659988
10836 229.323624 204.241348
4223 666.471802 200.658173
10448 229.323624 179.159088
10407 250.822708 116.4534
10498 235.892776 292.626495
10469 279.488159 308.153625
5603 584.058594 179.159088
5674 426.995789 277.696564
11157 83.607567 176.173096
10699 351.151794 100.329086
6942 455.064056 121.828178
3826 616.307251 139.74408
11028 59.0 221.0
10885 231.0 187.0
10766 240.0 362.0
11027 224.0 298.0
11016 208.0 301.0
10555 92.0 322.0
10277 356.0 64.0
10393 252.0 109.0
11015 58.800003 220.800003
11000 156.0 205.200012
10527 216.000015 298.800018
11134 130.800003 314.400024
10152 373.200012 427.200012
10877 186.0 213.600006
10917 190.080002 201.600006
10949 203.040009 201.600006
11053 164.160004 203.040009
11055 155.520004 204.480011
10146 374.400024 429.120026
5687 485.280029 322.559998
11086 148.320007 309.600006
11065 174.240005 305.279999
10754 249.12001 96.480003
9841 76.32 223.200012
10849 177.12001 214.560013
10456 305.279999 302.400024
6304 466.560028 118.080002
10666 347.328033 53.568005
11123 91.584007 319.680023
11096 191.808014 302.400024
10509 108.864014 221.184021
10983 76.032005 224.640015
11064 136.512009 205.632019
9797 186.624023 216.000015
6922 254.016022 279.936035
10741 120.268814 313.113647
10551 43.545605 190.771225
10941 182.476822 201.139221
10861 213.580826 213.580826
10828 203.21283 213.580826
10402 252.979233 151.372818
5548 429.23526 344.217651
10341 269.568024 101.606415
10981 41.472008 228.096039
10847 167.961624 217.728027
10873 107.827217 221.875229
11110 111.974419 207.360031
5637 561.945679 228.096039
10516 238.464035 290.304047
10503 53.913609 371.174438
10920 228.925476 176.670746
10465 278.691895 311.040039
10495 233.902115 196.577301
11119 89.579529 313.528351
10418 256.296997 106.997772
10512 199.065628 199.065628
10505 52.254726 226.437149
10627 64.696327 211.507233
9825 119.439377 221.46051
11129 164.229156 185.131042
10805 280.682556 310.542389
10552 71.663628 322.486328
