886
1.73 -1.34 2.82 0.00376 0.534 0.207 0.82 
10485 275.0 44.0 256.326508 44.0
10481 270.0 43.0 251.364563 43.0
10516 282.0 104.0 264.088257 104.0
9944 135.0 107.0 110.836891 107.0
9909 188.0 95.0 165.684204 95.0
10376 310.0 91.0 290.846008 91.0
9442 113.0 302.0 89.314034 302.0
9789 328.0 330.0 308.59259 330.0
10606 297.0 279.0 280.547211 279.0
10544 200.0 354.0 178.159164 354.0
10579 272.0 197.0 255.633331 197.0
10553 276.0 147.0 258.381317 147.0
5653 376.800018 238.800003 357.690094 238.800003
10317 386.400024 207.600006 365.856354 207.600006
10282 180.0 45.600002 157.280365 45.600002
9890 187.200012 94.800003 164.661301 94.800003
9981 277.200012 306.0 258.531525 306.0
10536 106.800003 409.200012 79.927872 409.200012
9684 304.800018 430.800018 276.245331 430.800018
10032 255.600006 288.0 237.83786 288.0
9415 96.0 241.200012 71.269135 241.200012
10088 126.000008 349.200012 103.731888 349.200012
10696 116.400002 350.400024 93.678482 350.400024
10528 278.400024 99.600006 260.66452 99.600006
10473 274.800018 44.400002 256.319336 44.400002
10375 310.800018 91.200005 290.944946 91.200005
10598 272.400024 196.800003 255.372742 196.800003
10558 276.0 147.600006 258.629883 147.600006
10340 346.800018 168.0 326.963654 168.0
10087 125.280006 348.480011 103.429504 348.480011
10500 269.279999 43.200001 251.042831 43.200001
5691 341.279999 285.120026 323.601654 285.120026
10046 76.32 430.560028 48.179123 430.560028
10512 108.000008 411.840027 80.382225 411.840027
5593 587.52002 27.360001 558.408386 27.360001
9380 86.400002 171.360001 59.789566 171.360001
6399 443.52002 328.320007 423.824127 328.320007
10824 280.800018 240.480011 264.715942 240.480011
10905 66.240005 342.720001 43.391525 342.720001
10526 277.920013 99.360001 260.572723 99.360001
10490 239.040009 89.280006 219.274902 89.280006
10432 299.52002 102.240005 280.743988 102.240005
10552 276.480011 146.880005 259.083618 146.880005
10039 77.76001 430.272034 49.46051 430.272034
9408 107.136009 412.992035 79.364067 412.992035
5611 419.904053 98.49601 397.437256 98.49601
10814 290.304016 273.024017 274.793121 273.024017
5633 506.304047 139.968018 481.461975 139.968018
6220 651.456055 312.768036 624.91626 312.768036
6404 444.096039 328.320038 424.083557 328.320038
5710 501.120056 300.672028 479.429962 300.672028
5618 421.63205 186.624023 399.480103 186.624023
9500 65.664009 342.144043 43.044434 342.144043
9424 95.040009 241.920029 70.750587 241.920029
6367 112.320007 355.968048 89.539459 355.968048
10523 278.208038 100.224007 260.978119 100.224007
10476 269.568024 43.200005 251.086945 43.200005
5604 345.600037 167.616013 326.360382 167.616013
9918 186.624023 93.312012 164.008926 93.312012
9939 134.784012 107.136009 110.381798 107.136009
10459 304.819244 99.532814 286.618317 99.532814
10342 377.395264 238.464035 357.520844 238.464035
3391 385.689667 205.286423 366.020782 205.286423
9506 55.987209 346.29126 32.496841 346.29126
6277 599.270508 325.555237 574.501526 325.555237
5705 624.153687 203.21283 597.734253 203.21283
6219 617.932861 240.537628 590.748718 240.537628
5749 501.811279 300.672028 480.152832 300.672028
5062 688.435303 348.364838 662.016541 348.364838
5631 649.036865 80.870415 618.792236 80.870415
10530 105.753616 410.572845 78.163452 410.572845
6388 118.195213 346.29126 95.350723 346.29126
9915 186.624023 93.312012 163.541687 93.312012
9927 134.784012 105.753616 110.031761 105.753616
10072 215.654434 302.745636 198.382492 302.745636
6269 595.123291 346.29126 570.566956 346.29126
9444 134.369293 345.876526 112.979645 345.876526
6947 278.691895 99.532814 261.301056 99.532814
5699 681.799805 189.11235 652.063477 189.11235
10332 375.736359 238.878754 356.746857 238.878754
5754 597.196899 325.969971 573.019165 325.969971
6199 624.56842 204.042267 597.035156 204.042267
5639 539.965515 171.694107 515.00116 171.694107
4303 505.129028 141.834259 480.088348 141.834259
5797 432.967743 136.85762 411.032898 136.85762
5588 328.458282 328.458282 307.577332 328.458282
5788 427.991089 216.483871 406.887787 216.483871
3392 420.526154 186.624023 398.927124 186.624023
10010 104.509453 413.061188 76.897469 413.061188
4307 501.645416 167.215134 478.473236 167.215134
3772 453.869659 98.537491 429.142365 98.537491
4708 597.196899 325.472321 573.69989 325.472321
10533 283.668549 104.50946 266.00415 104.50946
6286 594.210938 346.374207 570.181885 346.374207
5703 376.23407 238.878769 357.03595 238.878769
6222 582.266968 122.425369 555.363892 122.425369
5567 361.304138 140.341278 341.093536 140.341278
5695 403.10791 322.486328 383.870331 322.486328
10078 134.369308 346.374207 114.20768 346.374207
5683 289.640503 271.724609 275.034698 271.724609
3784 451.480896 96.745903 426.814087 96.745903
5607 472.97998 408.482697 446.812225 408.482697
6951 283.07135 103.91227 265.893951 103.91227
10090 136.160904 343.985443 115.341476 343.985443
3779 447.897705 329.65271 427.793304 329.65271
5747 666.471802 250.822708 639.263611 250.822708
5659 401.316345 322.486359 382.192383 322.486359
5619 648.555847 82.413177 617.917114 82.413177
6342 182.742264 89.579544 160.013306 89.579544
4249 594.808167 343.985443 570.231812 343.985443
3799 598.391357 326.069519 573.611389 326.069519
9926 194.0 102.0 171.812225 102.0
10495 240.0 90.0 219.79538 90.0
9436 112.320007 300.960022 89.296997 300.960022
10514 193.200012 102.000008 171.836838 102.000008
10069 126.144012 349.05603 103.373871 349.05603
6330 135.360001 106.560005 110.538979 106.560005
9886 180.0 46.080002 157.207413 46.080002
5589 328.320038 330.048035 307.983948 330.048035
9887 186.624023 89.579529 163.837692 89.579529
10695 124.416016 348.364838 102.410942 348.364838
4653 465.813599 406.093903 438.166992 406.093903
10494 283.668549 104.50946 266.00415 104.50946
4706 447.897675 328.458313 427.941437 328.458313
5731 501.645416 300.987244 479.527252 300.987244
