919
-0.416 -1.47 3.2 -0.0311 0.742 0.289 0.604 
11299 325.0 124.0
11297 294.0 79.0
11409 216.0 66.0
11204 335.0 38.0
11580 230.0 239.0
11399 332.0 265.0
11474 297.0 242.0
11548 224.0 183.0
11256 289.0 44.0
11410 262.0 140.0
11715 146.0 288.0
11305 264.0 42.0
11358 212.400009 354.0
11532 129.600006 62.400002
11362 363.600006 279.600006
11411 332.400024 264.0
11408 211.200012 36.0
11356 229.200012 349.200012
11667 58.800003 331.200012
11758 44.400002 274.800018
11696 186.0 284.400024
11710 146.400009 288.0
10050 75.600006 385.200012
11367 258.0 99.600006
11273 325.200012 123.600006
11250 289.200012 44.400002
11553 223.200012 183.600006
11601 177.600006 190.800003
11640 111.600006 169.200012
11346 211.680008 354.240021
11286 370.080017 220.320007
5688 347.040009 198.720001
11498 205.920013 120.960007
11453 227.520004 102.240005
5029 426.240021 90.720001
5707 398.880005 244.800003
11575 241.920013 240.480011
5070 332.640015 241.920013
11434 331.200012 263.52002
11742 66.240005 275.040009
11375 257.76001 99.360001
11401 214.560013 67.68
11530 207.360016 148.320007
11485 188.640015 69.120003
11688 82.080002 155.520004
11603 185.76001 187.200012
11344 224.640015 349.05603
11321 207.360016 371.52005
5697 585.792053 103.680008
6134 463.104034 205.632019
5099 660.096069 141.696014
11565 241.920029 240.192017
11460 297.216034 241.920029
11660 60.480007 330.048035
11690 186.624023 285.120026
11702 145.152008 286.848022
11347 257.472015 100.224007
11786 217.728027 98.49601
11298 262.656036 41.472004
11272 288.576019 44.928005
11538 207.360016 148.608017
11306 333.504028 162.432022
11318 330.048035 184.896011
5620 82.944008 91.584007
11496 172.800018 44.928005
11689 82.944008 155.52002
5108 541.209656 203.21283
5669 561.945679 116.121613
4969 335.923248 126.489616
5072 427.161652 91.238411
5708 346.29126 196.992035
11345 201.139221 369.100861
5105 684.288086 282.009644
5193 483.148865 279.936035
4630 570.240051 74.649612
6284 242.611237 240.537628
6260 331.776062 263.347229
6880 60.134407 329.702454
11746 39.398407 265.420837
4622 188.697632 284.083252
11342 257.126434 99.532814
11252 288.230438 45.619205
5633 214.990891 68.677643
11566 242.611237 211.507233
5690 207.360031 149.299225
6229 333.84964 161.740829
5637 126.489616 126.489616
5561 130.636826 64.281609
11720 78.796814 196.992035
11681 82.944016 155.52002
11669 128.563217 209.433624
11608 176.256027 186.624023
11573 143.078415 161.740829
5622 373.248047 109.486099
5659 487.710785 114.462738
5078 447.897675 109.486099
6176 236.390427 348.364838
5718 679.311462 281.180206
11701 79.626251 199.065628
11672 189.11235 283.668518
5652 141.834259 288.645172
5194 455.36261 251.320358
11383 330.946594 263.761963
3809 241.367081 238.878754
11435 216.483871 97.044495
6226 213.995544 69.672974
5623 206.530594 149.299225
5604 144.322586 161.740829
11501 189.11235 92.067856
11494 201.553955 84.60289
11520 129.392654 64.696327
4631 447.897675 228.925476
5113 587.243591 99.532814
5691 554.895447 136.85762
5705 373.248047 161.740829
6200 333.434937 154.275864
4277 549.918823 206.530594
5183 549.918823 164.229141
5593 333.434937 124.416016
5636 348.364838 49.766407
3815 480.245819 166.717468
3804 677.818481 280.682556
3805 627.056763 253.808685
5584 125.411354 125.411354
6327 128.397339 62.705677
5709 627.056763 209.018921
11663 83.607567 155.271194
6188 235.892776 349.360199
4275 334.430267 125.411354
4280 588.238953 98.537491
3833 447.897675 110.48143
3817 426.995789 92.565521
6124 480.7435 167.215134
3832 426.398621 200.658173
3876 125.411354 125.411354
4575 232.906799 351.151794
11684 125.411354 207.824539
3821 143.327271 161.243179
5650 139.74408 286.654541
11630 189.90863 283.07135
3845 333.235901 125.411354
3841 548.226807 207.824539
4645 555.393127 132.577713
4281 426.398621 89.579544
3831 480.146332 168.409531
11406 294.0 209.0
11499 266.0 212.0
11384 324.0 239.0
11495 140.400009 37.200001
11586 227.520004 221.76001
11208 334.080017 36.0
11276 345.600006 180.0
11386 216.000015 345.600037
11314 168.480011 391.680023
11414 262.080017 138.240005
6269 200.448013 209.088013
6207 209.433624 354.585663
11361 344.217651 250.90564
11678 180.0 280.800018
11716 143.078415 286.15683
11274 332.640015 152.639999
11263 358.318115 204.042267
11692 126.904335 209.018906
11268 286.15683 49.766407
11319 155.52002 385.689667
11593 222.157257 182.742264
5677 77.635597 197.074982
11803 128.397339 209.018921
3851 188.117035 283.668549
11589 191.103012 235.892776
11514 207.824539 150.493622
11539 179.159073 125.411354
11579 240.073166 211.407715
