92
-0.000651 -0.00277 -0.000486 0.00117 8.32e-05 -0.000342 1 
72 249.600006 364.800018 218.215073 364.800018
28 494.400024 96.0 473.324829 96.0
109 537.600037 255.600006 517.205505 255.600006
26 548.0 170.0 527.56781 170.0
27 550.0 152.0 529.649658 152.0
15 594.0 358.800018 563.720093 358.800018
94 205.200012 120.000008 188.078323 120.000008
75 217.0 86.0 200.371094 86.0
23 657.0 179.0 635.666992 179.0
25 496.0 370.0 464.176849 370.0
34 209.0 153.0 191.438385 153.0
35 184.0 326.0 156.068665 326.0
36 193.0 318.0 166.48996 318.0
43 580.0 279.0 558.787903 279.0
97 127.200005 184.800003 111.539024 184.800003
19 589.0 158.0 570.099976 158.0
30 534.0 211.0 512.174072 211.0
48 547.0 103.0 525.131958 103.0
44 375.0 282.0 353.016724 282.0
47 344.400024 260.400024 324.481812 260.400024
125 508.800018 426.000031 471.26178 426.000031
53 414.0 321.0 387.358246 321.0
40 536.0 299.0 512.192078 299.0
41 87.600006 390.000031 52.243534 390.000031
55 673.0 318.0 646.778748 318.0
124 204.0 194.0 186.858063 194.0
58 598.0 299.0 574.969788 299.0
61 623.0 368.0 592.347229 368.0
10 456.0 295.0 432.757233 295.0
8 497.0 299.0 473.795197 299.0
62 517.200012 399.600006 482.157288 399.600006
67 406.0 88.0 385.739624 88.0
74 76.0 291.0 51.959808 291.0
78 93.0 90.0 76.145912 90.0
79 76.0 40.0 59.049633 40.0
81 122.0 156.0 106.779625 156.0
85 496.800018 298.800018 473.517761 298.800018
80 122.0 76.0 105.849579 76.0
115 530.400024 91.200005 508.463654 91.200005
29 245.0 426.0 206.576019 426.0
118 496.800018 368.400024 464.78244 368.400024
107 492.000031 288.0 469.015564 288.0
17 475.200012 276.0 453.636169 276.0
166 494.0 97.0 473.532898 97.0
106 657.600037 178.800003 636.126282 178.800003
134 637.200012 254.400009 616.875732 254.400009
122 555.600037 111.600006 534.668518 111.600006
120 210.000015 152.400009 192.516327 152.400009
131 182.400009 326.400024 154.656143 326.400024
132 193.200012 318.0 166.355423 318.0
128 691.200012 315.600006 665.663635 315.600006
138 438.000031 358.800018 407.352875 358.800018
52 406.0 329.0 378.744263 329.0
140 414.000031 321.600006 386.950684 321.600006
145 536.400024 298.800018 512.735352 298.800018
148 651.600037 328.800018 624.892822 328.800018
149 672.0 318.0 645.963867 318.0
143 364.800018 260.400024 344.340179 260.400024
144 344.0 259.0 324.217529 259.0
151 723.600037 277.200012 701.872864 277.200012
150 598.800049 298.800018 575.126892 298.800018
156 608.400024 334.800018 581.031494 334.800018
155 656.400024 267.600006 635.514648 267.600006
160 624.0 367.200012 593.220886 367.200012
93 534.0 211.200012 512.374695 211.200012
82 548.400024 171.600006 528.640808 171.600006
171 249.12001 364.320007 217.987045 364.320007
255 306.720001 430.560028 267.77182 430.560028
173 76.32 289.440002 51.862091 289.440002
21 276.0 84.0 259.487762 84.0
95 217.200012 86.400002 200.300415 86.400002
175 312.0 86.400002 296.020172 86.400002
178 92.400002 90.0 75.64798 90.0
179 75.600006 39.600002 58.713074 39.600002
263 74.304008 38.016003 57.039345 38.016003
91 130.800003 121.200005 115.480881 121.200005
393 124.416016 84.672005 108.478539 84.672005
195 138.240005 207.360016 122.662239 207.360016
187 554.400024 351.360016 522.987976 351.360016
114 548.640015 90.720001 527.228516 90.720001
201 473.76001 280.800018 451.466919 280.800018
192 537.119995 254.880005 516.804138 254.880005
198 691.200012 315.360016 665.605225 315.360016
209 437.76001 358.560028 406.932251 358.560028
207 604.800049 293.76001 581.25293 293.76001
202 580.320007 277.920013 558.297485 277.920013
212 522.720032 328.320007 495.794678 328.320007
191 518.400024 295.200012 494.88858 295.200012
45 351.600006 270.0 330.47879 270.0
139 406.800018 328.800018 379.392639 328.800018
204 413.280029 321.120026 386.242004 321.120026
211 159.840012 316.800018 133.0495 316.800018
221 86.400009 390.528046 50.953659 390.528046
227 584.640015 305.279999 560.541199 305.279999
228 555.840027 303.840027 531.895386 303.840027
219 201.600006 228.960007 185.357819 228.960007
220 205.920013 194.400009 188.408661 194.400009
224 650.880005 328.320007 624.183472 328.320007
230 604.800049 332.640015 577.004944 332.640015
234 715.680054 218.880005 693.872192 218.880005
239 623.52002 367.200012 593.038696 367.200012
240 424.800018 334.080017 397.172882 334.080017
241 456.480011 293.76001 433.553406 293.76001
247 405.600006 87.600006 385.954681 87.600006
251 548.640015 169.920013 527.920898 169.920013
252 259.200012 341.279999 229.868134 341.279999
253 204.480011 326.880005 176.405746 326.880005
104 244.800003 426.000031 206.255539 426.000031
172 307.200012 430.800018 268.300659 430.800018
258 106.560005 305.279999 80.939079 305.279999
259 76.032005 290.304016 51.746651 290.304016
174 275.040009 83.520004 259.008392 83.520004
185 217.440002 86.400002 200.165741 86.400002
262 92.160004 89.280006 75.160385 89.280006
181 122.400002 155.520004 106.606918 155.520004
189 501.120026 411.840027 464.954071 411.840027
267 499.737671 292.377655 475.245148 292.377655
340 138.240021 207.360016 122.673363 207.360016
196 133.919998 207.360016 118.255898 207.360016
275 575.424072 274.752014 553.8125 274.752014
283 632.448059 266.11203 612.314575 266.11203
280 196.992035 315.187256 170.249542 315.187256
286 696.384094 335.232025 669.355408 335.232025
278 516.672058 295.488037 494.06134 295.488037
297 551.577698 335.923248 522.523499 335.923248
298 585.792053 305.856018 561.163757 305.856018
299 556.416077 304.128021 532.311279 304.128021
225 663.840027 321.120026 638.041992 321.120026
289 653.184082 330.048035 626.365173 330.048035
290 649.036865 315.187256 623.700134 315.187256
203 406.080017 328.320007 378.931824 328.320007
292 374.976044 281.664032 352.922241 281.664032
293 362.880035 259.200012 342.044678 259.200012
294 343.87204 259.200012 325.062195 259.200012
287 85.017609 389.836853 49.661884 389.836853
295 452.736053 364.608032 421.811768 364.608032
300 634.176086 331.776031 605.979919 331.776031
301 603.072083 333.504028 575.015442 333.504028
310 623.808044 368.064026 593.272034 368.064026
311 641.088074 362.880035 609.813965 362.880035
190 549.504028 89.85601 528.153259 89.85601
244 563.040039 44.640003 541.079163 44.640003
321 466.560059 96.768005 446.625854 96.768005
249 532.800049 210.240005 511.215454 210.240005
324 259.200043 342.144043 230.327759 342.144043
325 373.248047 409.536041 337.177704 409.536041
260 274.752014 82.944008 258.213226 82.944008
331 217.728027 86.400009 200.410095 86.400009
332 236.736023 79.488007 218.426193 79.488007
266 311.040009 86.400002 295.71106 86.400002
335 202.176025 229.82402 185.891846 229.82402
336 91.584007 89.85601 74.86248 89.85601
339 128.563217 74.649612 112.842506 74.649612
436 464.48645 391.910461 430.101624 391.910461
344 497.664062 369.100861 466.033447 369.100861
380 524.62085 329.702454 498.111725 329.702454
400 537.0625 296.524841 514.551392 296.524841
342 614.615112 293.621796 591.55011 293.621796
363 375.736359 276.203552 354.110748 276.203552
365 346.29126 261.273651 326.229523 261.273651
357 680.832092 311.040039 656.774902 311.040039
448 167.961624 327.628845 140.947998 327.628845
349 182.476822 311.040039 156.223724 311.040039
291 406.080048 328.320038 378.944885 328.320038
351 400.204865 317.260834 373.258911 317.260834
366 84.60289 390.66629 49.271076 390.66629
358 549.918823 335.923248 521.220276 335.923248
359 586.828857 304.819244 561.733398 304.819244
360 557.798462 302.745636 533.507812 302.745636
288 665.28009 321.40802 638.819702 321.40802
368 603.417664 331.776062 575.623474 331.776062
369 615.859314 294.451233 592.865784 294.451233
372 686.361694 269.568024 665.853943 269.568024
370 667.69928 269.568024 647.130493 269.568024
307 649.036865 203.21283 628.274841 203.21283
379 425.088074 333.84964 398.248993 333.84964
382 487.296082 271.641632 464.672943 271.641632
383 489.369659 416.793671 451.726044 416.793671
316 549.504089 89.16481 528.448425 89.16481
164 563.328064 43.200005 540.948486 43.200005
385 410.572845 87.091209 391.844421 87.091209
386 467.80423 97.044495 447.653748 97.044495
333 311.040039 86.400009 295.678711 86.400009
396 203.21283 138.931213 184.887634 138.931213
398 258.785309 343.388214 229.981857 343.388214
422 452.874298 363.294769 421.651215 363.294769
404 368.271423 276.203552 346.400085 276.203552
406 345.876526 261.273651 326.365906 261.273651
356 686.361694 325.555237 659.875 325.555237
418 681.799805 311.040039 657.112244 311.040039
367 634.521667 331.776062 606.948181 331.776062
420 116.951057 358.318115 84.27095 358.318115
350 406.425659 327.628845 379.898499 327.628845
412 405.596222 308.551727 380.266388 308.551727
414 555.393127 331.444275 529.333862 331.444275
426 584.75531 306.063416 560.664551 306.063416
415 557.383789 303.575073 533.376892 303.575073
424 602.173523 333.434937 573.875671 333.434937
428 627.056702 263.761963 605.137146 263.761963
429 589.731934 355.829803 559.928711 355.829803
431 701.70636 340.899902 674.131653 340.899902
432 425.502777 333.434937 397.311737 333.434937
381 497.664062 293.621796 474.618469 293.621796
434 525.035583 271.226929 502.536438 271.226929
435 485.222473 271.226929 463.056549 271.226929
439 641.986633 106.997772 622.594116 106.997772
443 400.619568 87.091209 381.973969 87.091209
445 373.248047 296.110107 349.049438 296.110107
388 273.71524 82.944016 257.267212 82.944016
390 78.796814 53.913609 61.592625 53.913609
391 203.21283 120.268814 185.935974 120.268814
338 132.710419 120.268814 116.951057 120.268814
451 121.927696 201.553955 106.516296 201.553955
452 121.927696 151.787537 105.965454 151.787537
453 199.065628 218.972198 182.468796 218.972198
454 136.85762 209.018906 121.375587 209.018906
387 74.649612 288.645172 51.973385 288.645172
446 259.78067 343.388214 230.255356 343.388214
459 692.748413 253.808685 671.773499 253.808685
460 665.874573 253.808685 645.193848 253.808685
465 603.168884 334.430267 573.801636 334.430267
470 632.033386 330.946594 603.989441 330.946594
471 653.930603 310.542389 627.741943 310.542389
410 639.000671 301.584442 614.15863 301.584442
476 408.482697 85.996361 393.448334 85.996361
511 261.572266 343.985443 230.57547 343.985443
474 273.71524 82.114571 257.153564 82.114571
473 515.978149 100.329086 494.290985 100.329086
525 200.658173 214.990891 183.280029 214.990891
395 137.355286 209.018921 121.298798 209.018921
482 122.425369 152.285217 106.448715 152.285217
475 549.421143 89.579536 528.368958 89.579536
450 204.042267 119.439377 185.772293 119.439377
392 134.369293 121.927696 119.409325 121.927696
484 624.070801 394.149963 585.90625 394.149963
486 641.389526 361.901337 611.242493 361.901337
491 373.248077 292.626495 348.629272 292.626495
492 346.374207 262.766632 326.79834 262.766632
489 591.224915 355.332153 560.493958 355.332153
493 197.074982 316.514374 169.776505 316.514374
494 426.995789 334.430267 398.580231 334.430267
495 409.079895 328.458313 380.994781 328.458313
498 498.659424 292.626495 475.514435 292.626495
499 525.533264 271.724609 503.249878 271.724609
545 483.729492 271.724609 461.815491 271.724609
500 516.575317 352.346191 487.466888 352.346191
505 650.944641 182.145065 630.285156 182.145065
417 671.846497 325.969971 644.884705 325.969971
536 408.482697 326.069519 380.757538 326.069519
516 558.976318 322.486359 532.34906 322.486359
517 555.393127 329.65271 530.425232 329.65271
518 566.1427 286.654541 541.679016 286.654541
523 429.981781 361.901337 398.4617 361.901337
524 455.064056 354.734985 422.771881 354.734985
449 274.710571 80.621582 258.167053 80.621582
480 203.046951 119.439384 184.672943 119.439384
532 347.568604 261.572266 327.553833 261.572266
533 555.393127 111.078629 536.090759 111.078629
534 537.477234 85.996361 512.908752 85.996361
538 587.641785 354.734985 558.832153 354.734985
539 548.226807 333.235901 518.763123 333.235901
540 197.074982 315.319977 167.621674 315.319977
543 515.978149 293.820892 492.490356 293.820892
544 523.144531 268.738617 499.972931 268.738617
501 465.813599 369.067719 433.658783 369.067719
549 562.559509 275.904999 541.385437 275.904999
508 671.846497 325.472321 645.586487 325.472321
408 630.639954 329.65271 602.982422 329.65271
515 670.054993 229.323624 648.707397 229.323624
169 327.0 331.0 299.130615 331.0
5 317.0 379.0 283.797333 379.0
76 312.0 87.0 291.850281 87.0
129 135.600006 207.600006 119.963249 207.600006
238 679.200012 204.000015 657.544312 204.000015
168 259.200012 340.800018 230.358429 340.800018
199 699.840027 181.440002 678.564758 181.440002
270 721.440002 146.880005 698.690125 146.880005
348 200.448013 321.40802 173.980652 321.40802
296 435.456055 357.696045 405.098602 357.696045
303 622.080078 295.488037 598.531982 295.488037
323 547.776062 169.344009 527.395203 169.344009
341 120.960014 153.792007 105.898407 153.792007
354 435.456055 356.659241 405.061737 356.659241
264 132.710419 120.268814 116.951057 120.268814
375 644.474976 226.437149 624.192383 226.437149
485 701.70636 340.899902 674.131653 340.899902
441 547.430481 169.20578 527.135986 169.20578
551 400.121918 86.593552 380.380981 86.593552
330 275.904999 78.829994 259.321716 78.829994
528 505.228607 103.91227 483.636902 103.91227
529 200.658173 121.828178 182.472855 121.828178
462 415.649078 347.568604 387.38443 347.568604
