932
-1.31 -1.48 3.33 -0.0256 0.802 0.303 0.514 
12050 543.0 102.0
12304 617.0 192.0
12363 563.0 290.0
12311 393.0 318.0
12085 581.0 66.0
12360 555.0 277.0
12262 258.0 313.0
12031 237.0 146.0
11890 113.0 95.0
12312 566.0 227.0
12267 571.0 205.0
12278 544.0 224.0
12265 377.0 282.0
12221 411.0 247.0
12141 559.0 111.0
12030 452.0 106.0
12255 446.0 269.0
12284 449.0 245.0
12188 506.0 168.0
11384 246.0 284.0
11327 273.0 240.0
11354 255.0 260.0
11316 241.0 197.0
12115 581.0 342.0
11865 378.0 440.0
11867 473.0 442.0
12139 601.0 83.0
12220 697.0 108.0
12197 496.0 198.0
11474 214.0 289.0
11362 294.0 328.0
11899 77.0 108.0
11297 194.0 94.0
12140 411.600006 181.200012
11207 244.800003 56.400002
12086 580.800049 75.600006
12369 562.800049 289.200012
12001 493.200012 60.000004
11941 472.800018 27.6
12119 314.400024 205.200012
11975 294.0 134.400009
12377 292.800018 274.800018
12024 390.000031 120.000008
12258 571.200012 205.200012
12231 336.0 282.0
12218 591.600037 157.200012
11951 271.200012 110.400002
12000 452.400024 106.800003
12051 442.800018 105.600006
11993 433.200012 75.600006
11985 338.400024 92.400002
12175 255.600006 260.400024
12108 253.200012 217.200012
11977 314.400024 100.800003
12134 582.0 342.0
11871 556.800049 420.000031
12332 426.000031 315.600006
12336 484.800018 267.600006
12131 601.200012 82.800003
12214 697.200012 108.000008
12198 434.400024 183.600006
11411 258.0 313.200012
12292 372.0 306.0
11499 170.400009 256.800018
12215 64.800003 355.200012
11678 61.200001 352.800018
12006 198.000015 164.400009
12118 368.400024 190.800003
11876 64.800003 64.800003
11468 166.800003 226.800003
11988 348.480011 119.520004
12026 354.240021 102.240005
12044 73.440002 233.280014
12299 565.920044 224.640015
11980 468.000031 76.32
12167 144.0 293.76001
12236 444.960022 226.080002
12205 313.920013 256.320007
12155 468.000031 165.600006
12152 493.920013 158.400009
12091 498.240021 108.000008
12184 246.240005 282.240021
11949 99.360001 154.080002
11972 313.920013 100.800003
12065 433.440002 105.120003
12025 429.120026 99.360001
12132 273.600006 226.080002
12093 252.000015 217.440002
11955 270.720001 110.880005
5718 617.932861 290.304047
11843 695.52002 427.680023
12022 717.120056 349.920013
12323 508.320007 270.720001
11863 377.280029 439.200012
11967 417.600006 397.440002
12143 600.480042 82.080002
12117 574.559998 97.920006
12021 607.680054 47.52
12137 649.440002 80.639999
12111 648.0 72.0
12056 527.040039 110.880005
11399 257.76001 312.480011
11447 213.12001 288.0
12241 335.52002 282.240021
11567 142.560013 295.200012
11230 227.520004 83.520004
11928 244.800003 56.160004
11926 368.640015 47.52
11299 237.600006 146.880005
11903 54.720001 136.800003
11524 43.200005 131.328018
11984 314.496033 100.224007
12032 354.240021 103.680008
11545 93.312012 226.368027
12240 412.992035 266.11203
12125 252.288025 217.728027
12028 459.648041 105.408012
12204 285.120026 269.568024
12080 701.568054 340.416046
12309 637.63208 302.400024
11900 556.416077 419.904053
11841 696.384094 428.544037
11859 667.008057 406.080048
5193 426.81604 314.496033
12354 532.22406 316.22403
12352 508.032043 271.296021
12161 575.424072 96.768005
12290 565.05603 224.640015
5697 527.040039 112.320007
11962 471.744049 32.832005
12069 419.904053 138.240021
12097 464.832031 139.968018
11434 257.472015 312.768036
12296 293.76004 328.320038
5707 335.232025 281.664032
11628 74.304008 286.848022
11601 43.200005 240.192017
11575 139.968018 295.488037
11696 65.664009 355.968048
11352 134.784012 445.824036
11917 279.936035 62.208008
11208 241.920029 46.656006
11892 297.216034 48.384003
12079 333.504028 150.336014
11891 77.76001 108.864014
11409 84.672005 77.76001
11426 63.936005 63.936005
11288 193.536011 95.040009
12316 566.092896 223.948837
12107 468.633667 126.489616
11970 294.451233 134.784012
12054 418.867249 124.416016
5105 620.00647 294.451233
12202 673.920105 321.408051
11837 698.803284 427.161652
12326 491.443268 252.979233
12260 657.331299 132.710419
12237 590.976074 155.52002
12046 387.763245 114.048019
12052 526.694458 111.974419
12007 468.633667 74.649612
11389 267.494446 288.230438
12306 298.59845 323.481659
12382 74.649612 286.15683
11526 167.961624 244.68483
11386 114.048019 437.529663
11910 240.537628 43.545605
5029 356.659241 103.680016
11278 269.568024 213.580826
11401 85.017609 78.796814
11887 180.403229 64.281609
11298 149.299225 49.766407
11551 91.238411 209.433624
11603 43.545605 238.464035
12008 196.992035 149.299225
11904 77.137932 109.486099
12126 467.80423 126.904335
11690 67.184647 355.829803
12127 599.685181 97.044495
12094 574.802002 97.044495
12362 530.012207 316.016693
12130 206.530594 251.320358
12192 450.385986 189.11235
11347 146.810898 119.439377
11268 179.159058 52.254726
11308 149.299225 49.766407
6260 258.785309 311.040039
12092 248.832031 218.972198
12301 450.385986 303.575073
5194 398.131256 281.180206
12307 564.848694 223.948837
5099 592.220215 154.275864
11938 355.829803 104.509453
12386 296.110107 49.766407
12387 89.579529 209.018906
11562 62.208008 184.135712
12385 258.785309 84.60289
12017 520.05896 62.208008
12012 467.80423 74.649612
12045 432.967743 102.021133
11878 502.640717 427.991089
12004 197.074982 152.285217
11923 158.257187 167.215134
4622 68.677643 355.332153
11855 680.804504 412.065857
3809 140.341278 295.612457
11461 206.032928 250.822708
12273 644.972656 170.201126
12223 656.916626 134.369308
3804 615.112793 289.640503
12368 528.519287 316.514374
12270 477.757538 277.696564
5072 355.332153 104.50946
12180 564.351074 134.369308
12124 618.098816 65.691658
12328 301.584442 325.472321
12254 367.276093 283.668549
12146 418.037842 220.96286
12179 450.883667 191.103012
11342 146.313248 119.439384
11431 107.495445 122.425369
12089 250.822708 220.96286
4275 250.822708 149.299225
12257 564.351074 223.948837
12209 591.224915 152.285217
5113 525.533264 113.467415
5669 498.659424 128.397339
12153 71.663628 295.612457
11563 62.705677 182.145065
12225 256.794678 310.542389
3366 256.794678 283.668549
11964 256.794678 80.621582
11896 558.379089 421.023834
12365 526.727722 315.319977
12295 480.146332 275.904999
3817 358.318176 103.91227
11991 297.404083 146.910446
12244 659.30542 132.577713
11895 146.910446 118.244995
6200 250.822708 193.491806
12113 451.480896 189.90863
4645 494.479065 150.493622
12355 587.641785 225.740448
12172 598.391357 154.076813
11505 128.994537 222.157257
11990 71.663635 232.906799
12171 523.144531 100.329086
11965 458.647247 96.745903
12109 71.663635 293.820892
11943 157.659988 168.409531
5633 82.413177 78.829994
11630 68.080452 354.734985
12042 404.0 115.0
12087 699.0 339.0
12300 405.600006 315.600006
12144 574.800049 98.400002
11548 108.000008 226.800003
12228 496.800018 194.400009
11629 98.400002 302.400024
12378 66.240005 120.960007
12217 312.768036 255.744019
11246 267.600006 180.0
12249 411.840027 266.400024
12076 698.400024 338.400024
12338 474.000031 296.400024
11934 418.800018 398.400024
12077 580.320007 67.68
12229 658.368042 133.056015
11565 144.0 295.200012
12019 293.76001 133.919998
11894 78.0 108.000008
12315 452.736053 278.208038
12230 551.577698 186.624023
12005 315.187256 99.532814
12351 561.600037 288.576019
12110 648.000061 70.848007
11502 171.072021 269.568024
12160 368.064026 190.080017
11998 293.76004 134.784012
12120 499.737671 126.489616
12061 110.59201 226.368027
12011 460.339264 103.680016
12176 673.920105 321.408051
12287 412.646454 265.420837
12281 476.92804 271.296021
11460 214.272018 288.576019
6269 78.796814 261.273651
11586 120.960014 274.752014
11915 298.59845 47.692806
11375 147.225616 120.268814
11608 41.472004 233.280029
11916 55.296005 136.512009
11840 694.241394 427.991089
12227 118.195213 337.996857
12388 60.134407 350.438446
12009 156.764175 169.20578
11350 298.59845 323.481659
12364 532.915283 315.187256
12166 492.687439 154.275864
11995 298.59845 98.537491
11933 295.612457 56.733707
12392 437.148163 100.329086
6229 251.320358 191.600662
11925 248.832031 94.556175
12074 495.175751 114.462738
5709 566.1427 222.157257
12350 630.042725 223.948837
12168 358.318176 257.989075
12263 501.645416 191.103012
12370 566.1427 268.738617
4280 523.144531 114.661812
11589 71.663635 293.820892
