938
-1.62 -1.56 3.37 -0.0236 0.816 0.304 0.492 
11693 483.0 54.0 451.905975 54.0
11894 582.0 124.0 555.25116 124.0
11742 536.0 77.0 506.54425 77.0
12065 571.0 252.0 547.578796 252.0
12021 577.0 231.0 553.112488 231.0
12031 550.0 251.0 526.176392 251.0
12007 455.0 296.0 429.683411 296.0
11907 588.0 135.0 561.807312 135.0
12115 567.0 315.0 545.085999 315.0
11866 594.0 374.0 567.078003 374.0
12064 397.0 352.0 372.173004 352.0
12051 572.400024 252.000015 548.366638 252.000015
12087 492.000031 297.600006 467.780029 297.600006
12083 432.000031 346.800018 407.402374 346.800018
11980 504.000031 223.200012 478.60318 223.200012
11086 318.0 240.000015 288.340302 240.000015
11927 253.200012 300.0 224.429504 300.0
11731 477.600006 104.400002 447.42804 104.400002
11969 597.600037 181.200012 572.913757 181.200012
11900 588.0 134.400009 561.932861 134.400009
12038 456.000031 274.800018 430.14859 274.800018
10991 318.0 130.800003 285.887878 130.800003
12043 390.000031 336.0 364.570557 336.0
12012 418.800018 298.800018 392.764465 298.800018
12005 396.000031 309.600006 369.590515 309.600006
11196 252.000015 254.400009 221.582291 254.400009
11777 460.800018 134.400009 430.795776 134.400009
11047 243.600006 85.200005 208.8367 85.200005
12122 567.600037 314.400024 545.497375 314.400024
11883 594.0 374.400024 567.460083 374.400024
11880 608.400024 108.000008 581.684692 108.000008
12009 577.200012 231.600006 553.051514 231.600006
11971 697.200012 134.400009 673.441772 134.400009
11393 208.800003 331.200012 180.287506 331.200012
12013 256.800018 354.0 228.956802 354.0
12132 213.600006 375.600006 185.29509 375.600006
12133 160.800003 298.800018 129.934586 298.800018
11778 235.200012 180.0 202.896866 180.0
11648 97.200005 128.400009 59.893898 128.400009
11726 147.600006 207.600006 113.773346 207.600006
11660 136.800003 156.0 101.425453 156.0
11879 306.720001 266.400024 278.170685 266.400024
11689 414.720032 64.800003 383.142975 64.800003
12026 455.040009 273.600006 429.530029 273.600006
12025 390.240021 335.52002 364.471832 335.52002
12002 417.600006 298.080017 391.903564 298.080017
12108 491.040009 298.080017 467.047333 298.080017
11030 295.200012 165.600006 263.690674 165.600006
10993 318.240021 129.600006 286.035522 129.600006
10984 298.080017 86.400002 264.332001 86.400002
11767 384.480011 141.12001 353.855133 141.12001
11705 270.720001 141.12001 237.711609 141.12001
11915 270.720001 280.800018 241.492615 280.800018
11842 250.560013 254.880005 220.168396 254.880005
11827 707.040039 365.76001 681.014709 365.76001
11683 432.000031 443.52002 400.670135 443.52002
11893 607.680054 108.000008 580.986572 108.000008
11887 653.76001 105.120003 628.278931 105.120003
11993 597.600037 181.440002 572.822266 181.440002
11981 660.960022 156.960007 637.065186 156.960007
11943 514.080017 194.400009 487.669006 194.400009
11364 208.800003 331.200012 179.874985 331.200012
11145 338.400024 318.240021 311.32901 318.240021
11313 256.320007 352.800018 228.667831 352.800018
12037 293.76001 367.200012 267.513428 367.200012
11960 133.919998 368.640015 103.781189 368.640015
11020 243.360016 84.960007 208.724792 84.960007
10985 262.080017 46.080002 226.724197 46.080002
10975 344.160004 120.960007 311.606049 120.960007
11773 360.0 132.480011 328.706024 132.480011
11638 64.800003 109.440002 26.411345 109.440002
11099 184.320007 70.560005 147.788757 70.560005
11702 80.639999 192.960007 45.10281 192.960007
11755 191.520004 200.160004 158.810745 200.160004
11800 533.952026 138.240021 506.359528 138.240021
11285 63.936005 110.59201 25.763363 110.59201
11863 267.840027 248.832031 237.827576 248.832031
11817 428.544037 167.616013 398.711975 167.616013
11706 283.392029 126.144012 250.43605 126.144012
11666 281.664032 91.584007 247.642761 91.584007
11952 440.640045 221.184021 412.987518 221.184021
10997 317.952026 129.600006 285.810394 129.600006
11848 473.472046 167.616013 445.104523 167.616013
5771 617.932861 313.113647 597.000793 313.113647
12103 566.784058 314.496033 544.688782 314.496033
12068 570.240051 250.560028 547.079102 250.560028
12079 432.000031 345.600037 407.8302 345.600037
12078 497.664062 281.664032 473.276611 281.664032
11911 582.33606 122.688011 555.213257 122.688011
12029 661.824036 157.248016 637.794006 157.248016
11759 468.288055 133.056015 438.797333 133.056015
11379 209.088013 331.776031 179.632019 331.776031
11338 255.744019 352.512024 228.347641 352.512024
11219 336.960022 359.424042 310.632141 359.424042
11892 108.864014 340.416046 77.848587 340.416046
11779 361.152039 133.056015 330.178864 133.056015
11813 248.832031 228.096024 217.969788 228.096024
11830 338.688019 183.168015 307.899719 183.168015
11700 89.85601 160.70401 53.582985 160.70401
11270 146.88002 205.632019 113.111649 205.632019
11263 136.512009 155.52002 101.000763 155.52002
11013 263.347229 93.312012 228.962997 93.312012
11857 479.001678 155.52002 450.204987 155.52002
5705 248.832031 186.624023 216.811462 186.624023
12071 433.382446 344.217651 409.090271 344.217651
11831 709.171326 364.953644 682.2771 364.953644
11448 128.563217 340.070435 98.298851 340.070435
12011 661.478516 157.593628 637.367432 157.593628
5792 698.803284 132.710419 674.688049 132.710419
12106 537.0625 342.144043 514.416626 342.144043
12054 499.737671 277.862427 475.203522 277.862427
11643 174.182419 93.312012 137.941986 93.312012
12059 572.31366 248.832031 547.908081 248.832031
11824 362.880066 134.784012 331.783081 134.784012
10976 300.672028 76.723213 266.723907 76.723213
11280 242.611237 323.481659 214.131058 323.481659
11870 248.832031 257.126434 218.250015 257.126434
11794 441.676849 130.636826 412.885437 130.636826
11375 85.017609 217.728027 50.059643 217.728027
11990 574.387268 188.697632 549.071777 188.697632
11989 597.196899 180.403229 572.872375 180.403229
12003 456.192078 271.641632 430.366028 271.641632
11760 479.001678 101.606415 448.769348 101.606415
4230 460.339264 217.728027 432.855621 217.728027
11797 371.174438 196.992035 341.57901 196.992035
10995 337.996857 182.476822 307.695679 182.476822
11032 240.537628 72.576012 205.509277 72.576012
11975 661.893188 156.764175 638.0979 156.764175
12116 534.988892 343.388214 512.596985 343.388214
11999 301.086761 363.294769 273.77829 363.294769
4223 435.456055 345.876526 410.704407 345.876526
11453 129.392654 340.899902 98.634941 340.899902
11332 146.810898 206.530594 113.131264 206.530594
11753 189.11235 184.135712 156.101349 184.135712
11246 134.369293 154.275864 99.645416 154.275864
6269 256.296997 350.85318 228.369949 350.85318
11972 102.021133 388.177979 72.649551 388.177979
5774 696.729675 131.880981 673.521667 131.880981
12048 485.222473 306.063416 460.450439 306.063416
11875 624.56842 89.579529 596.810852 89.579529
12035 597.196899 179.159058 572.629211 179.159058
11127 171.694107 92.067856 135.474777 92.067856
11766 360.806458 134.369293 329.645447 134.369293
10990 296.110107 111.974419 264.080261 111.974419
10983 301.086761 77.137932 265.91272 77.137932
11688 89.579529 159.252502 53.235435 159.252502
5046 363.294769 141.834259 332.820618 141.834259
11026 293.621796 171.694107 261.573608 171.694107
4697 617.103455 313.528351 595.816467 313.528351
12008 569.825378 251.320358 545.888855 251.320358
11466 109.486099 338.41156 77.449753 338.41156
11397 94.556175 271.226929 61.157375 271.226929
11802 425.502777 154.275864 395.871948 154.275864
11676 380.713013 79.626251 348.628967 79.626251
12030 455.36261 271.226929 429.686676 271.226929
6219 248.832031 226.437149 218.068497 226.437149
11192 268.738586 251.320358 238.706924 251.320358
11211 248.832031 256.296997 218.337387 256.296997
11916 475.269196 194.088989 447.847534 194.088989
11054 238.878754 69.672974 204.606583 69.672974
11957 676.82312 345.876526 651.89563 345.876526
5749 128.397339 340.402252 98.417648 340.402252
11761 435.953735 131.383316 405.692596 131.383316
4228 618.098816 313.528381 596.685669 313.528381
12107 594.210938 253.808685 570.382874 253.808685
11965 370.262085 277.696564 343.455994 277.696564
4671 597.196899 179.159073 573.365051 179.159073
12085 483.729492 307.556396 459.790863 307.556396
11640 173.187103 92.565521 136.842514 92.565521
11183 137.355286 77.635597 101.035011 77.635597
11096 301.584442 223.948837 271.226715 223.948837
11897 653.930603 107.495445 628.346375 107.495445
12014 507.617371 223.948837 481.556122 223.948837
11938 498.659424 212.004898 472.051056 212.004898
4709 504.631378 182.145065 477.245819 182.145065
4251 531.505249 140.341278 504.058258 140.341278
11716 465.813599 128.397339 436.392883 128.397339
11765 531.505249 86.593552 502.05191 86.593552
4708 253.808685 325.472321 226.052765 325.472321
5097 426.995789 220.96286 400.090668 220.96286
11806 388.177979 155.271194 358.770599 155.271194
11068 256.794678 110.48143 223.246704 110.48143
11674 235.892776 119.439384 202.608551 119.439384
11121 247.836716 185.131042 215.863205 185.131042
11896 424.009796 253.808685 397.791168 253.808685
5639 134.369308 155.271194 98.988503 155.271194
12118 531.505249 343.388214 510.036438 343.388214
12073 490.895874 283.07135 466.292084 283.07135
3777 361.901337 136.160904 331.139801 136.160904
11743 300.987244 128.994537 268.263947 128.994537
10988 300.987244 78.829994 265.276917 78.829994
5747 300.987244 225.740448 271.007843 225.740448
5116 426.398621 218.574081 399.50415 218.574081
6222 175.575897 85.996361 138.76593 85.996361
11035 257.989075 111.078629 223.114456 111.078629
11046 261.572266 85.996361 227.454773 85.996361
11872 125.411354 304.570435 93.008453 304.570435
12147 114.661812 265.155426 82.086311 265.155426
11924 605.557678 179.159088 580.157837 179.159088
11171 247.239532 182.742264 215.72464 182.742264
12006 422.81543 250.822708 397.699493 250.822708
11301 254.405899 326.069519 226.330856 326.069519
11996 662.888611 157.659988 638.533264 157.659988
12066 526.727722 343.985443 504.027283 343.985443
12004 396.0 310.0 369.747589 310.0
11888 428.400024 194.400009 400.013092 194.400009
11695 483.600006 54.000004 452.452911 54.000004
11868 581.76001 123.840004 554.841125 123.840004
11837 588.0 102.000008 560.494812 102.000008
10981 344.400024 121.200005 312.008148 121.200005
11804 535.679993 138.240005 507.906616 138.240005
11740 360.0 132.0 328.841095 132.0
12094 427.680023 348.480011 403.183746 348.480011
11231 293.76001 311.040009 265.753082 311.040009
11816 93.600006 269.279999 60.417786 269.279999
11190 234.720016 180.0 202.47435 180.0
11910 373.248047 222.912018 344.379395 222.912018
11903 502.560028 185.76001 475.60788 185.76001
11678 243.648026 84.672005 208.778687 84.672005
12028 418.176025 298.944031 392.153168 298.944031
10978 300.960022 73.440002 266.817352 73.440002
11805 503.884857 138.931213 475.550385 138.931213
12033 482.112061 298.944031 457.955261 298.944031
11750 235.008026 181.440018 202.676407 181.440018
11158 198.720001 149.76001 164.981674 149.76001
12019 455.36261 271.226929 429.686676 271.226929
11174 250.560028 255.744019 219.690628 255.744019
11807 93.312012 269.568024 60.242313 269.568024
11178 138.931213 78.796814 101.343033 78.796814
11250 136.85762 153.446426 101.06591 153.446426
12098 455.36261 333.434937 432.25943 333.434937
12069 483.148865 298.59845 458.544098 298.59845
11929 654.428223 92.067856 628.285828 92.067856
11982 557.383789 213.995544 532.695312 213.995544
11401 93.312012 269.568024 60.238705 269.568024
11150 139.345947 77.137932 101.500381 77.137932
5124 502.640717 181.647385 475.566986 181.647385
12061 646.963318 328.458282 623.928467 328.458282
11130 298.59845 182.145065 268.237366 182.145065
11117 182.742264 68.080452 145.962952 68.080452
11933 458.647247 222.157257 431.186249 222.157257
11832 124.416016 303.575073 92.980507 303.575073
11876 480.7435 155.271194 451.669708 155.271194
11418 209.018921 331.444275 179.790573 331.444275
11136 300.987244 179.159088 269.133392 179.159088
11722 89.579536 253.808685 56.396965 253.808685
11776 498.062256 93.16272 468.953644 93.16272
11840 247.836716 256.794678 217.929962 256.794678
11925 605.557678 121.828178 580.630859 121.828178
