939
-1.69 -1.57 3.36 -0.0246 0.819 0.304 0.486 
12089 631.0 243.0 608.811829 243.0
11145 336.0 326.400024 308.737671 326.400024
12000 625.0 188.0 601.311768 188.0
12021 573.600037 236.400009 549.418335 236.400009
12031 547.0 256.0 522.888306 256.0
11907 584.0 140.0 557.986084 140.0
12004 393.0 317.0 366.679016 317.0
11777 458.400024 140.400009 428.19516 140.400009
11943 511.200012 200.400009 484.629791 200.400009
11866 592.0 380.0 565.252747 380.0
11838 706.800049 372.0 680.490417 372.0
12083 429.600006 354.0 404.775787 354.0
11889 603.0 115.0 576.841003 115.0
11742 532.0 83.0 502.677887 83.0
11980 501.600006 229.200012 475.741638 229.200012
12013 252.000015 363.600006 224.141953 363.600006
10991 314.400024 138.0 282.033691 138.0
11799 448.0 141.0 418.282898 141.0
12005 393.600006 316.800018 367.005585 316.800018
12012 416.400024 306.0 390.203156 306.0
11731 474.000031 111.600006 444.071869 111.600006
11712 505.200012 78.0 474.995392 78.0
11740 357.120026 139.680008 325.763458 139.680008
11880 603.600037 114.000008 577.421204 114.000008
11894 578.0 130.0 551.321472 130.0
11196 247.200012 262.800018 216.42424 262.800018
12115 564.0 320.0 541.801514 320.0
12100 630.720032 241.920013 608.606201 241.920013
11883 592.800049 380.400024 566.094177 380.400024
12087 488.160034 303.840027 464.080139 303.840027
11732 532.800049 82.800003 503.305969 82.800003
11935 240.000015 332.400024 210.958084 332.400024
12017 379.0 325.0 352.700378 325.0
11393 204.0 342.0 174.518692 342.0
11047 238.800003 92.400002 203.613297 92.400002
11682 378.0 73.0 345.275604 73.0
11778 230.400009 188.400009 197.507401 188.400009
11702 72.0 201.600006 35.390877 201.600006
11648 88.800003 135.600006 50.30724 135.600006
11020 239.040009 92.160004 203.546173 92.160004
11868 578.400024 129.600006 551.707642 129.600006
11313 252.000015 362.880005 224.013702 362.880005
11124 283.392029 235.008026 252.251419 235.008026
11679 278.400024 98.400002 243.960083 98.400002
12026 452.160004 280.800018 426.552917 280.800018
11993 593.280029 187.200012 568.593933 187.200012
11660 129.600006 162.720001 93.302635 162.720001
11812 438.912048 138.240021 409.246948 138.240021
11773 357.600006 138.0 325.777863 138.0
11052 266.11203 148.608017 232.974747 148.608017
5771 613.440063 317.952026 592.233215 317.952026
12122 564.0 319.200012 541.869019 319.200012
12051 567.600037 256.800018 544.200806 256.800018
12079 430.272034 352.512024 405.763336 352.512024
11952 437.76001 227.520004 410.140594 227.520004
11804 532.800049 144.0 504.9216 144.0
11939 239.040009 332.640015 210.195038 332.640015
11985 367.200012 316.800018 340.366669 316.800018
11816 84.960007 279.360016 50.922447 279.360016
11306 196.800003 302.400024 165.565933 302.400024
10985 257.76001 51.840004 222.011337 51.840004
11190 230.400009 188.640015 197.552185 188.640015
11910 371.52005 228.096024 342.167664 228.096024
11001 335.52002 188.640015 304.75882 188.640015
11726 140.400009 217.200012 106.177017 217.200012
11180 335.52002 325.440002 308.447296 325.440002
11338 252.288025 362.880035 224.297882 362.880035
11983 281.664032 336.960022 253.535751 336.960022
11287 266.400024 342.720001 238.103775 342.720001
11779 357.696045 139.968018 326.328491 139.968018
11775 466.560059 139.968018 436.766663 139.968018
11233 282.240021 316.800018 253.708542 316.800018
11668 277.920013 97.920006 243.528915 97.920006
12130 564.019287 317.260834 541.863159 317.260834
12084 630.720032 243.648026 608.281982 243.648026
12044 567.360046 256.320007 543.771667 256.320007
12067 456.192047 314.496033 431.347809 314.496033
12028 416.448029 305.856018 389.990204 305.856018
12033 480.384033 305.856018 455.757355 305.856018
5792 692.58252 136.85762 668.52478 136.85762
11981 654.912048 162.432022 631.266785 162.432022
11800 532.22406 143.424011 504.28717 143.424011
11280 238.464035 333.84964 209.574677 333.84964
11174 244.68483 265.420837 213.840698 265.420837
11879 299.52002 275.040009 270.401733 275.040009
11678 238.46402 91.584007 203.615295 91.584007
11007 233.280029 39.744003 196.740738 39.744003
11675 371.52005 81.216011 338.734924 81.216011
11830 335.232025 190.080017 304.540009 190.080017
10993 315.360016 136.800003 282.413177 136.800003
11270 139.968018 214.272018 105.881363 214.272018
11158 193.536011 157.248016 159.218414 157.248016
11263 129.600006 162.432022 93.071594 162.432022
11794 437.944397 136.85762 408.776276 136.85762
11249 281.664032 317.952026 253.219452 317.952026
5046 358.732849 141.004822 327.715942 141.004822
11023 292.377655 174.182419 259.465454 174.182419
11706 279.936035 132.710419 246.372086 132.710419
11666 278.208038 98.49601 243.733261 98.49601
11928 682.214478 354.585663 657.075195 354.585663
11999 298.59845 370.759735 271.595612 370.759735
11379 203.21283 340.070435 174.194565 340.070435
11250 128.563217 161.740829 92.322563 161.740829
5774 691.753052 136.85762 667.455261 136.85762
12029 657.331299 161.740829 633.248962 161.740829
11676 379.468842 87.091209 346.565125 87.091209
10978 297.216034 81.216011 262.733124 81.216011
11700 80.870415 167.961624 43.889641 167.961624
11893 603.072083 112.320007 576.72229 112.320007
11448 121.927696 350.85318 90.808655 350.85318
4697 612.126831 318.505005 591.066772 318.505005
12068 566.784058 255.744019 543.432373 255.744019
11998 266.11203 343.87204 238.151382 343.87204
12078 494.208038 288.576019 470.015259 288.576019
11807 85.017609 279.936035 51.150661 279.936035
11989 593.049683 184.55043 568.796997 184.55043
4230 455.36261 226.437149 428.441956 226.437149
11765 527.523926 94.556175 498.341125 94.556175
11760 475.269196 106.997772 445.04422 106.997772
11797 368.064026 205.632019 338.340149 205.632019
10995 335.923248 190.771225 304.884125 190.771225
5124 500.152405 189.11235 472.861633 189.11235
11534 284.083252 203.21283 252.2677 203.21283
11307 196.577301 301.086761 164.418625 301.086761
12116 532.500549 348.364838 510.065582 348.364838
11757 184.55043 190.771225 150.62706 190.771225
11332 141.834259 213.995544 106.910583 213.995544
12011 654.428223 161.740829 631.821594 161.740829
6269 251.320358 360.806458 223.643585 360.806458
11183 131.880981 84.60289 93.54879 84.60289
11699 379.220032 83.607567 346.147308 83.607567
10976 296.524841 82.944016 262.253815 82.944016
4223 431.308868 350.438446 407.281555 350.438446
11972 95.385612 400.204865 64.551918 400.204865
5710 120.268814 352.512054 89.455833 352.512054
4228 612.126831 319.500336 591.660767 319.500336
11832 119.439384 313.528381 85.940674 313.528381
11375 76.723213 228.096039 40.954449 228.096039
11688 79.626251 169.20578 42.798351 169.20578
12035 592.220215 184.135712 568.189148 184.135712
12055 495.590485 286.15683 471.156525 286.15683
11802 423.014465 161.740829 393.326599 161.740829
11643 166.717468 99.532814 129.806808 99.532814
11898 265.752625 277.696564 236.136765 277.696564
11192 263.761963 258.785309 233.800217 258.785309
5705 243.855392 194.088989 211.543427 194.088989
11026 289.640503 179.159073 257.615173 179.159073
11013 258.785309 99.532814 223.957474 99.532814
11978 360.806458 301.086761 333.328918 301.086761
11716 465.813599 134.369308 435.188293 134.369308
11401 84.60289 281.180206 50.796875 281.180206
11852 376.23407 200.060959 346.409668 200.060959
11766 358.318115 141.834259 327.07608 141.834259
4671 594.210938 182.145065 569.877014 182.145065
12008 567.337097 256.794678 542.989929 256.794678
11979 94.556175 400.619568 64.257607 400.619568
11453 122.425369 352.346191 90.540413 352.346191
11246 129.392654 161.740829 93.3536 161.740829
11640 167.215134 98.537491 130.40831 98.537491
11117 176.173096 71.663628 138.228836 71.663628
11896 422.81543 257.989075 395.588928 257.989075
11121 244.850739 194.088989 211.918289 194.088989
11096 298.59845 232.906799 267.900635 232.906799
10983 296.110107 92.067856 261.539062 92.067856
11923 528.519287 134.369308 502.064362 134.369308
11418 203.046951 340.402252 173.911453 340.402252
11387 194.088989 301.584442 164.252075 301.584442
12118 525.533264 349.360199 503.570923 349.360199
3777 358.318176 139.74408 327.756378 139.74408
11959 361.304138 301.584442 333.662994 301.584442
5749 121.828178 351.151794 90.25563 351.151794
11924 594.808167 182.742264 569.833984 182.742264
11964 495.673431 217.976868 469.038269 217.976868
4251 528.519287 146.313248 500.899506 146.313248
11876 477.757538 161.243164 448.697113 161.243164
11941 415.051849 265.752625 388.144409 265.752625
11933 456.855652 226.93483 429.251678 226.93483
12109 548.226807 279.488159 525.68573 279.488159
6222 168.409531 93.16272 131.405609 93.16272
11068 253.808685 119.439384 219.079056 119.439384
5747 297.404083 232.906799 267.134552 232.906799
11558 243.656357 232.906799 212.625793 232.906799
3789 247.836716 191.103012 214.866821 191.103012
5639 128.397339 161.243164 91.572426 161.243164
11996 655.722229 161.243179 632.365051 161.243179
12066 526.727722 347.568604 504.858582 347.568604
12085 483.729492 313.528381 458.977203 313.528381
12065 568.0 257.0 544.427368 257.0
12007 452.0 303.0 426.654724 303.0
11927 249.600006 308.400024 220.081268 308.400024
11086 314.400024 247.200012 284.628662 247.200012
11878 372.0 229.200012 342.757629 229.200012
11915 268.800018 285.600006 239.045898 285.600006
11837 583.200012 108.000008 555.874817 108.000008
11009 234.000015 39.600002 197.054123 39.600002
10981 340.800018 128.400009 308.632629 128.400009
11705 263.52002 152.639999 229.976822 152.639999
11842 246.240005 263.52002 215.510727 263.52002
12002 416.160004 305.279999 389.894684 305.279999
12094 429.120026 352.800018 404.562012 352.800018
11869 371.52002 241.920013 342.737488 241.920013
11414 118.080002 313.920013 86.001312 313.920013
11165 245.376022 195.264023 212.737045 195.264023
10997 314.496033 136.512009 282.097137 136.512009
11759 466.560059 139.968018 436.766663 139.968018
12103 563.328064 319.680023 541.076477 319.680023
11831 708.480042 373.248047 682.127808 373.248047
12037 293.76004 371.52005 266.672821 371.52005
10994 294.451233 120.268814 261.319916 120.268814
11054 238.464035 91.238411 203.677322 91.238411
12059 568.166504 255.052841 544.399841 255.052841
11957 682.214478 354.585663 657.075195 354.585663
12019 447.897675 288.230438 421.898102 288.230438
12049 296.524841 371.174438 269.718353 371.174438
12098 462.827576 340.899902 438.600677 340.899902
12071 432.967743 350.85318 408.319489 350.85318
12054 495.175751 286.15683 470.734833 286.15683
11982 552.407104 221.46051 528.180054 221.46051
11150 136.85762 94.556175 99.293442 94.556175
11870 243.855392 266.250275 213.412735 266.250275
11938 495.175751 216.483871 468.793152 216.483871
4708 238.878769 337.41626 209.152664 337.41626
12073 495.673431 286.65451 471.476471 286.65451
11875 627.056763 98.537491 600.415588 98.537491
11761 432.967773 137.355286 402.617523 137.355286
12006 415.051849 265.752625 388.144409 265.752625
6277 250.822708 334.430267 221.968124 334.430267
12014 504.631378 229.920807 478.548309 229.920807
11975 656.916626 161.243164 633.186462 161.243164
12117 566.1427 300.987244 544.460693 300.987244
11743 293.820892 118.244995 260.697327 118.244995
11046 257.989075 93.16272 223.312378 93.16272
5097 426.398621 225.740448 397.440308 225.740448
3791 386.983612 161.243179 356.050842 161.243179
11171 243.656357 189.90863 211.248672 189.90863
11840 243.656357 265.155426 212.900085 265.155426
11925 601.974487 128.994537 576.514954 128.994537
