942
-2.06 -1.48 3.31 -0.012 0.84 0.302 0.45 
11693 462.0 85.0 430.97525 85.0
11709 508.0 86.0 478.263153 86.0
12115 550.0 336.0 527.843262 336.0
11943 496.0 223.0 469.457367 223.0
12065 552.0 275.0 528.649475 275.0
12031 532.0 275.0 507.854279 275.0
12034 545.0 265.0 520.92572 265.0
11889 581.0 133.0 555.098511 133.0
11894 558.0 150.0 531.665283 150.0
12021 556.0 254.0 532.192383 254.0
12012 406.0 333.0 379.258484 333.0
11791 395.0 177.0 363.928894 177.0
11742 513.0 106.0 483.765045 106.0
11866 583.0 398.0 556.981934 398.0
12074 477.0 332.0 452.503418 332.0
12083 421.0 381.0 395.875519 381.0
11971 660.0 156.0 637.143372 156.0
11679 260.400024 128.400009 224.702606 128.400009
11695 462.000031 85.200005 431.03244 85.200005
11890 403.200012 244.800003 374.308197 244.800003
11953 457.200012 249.600006 429.783966 249.600006
11841 489.600006 164.400009 461.128571 164.400009
11740 343.200012 166.800003 310.571777 166.800003
11915 254.400009 321.600006 223.27124 321.600006
11731 458.400024 135.600006 428.186859 135.600006
12002 406.800018 332.400024 380.004089 332.400024
11883 584.400024 398.400024 557.732971 398.400024
12122 549.600037 336.0 527.950562 336.0
12087 477.600006 325.200012 453.118073 325.200012
12051 552.0 274.800018 528.655029 274.800018
11980 487.200012 250.800003 461.268646 250.800003
12052 399.600006 384.0 373.959869 384.0
11086 301.200012 279.600006 270.273254 279.600006
12013 238.800003 404.400024 209.112869 404.400024
11047 219.600006 122.400002 182.489349 122.400002
10991 300.0 166.800003 266.043121 166.800003
11231 277.920013 357.120026 248.254242 357.120026
11888 413.280029 226.080002 384.192352 226.080002
11826 479.52002 178.560013 450.899445 178.560013
11767 364.320007 180.0 332.875854 180.0
11675 357.120026 108.000008 323.391571 108.000008
11952 426.240021 253.440002 397.987488 253.440002
11812 424.800018 164.160004 394.517487 164.160004
12005 383.040009 344.160004 355.889008 344.160004
11973 403.200012 311.040009 375.843842 311.040009
11306 177.12001 342.720001 144.179474 342.720001
11030 276.480011 204.480011 243.092575 204.480011
11946 659.52002 364.320007 635.483826 364.320007
12044 551.52002 273.600006 527.952454 273.600006
11947 485.280029 254.880005 459.030792 254.880005
12025 377.280029 371.52002 350.732391 371.52002
11868 557.280029 149.76001 531.116272 149.76001
11804 515.52002 165.600006 487.840546 165.600006
11196 231.840012 299.52002 198.940063 299.52002
11910 358.560028 257.76001 328.680237 257.76001
12037 279.360016 414.720032 251.309494 414.720032
11180 325.440002 358.560028 296.760986 358.560028
11755 165.600006 246.240005 129.499374 246.240005
11393 187.200012 384.480011 155.016983 384.480011
10985 239.040009 80.639999 201.473465 80.639999
11190 213.12001 223.200012 178.400284 223.200012
11001 322.559998 217.440002 290.438568 217.440002
10993 299.52002 167.040009 265.500488 167.040009
11043 276.480042 205.632019 243.010208 205.632019
12067 445.824036 338.688019 420.459137 338.688019
11863 248.832031 292.032013 216.771912 292.032013
12068 551.232056 273.024017 527.824341 273.024017
11779 343.87204 167.616013 311.230835 167.616013
11706 262.656036 164.160019 227.908844 164.160019
5771 597.196899 329.702454 576.010254 329.702454
12033 468.288055 328.320038 443.833527 328.320038
12079 421.63205 378.432037 396.353302 378.432037
11848 457.920044 198.720016 428.925323 198.720016
11800 514.944031 165.888016 487.043457 165.888016
11842 231.552017 300.672028 198.359863 300.672028
11338 238.46402 402.624023 208.951752 402.624023
11315 177.984024 343.87204 144.596664 343.87204
11364 186.624023 385.344025 154.659561 385.344025
10984 278.208038 122.688011 242.646225 122.688011
11020 219.456024 122.688011 182.159546 122.688011
11830 321.40802 219.456024 289.733429 219.456024
10997 298.944031 167.616013 265.137115 167.616013
11263 101.952011 200.448013 62.619701 200.448013
11794 425.088074 161.740829 394.797424 161.740829
11256 255.052841 335.923248 223.566086 335.923248
11032 215.654434 109.900818 178.495255 109.900818
12103 549.504089 333.84964 527.80011 333.84964
12059 551.577698 271.641632 528.242432 271.641632
11928 659.404907 362.880066 635.292664 362.880066
11989 574.387268 201.139221 550.15918 201.139221
11975 630.374512 178.32962 607.654846 178.32962
5774 661.478516 153.446426 638.632446 153.446426
11765 510.105682 118.195213 481.148193 118.195213
11982 539.136047 236.390427 514.225586 236.390427
11813 228.096039 271.641632 195.259537 271.641632
11313 238.464035 402.278442 209.112381 402.278442
11304 178.32962 342.144043 144.565018 342.144043
11379 186.624023 383.616058 154.90477 383.616058
10978 279.936035 109.900818 244.289536 109.900818
11023 275.788849 207.360031 242.420425 207.360031
11797 354.585663 232.243225 323.999878 232.243225
10995 321.408051 219.801636 289.918335 219.801636
11250 101.606415 199.065628 62.45591 199.065628
10994 278.691895 149.299225 243.477966 149.299225
11697 263.761963 164.229141 228.221451 164.229141
12121 512.593994 368.271423 489.460663 368.271423
11418 186.624023 383.201324 154.715988 383.201324
12126 552.407104 316.016693 529.923523 316.016693
12008 549.918823 273.71524 526.610352 273.71524
11448 94.556175 403.10791 60.473412 403.10791
11757 161.740829 228.925476 126.095062 228.925476
11699 363.294769 111.974419 329.929108 111.974419
11178 102.021133 116.951057 61.554722 116.951057
12035 572.31366 201.553955 548.552185 201.553955
4223 423.014465 378.224701 398.092712 378.224701
12063 393.154602 348.364838 365.614288 348.364838
11896 410.572845 283.668518 383.297913 283.668518
12085 470.292542 335.923248 445.856781 335.923248
5046 345.876526 169.20578 313.512939 169.20578
11754 293.621796 161.740829 259.593414 161.740829
11802 408.084534 186.624023 377.691132 186.624023
6269 238.878754 400.619568 208.794983 400.619568
5631 211.507233 69.672974 172.822586 69.672974
11917 485.222473 211.507233 458.109131 211.507233
11192 248.832031 293.621796 217.105682 293.621796
6219 228.925476 271.226929 195.757217 271.226929
5705 226.437149 228.925476 192.211273 228.925476
11119 301.584442 268.738617 270.150085 268.738617
12061 644.972656 355.332153 621.70752 355.332153
11453 95.551506 403.10791 61.291016 403.10791
11832 89.579536 364.290131 54.648079 364.290131
11996 630.042725 179.159073 607.309143 179.159073
4671 582.266968 203.046951 557.518738 203.046951
11183 101.523476 116.4534 61.019066 116.4534
4697 597.196899 331.444275 575.722473 331.444275
11766 346.374207 170.201126 314.204041 170.201126
12006 412.065857 286.65451 384.294525 286.65451
4251 513.589355 167.215134 485.258972 167.215134
11643 143.327255 131.383316 103.781219 131.383316
10989 212.004898 68.677643 173.658386 68.677643
11870 226.93483 304.570435 194.985413 304.570435
11096 283.668549 265.752625 251.918732 265.752625
4249 238.878769 400.121918 208.796387 400.121918
11273 253.808685 382.206024 224.003296 382.206024
11026 274.710571 209.018921 241.203064 209.018921
11121 226.93483 226.93483 192.708954 226.93483
11246 101.523476 200.060959 61.993153 200.060959
11307 176.173096 343.388214 143.235046 343.388214
12127 516.575317 367.276093 495.111786 367.276093
11924 576.892212 200.658173 553.281982 200.658173
3777 347.568604 168.409531 315.317749 168.409531
10983 279.488159 114.661812 243.401093 114.661812
11956 487.312714 204.241348 459.540955 204.241348
11640 143.327271 128.994537 103.605103 128.994537
11068 232.906799 150.493622 197.237549 150.493622
11558 229.323624 268.738617 195.942535 268.738617
5639 100.329086 200.658173 60.748352 200.658173
11672 114.661812 254.405899 77.505264 254.405899
11836 564.0 121.0 536.927856 121.0
11799 434.400024 165.600006 404.297882 165.600006
11976 439.200012 288.0 412.066071 288.0
11803 508.0 136.0 479.038849 136.0
11200 229.200012 273.600006 196.034683 273.600006
11908 486.000031 214.800003 458.808563 214.800003
11853 458.400024 198.000015 429.451996 198.000015
11727 277.200012 205.200012 243.624359 205.200012
12007 442.0 328.0 416.004913 328.0
11778 212.400009 223.200012 177.624451 223.200012
11815 509.76001 129.600006 480.735687 129.600006
11926 456.480011 249.12001 429.328278 249.12001
11949 485.568054 254.016022 459.405304 254.016022
11732 513.600037 105.600006 484.300171 105.600006
11939 224.640015 374.976044 193.429886 374.976044
12011 629.280029 178.560013 606.833069 178.560013
5113 512.17926 170.035217 485.291351 170.035217
11174 228.096039 302.745636 196.073547 302.745636
11844 248.832031 277.862427 216.359436 277.862427
11869 359.424042 269.568024 330.185913 269.568024
11280 223.948837 373.248047 193.108917 373.248047
11219 324.864044 400.896027 297.163574 400.896027
11769 706.752075 392.256042 680.158142 392.256042
11957 659.404907 363.294769 634.611084 363.294769
11680 396.057648 107.827217 363.452606 107.827217
11959 352.512054 331.776062 323.321106 331.776062
11750 213.580826 223.948837 178.518875 223.948837
4262 677.818481 146.313248 654.059937 146.313248
6277 236.390427 373.248047 206.293762 373.248047
12041 406.425659 331.776062 379.11972 331.776062
12054 483.729492 304.570435 459.738251 304.570435
12014 490.895874 250.822708 464.803375 250.822708
10988 280.682556 113.467415 244.092285 113.467415
11054 217.976868 104.50946 179.402878 104.50946
5069 409.079895 188.117035 378.330444 188.117035
10990 277.696564 149.299225 243.063705 149.299225
12118 516.575317 367.276093 495.111786 367.276093
11958 582.266968 203.046951 557.518738 203.046951
12073 483.729523 304.570435 459.576782 304.570435
5186 677.221313 118.244995 653.740723 118.244995
11716 447.897705 161.243179 418.192505 161.243179
11035 235.892776 149.299225 199.390579 149.299225
5738 346.374207 170.201126 314.204041 170.201126
12139 300.987244 268.738617 269.948547 268.738617
