946
-2.66 -1.34 3.08 0.00488 0.865 0.318 0.387 
11836 524.0 123.0 497.571442 123.0
11980 463.0 257.0 436.976318 257.0
11787 416.0 184.0 385.599762 184.0
12064 373.0 405.0 346.608856 405.0
11777 417.0 177.0 386.336365 177.0
12010 439.0 300.0 412.91452 300.0
12012 389.0 346.0 361.798523 346.0
11866 564.0 392.0 538.076111 392.0
12115 523.0 333.0 501.456177 333.0
12065 522.0 274.0 498.816284 274.0
11829 588.0 75.0 563.455139 75.0
11742 477.0 113.0 448.117737 113.0
11880 541.0 135.0 515.860779 135.0
11935 206.400009 414.000031 173.17598 414.000031
11947 463.200012 256.800018 437.111694 256.800018
11682 332.400024 115.200005 297.752716 115.200005
11200 204.000015 308.400024 168.217422 308.400024
11741 394.800018 147.600006 363.39328 147.600006
11826 450.000031 183.600006 421.054993 183.600006
11731 429.600006 145.200012 398.870819 145.200012
11086 280.800018 306.0 248.422318 306.0
11767 340.800018 198.000015 307.920837 198.000015
12087 457.200012 331.200012 432.41394 331.200012
12007 423.600006 337.200012 397.443176 337.200012
12050 604.800049 340.800018 583.336609 340.800018
11883 565.200012 392.400024 538.735718 392.400024
12122 523.200012 332.400024 501.61734 332.400024
12051 522.0 273.600006 498.834198 273.600006
11145 310.800018 384.0 281.373718 384.0
12043 364.320007 390.240021 337.013245 390.240021
11005 249.12001 175.680008 212.176102 175.680008
11926 433.440002 259.200012 405.914154 259.200012
11952 403.200012 264.960022 374.838501 264.960022
11915 234.720016 355.680023 201.638046 355.680023
11812 398.880005 175.680008 367.876038 175.680008
12026 421.920013 315.360016 395.577209 315.360016
11727 250.560013 230.400009 215.142288 230.400009
11679 228.960007 151.200012 190.766052 151.200012
12028 388.800018 345.600006 361.276276 345.600006
11231 262.080017 388.800018 230.418686 388.800018
11760 429.120026 144.0 398.713287 144.0
11818 246.240005 296.640015 212.128433 296.640015
12068 521.280029 273.600006 497.983765 273.600006
11987 584.640015 175.680008 562.947083 175.680008
11800 483.840027 171.360001 456.399506 171.360001
11878 339.840027 289.440002 309.293945 289.440002
12013 223.200012 442.080017 191.279999 442.080017
11180 311.040009 384.480011 281.584229 384.480011
11778 182.880005 256.320007 144.973312 256.320007
11393 165.600006 432.000031 130.585327 432.000031
10978 249.12001 129.600006 210.887482 129.600006
10985 203.040009 102.240005 162.421143 102.240005
11773 316.800018 185.76001 282.850616 185.76001
11007 174.240005 90.720001 131.943085 90.720001
10996 141.12001 37.440002 95.797722 37.440002
11160 119.520004 201.600006 77.616295 201.600006
11047 184.320007 148.320007 143.828613 148.320007
5124 459.648041 221.184021 432.362762 221.184021
11848 432.000031 209.088013 403.167023 209.088013
11043 250.560028 231.552017 215.249435 231.552017
11695 430.272034 93.312012 398.690704 93.312012
10984 247.104019 143.424011 209.347458 143.424011
11668 228.096024 150.336014 190.225754 150.336014
11233 252.288025 387.072021 220.655945 387.072021
11913 267.840027 349.05603 235.707382 349.05603
5771 564.351074 322.486328 543.776978 322.486328
11769 668.736084 371.52005 644.123718 371.52005
12044 520.128052 273.024017 497.477722 273.024017
12079 406.080048 390.528046 380.662354 390.528046
5792 609.98407 150.336014 588.263916 150.336014
11765 475.200043 126.144012 446.423065 126.144012
11817 388.800049 212.544022 357.394073 212.544022
11794 397.440033 176.256012 366.758148 176.256012
11989 537.408081 202.176025 513.745239 202.176025
11830 298.944031 241.920029 265.362427 241.920029
11190 183.168015 257.472015 145.643616 257.472015
11364 164.160019 432.000031 130.153107 432.000031
11306 152.064011 388.800049 115.729866 388.800049
10980 248.832031 129.600006 210.76442 129.600006
11675 326.592041 124.416016 291.971069 124.416016
11779 317.952026 186.624023 284.087463 186.624023
11020 184.896011 148.608017 144.141998 148.608017
11917 460.339264 219.801636 432.942017 219.801636
11706 234.316833 188.697632 197.132477 188.697632
11666 230.169632 151.372818 191.926575 151.372818
12048 452.044861 340.070435 427.503479 340.070435
11938 458.265656 242.611237 431.429291 242.611237
4223 408.499268 389.836853 383.248291 389.836853
11775 429.23526 167.961624 399.315552 167.961624
11797 333.84964 252.979233 301.937378 252.979233
10995 298.59845 240.537628 265.234711 240.537628
11157 311.040039 383.616058 281.498779 383.616058
11813 203.21283 306.892853 167.983368 306.892853
11315 151.372818 387.763245 115.509216 387.763245
11650 248.832031 132.710419 210.801468 132.710419
10994 248.832031 172.108826 212.005798 172.108826
11158 136.85762 228.096039 95.992859 228.096039
4697 564.848694 323.481659 544.039062 323.481659
11379 164.229141 430.479431 130.100067 430.479431
11304 151.787537 388.177979 115.167274 388.177979
12121 497.664062 365.783081 475.221588 365.783081
10976 248.832031 131.880981 210.456772 131.880981
12085 450.385986 340.899902 425.878876 340.899902
12059 520.05896 271.226929 496.901703 271.226929
11676 333.434937 126.904335 299.022339 126.904335
6219 204.042267 306.063416 168.438858 306.063416
5046 318.505005 186.624023 284.598267 186.624023
11192 226.437149 325.969971 192.500809 325.969971
4230 420.526154 261.273651 393.433502 261.273651
5097 393.154602 263.761963 363.790161 263.761963
11024 116.951057 52.254726 71.512619 52.254726
11802 383.201324 201.553955 351.834198 201.553955
11759 420.526154 169.20578 390.660004 169.20578
11121 200.060959 259.78067 163.015015 259.78067
12126 525.533264 313.528381 502.873779 313.528381
12008 519.56134 271.724609 496.68988 271.724609
12077 409.079895 388.177979 383.797607 388.177979
12063 376.23407 364.290131 349.612213 364.290131
11814 349.360199 203.046951 317.032715 203.046951
11924 537.477234 200.060959 514.438293 200.060959
11931 516.575317 188.117035 489.903137 188.117035
4251 483.729492 173.187103 456.234589 173.187103
11130 256.794678 247.836716 221.799438 247.836716
5631 173.187103 92.565521 130.928589 92.565521
11933 421.023834 262.766632 393.782898 262.766632
5116 391.163971 265.752625 362.217468 265.752625
5186 621.084778 116.4534 599.400146 116.4534
4708 220.96286 415.051849 187.926254 415.051849
11210 268.738617 370.262085 236.0952 370.262085
11013 206.032928 152.285217 167.678741 152.285217
5699 250.822708 232.906799 214.337112 232.906799
10983 247.836716 134.369308 209.864624 134.369308
11279 203.046951 415.051849 170.509766 415.051849
12117 523.144531 315.319977 501.9935 315.319977
11096 261.572266 293.820892 228.413498 293.820892
11136 257.989075 243.656357 222.229797 243.656357
10988 247.239532 139.74408 209.908859 139.74408
3789 200.658173 257.989075 164.05188 257.989075
11958 537.477234 200.658173 514.007751 200.658173
11861 333.600006 255.600006 301.924713 255.600006
12002 388.800018 346.800018 361.529053 346.800018
11888 390.240021 239.040009 360.428955 239.040009
11903 460.800018 220.320007 433.169922 220.320007
12084 570.240051 250.560013 549.342896 250.560013
11993 537.119995 204.480011 513.493103 204.480011
11927 214.560013 384.480011 181.446518 384.480011
11920 267.839996 338.400024 235.593643 338.400024
12033 452.044861 340.070435 427.503479 340.070435
12067 429.23526 346.29126 403.335297 346.29126
11790 255.744019 252.288025 221.241028 252.288025
11236 99.532814 257.126434 58.069824 257.126434
11678 184.55043 147.225616 143.973129 147.225616
6220 268.738586 370.759735 236.39978 370.759735
12116 499.737671 364.953644 477.384644 364.953644
12029 584.75531 174.182419 562.822388 174.182419
4671 537.477173 201.553955 513.651428 201.553955
11998 238.464035 416.793671 206.658371 416.793671
11280 205.286423 412.646454 172.202148 412.646454
11959 334.430267 352.346191 304.356293 352.346191
11099 109.900818 136.85762 65.968071 136.85762
6277 218.972198 413.061188 186.481232 413.061188
10973 209.433624 39.398407 168.259674 39.398407
11840 204.241348 340.402252 169.867859 340.402252
11978 333.434937 353.341492 304.382538 353.341492
11699 334.430267 125.411354 299.909241 125.411354
12006 391.163971 301.584442 363.210571 301.584442
11684 253.80867 131.880981 216.956146 131.880981
4224 639.498352 144.322586 619.875305 144.322586
11026 250.822708 232.906799 214.337112 232.906799
3788 462.827606 292.626495 437.432892 292.626495
11224 250.822708 351.151794 217.759003 351.151794
11127 101.523476 149.299225 57.222244 149.299225
11852 340.402252 247.239532 308.874542 247.239532
