95
-0.000247 -0.00325 -0.000612 0.000839 -0.000339 0.000588 1 
21 274.0 84.0 257.954102 84.0
11 459.0 261.0 438.684998 261.0
15 593.0 360.0 563.0 360.0
26 548.0 170.0 527.337646 170.0
27 550.0 152.0 529.3125 152.0
67 406.0 88.0 385.865143 88.0
65 711.0 182.0 688.935181 182.0
170 221.0 417.0 183.994766 417.0
25 495.0 369.0 463.463776 369.0
28 494.0 97.0 473.494476 97.0
197 717.0 344.0 687.138611 344.0
14 153.0 426.0 114.72654 426.0
35 184.0 326.0 156.047028 326.0
34 209.0 153.0 191.602203 153.0
43 580.0 279.0 558.632629 279.0
51 458.0 375.0 425.475006 375.0
41 89.0 390.0 53.054287 390.0
44 375.0 282.0 353.150452 282.0
45 351.0 270.0 330.051758 270.0
47 344.0 259.0 324.266602 259.0
52 406.0 329.0 378.768921 329.0
40 536.0 300.0 512.184937 300.0
58 598.0 299.0 575.067688 299.0
147 688.0 327.0 661.059875 327.0
55 673.0 318.0 646.811829 318.0
59 724.0 278.0 702.128296 278.0
61 623.0 368.0 592.317383 368.0
8 497.0 299.0 473.884613 299.0
63 732.0 112.0 709.89679 112.0
71 349.0 328.0 322.0 328.0
74 76.0 291.0 52.039822 291.0
76 312.0 87.0 295.209259 87.0
78 93.0 90.0 76.188652 90.0
79 76.0 40.0 58.949909 40.0
81 122.0 155.0 106.587273 155.0
179 75.600006 39.600002 58.570206 39.600002
62 517.200012 399.600006 482.009979 399.600006
99 710.400024 182.400009 688.290649 182.400009
100 728.400024 132.0 705.658081 132.0
82 548.400024 170.400009 528.018982 170.400009
115 531.600037 91.200005 509.610016 91.200005
109 537.600037 255.600006 517.208252 255.600006
110 592.800049 358.800018 562.848267 358.800018
118 495.600006 369.600006 464.209259 369.600006
122 555.600037 112.800003 535.271912 112.800003
30 534.0 211.200012 512.228394 211.200012
23 657.600037 178.800003 636.11084 178.800003
128 691.200012 315.600006 665.574829 315.600006
134 637.200012 254.400009 616.894653 254.400009
131 182.400009 326.400024 154.800003 326.400024
120 210.000015 152.400009 192.417191 152.400009
126 486.000031 418.800018 449.246063 418.800018
129 135.600006 207.600006 119.834846 207.600006
138 438.000031 358.800018 407.235016 358.800018
139 406.800018 328.800018 379.408081 328.800018
140 414.000031 321.600006 387.153381 321.600006
141 375.600006 282.0 353.369751 282.0
142 351.600006 270.0 330.402039 270.0
144 344.400024 260.400024 324.509888 260.400024
149 672.0 318.0 645.860046 318.0
56 648.0 315.600006 623.043457 315.600006
150 598.800049 298.800018 575.247192 298.800018
151 724.800049 277.200012 702.872314 277.200012
156 609.600037 336.0 581.666687 336.0
160 624.0 368.400024 593.09491 368.400024
85 496.800018 298.800018 473.609772 298.800018
166 494.400024 97.200005 473.861786 97.200005
168 260.400024 342.0 231.046295 342.0
255 307.200012 430.800018 268.351929 430.800018
173 76.800003 290.400024 52.021435 290.400024
174 276.0 82.800003 260.501984 82.800003
75 217.200012 86.400002 200.435135 86.400002
177 313.200012 234.000015 294.379639 234.000015
178 92.400002 90.0 75.865311 90.0
248 493.920013 96.480003 473.016083 96.480003
181 122.400002 155.520004 106.739006 155.520004
199 699.840027 181.440002 678.554443 181.440002
263 74.880005 38.880001 57.803349 38.880001
192 537.119995 254.880005 516.811707 254.880005
186 593.280029 358.560028 562.671326 358.560028
187 554.400024 351.360016 522.960327 351.360016
193 499.680023 394.560028 465.522217 394.560028
189 501.120026 411.840027 465.063904 411.840027
196 135.360001 205.920013 119.186722 205.920013
200 496.800018 292.320007 473.958923 292.320007
201 473.76001 280.800018 451.469299 280.800018
114 548.640015 90.720001 527.275391 90.720001
207 604.800049 293.76001 581.293823 293.76001
221 87.840004 390.240021 51.775074 390.240021
209 437.76001 358.560028 406.961853 358.560028
191 518.400024 295.200012 494.99408 295.200012
219 201.600006 228.960007 185.230728 228.960007
203 406.080017 328.320007 378.954498 328.320007
204 413.280029 321.120026 386.546295 321.120026
205 396.000031 300.960022 371.125793 300.960022
211 159.840012 316.800018 132.98674 316.800018
227 584.640015 305.279999 560.382019 305.279999
228 555.840027 303.840027 532.015198 303.840027
225 665.280029 322.559998 639.528015 322.559998
229 635.040039 332.640015 607.477478 332.640015
230 604.800049 332.640015 577.30957 332.640015
239 623.52002 367.200012 592.886475 367.200012
240 424.800018 334.080017 397.09317 334.080017
241 456.480011 293.76001 433.680878 293.76001
243 609.119995 109.440002 588.790588 109.440002
247 408.960022 87.840004 389.798462 87.840004
93 532.800049 210.240005 511.018829 210.240005
251 548.640015 169.920013 527.729187 169.920013
252 259.200012 341.279999 230.076859 341.279999
253 204.480011 326.880005 176.352737 326.880005
172 306.720001 430.560028 267.809509 430.560028
258 106.560005 305.279999 80.984352 305.279999
259 76.32 289.440002 51.975464 289.440002
330 275.040009 83.520004 259.100525 83.520004
95 217.440002 86.400002 200.350693 86.400002
175 312.480011 86.400002 295.551117 86.400002
262 92.160004 89.280006 75.508141 89.280006
194 495.936035 369.792023 464.717773 369.792023
269 708.480042 183.168015 685.917297 183.168015
272 554.688049 352.512024 523.466187 352.512024
275 575.424072 274.752014 553.932312 274.752014
190 549.504028 89.85601 528.441467 89.85601
281 622.080078 292.032013 599.553589 292.032013
283 632.448059 266.11203 612.315063 266.11203
343 158.976013 317.952026 131.577682 317.952026
286 696.384094 335.232025 669.301697 335.232025
357 680.832092 311.040039 656.743713 311.040039
292 374.976044 281.664032 353.037872 281.664032
293 362.880035 259.200012 342.079559 259.200012
294 343.87204 259.200012 324.939453 259.200012
298 585.792053 307.584015 562.094116 307.584015
299 556.416077 304.128021 532.421753 304.128021
212 523.584045 328.320038 496.691162 328.320038
277 535.680054 298.944031 512.493103 298.944031
278 516.672058 295.488037 494.369141 295.488037
287 86.400009 390.528046 51.173828 390.528046
290 648.000061 316.22403 622.859375 316.22403
291 406.080048 330.048035 379.001038 330.048035
295 452.736053 364.608032 421.54657 364.608032
296 437.184052 359.424042 405.809784 359.424042
300 634.176086 331.776031 605.948242 331.776031
301 604.800049 333.504028 577.088501 333.504028
310 623.808044 368.064026 593.309631 368.064026
311 641.088074 362.880035 609.971985 362.880035
315 613.440063 112.320007 592.281433 112.320007
320 409.536041 88.128006 390.149231 88.128006
321 466.560059 96.768005 446.490814 96.768005
249 532.22406 210.816025 510.952271 210.816025
323 547.776062 171.072021 527.733154 171.072021
324 259.200012 343.87204 230.167908 343.87204
348 202.176025 321.40802 175.298553 321.40802
325 373.248047 409.536041 337.01236 409.536041
260 274.752014 82.944008 258.312836 82.944008
185 217.728027 86.400009 200.655502 86.400009
266 311.040039 86.400009 295.729675 86.400009
335 202.176025 229.82402 185.835312 229.82402
336 91.584007 89.85601 75.113052 89.85601
337 74.304008 38.016003 57.09536 38.016003
195 138.240021 207.360016 122.71994 207.360016
341 120.960014 153.792007 106.077377 153.792007
436 464.48645 391.910461 430.120911 391.910461
380 524.62085 327.628845 498.148315 327.628845
363 375.321655 282.009644 352.962891 282.009644
365 346.29126 261.273651 326.213287 261.273651
353 454.118469 362.880066 422.80307 362.880066
367 634.521667 331.776062 606.847961 331.776062
355 698.803284 333.84964 670.845825 333.84964
349 182.476822 311.040039 156.236603 311.040039
350 406.425659 327.628845 379.904755 327.628845
351 400.204865 317.260834 373.206299 317.260834
352 393.98407 300.672028 370.304718 300.672028
366 85.017609 389.836853 49.540413 389.836853
297 551.577698 335.923248 522.662354 335.923248
359 586.828857 306.892853 562.782898 306.892853
360 557.798462 302.745636 533.576355 302.745636
373 700.876892 267.494446 680.28418 267.494446
370 667.69928 269.568024 647.135864 269.568024
371 669.772888 250.90564 648.739807 250.90564
368 603.417664 331.776062 575.882935 331.776062
425 615.859314 294.451233 592.925476 294.451233
307 651.110474 203.21283 630.100403 203.21283
379 425.088074 333.84964 398.179718 333.84964
382 487.296082 271.641632 464.601959 271.641632
383 489.369659 416.793671 451.855865 416.793671
316 549.504089 89.16481 528.608093 89.16481
346 655.25769 182.476822 633.844055 182.476822
386 468.633667 97.459213 448.498138 97.459213
339 128.563217 74.649612 113.511497 74.649612
340 138.931213 207.360031 122.65242 207.360031
396 203.21283 138.931213 185.246368 138.931213
398 259.200043 342.144043 230.312164 342.144043
400 537.477173 298.59845 513.629517 298.59845
401 517.570618 296.110107 493.335175 296.110107
411 686.776428 271.226929 665.50708 271.226929
422 452.874298 363.294769 421.607635 363.294769
406 345.876526 261.273651 326.40802 261.273651
413 641.986633 248.832031 621.51532 248.832031
358 554.895447 328.458282 528.071167 328.458282
415 557.383789 303.575073 533.532593 303.575073
485 696.729675 335.923248 669.881531 335.923248
418 681.799805 311.040039 657.034607 311.040039
412 405.596222 308.551727 380.288422 308.551727
420 116.951057 358.318115 84.393143 358.318115
424 602.173523 333.434937 573.970459 333.434937
369 622.080078 296.110107 598.195007 296.110107
375 644.474976 226.437149 624.227356 226.437149
503 649.451599 204.042267 628.526733 204.042267
428 627.056702 263.761963 605.243286 263.761963
429 589.731934 355.829803 559.89563 355.829803
431 699.218018 340.899902 671.887024 340.899902
432 425.502777 333.434937 397.300659 333.434937
381 497.664062 293.621796 474.175354 293.621796
434 525.035583 271.226929 502.562042 271.226929
435 485.222473 271.226929 462.985474 271.226929
439 644.474976 106.997772 624.271545 106.997772
443 400.619568 87.091209 381.382141 87.091209
445 373.248047 296.110107 348.929871 296.110107
446 258.785309 343.388214 229.861816 343.388214
447 368.271423 385.689667 333.444122 385.689667
388 273.71524 82.114571 257.02475 82.114571
391 204.042267 119.439377 185.977692 119.439377
451 121.927696 201.553955 106.701447 201.553955
452 121.927696 151.787537 106.009888 151.787537
453 199.065628 218.972198 182.723236 218.972198
454 136.85762 209.018906 121.557594 209.018906
414 555.393127 331.444275 529.322937 331.444275
518 570.323059 289.640503 546.170593 289.640503
466 585.252991 334.430267 558.436584 334.430267
459 692.748413 253.808685 671.840393 253.808685
460 665.874573 253.808685 645.236084 253.808685
469 656.916626 319.500336 630.784119 319.500336
470 633.028748 331.444275 605.009705 331.444275
471 653.930603 310.542389 627.752075 310.542389
449 274.710571 80.621582 258.023621 80.621582
476 409.079895 86.593552 389.527832 86.593552
450 203.046951 119.439384 184.634583 119.439384
395 137.355286 209.018921 121.622383 209.018921
533 555.393127 110.48143 535.421326 110.48143
475 549.421143 89.579536 528.490173 89.579536
486 639.000671 361.304138 608.36554 361.304138
489 591.224915 358.318146 560.883423 358.318146
490 498.659424 191.103012 477.370331 191.103012
491 373.248077 292.626495 348.670197 292.626495
492 346.374207 262.766632 326.72525 262.766632
493 197.074982 316.514374 169.684509 316.514374
494 426.995789 334.430267 398.644165 334.430267
495 409.079895 328.458313 381.050507 328.458313
499 525.533264 271.724609 503.054657 271.724609
545 483.729492 271.724609 461.547668 271.724609
507 564.351074 277.696564 542.10083 277.696564
505 650.944641 182.145065 630.400085 182.145065
417 671.846497 325.472321 645.72583 325.472321
516 558.976318 322.486359 532.43689 322.486359
506 555.393127 329.65271 530.326599 329.65271
408 630.639954 329.65271 602.856812 329.65271
523 429.981781 361.901337 398.351501 361.901337
524 451.480896 354.734985 421.127167 354.734985
482 121.828178 150.493622 105.277527 150.493622
551 408.482697 85.996361 393.417786 85.996361
473 515.978149 100.329086 494.285339 100.329086
474 275.904999 78.829994 259.218567 78.829994
534 537.477234 85.996361 513.032471 85.996361
525 200.658173 218.574081 184.17691 218.574081
532 347.568604 261.572266 327.582153 261.572266
480 200.658173 121.828178 182.734161 121.828178
538 587.641785 354.734985 558.761047 354.734985
539 548.226807 333.235901 518.856934 333.235901
540 197.074982 315.319977 167.520691 315.319977
536 415.649078 347.568604 387.433929 347.568604
501 465.813599 369.067719 433.715363 369.067719
549 562.559509 275.904999 541.482971 275.904999
10 456.0 295.0 432.875275 295.0
5 317.0 379.0 283.753204 379.0
171 249.600006 364.800018 218.940994 364.800018
105 684.0 181.200012 662.189331 181.200012
108 475.200012 276.0 453.714203 276.0
226 649.440002 315.360016 623.281555 315.360016
146 87.600006 390.000031 52.335644 390.000031
276 506.880005 326.880005 479.71106 326.880005
198 691.200012 315.360016 665.700745 315.360016
279 186.624023 328.320038 158.546478 328.320038
101 376.800018 294.0 353.927094 294.0
254 295.200012 330.0 267.831757 330.0
104 244.800003 426.000031 206.386063 426.000031
271 592.704041 359.424042 562.517944 359.424042
215 352.800018 269.279999 331.372131 269.279999
256 367.200012 384.480011 333.981995 384.480011
329 76.032005 290.304016 51.802265 290.304016
288 665.28009 323.136017 639.508972 323.136017
385 410.572845 87.091209 391.742737 87.091209
427 649.036865 228.096039 627.795715 228.096039
472 639.000671 301.584442 614.190552 301.584442
384 549.918823 89.579529 528.099365 89.579529
484 624.070801 394.149963 586.013977 394.149963
511 259.78067 343.388214 230.260345 343.388214
