951
-3.3 -1 2.72 0.037 0.888 0.336 0.311 
12363 499.0 325.0
12320 459.0 327.0
12299 493.0 269.0
12039 392.0 195.0
12115 548.0 378.0
11354 213.0 427.0
12119 272.400024 336.0
12252 361.200012 378.0
12265 349.0 390.0
11993 368.640015 159.840012
12332 399.0 401.0
12134 548.400024 378.0
12311 370.0 419.0
12231 308.400024 409.200012
12175 212.544022 428.544037
12030 391.200012 188.400009
12163 263.52002 380.160004
12020 321.600006 218.400009
11992 297.600006 208.800003
12070 236.160004 331.200012
11929 204.480011 182.880005
11197 103.200005 72.0
12065 373.248047 190.080017
11841 686.016052 435.456055
12351 499.392059 324.864044
12290 493.200012 268.800018
12249 378.720001 358.560028
11941 396.000031 106.800003
12052 452.736053 176.256012
12237 501.120026 200.160004
12289 360.0 406.080017
12241 308.160004 408.960022
11406 148.320007 446.400024
11977 252.000015 217.440002
11286 265.420837 402.278442
12090 236.736023 333.504028
12158 263.347229 381.54245
12026 296.640015 208.800003
11951 203.040009 243.360016
12069 368.064026 228.096024
11843 686.880005 434.880005
12316 492.480042 267.840027
12368 474.854462 362.880066
12028 400.204865 184.55043
12079 283.392029 266.11203
12125 200.448013 378.432037
12271 359.424042 406.080048
12256 307.584015 409.536041
11299 167.040009 299.52002
11968 179.712021 273.024017
12006 115.776009 340.416046
11972 252.288025 217.728027
11926 302.400024 145.152008
12022 636.480042 344.160004
12046 333.84964 211.507233
12080 622.080078 340.070435
11307 114.462738 276.203552
11840 688.435303 433.382446
5707 308.966431 408.499268
12226 328.458282 373.248047
11295 196.992035 346.29126
5718 534.988892 308.966431
12307 493.516876 265.420837
11273 167.961624 300.672028
5662 505.958466 99.532814
5029 300.672028 209.433624
12209 501.645416 197.074982
5709 492.687439 266.250275
12206 328.458313 373.248077
6229 194.088989 348.364838
11370 121.927696 365.783081
3815 376.23407 277.696564
12120 435.456055 196.577301
11915 223.948837 161.740829
12054 362.880066 213.580826
5072 301.086761 209.018906
11278 218.972198 365.783081
5679 251.320358 323.481659
11913 205.286423 182.476822
11852 666.869873 420.526154
12168 326.069519 372.650879
3804 534.988892 311.040039
12370 498.062256 308.153625
12257 492.687439 265.752625
12287 378.224701 358.318115
12011 398.131256 181.647385
12302 442.921021 316.016693
12253 376.23407 313.528381
5183 429.981781 256.794678
11927 308.551727 149.299225
11963 226.437149 204.042267
11970 235.892776 265.752625
4969 185.131042 301.584442
11202 74.649612 89.579536
11289 220.96286 367.276093
11898 182.145065 188.117035
12365 474.771545 364.290131
12089 197.074982 383.400421
6200 193.491806 347.568604
3841 440.731354 293.820892
3831 376.23407 279.488159
11933 225.740448 164.826355
3817 300.987244 211.407715
11946 307.556396 146.313248
4275 186.325439 297.404083
5705 250.822708 322.486359
12385 179.159088 211.407715
5636 182.742264 186.325439
5708 225.740448 386.983612
12008 111.078629 322.486359
12102 326.069519 268.738617
12278 478.0 273.0
11932 306.0 131.0
12140 365.0 274.0
12251 361.0 378.0
11985 278.0 201.0
11377 219.600006 453.600006
12043 391.200012 188.400009
12076 624.0 342.0
12335 426.000031 355.200012
12108 201.600006 377.280029
11207 158.400009 185.76001
12106 375.840027 228.960007
12298 563.040039 312.480011
11385 197.280014 440.640015
12272 407.808044 321.40802
12019 235.008026 264.384033
12274 378.432037 359.424042
12242 501.120056 200.448013
12138 371.52005 252.288025
12132 228.096024 378.432037
11917 205.632019 184.896011
12025 369.792023 184.896011
11212 158.976013 184.896011
11944 213.580826 221.875229
12067 319.334442 221.875229
12342 400.204865 396.057648
12240 379.468842 356.659241
11856 667.69928 420.940857
12107 412.646454 203.21283
5697 452.044861 176.256027
11292 219.801636 362.880066
12172 500.152405 199.065628
11858 666.869873 420.526154
12183 442.921021 261.273651
12192 405.596222 271.226929
11984 253.80867 226.437149
11998 233.902115 263.761963
12373 474.771545 364.290131
3805 498.659424 307.556396
12325 403.10791 394.149963
12321 441.92572 295.612457
4645 435.953735 220.96286
11938 301.584442 209.018921
12005 253.808685 226.93483
11910 152.285217 170.201126
11855 668.860535 421.023834
11887 71.663635 200.658173
