954
-3.49 -0.949 2.57 0.0456 0.889 0.353 0.289 
11354 222.0 432.0
12471 178.0 126.0
12459 180.0 84.0
12434 164.0 82.0
12431 106.0 285.0
12817 492.000031 46.800003
12806 479.0 59.0
12396 79.0 105.0
12395 70.0 94.0
12612 338.0 70.0
12587 230.0 354.0
12741 358.0 320.0
12778 612.0 395.0
12788 447.0 171.0
12725 411.0 56.0
12687 386.0 35.0
12859 498.0 188.0
12639 278.0 338.0
12600 250.0 334.0
12591 247.0 322.0
12693 388.0 87.0
12818 476.0 148.0
12590 303.0 132.0
12676 262.0 448.0
12671 275.0 410.0
12633 245.0 418.0
12579 303.0 108.0
12596 321.0 77.0
12572 299.0 84.0
12833 497.0 116.0
12828 494.0 90.0
12820 486.0 99.0
12883 494.0 295.0
12299 487.0 261.0
12678 362.0 128.0
12662 358.0 90.0
12722 362.0 242.0
12767 385.0 273.0
12751 395.0 265.0
12507 193.0 220.0
12466 159.0 194.0
12501 193.0 161.0
12482 182.0 154.0
12265 353.0 387.0
12251 364.0 375.0
12733 336.0 373.0
12691 326.0 277.0
12653 309.0 258.0
12039 389.0 192.0
12645 269.0 375.0
12617 254.0 369.0
12779 382.0 347.0
12680 336.0 218.0
12686 348.0 207.0
12545 201.0 343.0
12569 233.0 297.0
12563 218.0 319.0
12568 232.0 291.0
12536 208.0 278.0
12642 321.0 209.0
12842 660.0 344.0
11871 579.0 456.0
12748 679.200012 414.000031
12835 439.0 311.0
12903 534.0 302.0
12363 494.0 315.0
12803 382.0 412.0
12332 401.0 395.0
12115 545.0 365.0
12911 569.0 129.0
12932 716.0 122.0
12853 626.0 193.0
12137 517.200012 118.800003
12897 546.0 133.0
12581 249.0 293.0
12729 314.0 409.0
12456 117.0 341.0
12417 68.0 376.0
12483 111.0 411.0
12525 179.0 357.0
12537 264.0 96.0
12393 84.0 32.400002
12520 220.800003 172.800003
12627 326.0 133.0
12735 358.800018 320.400024
12030 388.800018 184.800003
12231 314.400024 409.200012
12119 277.200012 338.400024
12598 249.600006 332.400024
12632 277.200012 319.200012
12589 247.200012 321.600006
12730 410.400024 55.200001
12713 398.0 60.0
12708 403.200012 43.200001
12475 177.600006 126.000008
12667 360.0 107.0
12647 358.800018 90.0
12764 385.200012 272.400024
12174 413.280029 262.080017
12712 391.200012 114.000008
12696 387.600006 86.400002
12408 109.0 95.0
12394 70.800003 94.800003
12562 300.0 84.0
12755 349.200012 384.0
12252 363.600006 374.400024
12734 336.0 372.0
12519 173.0 334.0
12508 172.800003 307.200012
12688 261.600006 447.600006
12682 274.800018 409.200012
12631 244.800003 417.600006
12689 326.400024 277.200012
12641 289.200012 284.400024
12580 230.400009 354.0
12467 154.800003 217.200012
12468 159.600006 193.200012
12500 193.200012 160.800003
12758 405.600006 240.000015
12744 406.800018 213.600006
12043 388.800018 192.960007
12640 362.400024 58.800003
12605 338.400024 69.600006
12606 347.0 34.0
12783 381.600006 346.800018
12531 207.600006 270.0
11993 366.0 159.600006
12574 226.800003 338.400024
12561 234.000015 297.600006
12558 218.400009 319.200012
12644 270.0 381.600006
12169 268.800018 374.400024
12622 300.0 220.800003
12603 297.600006 208.800003
12724 367.200012 224.400009
12685 336.0 218.400009
12524 214.800003 212.400009
12832 661.200012 340.800018
12728 678.0 413.0
12910 532.800049 302.400024
12893 494.400024 315.600006
12799 379.200012 410.400024
12813 398.0 400.0
12768 521.280029 433.440002
12134 544.800049 364.800018
12878 473.0 354.0
12926 629.0 116.0
12913 568.800049 128.400009
12931 715.200012 122.400002
12876 587.52002 132.480011
12868 547.0 35.0
12786 447.600006 170.400009
12852 493.200012 193.200012
12895 546.0 133.200012
12555 243.360016 240.480011
12719 362.400024 242.400009
12311 373.200012 414.000031
12698 304.800018 373.200012
12460 116.400002 340.800018
12449 118.800003 286.800018
12530 178.800003 357.600006
12546 264.0 96.0
12450 200.400009 39.600002
12414 110.400002 106.800003
12413 126.0 25.0
12404 73.200005 200.400009
12599 300.0 183.600006
12643 241.920029 444.096039
12175 222.000015 432.000031
12711 371.52002 187.200012
12547 198.720016 343.87204
12665 357.120026 89.280006
12753 348.480011 383.040009
12732 335.52002 371.52002
12652 361.440002 59.040001
12616 346.800018 34.800003
11246 221.76001 331.200012
12738 406.080017 239.040009
12749 406.080017 213.12001
12567 299.52002 84.960007
12505 192.960007 161.279999
12494 190.080002 149.76001
12465 172.800003 142.560013
12020 321.600006 218.400009
11992 298.080017 210.240005
12669 262.656036 438.912048
12675 267.839996 424.800018
12069 367.200012 224.640015
12608 237.600006 397.440002
12108 208.800003 383.040009
12553 200.160004 357.120026
12163 269.279999 381.600006
12655 264.960022 397.440002
12407 98.400002 124.800003
11197 99.360001 79.200005
12512 192.960007 227.520004
12489 178.560013 197.280014
12564 231.840012 288.0
12526 205.920013 249.12001
12834 658.080017 344.160004
12771 638.400024 408.000031
11877 579.600037 456.000031
12772 634.176086 393.984039
11843 680.832092 412.992035
12837 438.912048 328.320038
12914 531.360046 302.400024
12880 489.024048 336.960022
12801 378.720001 408.960022
12870 472.800018 354.0
12930 630.0 115.200005
12916 568.800049 128.160004
12928 714.240051 122.400002
12699 387.360016 86.400002
12723 410.400024 54.720001
12846 515.52002 110.880005
12821 493.920013 90.720001
12871 545.76001 44.640003
12790 445.824036 171.072021
12028 395.712036 181.440018
12242 492.480011 192.960007
12902 544.320007 133.919998
12241 313.920013 408.960022
12437 119.520004 286.559998
12477 122.400002 351.360016
12542 263.52002 95.040001
12486 207.600006 98.400002
11972 254.016022 221.184021
12517 220.320007 172.800003
12397 95.040001 67.68
12452 180.0 83.520004
12439 152.639999 129.600006
12447 174.240005 73.440002
12400 80.400002 169.200012
12474 154.080002 217.440002
12424 135.360001 152.639999
12132 235.008026 381.888031
12093 209.088013 383.616028
12576 230.400009 352.800018
11283 221.184021 354.240021
12746 418.867249 122.342415
12701 387.072021 84.672005
12770 362.880035 373.248047
12535 210.816025 269.568024
12019 238.46402 267.840027
11951 205.632019 248.832031
12492 184.896011 160.70401
12463 172.800018 141.696014
12067 319.334442 221.875229
12681 335.232025 217.728027
12401 101.952011 98.49601
12551 231.552017 236.736023
12528 219.456024 219.456024
11929 205.920013 188.640015
12601 221.184021 433.728027
12610 240.192017 414.720032
12158 269.568024 383.616028
12657 264.384033 397.440033
12499 174.182419 236.390427
11212 159.840012 192.960007
12315 414.720062 346.29126
12765 378.432037 307.584015
12855 632.448059 331.776031
12839 656.640076 343.87204
12797 607.56488 406.425659
11841 679.680054 413.280029
12889 493.920013 313.920013
12858 486.720032 259.200012
12240 380.160034 354.240021
12874 470.880005 354.240021
12933 629.280029 115.200005
12915 568.512024 127.872009
12927 713.664062 122.688011
12896 570.240051 134.784012
12757 444.096039 46.656006
12721 409.536041 53.568005
12905 544.320068 133.056015
4667 546.048035 36.288002
12814 492.480011 46.080002
12745 406.080048 214.272018
12901 527.040039 193.536011
12854 492.480042 191.808014
12223 527.040039 158.976013
12578 248.832031 298.944031
12683 271.296021 428.544037
12726 314.496033 409.536041
12707 303.840027 372.960022
11299 172.800003 308.160004
12453 115.200005 329.76001
12514 184.320007 279.360016
12441 119.23201 286.848022
12491 138.240021 402.624023
12006 122.688011 350.784027
12484 207.360016 98.49601
12649 357.696045 88.128006
12575 298.944031 84.672005
12628 335.232025 77.76001
12552 248.832031 171.072021
11926 298.944031 145.152008
12398 95.040009 67.392006
12446 179.712021 82.944008
12435 172.800018 72.576004
12412 79.200005 169.920013
12476 153.792007 217.728027
12425 134.784012 152.064011
12164 269.568024 383.616058
11957 240.537628 196.992035
12503 184.55043 196.992035
12630 240.537628 425.088074
11998 238.464035 267.494446
11986 205.286423 273.71524
12629 308.966431 215.654434
12625 300.672028 210.816025
12309 555.724854 304.819244
12804 606.528076 407.808044
11840 682.214478 412.646454
12334 435.456055 338.41156
12747 379.468842 304.819244
3804 534.491211 304.570435
12316 485.568054 259.200012
12823 418.867249 371.174438
12873 471.744049 354.240021
12917 570.240051 126.489616
12898 561.945679 68.42881
12921 700.876892 64.281609
12872 595.123291 145.152023
12763 443.750458 45.619205
12694 387.763245 82.944016
12899 545.356873 132.710419
12754 406.425659 213.580826
5113 445.409332 171.694107
12706 396.057648 180.403229
12637 291.133484 296.110107
12737 374.976044 273.024017
11286 271.641632 402.278442
12791 362.880066 400.204865
5707 313.113647 408.499268
12444 115.776009 330.048035
12487 155.52002 294.451233
11968 184.896011 279.936035
11307 118.195213 286.15683
12480 118.195213 404.352051
12455 103.680016 381.54245
12560 192.844833 396.057648
12481 207.360031 97.459213
12646 358.732849 87.091209
12618 323.481659 97.459213
12592 319.334442 55.987209
12527 250.90564 172.108826
12054 362.880066 213.580826
12672 364.953644 155.52002
12584 300.672028 145.152023
12405 101.606415 97.459213
12411 120.960014 51.840004
12473 172.108826 141.004822
12428 134.784012 151.372818
12862 651.939941 335.923248
12736 679.311462 413.061188
12812 682.214478 348.364838
12840 659.404907 340.899902
12462 122.342415 350.438446
12742 375.321655 273.71524
12664 320.993317 273.71524
12848 520.05896 388.177979
12365 472.780853 352.512054
12457 116.121613 331.776062
12445 119.439377 288.645172
12879 572.31366 136.85762
12829 492.687439 94.556175
12865 527.523926 79.626251
12822 482.734161 77.137932
12851 470.292542 231.413788
12891 543.283264 147.225616
12209 493.516876 190.771225
12929 711.244873 122.342415
12925 699.218018 64.696327
12743 418.037811 121.927696
12695 388.177979 92.067856
12760 442.921021 47.278088
12704 385.689667 82.114571
12775 373.248077 376.23407
12226 333.434937 373.248047
12346 418.037811 370.759735
12502 136.85762 400.619568
11295 201.139221 354.585663
12183 430.479431 246.343719
12847 487.296082 257.126434
12120 430.479431 191.600662
12011 393.154602 176.670746
12570 250.90564 228.096039
12549 232.243225 238.464035
11915 221.46051 164.229141
12609 323.481659 97.044495
12656 355.829803 84.60289
12594 318.505005 54.74305
12472 171.694107 141.834259
12442 179.159058 82.114571
12419 149.299225 52.254726
12522 186.624023 306.063416
12440 129.392654 248.832031
5679 256.794678 328.458313
12666 263.347229 396.057648
12620 241.367081 430.479431
11278 226.437149 370.759735
5072 301.086761 211.507233
12586 298.59845 149.299225
12399 102.021133 97.044495
12409 120.268814 51.840008
11208 152.285217 179.159073
12869 594.708557 146.810898
12841 661.478516 340.070435
12922 692.748413 119.439384
12934 680.804504 86.593552
12244 528.519287 158.257187
5105 527.523926 298.59845
3805 492.687439 298.59845
12860 477.757538 283.668549
12731 313.528351 408.084534
12206 331.444275 373.248077
12092 206.032928 388.177979
12566 199.065628 355.829803
3815 376.23407 275.904999
12752 379.220032 307.556396
3841 437.148163 286.654541
4969 191.103012 307.556396
12429 140.341278 134.369308
12448 179.159073 83.607567
12436 170.201126 71.663628
12716 373.248047 196.577301
12582 298.59845 149.299225
3828 412.065857 200.060959
12776 444.314514 171.992722
11965 394.149963 176.173096
12585 253.808685 220.96286
12548 231.413788 238.878754
12573 232.906799 304.570435
11970 238.878754 268.738586
12674 271.226929 403.10791
5688 232.906799 391.163971
12651 265.752625 364.290131
11269 226.93483 370.262085
11202 71.663628 98.537491
12497 185.131042 223.948837
12513 256.296997 57.231369
12692 388.177979 83.607567
12909 569.825378 126.904335
12890 469.39679 354.734985
11855 661.893188 400.619568
12863 624.56842 328.458282
12845 472.97998 125.411354
12892 526.727722 82.413177
12186 373.248077 316.514374
12116 328.458313 265.752625
11995 236.48999 225.740448
11933 222.157257 175.575897
12325 404.899536 386.983612
12295 438.939728 328.458313
12774 376.23407 308.153625
12614 322.486328 95.551506
4275 189.90863 304.570435
12509 175.575897 311.736786
11925 175.575897 240.073166
12433 179.159088 82.413177
3817 300.987244 211.407715
12571 300.987244 150.493622
5705 257.989075 329.65271
12613 265.155426 279.488159
12654 271.724609 403.10791
5708 232.906799 390.566803
12162 265.155426 365.484528
12385 182.742264 218.574081
12470 161.243179 236.48999
5636 182.742264 193.491806
12423 139.74408 157.659988
6229 200.060959 355.332153
12172 494.479065 189.90863
12918 570.323059 125.411354
12912 526.727722 297.404083
11852 662.88855 400.121918
12320 456.0 320.0
12261 381.0 355.0
12085 474.0 120.0
11994 433.0 115.0
12289 364.800018 403.200012
11999 396.000031 153.600006
12369 494.400024 315.600006
12290 487.200012 259.200012
12065 371.52002 187.200012
12080 612.0 322.559998
12351 493.920013 313.920013
12052 446.400024 169.920013
12125 209.088013 383.616028
5718 528.768066 300.672028
12256 314.496033 409.536041
11297 96.768005 262.656036
12204 259.200043 423.014465
11913 205.286423 188.697632
5029 300.672028 209.433624
12301 418.867249 371.174438
12307 487.296082 257.126434
5662 493.516876 91.238411
12389 275.788849 327.628845
11281 228.096039 369.100861
12373 472.780853 353.341492
5160 659.404907 121.927696
5186 492.687439 94.556175
5709 485.222473 258.785309
11898 184.135712 196.577301
12253 379.220032 307.556396
12318 406.093903 388.177979
12287 376.23407 364.290131
11946 298.59845 149.299225
12005 253.808685 220.96286
12008 116.4534 334.430267
6200 200.658173 354.734985
11927 300.987244 150.493622
11853 662.888611 401.316345
