958
-3.64 -1.05 2.39 0.0292 0.893 0.358 0.272 
12395 70.0 90.0
12819 428.0 286.0
12805 430.0 252.0
12709 325.0 306.0
12818 468.0 147.0
12748 659.0 406.0
12883 482.0 291.0
12312 476.0 258.0
12653 304.0 255.0
12612 336.0 69.0
12606 344.0 33.0
12471 178.0 123.0
12459 181.0 81.0
12639 273.0 335.0
12600 247.0 331.0
12591 244.800003 319.200012
11354 218.0 428.0
12467 154.800003 214.800003
12466 159.600006 190.800003
12788 440.0 169.0
12140 360.0 268.800018
12138 364.800018 248.400009
12725 407.0 55.0
12708 399.600006 42.0
12687 383.0 35.0
12859 488.0 186.0
12030 384.0 183.0
12667 357.0 106.0
12662 355.0 89.0
12579 302.0 106.0
12596 319.0 74.0
12572 298.0 82.0
12738 398.400024 236.400009
12261 373.0 350.0
12194 364.0 307.0
12741 352.0 317.0
12828 484.800018 91.200005
12785 397.0 301.0
12803 374.0 406.0
12265 346.0 383.0
12755 342.0 380.400024
12501 193.200012 158.400009
12451 155.0 161.0
12482 182.0 151.0
12461 172.0 139.0
12693 386.0 86.0
12671 270.0 405.0
12568 231.0 288.0
12536 207.0 275.0
12587 228.0 352.0
12563 217.0 317.0
12722 355.0 240.0
12686 342.0 205.0
12680 331.0 216.0
12642 316.0 206.0
12022 608.400024 325.200012
11871 565.200012 447.600006
12778 596.0 389.0
12323 445.200012 315.600006
12903 519.0 299.0
12363 482.400024 310.800018
12809 389.0 394.0
12115 532.0 360.0
12923 704.0 60.0
12853 612.0 193.200012
12897 534.0 133.0
12676 256.800018 442.800018
12311 365.0 409.0
12729 308.0 404.0
12417 66.0 374.0
12525 177.0 354.0
12537 263.0 93.0
12498 208.0 96.0
12408 109.0 91.0
12413 127.0 20.0
12403 81.0 166.0
12530 177.600006 354.0
12730 406.800018 54.000004
12452 181.200012 80.400002
12434 165.0 78.0
12407 98.400002 121.200005
12394 70.800003 90.0
12767 379.200012 270.0
12759 387.0 262.0
12627 324.0 131.0
12936 298.800018 144.0
12404 73.200005 198.000015
12682 270.0 405.600006
12644 265.200012 378.0
12119 273.600006 334.800018
12598 247.200012 331.200012
12735 351.600006 316.800018
12616 344.400024 33.600002
12696 385.200012 85.200005
12562 298.800018 82.800003
12944 202.800003 444.000031
12175 218.400009 428.400024
12580 228.000015 351.600006
12553 198.000015 355.200012
12468 159.840012 190.080002
12531 206.400009 267.600006
12603 293.76001 207.360016
12574 225.0 336.0
12558 217.200012 316.800018
12724 360.0 221.76001
12842 641.0 340.0
12728 660.0 405.600006
12910 518.400024 298.800018
12893 482.0 311.0
12332 392.400024 388.800018
12134 530.400024 358.800018
12924 704.400024 60.000004
12911 556.0 129.0
12817 484.800018 48.0
12852 483.600006 190.800003
12895 534.0 133.200012
12641 285.600006 280.800018
12231 308.160004 404.640015
12449 117.600006 284.400024
12546 264.0 93.600006
12450 200.400009 36.0
12583 316.800018 56.160004
12520 220.800003 170.400009
12416 109.200005 91.200005
12418 156.960007 43.200001
12647 355.200012 88.800003
12635 336.960022 101.952011
12699 384.480011 84.960007
12764 378.720001 269.279999
12163 264.960022 378.720001
12765 371.52005 304.128021
12567 298.080017 82.080002
12608 234.720016 394.560028
12108 205.920013 380.160004
11283 221.184021 350.784027
11299 171.072021 305.856018
12512 192.960007 226.080002
12489 178.560013 194.400009
12289 355.680023 396.000031
12274 372.960022 349.920013
12465 172.800003 139.680008
12069 359.424042 222.912018
12935 302.400024 238.800003
11992 295.488037 209.088013
12526 204.480011 246.240005
12834 639.360046 338.400024
11877 564.480042 447.840027
11859 639.360046 397.440002
11841 660.096069 406.080048
12914 518.400024 298.944031
12889 482.400024 309.600006
12878 460.800018 348.480011
12810 393.120026 387.360016
12825 529.920044 358.560028
12913 556.800049 128.400009
12931 691.200012 123.840004
12920 679.680054 67.68
12896 559.87207 136.512009
12871 535.679993 46.080002
12814 483.840027 47.52
12790 438.912048 169.344009
12902 534.240051 132.480011
12675 262.800018 421.200012
12241 307.584015 404.352051
12477 120.960014 349.05603
12542 263.52002 93.600006
12490 207.360016 95.040001
12556 253.200012 218.400009
12517 220.320007 169.920013
12065 364.608032 184.896011
12400 79.200005 166.800003
12474 154.080002 216.000015
12424 135.360001 149.76001
12711 365.76001 184.320007
12796 397.440002 322.559998
12665 354.240021 87.840004
12492 186.624023 158.976013
12463 172.800018 138.240021
12401 101.952011 95.040009
11986 205.286423 269.568024
11955 203.21283 246.758438
12528 219.456024 217.728027
12046 328.320038 207.360016
12625 296.524841 207.360031
11207 158.976013 190.080017
12839 637.63208 340.416046
12874 460.339264 348.364838
12880 479.001678 329.702454
12870 457.920044 350.784027
12916 555.840027 128.160004
12928 691.200073 124.416016
12879 559.87207 136.85762
12757 437.184052 46.656006
12723 406.080017 53.280003
12096 423.360046 190.080017
12028 390.528046 179.712021
12854 482.112061 190.080017
12670 316.22403 271.296021
12132 231.552017 378.432037
12726 306.892853 402.278442
12732 329.76001 367.200012
12453 113.760002 326.880005
11273 172.108826 304.819244
12441 117.504013 285.120026
12486 207.360016 95.040009
12607 344.160004 34.560001
12588 316.22403 55.296005
11972 252.000015 218.880005
12552 248.832031 170.035217
11926 297.216034 143.424011
12397 95.040009 63.936005
12426 141.004822 130.636826
12446 179.712021 79.488007
12412 79.200005 165.600006
12476 153.792007 216.000015
12425 134.784012 149.299225
11278 223.948837 364.953644
12551 231.552017 238.46402
11952 215.654434 223.948837
12499 174.182419 234.316833
12488 178.32962 194.918427
11998 236.390427 265.420837
12402 101.606415 132.710419
12405 101.606415 93.312012
12855 615.16803 328.320038
11840 661.478516 404.352051
12334 427.161652 331.776062
3804 512.593994 296.110107
12858 474.854462 255.052841
12915 556.416077 127.872009
12898 551.577698 70.502411
12927 692.58252 124.416016
12921 679.311462 67.184647
12017 427.991089 124.416016
12763 437.529663 45.619205
12120 423.014465 190.771225
12780 437.944397 169.20578
12901 516.672058 193.536011
12861 482.734161 189.11235
12891 530.841675 147.225616
12630 236.390427 420.940857
5707 306.063416 403.10791
12750 333.84964 383.616058
12455 103.680016 379.468842
12491 134.784012 398.131256
12066 199.065628 352.512054
12481 207.360031 95.385612
12649 354.240021 86.400009
12592 317.260834 53.913609
11929 205.632019 186.624023
12054 356.659241 209.433624
12584 298.59845 143.078415
12398 95.385612 62.208008
12411 120.960014 48.384003
12473 172.108826 138.931213
12848 507.61734 383.201324
12373 456.855652 352.346191
12736 661.893188 405.596222
12812 656.916565 345.876526
12513 256.794678 56.733707
12458 119.439377 348.364838
12457 114.048019 327.628845
11307 118.195213 284.083252
12917 557.798462 126.489616
12888 480.245819 231.413788
12887 530.012207 149.299225
12747 373.248047 302.745636
3815 367.276093 271.724609
12664 316.016693 268.738586
12877 460.339264 348.364838
12760 437.944397 47.278088
12704 385.689667 82.114571
12875 480.7435 334.430267
5105 513.589355 295.612457
12307 475.269196 256.296997
12502 134.369293 398.131256
11295 197.074982 352.346191
12478 124.416016 360.806458
12929 691.753052 124.416016
5160 641.986633 124.416016
12769 355.829803 395.642944
12609 320.993317 94.556175
12646 354.585663 85.017609
11984 252.979233 217.728027
12549 228.925476 233.902115
11892 221.46051 164.229141
12674 266.250275 398.131256
12651 262.766632 361.304138
12829 483.729492 95.551506
12822 475.269196 79.626251
5072 296.110107 209.018906
11997 343.388214 173.187103
11946 303.575073 146.810898
12472 171.694107 139.345947
12429 139.345947 131.880981
12442 179.159058 79.626251
12419 149.299225 49.766407
12399 102.021133 94.556175
5679 253.80867 323.481659
11917 205.286423 186.624023
12840 639.498352 335.923248
11855 644.972717 394.149963
12856 483.729492 188.117035
12900 459.841614 349.360199
12092 203.046951 385.192017
12566 197.074982 351.151794
12752 370.262085 304.570435
12742 368.271423 271.226929
3841 429.981781 283.07135
12656 353.341492 84.60289
11965 388.177979 176.173096
12802 355.332153 394.149963
12775 364.290131 370.262085
12226 325.472321 367.276093
12047 232.906799 301.584442
11970 236.390427 266.250275
4969 189.90863 304.570435
12624 295.612457 209.018921
11963 226.93483 206.032928
12515 223.948837 167.215134
12448 179.159073 77.635597
12438 170.201126 65.691658
5688 229.920807 388.177979
11269 223.948837 368.271423
12385 182.742264 218.574081
11898 184.135712 194.088989
11208 152.285217 176.173096
12008 113.467415 331.444275
12909 557.383789 126.904335
3817 297.404083 207.824539
11995 236.48999 222.157257
11933 222.157257 171.992722
12776 438.939728 170.201126
12784 354.734985 394.149963
5194 365.484528 369.067719
12168 326.069519 369.067719
4275 188.117035 304.570435
12162 261.572266 361.901337
12890 455.064056 351.151794
12430 139.74408 132.577713
12433 179.159088 78.829994
5705 254.405899 326.069519
12826 490.895874 118.244995
12497 182.145065 217.976868
12470 157.659988 232.906799
5636 182.742264 189.90863
12423 139.74408 154.076813
12571 297.404083 150.493622
12004 114.661812 329.65271
12774 369.067719 304.570435
12172 483.729523 186.325439
12919 558.976318 125.411354
12860 465.813599 280.682556
12691 321.0 273.0
12720 392.0 140.0
11327 235.0 399.0
12617 250.0 365.0
12820 478.0 99.0
12039 384.0 191.0
12799 374.0 406.0
12930 613.0 116.0
12868 538.0 36.0
12689 321.600006 273.600006
12454 146.400009 230.400009
12846 505.200012 112.800003
12519 171.600006 332.400024
11941 387.600006 102.000008
12632 273.600006 315.600006
11246 216.000015 330.0
11993 361.200012 157.200012
12648 316.800018 216.000015
12640 358.800018 58.800003
12849 608.400024 325.200012
12876 574.800049 133.200012
12734 330.0 368.400024
12593 325.200012 42.0
12945 171.360001 331.200012
12821 485.280029 92.160004
12643 237.600006 439.200012
12576 227.520004 349.920013
5718 516.960022 295.200012
12768 509.76001 427.680023
11978 420.480011 96.480003
12786 437.76001 175.680008
12437 119.520004 288.0
12538 209.088013 298.944031
12093 205.632019 381.888031
12535 209.088013 267.840027
12495 171.072021 222.912018
12905 533.952026 133.056015
12578 245.376022 295.488037
11286 269.568024 404.352051
12698 298.944031 369.792023
11951 200.448013 252.288025
12539 230.169632 234.316833
12503 186.624023 194.918427
12863 607.56488 323.481659
12816 651.110474 337.996857
12192 396.057648 259.200043
12873 464.48645 346.29126
12079 284.083252 267.494446
12791 356.659241 396.057648
12707 298.59845 367.027252
12006 120.268814 348.364838
12409 120.268814 47.692806
12202 574.802002 313.528351
12756 340.899902 375.736359
12206 333.434937 385.689667
12865 517.570618 84.60289
12570 253.80867 226.437149
12410 119.439377 47.278088
12321 429.981781 283.668549
12934 647.958679 92.565521
12585 253.808685 226.93483
12946 125.411354 167.215134
12518 206.032928 185.131042
12872 564.351074 146.313248
12089 204.241348 386.983612
4256 612.72406 125.411354
12892 537.477234 85.996361
12659 322.486359 261.572266
12436 171.992722 68.080452
5662 476.563141 100.329086
12325 376.23407 397.733154
12614 322.486359 93.16272
