960
-3.67 -1.05 2.34 0.0277 0.893 0.359 0.269 
12200 146.0 228.0 101.720604 228.0
12572 483.0 49.0 458.255768 49.0
12367 335.0 68.0 300.389679 68.0
12223 179.0 122.0 135.046799 122.0
12477 407.0 55.0 376.579437 55.0
12458 399.0 42.0 368.353821 42.0
12436 384.0 35.0 351.979279 35.0
12400 271.0 333.0 237.690216 333.0
12364 245.0 329.0 210.009766 329.0
12356 243.0 317.0 207.506744 317.0
12357 216.0 426.0 180.785873 426.0
12012 370.0 348.0 343.477051 348.0
11948 361.0 305.0 332.757996 305.0
12473 652.0 405.0 624.219727 405.0
12330 298.0 81.0 260.950195 81.0
12278 173.0 345.0 133.26915 345.0
12249 193.0 156.0 151.201599 156.0
12215 173.0 137.0 129.048523 137.0
12560 370.0 404.0 344.59256 404.0
12355 300.0 129.0 264.333832 129.0
12419 355.0 106.0 322.533508 106.0
12411 354.0 88.0 320.888489 88.0
12427 267.0 403.0 235.089493 403.0
12698 258.0 393.0 225.362076 393.0
12410 262.0 369.0 229.104843 369.0
12212 155.0 216.0 110.701744 216.0
12221 159.0 190.0 115.177605 190.0
12331 229.0 287.0 192.149368 287.0
12298 205.0 273.0 166.225754 273.0
12346 226.0 350.0 190.08017 350.0
12320 215.0 315.0 177.625259 315.0
12399 314.0 205.0 280.916473 205.0
12297 216.0 227.0 177.165771 227.0
11633 558.0 446.0 530.341675 446.0
12664 514.0 298.0 495.26886 298.0
12115 478.0 310.0 457.896027 310.0
12565 385.0 392.0 360.743622 392.0
11866 527.0 359.0 503.874359 359.0
12635 533.0 49.0 512.260925 49.0
12562 430.0 226.0 404.501007 226.0
12658 531.0 135.0 511.216339 135.0
12390 284.0 281.0 250.379761 281.0
12487 305.0 402.0 275.579102 402.0
12171 101.0 262.0 53.92503 262.0
12192 116.0 281.0 71.190048 281.0
12301 263.0 93.0 224.412338 93.0
12236 208.0 95.0 165.960953 95.0
12279 256.0 50.0 215.893311 50.0
12201 201.0 35.0 157.065277 35.0
12163 128.0 19.0 78.613167 19.0
12178 136.0 149.0 89.280624 149.0
12406 302.400024 254.400009 269.744904 254.400009
11287 242.400009 453.600006 209.455795 453.600006
12428 260.400024 417.600006 228.192276 417.600006
12181 165.600006 76.800003 119.797478 76.800003
12274 177.600006 330.0 137.684875 330.0
12260 169.200012 302.400024 128.410629 302.400024
12555 394.800018 322.800018 369.089447 322.800018
5771 508.800018 294.0 490.453033 294.0
11777 382.800018 182.400009 352.697876 182.400009
12359 306.0 106.800003 270.474213 106.800003
12336 297.600006 81.600006 260.749817 81.600006
12317 231.600006 261.600006 194.203781 261.600006
12289 204.000015 244.800003 164.381805 244.800003
12491 349.200012 315.600006 320.878113 315.600006
12251 193.200012 156.0 151.440704 156.0
12214 172.800003 136.800003 128.916199 136.800003
12150 70.800003 87.600006 18.583109 87.600006
12372 231.600006 392.400024 196.929443 392.400024
12424 267.600006 403.200012 235.155319 403.200012
12522 339.600006 378.0 311.819885 378.0
12005 352.800018 368.400024 325.711639 368.400024
12216 158.400009 189.600006 114.311562 189.600006
12466 357.600006 220.800003 327.936859 220.800003
12348 225.600006 349.200012 189.783463 349.200012
12597 633.600037 338.400024 611.505615 338.400024
12468 652.800049 404.400024 625.062256 404.400024
12665 514.800049 297.600006 496.045013 297.600006
12653 477.600006 309.600006 457.690674 309.600006
11883 526.800049 358.800018 503.862213 358.800018
12686 655.200012 97.200005 643.306152 97.200005
12682 686.400024 129.600006 673.211914 129.600006
12525 439.200012 48.0 411.394073 48.0
12434 384.0 34.800003 352.000244 34.800003
12580 482.400024 48.0 458.150055 48.0
12550 438.000031 168.0 411.541718 168.0
12671 553.200012 129.600006 535.040894 129.600006
12395 284.400024 280.800018 250.49408 280.800018
12064 361.200012 406.800018 335.489258 406.800018
12172 100.800003 261.600006 53.721874 261.600006
12198 116.400002 282.0 71.962944 282.0
12230 132.0 386.400024 89.813217 386.400024
12303 262.800018 92.400002 224.609818 92.400002
12264 255.600006 50.400002 215.594391 50.400002
12205 201.600006 34.800003 156.923706 34.800003
12415 355.200012 105.600006 322.488007 105.600006
12322 252.000015 217.200012 214.956726 217.200012
12156 109.200005 88.800003 59.431278 88.800003
12174 135.600006 148.800003 89.032578 148.800003
12509 397.440002 210.240005 369.254883 210.240005
11817 357.120026 220.320007 327.33252 220.320007
12519 338.400024 377.280029 310.665344 377.280029
12028 370.080017 348.480011 343.643127 348.480011
12693 296.640015 142.560013 261.063568 142.560013
11689 331.200012 125.280006 297.547455 125.280006
12342 306.720001 108.000008 270.565948 108.000008
12337 296.640015 82.080002 260.503845 82.080002
12378 247.680008 362.880005 213.387817 362.880005
12209 172.800003 136.800003 128.774002 136.800003
11740 292.320007 205.920013 258.01886 205.920013
11196 204.480011 377.280029 167.961411 377.280029
12593 632.160034 338.400024 609.649841 338.400024
12646 456.480011 347.040009 435.731537 347.040009
12663 511.200012 293.76001 492.407379 293.76001
12079 388.800018 385.920013 364.338989 385.920013
12582 524.160034 357.120026 501.393066 357.120026
12670 552.960022 128.160004 534.727844 128.160004
12692 643.680054 99.360001 631.683044 99.360001
12677 675.360046 69.120003 660.623352 69.120003
12614 606.240051 192.960007 584.044983 192.960007
12576 482.400024 47.52 457.742615 47.52
12542 436.320007 168.480011 410.152679 168.480011
12654 531.360046 133.919998 511.005249 133.919998
11231 260.640015 417.600006 228.275696 417.600006
11180 305.279999 401.76001 275.406372 401.76001
12166 100.800003 260.640015 53.363785 260.640015
12188 102.240005 378.720001 57.540913 378.720001
12325 192.960007 403.200012 156.061081 403.200012
12306 197.280014 351.360016 159.278137 351.360016
12237 208.800003 95.040001 165.72197 95.040001
12280 254.880005 50.400002 214.813141 50.400002
12387 335.52002 100.800003 301.973816 100.800003
12351 324.0 40.32 288.165009 40.32
10993 252.000015 217.440002 214.655319 217.440002
12307 247.680008 167.040009 209.700958 167.040009
12464 362.880005 184.320007 332.718201 184.320007
11009 141.12001 128.160004 94.768959 128.160004
12157 79.200005 164.160004 29.135666 164.160004
12173 135.360001 148.320007 88.845146 148.320007
11124 236.736023 331.776031 201.220428 331.776031
12414 354.240021 110.59201 321.727417 110.59201
12412 354.240021 84.672005 320.981903 84.672005
11190 169.344009 304.128021 128.490204 304.128021
12208 172.800018 136.512009 128.823914 136.512009
12383 293.76004 207.360016 259.355896 207.360016
11005 228.096024 205.632019 189.010941 205.632019
12273 207.360016 198.720016 167.227951 198.720016
12267 191.808014 224.640015 150.812897 224.640015
12255 172.800018 233.280029 130.978409 233.280029
11020 158.976013 188.35202 114.954292 188.35202
11735 205.632019 269.568024 166.095505 269.568024
12284 203.904022 245.376022 164.053894 245.376022
12590 630.720032 338.688019 608.387268 338.688019
12617 592.704041 321.40802 571.862122 321.40802
12521 620.352051 392.256042 593.184692 392.256042
11598 653.184082 404.352051 624.792725 404.352051
12644 461.376038 343.87204 440.768799 343.87204
12669 513.216064 298.944031 494.806854 298.944031
12647 473.472046 330.048035 453.129272 330.048035
12641 456.192047 347.328033 435.623993 347.328033
5162 715.39209 70.848007 701.218933 70.848007
12678 675.648071 69.12001 660.729248 69.12001
12621 606.528076 193.536011 584.188904 193.536011
12527 437.184052 46.656006 408.63208 46.656006
12584 482.112061 91.584007 458.255005 91.584007
12573 482.112061 46.656006 457.535675 46.656006
11800 435.456055 169.344009 409.091827 169.344009
12489 388.800049 177.984024 358.846252 177.984024
12628 478.656036 190.080017 456.802399 190.080017
12652 527.040039 143.424011 508.537415 143.424011
12451 321.40802 298.944031 290.288879 298.944031
11174 203.904022 378.432037 167.329376 378.432037
11755 119.23201 345.600037 75.624153 345.600037
12196 115.776009 281.664032 71.419403 281.664032
12243 207.360016 95.040009 165.67395 95.040009
12268 255.744019 51.840004 215.484573 51.840004
12339 316.22403 55.296005 280.341553 55.296005
11802 352.512024 209.088013 321.920624 209.088013
11680 333.504028 138.240021 300.280243 138.240021
12199 179.712021 77.76001 135.288025 77.76001
12160 120.960014 46.656006 71.304871 46.656006
12210 153.792007 214.272018 109.478432 214.272018
12219 172.108826 136.85762 128.681229 136.85762
12312 228.925476 233.902115 190.696548 233.902115
11706 215.654434 221.875229 175.730408 221.875229
12154 101.606415 91.238411 52.119221 91.238411
12376 294.451233 207.360031 260.025757 207.360031
12600 630.374512 337.996857 607.925659 337.996857
12453 653.184082 404.352051 625.455505 404.352051
12033 423.014465 329.702454 399.573151 329.702454
12668 510.105682 294.451233 491.72937 294.451233
12649 474.854462 329.702454 454.275024 329.702454
12059 472.780853 255.052841 450.766052 255.052841
12116 464.48645 348.364838 443.907379 348.364838
12672 553.651306 126.489616 535.716064 126.489616
12523 437.529663 45.619205 409.725922 45.619205
12444 385.689667 80.870415 354.120483 80.870415
12601 483.148865 93.312012 459.30899 93.312012
12630 534.988892 39.398407 513.227356 39.398407
11847 420.940857 188.697632 394.181458 188.697632
11804 437.529663 167.961624 410.193481 167.961624
4671 479.001678 188.697632 457.035339 188.697632
12616 485.222473 186.624023 462.584442 186.624023
12393 282.009644 265.420837 247.861465 265.420837
11797 313.113647 269.568024 281.056854 269.568024
6220 265.420837 396.057648 232.820877 396.057648
11863 221.875229 362.880066 186.081711 362.880066
11157 304.819244 400.204865 275.145538 400.204865
12538 352.512054 393.98407 325.53772 393.98407
12190 114.048019 325.555237 68.978111 325.555237
12252 134.784012 396.057648 92.710403 396.057648
11813 196.992035 350.438446 159.071793 350.438446
12266 255.052841 51.840008 214.970215 51.840008
12409 352.512054 85.017609 319.604797 85.017609
12311 248.832031 167.961624 209.922607 167.961624
11679 205.286423 184.55043 164.538712 184.55043
12194 167.961624 99.532814 122.437927 99.532814
11007 141.004822 128.563217 94.448181 128.563217
12202 180.403229 76.723213 135.277298 76.723213
12231 114.462738 400.619568 71.558487 400.619568
12207 119.439377 345.876526 74.975151 345.876526
12197 111.974419 325.969971 68.215439 325.969971
12622 480.245819 189.11235 457.33902 189.11235
12675 552.407104 126.904335 535.530273 126.904335
12512 435.456055 47.278088 407.978882 47.278088
12511 368.271423 306.063416 340.407288 306.063416
12497 365.783081 271.226929 337.493774 271.226929
12437 313.528351 268.738586 280.674377 268.738586
4697 507.61734 293.621796 490.067963 293.621796
12645 475.269196 333.434937 454.507721 333.434937
11176 303.575073 400.619568 274.428802 400.619568
12063 360.806458 368.271423 334.578247 368.271423
12700 637.01001 124.416016 625.516113 124.416016
3788 425.502777 283.668518 401.61972 283.668518
12250 134.369293 395.642944 91.769516 395.642944
6219 196.577301 350.85318 158.803879 350.85318
12232 126.904335 370.759735 84.053833 370.759735
12365 320.993317 94.556175 285.682526 94.556175
12403 353.341492 84.60289 320.03772 84.60289
12347 316.016693 52.254726 280.223419 52.254726
11871 420.526154 191.600662 393.976074 191.600662
12540 432.967743 169.20578 406.729797 169.20578
12211 141.834259 256.296997 98.274643 256.296997
10997 251.320358 216.483871 214.596146 216.483871
12182 121.927696 228.925476 76.67749 228.925476
12416 263.761963 395.642944 231.480179 395.642944
11192 221.46051 365.783081 185.908005 365.783081
12226 171.694107 136.85762 127.959244 136.85762
5631 139.345947 129.392654 92.969139 129.392654
12371 251.320358 320.993317 216.654572 320.993317
12381 281.180206 266.250275 247.005493 266.250275
11023 233.902115 266.250275 197.005707 266.250275
5046 296.110107 206.530594 261.554352 206.530594
11699 303.575073 146.810898 268.300415 146.810898
12161 102.021133 92.067856 52.454796 92.067856
11668 206.530594 184.135712 166.081238 184.135712
12627 480.7435 188.117035 458.498444 188.117035
12450 385.192017 80.621582 353.728699 80.621582
12515 367.276093 304.570435 340.200348 304.570435
12558 376.23407 394.149963 351.341217 394.149963
12598 421.023834 334.430267 397.606049 334.430267
12073 426.995789 283.668549 402.361603 283.668549
12204 173.187103 137.355286 128.890671 137.355286
10973 179.159073 77.635597 134.746033 77.635597
12430 352.346191 83.607567 318.714264 83.607567
5705 188.117035 304.570435 148.358505 304.570435
12534 435.953735 170.201126 408.229584 170.201126
11096 250.822708 322.486328 216.151382 322.486328
12360 262.766632 280.682556 227.756271 280.682556
3777 295.612457 209.018921 261.266876 209.018921
10994 226.93483 203.046951 188.132614 203.046951
10982 223.948837 164.229156 182.675797 164.229156
4239 480.7435 95.551506 457.423981 95.551506
11210 262.766632 394.149963 230.608536 394.149963
12180 122.425369 229.920807 77.12619 229.920807
11013 182.145065 188.117035 140.121445 188.117035
12674 555.393127 125.411354 537.67981 125.411354
12691 637.806335 121.828178 627.424927 121.828178
11743 232.906799 222.157257 194.925537 222.157257
10983 222.157257 168.409531 183.003479 168.409531
12547 433.564972 168.409531 406.703278 168.409531
12567 376.23407 394.149963 350.783936 394.149963
10989 139.74408 128.994537 93.757271 128.994537
3789 186.325439 300.987244 146.366501 300.987244
5747 250.822708 322.486359 216.395523 322.486359
11912 261.572266 358.318176 228.016052 358.318176
12606 480.146332 96.745903 456.537018 96.745903
12170 139.74408 154.076813 93.107193 154.076813
11753 114.661812 329.65271 70.029694 329.65271
12673 555.393127 125.411354 538.015503 125.411354
12503 349.0 329.0 320.887787 329.0
12470 353.0 238.0 323.278046 238.0
12625 473.0 257.0 450.990112 257.0
12683 637.200012 127.200005 625.463196 127.200005
12396 271.0 315.0 237.186127 315.0
12507 397.200012 236.400009 369.101379 236.400009
11597 652.320007 404.640015 624.4328 404.640015
12604 484.800018 115.200005 461.247833 115.200005
12352 216.000015 426.000031 180.722656 426.000031
12358 306.0 107.0 270.409851 107.0
12324 229.200012 284.400024 192.034729 284.400024
12637 534.0 37.200001 512.935608 37.200001
12302 207.360016 295.200012 168.882935 295.200012
12292 216.000015 224.640015 176.678497 224.640015
11631 558.720032 444.960022 530.515808 444.960022
11565 704.400024 423.600006 673.990295 423.600006
12636 534.240051 37.440002 512.810852 37.440002
12620 480.000031 190.800003 457.852692 190.800003
12241 131.040009 385.920013 89.148521 385.920013
11143 263.347229 377.395264 229.690628 377.395264
12281 216.000015 224.640015 176.208832 224.640015
12299 205.632019 269.568024 166.095505 269.568024
12248 184.896011 195.264023 143.234879 195.264023
11831 592.704041 321.40802 571.862122 321.40802
12478 388.800018 178.560013 358.953583 178.560013
12240 184.55043 192.844833 142.410034 192.844833
12639 456.192078 346.29126 435.96106 346.29126
12114 465.315918 350.85318 444.842651 350.85318
12640 533.952026 38.016003 512.588196 38.016003
11705 203.21283 244.68483 163.569336 244.68483
12345 317.260834 53.913609 281.596436 53.913609
11676 304.819244 147.225616 269.459503 147.225616
12596 629.545044 338.41156 606.823181 338.41156
12634 599.685181 323.481659 578.886902 323.481659
12577 390.66629 383.201324 366.138855 383.201324
11650 221.46051 161.740829 181.610535 161.740829
11748 171.694107 306.063416 131.257568 306.063416
5116 365.484528 272.321808 337.356323 272.321808
12471 322.486328 367.276093 293.276428 367.276093
12333 295.612457 149.299225 259.538177 149.299225
11232 194.088989 340.402252 155.894714 340.402252
12290 170.201126 307.556396 129.723495 307.556396
5213 534.491211 107.495445 515.477539 107.495445
12164 101.523476 89.579536 51.492378 89.579536
11965 322.486359 365.484528 292.937469 365.484528
4228 508.811798 293.820892 490.322571 293.820892
12397 352.346191 83.607567 318.714264 83.607567
12295 200.658173 261.572266 161.940552 261.572266
