981
-3.45 -1.23 1.9 -0.00322 0.907 0.355 0.228 
12043 208.0 410.0 181.827789 410.0
11893 346.0 152.0 323.191772 152.0
12635 412.0 77.0 392.208282 77.0
12658 412.0 158.0 393.169617 158.0
12115 356.0 324.0 336.895996 324.0
12680 506.0 141.0 492.5 141.0
12671 438.0 153.0 421.110352 153.0
12362 169.0 77.0 135.113632 77.0
12487 148.0 418.0 118.91581 418.0
12522 191.0 393.0 163.61528 393.0
11868 330.0 170.0 306.857788 170.0
12473 486.0 417.0 461.039612 417.0
12637 413.0 68.0 392.927948 68.0
12103 356.400024 324.0 337.152039 324.0
11682 132.0 158.400009 97.355453 158.400009
12342 136.800003 136.800003 101.845695 136.800003
12670 438.000031 153.600006 421.369507 153.600006
12075 312.0 328.800018 290.684021 328.800018
12628 355.200012 210.000015 333.880066 210.000015
12525 301.200012 76.800003 274.02774 76.800003
11911 330.0 170.400009 306.886505 170.400009
12591 355.200012 118.800003 332.578308 118.800003
12429 199.200012 152.400009 168.266541 152.400009
12410 92.400002 387.600006 59.216259 387.600006
12400 103.200005 351.600006 69.535522 351.600006
11145 147.600006 418.800018 119.166145 418.800018
12470 201.600006 261.600006 172.688583 261.600006
12663 392.400024 308.400024 374.532471 308.400024
12624 470.400024 344.400024 450.181183 344.400024
11883 388.800018 372.0 366.507843 372.0
11565 523.200012 434.400024 496.275818 434.400024
12468 486.000031 417.600006 460.798737 417.600006
12597 490.800018 354.0 470.024078 354.0
12692 544.800049 124.800003 533.753723 124.800003
12681 506.400024 141.600006 493.773804 141.600006
11947 288.0 273.600006 263.977051 273.600006
10991 75.600006 248.400009 38.997398 248.400009
4696 437.76001 152.639999 420.886566 152.639999
11869 165.600006 318.240021 135.487381 318.240021
12482 231.840012 208.800003 203.662674 208.800003
11740 126.720001 230.400009 93.158478 230.400009
12002 227.520004 364.320007 201.933273 364.320007
12555 256.320007 338.400024 231.666397 338.400024
12617 469.440033 342.720001 449.345459 342.720001
12582 387.360016 371.52002 365.317963 371.52002
11597 486.720032 416.160004 460.996857 416.160004
12593 489.600006 354.240021 468.82901 354.240021
5163 624.960022 33.120003 613.46521 33.120003
12636 411.840027 69.120003 392.02359 69.120003
12657 391.680023 210.240005 373.144379 210.240005
12654 411.840027 156.960007 393.509735 156.960007
12625 347.040009 272.160004 326.394806 272.160004
12646 338.400024 357.120026 318.524902 357.120026
12322 73.440002 240.480011 36.301037 240.480011
12519 190.080002 393.120026 162.892914 393.120026
10981 102.240005 223.200012 67.321381 223.200012
12478 238.46402 202.176025 210.222076 202.176025
12464 216.000015 205.632019 186.560577 205.632019
12339 148.608017 82.944008 113.633308 82.944008
12387 172.800018 131.328018 140.24057 131.328018
12481 259.200012 81.216011 230.039703 81.216011
12383 127.872009 231.552017 94.255272 231.552017
12044 347.328033 273.024017 326.217499 273.024017
12030 255.744019 338.688019 231.476974 338.688019
4697 392.256042 309.312042 374.671997 309.312042
12626 468.288055 343.87204 448.286896 343.87204
12490 454.46405 400.896027 430.135773 400.896027
11593 487.296051 418.176025 461.382416 418.176025
12600 489.024048 354.240021 468.151093 354.240021
12033 292.032013 345.600037 269.388031 345.600037
12079 252.288025 397.440033 228.555466 397.440033
11920 91.584007 387.072021 58.598541 387.072021
11180 148.608017 418.176025 119.598953 418.176025
12527 300.672028 76.032005 272.838257 76.032005
12540 293.76004 186.624023 268.401215 186.624023
11680 172.108826 161.740829 139.367554 161.740829
12609 369.100861 393.98407 347.516266 393.98407
12456 203.21283 232.243225 173.651611 232.243225
5771 391.910461 308.966431 374.43869 308.966431
11596 489.369659 416.793671 463.041016 416.793671
12596 487.296082 352.512054 466.596069 352.512054
12640 412.646454 70.502411 392.360168 70.502411
12672 439.603271 151.372818 422.458832 151.372818
12497 219.801636 288.230438 192.485275 288.230438
5772 294.451233 300.672028 271.262421 300.672028
12051 346.29126 271.641632 325.810944 271.641632
12639 331.776062 360.806458 311.31311 360.806458
11797 155.52002 288.230438 123.804237 288.230438
11978 180.403229 398.131256 152.472763 398.131256
12601 354.585663 120.268814 332.152344 120.268814
12523 300.672028 76.723213 273.126587 76.723213
12632 354.585663 209.433624 334.118683 209.433624
4251 296.524841 192.844833 271.220856 192.844833
12412 194.918427 111.974419 162.968765 111.974419
12376 128.563217 230.169632 94.911469 230.169632
11676 136.85762 172.108826 102.313919 172.108826
11938 281.180206 263.761963 256.976593 263.761963
11745 176.670746 196.577301 145.065826 196.577301
12668 390.66629 308.551727 373.583313 308.551727
12675 437.944397 151.787537 421.232269 151.787537
12512 298.59845 74.649612 271.492828 74.649612
12118 335.923248 358.318115 315.650085 358.318115
12127 330.946594 360.806458 311.000336 360.806458
5127 328.458282 149.299225 304.924408 149.299225
12516 189.11235 390.66629 162.257767 390.66629
12126 355.829803 306.063416 335.967163 306.063416
12630 410.572845 72.161293 391.408661 72.161293
12381 111.974419 286.15683 78.927811 286.15683
12453 490.199097 418.037811 464.267792 418.037811
12595 487.710785 353.341492 466.805695 353.341492
6220 97.044495 413.061188 63.811165 413.061188
12085 291.133484 345.876526 268.191101 345.876526
12063 218.972198 383.201324 192.928543 383.201324
12444 231.413788 109.486099 201.142532 109.486099
12409 194.088989 111.974419 161.54982 111.974419
12347 146.810898 82.114571 112.453545 82.114571
5046 129.392654 231.413788 95.336639 231.413788
5097 218.972198 291.133484 192.050659 291.133484
4230 248.832031 281.180206 222.612442 281.180206
12480 209.018921 235.892776 180.41658 235.892776
12365 155.271194 119.439384 121.395584 119.439384
12437 152.285217 286.65451 121.227486 286.65451
4228 397.135956 313.528381 379.007355 313.528381
12673 438.939728 152.285217 421.990265 152.285217
12117 355.332153 310.542389 335.625031 310.542389
12059 346.374207 271.724609 324.644073 271.724609
12416 95.551506 412.065857 62.949123 412.065857
12077 253.808685 394.149963 230.45462 394.149963
4239 355.332153 122.425369 331.509613 122.425369
11699 134.369308 170.201126 100.997444 170.201126
12397 194.088989 119.439384 162.231552 119.439384
12495 217.976868 289.640503 191.404175 289.640503
12123 354.734985 308.153625 336.119781 308.153625
12594 354.734985 121.828178 331.034943 121.828178
5213 415.649078 132.577713 398.228821 132.577713
4310 283.07135 232.906799 257.679291 232.906799
11772 204.000015 206.400009 174.340897 206.400009
12042 289.200012 303.600006 266.024231 303.600006
12477 260.0 84.0 231.737244 84.0
12012 229.0 365.0 203.623779 365.0
12425 199.0 152.0 168.229584 152.0
12521 463.200012 406.800018 438.271515 406.800018
12441 204.0 182.0 174.253113 182.0
12518 250.560013 231.840012 223.735687 231.840012
11747 232.800003 210.000015 204.591599 210.000015
11908 282.0 240.000015 256.734802 240.000015
11878 165.600006 319.200012 135.49913 319.200012
12690 544.320007 125.280006 533.108154 125.280006
12300 83.520004 119.520004 45.740047 119.520004
11741 204.000015 181.200012 174.085648 181.200012
12303 85.200005 120.000008 47.111359 120.000008
12647 347.328033 345.600037 327.213257 345.600037
11903 280.800018 239.040009 255.651123 239.040009
12447 136.512009 385.344025 105.907997 385.344025
12116 338.688019 357.696045 318.96994 357.696045
12584 354.240021 119.23201 331.868744 119.23201
3780 276.203552 330.946594 252.633759 330.946594
5124 279.936035 236.390427 254.737152 236.390427
12619 470.707275 337.996857 450.693756 337.996857
12634 470.292542 338.41156 450.343414 338.41156
12599 487.710785 353.341492 466.805695 353.341492
12592 387.072021 371.52005 364.598511 371.52005
11802 201.553955 231.413788 171.82608 231.413788
12114 337.996857 356.659241 317.756866 356.659241
12687 541.209656 128.563217 531.031006 128.563217
12014 292.626495 268.738617 268.673676 268.738617
5095 256.794678 77.635597 228.178253 77.635597
4694 212.004898 340.402252 185.317245 340.402252
4700 397.135956 313.528381 379.007355 313.528381
12655 413.061188 161.740829 394.301422 161.740829
11176 146.810898 418.037811 118.842758 418.037811
12139 101.523476 340.402252 67.426025 340.402252
12578 328.458313 149.299225 305.228699 149.299225
12674 440.731354 150.493622 423.697327 150.493622
12450 232.906799 110.48143 202.607086 110.48143
