982
-3.43 -1.33 1.82 -0.0164 0.907 0.358 0.221 
12878 318.0 358.0
12911 424.800018 151.200012
12897 397.0 155.0
12323 297.0 327.0
12713 228.0 85.0
12813 232.0 402.0
12930 495.0 140.0
12042 163.200012 223.200012
12161 313.200012 166.800003
12868 398.400024 66.0
12842 475.0 352.0
12923 571.0 96.0
11871 380.0 454.0
11985 77.0 218.0
12546 60.000004 114.000008
12924 571.200012 96.0
11932 110.400002 153.600006
12289 190.800003 408.000031
12261 211.0 362.0
12852 339.0 208.0
12843 298.0 297.0
12193 272.160004 270.720001
12926 494.400024 140.400009
12686 163.0 224.0
12157 265.200012 235.200012
12787 282.0 188.400009
12896 418.800018 159.600006
12913 424.800018 151.200012
12730 241.920013 77.760002
12698 116.400002 382.800018
12556 48.960003 236.160004
11843 467.0 414.0
12871 398.400024 74.400002
5105 378.0 306.0
12828 341.0 115.0
11969 180.0 148.0
5712 278.208038 298.944031
11809 502.560028 430.560028
12880 331.200012 342.720001
12249 210.240005 361.440002
12876 432.000031 159.600006
12128 146.400009 315.600006
11992 104.400002 226.800003
12665 176.256012 108.864014
12707 115.776009 381.888031
12723 242.400009 79.200005
12152 264.384033 235.008026
5697 279.360016 194.400009
12683 76.32 436.320007
12669 63.360001 449.280029
12916 425.088043 150.336014
12895 398.400024 154.800003
3800 701.568054 437.184052
12855 453.600006 341.279999
11841 468.000031 414.000031
12839 473.76001 351.360016
12867 398.880005 66.240005
12858 331.200012 269.279999
12809 232.800003 402.000031
11877 381.600006 453.600006
12825 369.792023 368.064026
12231 127.200005 415.200012
12696 213.600006 105.600006
12902 398.880005 155.520004
12226 152.064011 380.160034
12163 70.560005 393.120026
12765 207.360016 316.22403
12079 87.840004 279.360016
12725 241.920029 77.76001
12679 134.784012 286.848022
12182 263.347229 234.316833
12080 438.912048 330.048035
11837 468.000031 413.280029
12834 471.744049 352.512024
4642 613.440002 33.120003
5718 377.280029 305.279999
12299 331.776062 269.568024
12241 128.160004 414.720032
4220 371.174438 45.619205
12814 339.840027 72.0
12790 281.664032 190.080017
12699 213.12001 105.120003
12334 275.788849 342.144043
12915 425.088074 151.372818
12625 105.753616 226.02243
12637 97.044495 308.551727
12588 126.489616 76.723213
12166 263.761963 233.902115
12107 236.390427 215.654434
12670 134.784012 286.15683
12736 470.707275 414.720062
12881 398.131256 70.502411
12798 266.11203 257.472015
3804 376.704041 305.856018
6134 192.844833 335.923248
12737 201.139221 286.15683
11286 76.032005 412.992035
12757 283.392029 72.576004
12701 214.272018 105.408012
12365 316.514374 358.318146
12747 207.360031 315.187256
12743 250.822708 143.327255
12775 200.060959 382.206024
5029 106.997772 226.437149
12731 128.397339 415.051849
12674 74.649612 412.065857
11855 457.850952 403.10791
5413 707.097717 192.844833
4243 398.131256 69.672974
12917 425.502777 149.299225
3805 340.899902 303.575073
12389 78.796814 337.996857
12829 338.41156 116.951057
12694 213.580826 105.753616
12649 174.182419 106.997772
12763 284.083252 72.576012
12183 265.420837 257.126434
5113 279.936035 190.771225
12750 161.740829 396.057648
12742 201.553955 286.15683
5068 151.787537 268.738586
12664 131.383316 283.668549
3833 143.327271 240.073166
12740 262.766632 89.579536
4645 268.738617 229.323624
12777 256.794678 200.060959
5073 154.275864 353.341492
12909 426.995789 149.299225
5174 397.135956 68.677643
12045 196.577301 199.065628
12054 184.135712 228.925476
12011 218.972198 196.577301
12370 340.402252 304.570435
12888 337.41626 244.850739
12940 364.290131 364.290131
5662 340.402252 119.439384
4280 278.691895 191.600662
3841 277.696564 298.59845
12263 276.203552 266.250275
5183 265.752625 259.78067
3815 200.658173 286.654541
12760 281.180206 72.161293
12692 214.990891 107.495445
5072 107.495445 226.93483
11927 114.462738 166.717468
12756 170.201126 388.177979
5075 164.229156 340.402252
5053 152.285217 268.738617
12058 134.369308 247.836716
12168 149.299225 379.220032
12890 315.319977 358.318176
5160 523.144531 157.659988
12918 426.398621 150.493622
12912 376.23407 307.556396
12792 257.989075 254.405899
5659 191.103012 232.906799
11965 217.976868 194.088989
12392 197.074982 200.658173
12776 279.488159 189.90863
5078 143.327255 238.878769
11938 107.495445 225.740448
11946 113.467415 167.215134
12146 206.032928 316.514374
4631 182.145065 364.290131
5755 400.121918 161.243164
12143 330.0 149.0
12025 189.0 200.0
12722 185.0 259.0
12332 232.0 402.0
12645 73.0 385.0
12849 455.0 342.0
12832 482.0 349.0
12363 341.0 322.0
12729 127.0 416.0
11994 268.0 138.0
11993 184.800003 177.600006
12000 217.200012 207.600006
12827 340.800018 116.400002
12755 171.600006 390.000031
12883 340.800018 303.600006
12870 319.200012 357.600006
11327 27.360001 404.640015
12672 184.320007 175.680008
12542 60.480003 113.760002
12874 318.240021 357.120026
12118 145.440002 315.360016
12647 174.240005 105.120003
12718 216.000015 205.632019
12703 114.048012 373.248047
12567 103.680008 96.768005
12905 399.16803 155.52002
12810 231.552017 402.624023
12364 317.952026 357.696045
5707 129.600006 421.63205
12028 217.728027 196.992035
12840 472.780853 342.144043
12873 303.575073 365.783081
12362 316.016693 358.318115
12848 353.341492 393.154602
12585 49.766407 233.902115
11840 457.850952 403.10791
12863 465.813599 340.402252
12372 340.402252 307.556396
12307 331.444275 268.738617
12656 176.173096 116.4534
12654 71.663635 408.482697
12321 275.904999 297.404083
12192 232.906799 279.488159
4646 261.572266 89.579544
12784 186.325439 401.316345
