1 0 0 0 0 1 0 0 0 0 1 0
0.999862 -0.00519802 0.0157723 -58.4929 0.00518833 0.999986 0.000655123 -3.31664 -0.0157755 -0.000573193 0.999875 110.052
0.999814 -0.00626701 0.0182415 -68.1694 0.00618421 0.99997 0.00459139 -2.68979 -0.0182697 -0.00447771 0.999823 218.048
0.999774 -0.00976828 0.0188902 -77.2084 0.00955657 0.999891 0.0112644 -4.30555 -0.0189982 -0.0110813 0.999758 329.703
0.999731 -0.0140872 0.0184507 -82.0994 0.0138764 0.999838 0.0115031 -3.39147 -0.0186098 -0.011244 0.999764 446.877
0.999708 -0.0160921 0.0180041 -83.785 0.0159466 0.999839 0.00819358 -1.71895 -0.0181331 -0.00790407 0.999804 554.143
0.999654 -0.0183018 0.0188808 -84.9611 0.018222 0.999824 0.00438621 0.0522964 -0.0189578 -0.00404066 0.999812 664.927
0.999658 -0.0177659 0.0191799 -86.7317 0.0176868 0.999834 0.00428572 -0.47921 -0.0192529 -0.003945 0.999807 767.046
0.999659 -0.0179653 0.018968 -98.7187 0.0178597 0.999824 0.00572316 0.879742 -0.0190675 -0.00538245 0.999804 884.105
0.999623 -0.0188861 0.0199519 -102.118 0.0187119 0.999785 0.00887961 1.37535 -0.0201153 -0.00850295 0.999762 980.145
0.999598 -0.0204052 0.0196667 -105.777 0.0202048 0.999742 0.0103359 2.2892 -0.0198726 -0.00993439 0.999753 1084.51
0.999533 -0.0223946 0.0207706 -110.137 0.0221662 0.999692 0.0111637 3.41967 -0.0210142 -0.0106981 0.999722 1182.29
0.999538 -0.022469 0.0204654 -111.188 0.0222386 0.999687 0.0114168 4.19516 -0.0207155 -0.0109565 0.999725 1279.99
0.999507 -0.0226788 0.0217009 -119.175 0.0224745 0.999701 0.00961015 5.53496 -0.0219124 -0.00911768 0.999718 1378.59
0.999458 -0.024323 0.0221765 -128.572 0.0241638 0.999681 0.00741758 7.98891 -0.0223498 -0.00687771 0.999727 1476.83
0.999452 -0.0259727 0.0205247 -130.07 0.0258711 0.999652 0.00520324 10.8563 -0.0206527 -0.00466937 0.999776 1587.24
0.999487 -0.0260078 0.0186928 -127.92 0.0259208 0.999652 0.00487969 10.6591 -0.0188132 -0.00439265 0.999813 1687.09
0.999508 -0.0253163 0.0184931 -130.154 0.0252415 0.999672 0.00426797 10.9992 -0.0185951 -0.00379906 0.99982 1782.94
0.999543 -0.024787 0.0172995 -135.455 0.0247165 0.999685 0.00427837 11.5272 -0.0174001 -0.00384882 0.999841 1878.23
0.999453 -0.0269863 0.0191205 -142.466 0.0268838 0.999623 0.00559687 10.7614 -0.0192643 -0.00507975 0.999802 1982.53
0.99942 -0.0267995 0.0209976 -151.713 0.0266698 0.999624 0.00643263 12.2076 -0.0211621 -0.00586887 0.999759 2083.88
0.999433 -0.0264361 0.020856 -152.108 0.0262858 0.999627 0.00745093 11.8087 -0.0210451 -0.00689849 0.999755 2181.75
0.999406 -0.0290402 0.018536 -149.444 0.0288917 0.999549 0.0082273 11.9345 -0.0187665 -0.00768687 0.999794 2276.88
0.999408 -0.0292915 0.0180746 -162.38 0.0291799 0.999554 0.00640785 14.3126 -0.0182542 -0.00587665 0.999816 2362.49
0.999394 -0.0299114 0.0178051 -169.936 0.029786 0.99953 0.00726776 13.9627 -0.0180141 -0.00673301 0.999815 2470.68
0.999343 -0.0308417 0.0190436 -179.189 0.0306768 0.99949 0.00889279 15.1826 -0.0193082 -0.00830278 0.999779 2571.35
0.99921 -0.0344698 0.0197908 -185.435 0.0342453 0.999346 0.0115698 16.9841 -0.0201767 -0.0108829 0.999737 2662.55
0.99924 -0.0334206 0.0200463 -187.764 0.0331429 0.999352 0.0140302 16.1475 -0.0205022 -0.0133551 0.999701 2769.06
0.99925 -0.0328924 0.0204335 -188.773 0.0326361 0.999386 0.0127511 17.4085 -0.0208404 -0.0120746 0.99971 2859.67
0.999298 -0.0315546 0.0201704 -194.312 0.0313632 0.999461 0.0097367 18.2261 -0.0204668 -0.00909724 0.999749 2950.53
0.999301 -0.0300305 0.0222544 -199.072 0.0298526 0.99952 0.00828795 19.3005 -0.0224926 -0.00761784 0.999718 3050.68
0.999283 -0.0300147 0.0230752 -204.326 0.029835 0.999522 0.00809305 19.5351 -0.023307 -0.00739877 0.999701 3140.99
0.999241 -0.0315935 0.0227689 -215.941 0.0314251 0.999476 0.00771585 19.2072 -0.0230007 -0.00699446 0.999711 3228.98
0.999261 -0.0314158 0.0221633 -222.606 0.0312675 0.999487 0.00700833 19.3716 -0.0223721 -0.00631018 0.99973 3331.04
0.999231 -0.0316037 0.0232243 -231.069 0.0314511 0.999481 0.00690483 19.641 -0.0234304 -0.00616906 0.999706 3428.49
0.999209 -0.0317466 0.0239425 -245.452 0.0315382 0.999462 0.00903006 17.1433 -0.0242163 -0.00826782 0.999673 3508.76
0.999238 -0.0323901 0.0217614 -249.478 0.0321408 0.999415 0.0117064 16.6041 -0.0221278 -0.010998 0.999695 3603.81
0.999235 -0.0320946 0.0223377 -258.268 0.0317963 0.999402 0.013586 15.8952 -0.0227604 -0.0128654 0.999658 3688.45
0.999278 -0.0315665 0.0211272 -259.137 0.0312838 0.999418 0.0135797 17.4128 -0.0215436 -0.0129089 0.999685 3775.88
0.999358 -0.0286172 0.0215663 -267.475 0.0283547 0.999521 0.012383 18.9108 -0.0219103 -0.0117636 0.999691 3872.9
0.999366 -0.0278955 0.0221201 -275.837 0.0276286 0.999543 0.0122833 18.1826 -0.0224527 -0.0116643 0.99968 3957.01
0.999374 -0.0277163 0.0219991 -283.51 0.0274189 0.99953 0.0137088 17.9395 -0.0223687 -0.013097 0.999664 4039.07
0.999282 -0.0251195 0.0283531 -316.155 0.0247082 0.999586 0.0147677 21.3581 -0.0287123 -0.0140565 0.999489 4142.31
0.999327 -0.0228833 0.0286521 -315.979 0.022431 0.99962 0.0160113 19.5125 -0.0290076 -0.0153579 0.999461 4219.53
0.999377 -0.0201026 0.029007 -314.001 0.0197006 0.999707 0.0140784 19.7085 -0.0292816 -0.0134982 0.99948 4290.19
0.99931 -0.016501 0.0332798 -321.51 0.0161486 0.999811 0.0108278 20.8804 -0.0334522 -0.0102829 0.999387 4377.52
0.999252 -0.0151521 0.035571 -317.797 0.0148653 0.999855 0.00831273 24.3449 -0.0356918 -0.00777773 0.999333 4466.02
0.999126 -0.0144552 0.0392224 -315.987 0.0140783 0.999852 0.00986844 22.8942 -0.0393592 -0.00930762 0.999182 4541.78
0.998998 -0.0103198 0.0435425 -328.38 0.00979961 0.999878 0.0121432 23.815 -0.0436625 -0.0117044 0.998978 4618.03
0.998748 -0.00645226 0.0496059 -331.526 0.00566917 0.999857 0.0159105 24.3585 -0.0497015 -0.0156093 0.998642 4705.99
0.998557 -0.000919608 0.0537013 -330.583 -4.41482e-05 0.999839 0.0179428 21.3055 -0.0537092 -0.0179192 0.998396 4772.33
0.99824 0.00217544 0.0592703 -330.879 -0.00324705 0.999833 0.01799 23.653 -0.0592213 -0.0181508 0.99808 4853.19
0.997754 0.00614475 0.0667062 -331.842 -0.00744048 0.999788 0.0191932 26.6801 -0.0665742 -0.0196465 0.997588 4924.86
0.997344 0.0100326 0.0721388 -326.767 -0.0115758 0.999712 0.021006 24.8766 -0.0719073 -0.0217853 0.997173 4973.02
0.996433 0.0139297 0.0832277 -335.632 -0.0157437 0.999652 0.021179 23.9623 -0.0829038 -0.0224137 0.996305 5039.46
0.995866 0.0179004 0.0890533 -328.624 -0.0199253 0.999562 0.0219014 23.1847 -0.0886222 -0.0235852 0.995786 5097.93
0.995104 0.0214915 0.096473 -325.305 -0.0236398 0.999496 0.0211807 24.8258 -0.0959692 -0.0233576 0.99511 5167.44
0.994061 0.0264798 0.105553 -320.833 -0.0286743 0.999402 0.0193268 23.9286 -0.104978 -0.0222387 0.994226 5222.19
0.993277 0.0290259 0.112067 -316.07 -0.0310948 0.999376 0.0167575 24.0807 -0.11151 -0.0201295 0.993559 5273.98
0.992008 0.0296493 0.122642 -317.901 -0.0318344 0.999367 0.0158959 26.9249 -0.122093 -0.0196731 0.992324 5338.66
0.991545 0.0281006 0.126682 -293.53 -0.0305778 0.999377 0.0176515 26.3719 -0.126107 -0.0213759 0.991786 5389.49
0.990579 0.0299763 0.133621 -283.017 -0.0327484 0.999291 0.0185965 27.2477 -0.132969 -0.0227972 0.990858 5436.73
0.988104 0.0324462 0.150323 -318.681 -0.0356488 0.99919 0.0186588 28.6295 -0.149596 -0.0237956 0.988461 5487.19
0.986712 0.0376299 0.15806 -308.276 -0.0410248 0.998991 0.01827 28.3879 -0.157213 -0.0245116 0.98726 5528.13
0.985333 0.0416308 0.165485 -294.305 -0.04546 0.998777 0.0194176 24.8983 -0.164475 -0.0266558 0.986021 5551.35
0.98357 0.040525 0.175922 -287.54 -0.0446985 0.998804 0.0198245 27.2801 -0.174908 -0.0273622 0.984204 5599.69
0.981977 0.0395768 0.184811 -273.874 -0.043765 0.998868 0.0186363 25.2893 -0.183865 -0.0263886 0.982597 5626.77
0.979173 0.0385384 0.199336 -282.548 -0.0422425 0.999004 0.0143611 26.5231 -0.198584 -0.0224824 0.979826 5663.13
0.976078 0.0396573 0.213774 -285.62 -0.0428891 0.999025 0.0104992 26.9318 -0.213149 -0.0194166 0.976827 5698.5
0.972629 0.0413601 0.228653 -275.08 -0.0444588 0.998976 0.00841519 27.055 -0.228071 -0.0183505 0.973472 5733.03
0.968585 0.042659 0.244995 -264.805 -0.0457472 0.998929 0.00692556 28.5023 -0.244437 -0.0179158 0.9695 5765.88
0.964626 0.0432288 0.260054 -247.585 -0.0465262 0.998896 0.00653428 27.1176 -0.259484 -0.0184024 0.965572 5796.91
0.959515 0.0423175 0.278461 -238.76 -0.0455977 0.998946 0.00531052 27.9977 -0.277943 -0.0177927 0.960433 5833.39
0.953314 0.0417127 0.299087 -236.98 -0.0454304 0.998952 0.00548492 28.0748 -0.298545 -0.0188165 0.95421 5866.43
0.94725 0.0416395 0.31778 -222.734 -0.045683 0.998942 0.00527955 25.629 -0.317224 -0.0195182 0.94815 5892.18
0.940067 0.0443819 0.33809 -204.583 -0.0483912 0.998823 0.00343519 25.2755 -0.337539 -0.0195899 0.941108 5925.58
0.930995 0.0451045 0.362236 -197.109 -0.0490261 0.998796 0.00163662 25.6181 -0.361726 -0.0192827 0.932085 5961.34
0.920164 0.046885 0.388715 -201.906 -0.0511884 0.998689 0.000715741 26.7948 -0.388171 -0.0205563 0.921358 5997.6
0.910148 0.0496406 0.411298 -172.644 -0.0546232 0.998507 0.000361576 25.9029 -0.410666 -0.0227955 0.911501 6027.39
0.896863 0.0513193 0.439321 -160.995 -0.0569202 0.998379 -0.000424569 25.1173 -0.43863 -0.0246254 0.89833 6060.41
0.882331 0.0517228 0.467778 -154.966 -0.057852 0.998324 -0.00126454 24.6008 -0.467059 -0.0259462 0.883845 6093.73
0.866766 0.0498307 0.496219 -130.57 -0.0557823 0.998439 -0.00282682 23.9702 -0.495585 -0.02523 0.868193 6125.21
0.848528 0.047368 0.527026 -110.265 -0.0526098 0.998602 -0.00504908 23.2614 -0.526529 -0.0234425 0.849834 6152.66
0.828185 0.0466664 0.558509 -80.3123 -0.0502294 0.998697 -0.00896374 23.1165 -0.5582 -0.02063 0.82945 6177.33
0.804004 0.0484718 0.592645 -74.4276 -0.0503636 0.998642 -0.0133528 22.656 -0.592487 -0.019112 0.805353 6212.5
0.779019 0.050812 0.624938 -40.2085 -0.0509441 0.998545 -0.0176844 22.8403 -0.624927 -0.0180604 0.780474 6239.2
0.749698 0.0531523 0.659642 -22.479 -0.0525556 0.998403 -0.0207183 21.1091 -0.65969 -0.0191354 0.751294 6268.4
0.719149 0.0570642 0.692509 11.3089 -0.0568174 0.998114 -0.0232435 19.9272 -0.692529 -0.022631 0.721035 6291.75
0.684536 0.0599055 0.726513 36.4943 -0.0601907 0.997859 -0.0255667 18.4034 -0.72649 -0.026228 0.686677 6327.48
0.650024 0.061252 0.757441 83.3754 -0.0615845 0.997714 -0.0278313 17.0352 -0.757414 -0.0285556 0.652311 6344.21
0.606535 0.0562378 0.793066 101.949 -0.057137 0.997999 -0.0270717 12.3336 -0.793001 -0.0288935 0.608534 6379.81
0.564046 0.0536277 0.824 136.388 -0.0546052 0.998127 -0.0275819 8.90598 -0.823936 -0.0294372 0.565918 6395.95
0.516824 0.0520106 0.85451 182.263 -0.0531142 0.998178 -0.0286306 6.1845 -0.854442 -0.0305896 0.518645 6415.87
0.463968 0.0517673 0.884338 222.892 -0.0509775 0.998197 -0.031687 5.38988 -0.884384 -0.0303796 0.465771 6457.26
0.412171 0.049363 0.909768 276.401 -0.0482485 0.998313 -0.0323083 2.56311 -0.909828 -0.0305784 0.413858 6479.97
0.358036 0.0475917 0.932494 328.956 -0.0472799 0.998343 -0.0327991 2.52014 -0.93251 -0.032345 0.359693 6500.15
0.298622 0.0430543 0.9534 376.031 -0.0475152 0.998414 -0.0302044 -2.21044 -0.953188 -0.0362813 0.300194 6531.8
0.244919 0.0423478 0.968618 443.687 -0.0519051 0.998186 -0.0305161 -2.18707 -0.968153 -0.0428022 0.246673 6547.67
0.192977 0.0425642 0.98028 506.819 -0.0495943 0.998205 -0.0335795 -2.23698 -0.979949 -0.0421362 0.194741 6561.35
0.140778 0.0392084 0.989264 573.867 -0.0404731 0.998608 -0.0338192 -6.55632 -0.989214 -0.0352776 0.142169 6579.83
0.0939506 0.0349677 0.994963 640.069 -0.0286296 0.999065 -0.0324085 -6.94058 -0.995165 -0.0254406 0.0948639 6590.25
0.0509016 0.0345855 0.998105 708.946 -0.0204325 0.999227 -0.0335824 -9.00037 -0.998495 -0.0186844 0.0515689 6591.83
0.0118281 0.0358114 0.999289 775.656 -0.0188102 0.99919 -0.0355852 -11.148 -0.999753 -0.0183759 0.0124921 6590.58
-0.022171 0.0375933 0.999047 847.288 -0.0110729 0.999222 -0.0378456 -12.5119 -0.999693 -0.0119015 -0.0217375 6589.76
-0.0520597 0.0366214 0.997972 918.826 -0.0039295 0.999312 -0.0368756 -14.8093 -0.998636 -0.00584126 -0.05188 6590.73
-0.0777355 0.0351132 0.996355 987.069 0.00191905 0.999383 -0.0350702 -17.8553 -0.996972 -0.000814142 -0.0777549 6585.68
-0.0969389 0.0348239 0.994681 1048.57 0.00560698 0.999391 -0.0344423 -18.9229 -0.995275 0.00223835 -0.0970751 6571.01
-0.113767 0.037101 0.992814 1130.25 0.00856364 0.999302 -0.0363621 -19.4319 -0.993471 0.0043653 -0.114005 6568.17
-0.127227 0.0369134 0.991186 1201.17 0.00841075 0.999312 -0.0361364 -22.1012 -0.991838 0.00373907 -0.12745 6558.18
-0.138407 0.037915 0.989649 1278.68 0.00915454 0.999273 -0.0370034 -24.2424 -0.990333 0.00393825 -0.138654 6548.58
-0.147014 0.0412259 0.988275 1342.71 0.0136299 0.999121 -0.0396507 -26.6219 -0.98904 0.00764086 -0.147447 6532.65
-0.153716 0.0432697 0.987167 1422.33 0.0172857 0.999006 -0.041097 -28.9283 -0.987964 0.0107467 -0.154311 6522.64
-0.158572 0.0431798 0.986403 1498.48 0.0172469 0.999012 -0.0409592 -29.9292 -0.987197 0.0105174 -0.15916 6510.83
-0.162291 0.0401424 0.985926 1566.41 0.0159062 0.999149 -0.0380625 -32.1196 -0.986615 0.00950508 -0.162791 6500.89
-0.164191 0.032933 0.985879 1652.58 0.0138668 0.999421 -0.0310759 -35.1129 -0.986331 0.00856865 -0.164552 6488.08
-0.165906 0.0276513 0.985754 1730.26 0.0144531 0.999568 -0.0256062 -36.5905 -0.986036 0.00999896 -0.166233 6474.68
-0.166595 0.0251333 0.985705 1813.23 0.0174925 0.999593 -0.0225309 -39.0955 -0.98587 0.0134889 -0.166967 6458.33
-0.166375 0.0276017 0.985676 1883.86 0.020285 0.999493 -0.0245646 -41.1116 -0.985854 0.0159075 -0.16685 6446.66
-0.165452 0.0355018 0.985579 1975.34 0.0210133 0.999252 -0.0324667 -41.6969 -0.985994 0.0153386 -0.166075 6433.15
-0.163748 0.0437526 0.985532 2061.81 0.0225213 0.998921 -0.0406051 -43.1541 -0.986245 0.0155464 -0.164556 6420.86
-0.16118 0.0443919 0.985926 2149.11 0.023496 0.998877 -0.0411339 -45.5245 -0.986645 0.0165353 -0.162042 6405.8
-0.159105 0.039957 0.986453 2237.6 0.0225773 0.999067 -0.0368264 -48.2545 -0.987004 0.0164122 -0.159858 6392.41
-0.15674 0.0336909 0.987065 2312.23 0.0217893 0.999293 -0.0306483 -50.8127 -0.987399 0.0167036 -0.157363 6383.83
-0.153955 0.0314603 0.987577 2410.36 0.0200544 0.999387 -0.0287102 -54.9968 -0.987874 0.0153851 -0.154492 6369.08
-0.150803 0.0376161 0.987848 2501.94 0.0277979 0.999042 -0.0337988 -57.8271 -0.988173 0.0223631 -0.151704 6359
-0.147723 0.0435454 0.98807 2589.64 0.0297342 0.998774 -0.0395717 -59.5691 -0.988582 0.0235338 -0.148836 6342.58
-0.145469 0.0438661 0.98839 2680.79 0.0238743 0.998881 -0.0408179 -61.8379 -0.989075 0.0176593 -0.146353 6334.21
-0.140983 0.0403171 0.989191 2758.87 0.0200237 0.999082 -0.0378664 -62.7944 -0.98981 0.0144687 -0.141661 6315.29
-0.137646 0.0362 0.98982 2850.77 0.0227506 0.999184 -0.0333788 -68.2686 -0.99022 0.0179245 -0.138357 6306.26
-0.134142 0.0383451 0.99022 2939.64 0.027629 0.999007 -0.0349426 -69.9725 -0.990577 0.0226715 -0.135069 6293.96
-0.131088 0.0433033 0.990425 3027.27 0.0278356 0.998812 -0.0399859 -72.1293 -0.99098 0.0223274 -0.132137 6281.87
-0.126971 0.0434381 0.990955 3103.83 0.0244238 0.998875 -0.0406559 -74.6939 -0.991606 0.0190408 -0.127889 6274.14
-0.123426 0.0429751 0.991423 3197.28 0.0237098 0.998904 -0.0403477 -78.0613 -0.99207 0.0185265 -0.12431 6262.68
-0.119615 0.0402661 0.992004 3286.46 0.0275828 0.998926 -0.0372212 -81.1886 -0.992437 0.02291 -0.120597 6252.97
-0.116499 0.0412404 0.992334 3370.45 0.0326635 0.998756 -0.0376726 -85.1935 -0.992654 0.0280243 -0.117702 6240.45
-0.112573 0.0431158 0.992707 3451.16 0.0355845 0.998592 -0.0393361 -86.1367 -0.993006 0.0308968 -0.113949 6230.61
-0.110567 0.0431135 0.992933 3544.86 0.0358038 0.998583 -0.0393719 -89.7282 -0.993223 0.0311976 -0.111954 6225.04
-0.108069 0.0408075 0.993306 3634.33 0.0376537 0.998608 -0.0369287 -95.0003 -0.99343 0.0334108 -0.109455 6221.55
-0.104156 0.0406337 0.993731 3720.15 0.0394644 0.998547 -0.0366943 -97.1357 -0.993778 0.0353951 -0.105608 6207.84
-0.101005 0.0408324 0.994048 3802.67 0.0370468 0.998619 -0.0372558 -99.4687 -0.994196 0.0330633 -0.102379 6194.99
-0.0978897 0.0423098 0.994298 3880.23 0.0344187 0.998642 -0.0391061 -101.298 -0.994602 0.0303943 -0.099213 6189.72
-0.0947466 0.0426499 0.994587 3978.28 0.0362138 0.998568 -0.0393708 -104.307 -0.994843 0.0322875 -0.0961555 6181.66
-0.0927208 0.0420181 0.994805 4068.13 0.0339226 0.998663 -0.0390193 -108.088 -0.995114 0.0301284 -0.0940222 6173.67
-0.0897644 0.0420184 0.995076 4156.97 0.031833 0.99872 -0.0393007 -111.034 -0.995454 0.0281484 -0.0909871 6167.37
-0.0872462 0.041538 0.99532 4252.02 0.0290275 0.998812 -0.0391393 -115.573 -0.995764 0.0254769 -0.0883483 6164.7
-0.0842786 0.0437606 0.995481 4324.89 0.026767 0.998774 -0.0416392 -117.233 -0.996083 0.0231368 -0.0853467 6153.75
-0.0811847 0.0463722 0.99562 4422.78 0.0250547 0.998696 -0.0444725 -122.185 -0.996384 0.0213345 -0.0822407 6147.7
-0.0779164 0.0490942 0.99575 4521.19 0.0256581 0.998555 -0.0472248 -125.584 -0.99663 0.0218694 -0.0790635 6143.39
-0.07508 0.0506138 0.995892 4615.67 0.0193752 0.998596 -0.0492905 -129.12 -0.996989 0.0155948 -0.0759553 6136.86
-0.0728056 0.0488904 0.996147 4695.98 0.0144882 0.998744 -0.0479589 -133.608 -0.997241 0.0109407 -0.0734225 6138.53
-0.0700854 0.0501209 0.996281 4804.89 0.0167731 0.998655 -0.0490604 -137.247 -0.9974 0.0132723 -0.0708318 6132.36
-0.0664314 0.0509834 0.996488 4896.31 0.0148293 0.998634 -0.0501046 -141.693 -0.997681 0.0114487 -0.0670967 6125.46
-0.0626771 0.0515676 0.996701 4995.4 0.010452 0.998643 -0.0510109 -145.322 -0.997979 0.00722027 -0.063131 6123.66
-0.0598936 0.0495748 0.996973 5084.16 0.00889038 0.998753 -0.0491292 -149.277 -0.998165 0.00592094 -0.0602596 6122.63
-0.0534786 0.0492854 0.997352 5168.91 0.00899195 0.998765 -0.048873 -154.424 -0.998528 0.00635448 -0.0538557 6116.85
-0.0492879 0.0527532 0.99739 5274.11 0.00500521 0.998605 -0.0525701 -158.415 -0.998772 0.00240108 -0.0494832 6114.36
-0.0464289 0.0608729 0.997065 5369.14 0.00361631 0.998145 -0.0607704 -164.014 -0.998915 0.000784198 -0.0465629 6126.31
-0.0384568 0.0650333 0.997142 5457.9 0.00268461 0.997883 -0.0649782 -169.664 -0.999257 0.000178091 -0.03855 6121.09
-0.0318622 0.0675006 0.99721 5547.75 -0.00200941 0.997711 -0.0675986 -175.149 -0.99949 -0.00415765 -0.0316537 6126.35
-0.025073 0.0650285 0.997568 5622.84 -0.00719454 0.997844 -0.0652273 -180.872 -0.99966 -0.00881248 -0.0245511 6133.67
-0.0183007 0.063239 0.997831 5725.56 -0.0066057 0.997968 -0.0633689 -187.288 -0.999811 -0.00775106 -0.0178458 6137.14
-0.0135769 0.0602345 0.998092 5824.65 -0.00690565 0.998154 -0.0603322 -191.604 -0.999884 -0.00771159 -0.0131359 6143.46
-0.00789578 0.0540333 0.998508 5919.39 -0.00898894 0.998495 -0.0541036 -197.576 -0.999928 -0.00940272 -0.00739819 6153.54
-0.00113568 0.0456883 0.998955 6012.12 -0.011977 0.998883 -0.0456986 -203.251 -0.999928 -0.0120164 -0.000587203 6158.43
0.00609862 0.0429093 0.99906 6105.29 -0.0112643 0.999018 -0.0428387 -207.39 -0.999918 -0.0109924 0.00657597 6161.83
0.0133148 0.0446564 0.998914 6179.31 -0.0137041 0.998917 -0.0444739 -212 -0.999817 -0.0130971 0.0139123 6169.83
0.0152021 0.0518393 0.99854 6283.62 -0.0129857 0.998581 -0.0516437 -215.979 -0.9998 -0.0121816 0.0158537 6180.06
0.0197942 0.0560511 0.998232 6384.07 -0.0145538 0.998338 -0.0557685 -218.818 -0.999698 -0.0134242 0.020577 6193.89
0.0242909 0.0585965 0.997986 6469.36 -0.0171248 0.998159 -0.0581898 -224.587 -0.999558 -0.0156768 0.0252496 6196.95
0.0282425 0.0578977 0.997923 6562.66 -0.0197704 0.998158 -0.0573518 -229.599 -0.999406 -0.0181096 0.0293352 6208.4
0.0327962 0.0545682 0.997971 6645.9 -0.0155313 0.998416 -0.0540821 -235.78 -0.999341 -0.0137261 0.0335917 6220.34
0.0367964 0.0489682 0.998122 6747.14 -0.0148867 0.998715 -0.0484485 -238.096 -0.999212 -0.0130761 0.037478 6225.98
0.039753 0.0421162 0.998322 6835.45 -0.0161076 0.999009 -0.0415038 -242.47 -0.99908 -0.0144306 0.040392 6232.42
0.0429729 0.0385558 0.998332 6920.78 -0.0201818 0.999085 -0.0377161 -246.245 -0.998872 -0.0185274 0.0437117 6239.28
0.0466815 0.0384841 0.998168 7001.5 -0.0215565 0.999064 -0.0375105 -249.223 -0.998677 -0.019766 0.0474674 6242.79
0.0468211 0.0398099 0.99811 7062.93 -0.0218075 0.999008 -0.0388227 -252.211 -0.998665 -0.0199485 0.0476428 6260.33
0.0482569 0.0439818 0.997866 7160.19 -0.0271174 0.99872 -0.042708 -255.681 -0.998467 -0.0249986 0.0493878 6270.28
0.0501769 0.0477265 0.997599 7242.02 -0.0270154 0.998557 -0.0464135 -259.529 -0.998375 -0.0246216 0.0513938 6275.13
0.0514915 0.0526665 0.997284 7325.94 -0.0275905 0.998303 -0.0512957 -263.601 -0.998292 -0.0248743 0.0528572 6283.96
0.0533587 0.0550256 0.997058 7403.5 -0.0268877 0.998198 -0.0536496 -267.127 -0.998213 -0.0239459 0.0547421 6289.38
0.0549606 0.0548812 0.996979 7483.46 -0.0293452 0.998146 -0.0533277 -270.846 -0.998057 -0.0263256 0.0564692 6299.23
0.055458 0.0506197 0.997177 7539.84 -0.027295 0.998418 -0.0491646 -275.721 -0.998088 -0.0244914 0.0567519 6301.2
0.0557906 0.0485114 0.997263 7633.45 -0.0279413 0.998504 -0.0470086 -279.703 -0.998051 -0.0252422 0.0570626 6308.83
0.0557235 0.0473441 0.997323 7714 -0.0269713 0.998582 -0.0458969 -283.228 -0.998082 -0.0243415 0.0569214 6313.1
0.0545215 0.0466687 0.997421 7794.82 -0.0260782 0.998633 -0.0452999 -286.205 -0.998172 -0.0235412 0.055664 6318.51
0.0519454 0.0472871 0.99753 7869.92 -0.0285223 0.998541 -0.0458498 -290.397 -0.998242 -0.0260701 0.0532183 6325.92
0.0498033 0.0503553 0.997489 7938.73 -0.0294713 0.998367 -0.0489282 -293.411 -0.998324 -0.0269605 0.051206 6327.89
0.0477598 0.0543109 0.997381 7998.17 -0.0268342 0.99823 -0.0530721 -296.741 -0.998498 -0.0242292 0.0491327 6336.04
0.0458496 0.0554518 0.997408 8082.23 -0.0256586 0.998194 -0.054316 -300.456 -0.998619 -0.0231017 0.0471896 6340.55
0.0432406 0.0539445 0.997607 8150.15 -0.0253848 0.998278 -0.0528805 -303.725 -0.998742 -0.0230375 0.0445356 6343.12
0.0405142 0.0507271 0.99789 8219.22 -0.0267425 0.998408 -0.0496676 -307.491 -0.998821 -0.0246738 0.0418063 6350.29
0.039188 0.0466244 0.998143 8268.63 -0.0270658 0.998594 -0.0455828 -311.311 -0.998865 -0.0252293 0.0403949 6348.76
0.0370366 0.0459485 0.998257 8342.42 -0.0232514 0.998712 -0.0451068 -315.578 -0.999043 -0.0215402 0.0380573 6349.59
0.0343786 0.0480135 0.998255 8409.55 -0.0197453 0.998683 -0.047354 -318.108 -0.999214 -0.0180829 0.0352813 6356.53
0.0319749 0.0511024 0.998181 8475.18 -0.0161825 0.998588 -0.0506048 -320.339 -0.999358 -0.014535 0.0327567 6354.64
0.0294525 0.0534985 0.998133 8542.18 -0.0164971 0.998457 -0.0530291 -321.787 -0.99943 -0.0149044 0.0302896 6359.52
0.0300362 0.055596 0.998002 8596.77 -0.0161392 0.998349 -0.0551296 -325.41 -0.999419 -0.0144511 0.0308838 6358.26
0.0280017 0.0538121 0.998158 8667.31 -0.0143856 0.998468 -0.0534253 -329.699 -0.999504 -0.0128631 0.0287329 6360.53
0.0288971 0.0535356 0.998148 8731.27 -0.00873301 0.99854 -0.0533039 -332.172 -0.999544 -0.00717651 0.0293225 6359.39
0.0298315 0.0524106 0.99818 8795.77 -0.00405623 0.998623 -0.0523127 -334.714 -0.999547 -0.00248828 0.030003 6364.13
0.0322463 0.0523796 0.998106 8865.73 -0.000728901 0.998627 -0.0523834 -336.922 -0.99948 0.000961648 0.0322402 6367.36
0.034778 0.0519411 0.998044 8929.42 -0.00326261 0.998649 -0.0518589 -340.077 -0.99939 -0.00145269 0.0349005 6376.42
0.0400005 0.0526417 0.997812 8993.2 -0.00446174 0.998611 -0.052505 -343.06 -0.99919 -0.00235175 0.0401798 6378.17
0.0463623 0.0516491 0.997589 9042.88 -0.00322529 0.998665 -0.0515549 -345.395 -0.998919 -0.000827314 0.046467 6386.52
0.0541478 0.051475 0.997205 9113.93 -0.00510875 0.998672 -0.0512733 -349.041 -0.99852 -0.00231814 0.0543389 6395.59
0.0625502 0.0499803 0.99679 9188.64 -0.00389931 0.99875 -0.0498339 -350.671 -0.998034 -0.000769669 0.0626669 6401.06
0.0714421 0.0488409 0.996248 9255.73 -0.00752574 0.998799 -0.0484262 -354.677 -0.997416 -0.00403784 0.0717238 6409.04
0.0815402 0.0488615 0.995472 9325.92 -0.00872083 0.998794 -0.0483103 -357.04 -0.996632 -0.00474211 0.081868 6411.56
0.0910798 0.0519892 0.994486 9395.05 -0.0136614 0.998608 -0.0509535 -360.15 -0.99575 -0.00894521 0.0916632 6426.19
0.101525 0.0533189 0.993403 9449.12 -0.0166442 0.998514 -0.0518922 -363.085 -0.994694 -0.0112661 0.102262 6430.25
0.112319 0.0563237 0.992075 9532.56 -0.020861 0.998306 -0.0543156 -365.93 -0.993453 -0.014595 0.113304 6446.08
0.122952 0.0579954 0.990717 9605.12 -0.0225807 0.998196 -0.0556309 -370.109 -0.992156 -0.0155312 0.12404 6455.29
0.13323 0.0588907 0.989334 9678.44 -0.0247139 0.99812 -0.0560856 -371.074 -0.990777 -0.016978 0.134435 6470.02
0.144713 0.0593628 0.987691 9747.1 -0.0252054 0.998096 -0.0562952 -374.093 -0.989153 -0.0167484 0.145934 6477.81
0.154757 0.0594206 0.986164 9798.12 -0.0307012 0.997997 -0.0553157 -377.453 -0.987475 -0.021716 0.156271 6484.36
0.165858 0.0551663 0.984605 9884.66 -0.0286772 0.998282 -0.0511018 -378.367 -0.985732 -0.01976 0.167155 6501.07
0.176356 0.0488229 0.983115 9958.65 -0.0264091 0.998644 -0.0448567 -381.032 -0.983972 -0.0180524 0.177406 6514.27
0.188879 0.0445685 0.980988 10022.5 -0.0247549 0.998868 -0.0406145 -384.387 -0.981688 -0.016613 0.189769 6522.58
0.199082 0.041284 0.979113 10109.1 -0.0258052 0.998987 -0.036875 -387.067 -0.979643 -0.0179251 0.199946 6545.91
0.208519 0.040244 0.97719 10188.6 -0.0195606 0.999125 -0.0369734 -387.977 -0.977823 -0.0114047 0.209124 6564.43
0.217016 0.0359572 0.975506 10262.5 -0.0133752 0.999337 -0.0338602 -389.433 -0.976076 -0.00569934 0.217353 6580.5
0.224612 0.0278315 0.974051 10352.2 -0.00237405 0.999605 -0.0280142 -389.909 -0.974445 0.00397989 0.22459 6602.08
0.230621 0.0241889 0.972743 10423.8 0.0018425 0.999678 -0.0252956 -392.907 -0.973042 0.00762596 0.230502 6618.36
0.239414 0.0242673 0.970614 10507.9 0.00373611 0.999657 -0.0259149 -396.579 -0.97091 0.00983072 0.239241 6637.11
0.246296 0.0318205 0.968672 10584.6 0.00510382 0.999404 -0.0341278 -398.7 -0.969181 0.0133495 0.245987 6658.01
0.254663 0.0362361 0.966351 10659.9 0.0100352 0.999145 -0.0401104 -400.979 -0.966978 0.0199122 0.254082 6671.3
0.260209 0.0383103 0.964792 10743.1 0.00735919 0.999105 -0.0416576 -404.987 -0.965524 0.0179398 0.259695 6695.62
0.264706 0.0386177 0.963556 10828.4 0.00141234 0.999181 -0.0404335 -408.234 -0.964328 0.0120639 0.264435 6723.38
0.269508 0.0422712 0.96207 10907.8 -0.00683376 0.999095 -0.0419836 -411.227 -0.962974 0.00474035 0.269553 6744.53
0.274575 0.0447284 0.960525 10975.1 -0.00767282 0.998988 -0.0443262 -415.713 -0.961535 0.00480093 0.27464 6761.97
0.278453 0.0490566 0.959196 11056.9 -0.0108965 0.998792 -0.0479184 -419.089 -0.960388 0.00289115 0.278651 6786.5
0.282138 0.0511746 0.958008 11131.2 -0.0145247 0.99869 -0.0490702 -424.419 -0.959264 -7.02552e-05 0.282512 6806.88
0.287198 0.0500606 0.956562 11212.2 -0.0151524 0.998746 -0.0477189 -426.472 -0.957752 -0.00078943 0.287596 6832.53
0.290949 0.0469062 0.955588 11290.4 -0.0135573 0.998899 -0.0449044 -429.886 -0.956642 0.00010974 0.291265 6857.93
0.294516 0.0437181 0.954646 11359.8 -0.0125198 0.999044 -0.0418888 -431.658 -0.955564 0.000384942 0.294782 6880.74
0.298227 0.0429295 0.953529 11441.3 -0.0130982 0.999078 -0.0408836 -434.728 -0.954405 -0.000296922 0.298514 6904.86
0.302167 0.0441761 0.952231 11515.4 -0.014576 0.999023 -0.0417215 -437.287 -0.953144 -0.00127287 0.302515 6927.19
0.304443 0.0448567 0.951474 11584 -0.0148149 0.998993 -0.0423567 -441.403 -0.952415 -0.00120082 0.304801 6951.84
0.306102 0.0431852 0.951019 11656.7 -0.0121108 0.999066 -0.041469 -444.237 -0.951922 0.00117617 0.306339 6979
0.310499 0.0425886 0.949619 11729.4 -0.0107013 0.999089 -0.0413082 -447.303 -0.950513 0.00266396 0.310672 6991.54
0.310962 0.0421445 0.949488 11789 -0.0103598 0.999107 -0.0409541 -448.426 -0.950366 0.00289862 0.311121 7022.36
0.311378 0.0423478 0.949342 11864.3 -0.0108047 0.9991 -0.0410235 -453.1 -0.950225 0.00251643 0.311555 7050.77
0.314662 0.0440872 0.948179 11934.2 -0.010741 0.999022 -0.0428867 -455.054 -0.949143 0.00331047 0.314828 7073.61
0.318027 0.0439652 0.947062 12004.1 -0.00649958 0.999002 -0.0441938 -458.272 -0.948059 0.00789931 0.317995 7097.01
0.321617 0.0440717 0.945843 12065.7 -0.00608972 0.998992 -0.0444775 -461.089 -0.94685 0.00854481 0.321562 7113.78
0.324153 0.0428529 0.945034 12131 -0.00197631 0.999002 -0.0446222 -462.849 -0.946003 0.0125968 0.323914 7139.91
0.327537 0.0420829 0.943901 12177.9 -0.0018441 0.999034 -0.043901 -466.49 -0.944837 0.0126386 0.327298 7157.9
0.330537 0.0419612 0.94286 12251.5 -0.000647979 0.999021 -0.0442334 -469.703 -0.943793 0.0140098 0.330241 7186.21
0.334031 0.0410481 0.941668 12314.3 0.000125442 0.999049 -0.0435939 -472.556 -0.942562 0.0146798 0.333708 7208.8
0.334497 0.0414681 0.941484 12374.6 0.00219853 0.998994 -0.0447822 -473.626 -0.942394 0.0170494 0.334069 7247.83
0.339199 0.0419815 0.939777 12435.2 0.0025293 0.998959 -0.0455382 -477.374 -0.940711 0.0178235 0.33874 7266.76
0.345559 0.0428314 0.937419 12495.5 0.00517494 0.998856 -0.0475461 -479.001 -0.938383 0.0212811 0.344942 7284.04
0.351445 0.0459244 0.935081 12540.7 0.00415646 0.99871 -0.0506116 -480.935 -0.936199 0.0216738 0.350801 7300.42
0.355967 0.0518325 0.93306 12610.7 0.000344122 0.998453 -0.0555965 -485.127 -0.934498 0.0201116 0.355399 7330.51
0.364416 0.0583627 0.929406 12671.1 -0.00507285 0.998144 -0.0606901 -489.144 -0.931222 0.0174017 0.364036 7348.67
0.369118 0.0642312 0.92716 12727.1 -0.00966846 0.99782 -0.0652772 -492.782 -0.929332 0.0151308 0.368935 7380.01
0.375997 0.0692628 0.924029 12784.3 -0.0127255 0.997494 -0.0695915 -494.794 -0.926534 0.0144075 0.375936 7405.91
0.381287 0.0688154 0.921892 12832.8 -0.0163209 0.997571 -0.0677144 -497.06 -0.924313 0.0107726 0.381484 7433.52
0.387424 0.0668958 0.919471 12901.1 -0.0232143 0.997756 -0.0628099 -501.773 -0.921609 0.00298914 0.388107 7462.4
0.393946 0.0629356 0.916976 12962.9 -0.0299421 0.998002 -0.0556332 -506.692 -0.918646 -0.00553977 0.395043 7491.63
0.400528 0.0602966 0.914298 13022.6 -0.0356132 0.998103 -0.0502222 -509.384 -0.915592 -0.0124457 0.401916 7525.83
0.407526 0.0572238 0.911399 13076.2 -0.0387205 0.99822 -0.0453614 -513.944 -0.912373 -0.0168039 0.409016 7542.95
0.414961 0.0610602 0.907788 13149 -0.0437303 0.997931 -0.0471338 -515.418 -0.908787 -0.0201392 0.416773 7578.8
0.422246 0.0644 0.904191 13210.2 -0.046715 0.997694 -0.0492443 -518.674 -0.905277 -0.021446 0.424281 7605.3
0.428364 0.0673105 0.901096 13255.6 -0.0486628 0.997493 -0.0513779 -521.591 -0.902295 -0.0218414 0.430565 7633.35
0.435021 0.0696308 0.897724 13324.6 -0.0516624 0.997293 -0.052319 -525.106 -0.898937 -0.0236187 0.437441 7675.31
0.442515 0.0700397 0.894022 13390.5 -0.0537231 0.997225 -0.0515335 -527.863 -0.89515 -0.0252252 0.44505 7706.49
0.449415 0.0716261 0.890447 13449.1 -0.0592498 0.996976 -0.0502913 -529.325 -0.891356 -0.0301572 0.452299 7745.41
0.4572 0.0687567 0.886702 13522.4 -0.0588234 0.997162 -0.0469916 -533.459 -0.887417 -0.0306743 0.459947 7782.29
0.465494 0.067127 0.882502 13589.4 -0.0594627 0.997239 -0.0444895 -535.317 -0.883051 -0.0317664 0.4682 7820.84
0.474671 0.0672582 0.87759 13648.1 -0.05992 0.997232 -0.044018 -538.317 -0.878121 -0.0316912 0.477387 7853.16
0.482459 0.0693925 0.873166 13723.1 -0.0632503 0.997015 -0.0442868 -539.363 -0.873632 -0.0338615 0.485407 7895.44
0.490537 0.0699934 0.868605 13785.9 -0.0639737 0.996972 -0.0442088 -542.647 -0.869069 -0.0338819 0.493529 7937.52
0.4981 0.0701745 0.864275 13849.5 -0.0657926 0.996905 -0.0430256 -545.589 -0.86462 -0.0354318 0.501176 7978.76
0.504025 0.0694949 0.860889 13926.1 -0.0655104 0.996962 -0.042125 -547.899 -0.861201 -0.0351651 0.507046 8022.45
0.507816 0.068082 0.858771 13997 -0.0640823 0.997096 -0.0411544 -551.333 -0.859079 -0.0341331 0.510704 8065.39
0.51233 0.0658812 0.856258 14062.7 -0.0606353 0.99734 -0.0404559 -553.49 -0.856645 -0.0311927 0.514962 8108.19
0.516096 0.0629332 0.854215 14122.7 -0.0556455 0.997654 -0.0398812 -556.079 -0.854721 -0.0269507 0.518387 8145.48
0.519563 0.0578541 0.852471 14199.3 -0.0483521 0.998097 -0.0382676 -558.529 -0.853063 -0.0213364 0.521372 8196.47
0.523591 0.0531206 0.850312 14274.5 -0.0427588 0.998435 -0.0360448 -559.84 -0.850896 -0.0174855 0.525043 8241.13
0.527494 0.0483868 0.84818 14347.8 -0.0373728 0.998732 -0.0337328 -562.011 -0.848736 -0.013905 0.528634 8286.16
0.531274 0.0470612 0.845892 14401.9 -0.0376632 0.998781 -0.0319124 -564.427 -0.846363 -0.0149048 0.532399 8321.83
0.53435 0.0494168 0.843817 14480.7 -0.0393849 0.998661 -0.0335443 -566.879 -0.844345 -0.0153093 0.535581 8370.44
0.538008 0.0533674 0.841249 14548.5 -0.0449941 0.998389 -0.0345608 -570.2 -0.841738 -0.0192573 0.539543 8416.32
0.541962 0.0563212 0.838514 14617.2 -0.0509896 0.998117 -0.0340851 -571.78 -0.838855 -0.0242827 0.543813 8463.46
0.544351 0.0518224 0.837255 14677.4 -0.0493396 0.99834 -0.0297141 -573.401 -0.837405 -0.0251349 0.546004 8510.2
0.548375 0.0485512 0.834822 14760.6 -0.0519596 0.998362 -0.0239313 -573.3 -0.834617 -0.0302537 0.55 8565.18
0.552224 0.0418109 0.832647 14832.4 -0.0505666 0.998583 -0.0166068 -575.401 -0.832161 -0.0329335 0.553555 8611.97
0.557591 0.0376796 0.82926 14902.7 -0.0485967 0.998738 -0.0127041 -576.63 -0.828692 -0.0332156 0.558718 8663.14
0.562911 0.035814 0.825741 14960.8 -0.0427105 0.998986 -0.014212 -577.133 -0.825413 -0.0272678 0.56387 8699.12
0.568237 0.03482 0.822128 15035.3 -0.0319974 0.999284 -0.0202072 -577.169 -0.822242 -0.0148235 0.568944 8756.99
0.574119 0.0384637 0.817868 15106.6 -0.026113 0.999248 -0.0286633 -578.029 -0.818355 -0.0049008 0.574692 8804.14
0.57996 0.0400112 0.813662 15175.3 -0.0239123 0.999199 -0.0320906 -580.264 -0.814294 -0.000845273 0.580452 8852.53
0.587563 0.0353804 0.808405 15247.5 -0.021219 0.999374 -0.028316 -582.563 -0.8089 -0.000516124 0.587946 8899.62
0.594296 0.030024 0.803686 15314.2 -0.016404 0.999548 -0.0252108 -584.704 -0.804079 0.00179904 0.594519 8949.8
0.599377 0.0276532 0.799989 15364.7 -0.0115922 0.999598 -0.0258678 -585.454 -0.800383 0.00623094 0.599456 8995.85
0.604767 0.0297909 0.795845 15450.2 -0.00800475 0.999477 -0.0313306 -587.343 -0.796362 0.0125772 0.604689 9057.81
0.609291 0.031103 0.792336 15525.1 -0.007326 0.999409 -0.033598 -587.511 -0.792913 0.0146663 0.609159 9115.49
0.613428 0.0290156 0.789217 15595.6 -0.00599159 0.999467 -0.0320885 -590.54 -0.789728 0.0149553 0.613275 9167.8
0.615553 0.0238183 0.787735 15659.8 -0.00319876 0.99961 -0.0277251 -593.031 -0.788089 0.0145465 0.61539 9221.16
0.617581 0.0194267 0.786267 15719.9 0.000615975 0.999683 -0.0251834 -593.985 -0.786507 0.0160371 0.617373 9266.24
0.619383 0.0143183 0.784958 15804.2 0.00514412 0.999738 -0.0222951 -595.1 -0.785072 0.0178471 0.619148 9327.09
0.620019 0.0141283 0.784459 15876.9 0.00462683 0.999755 -0.0216628 -596.05 -0.784573 0.0170609 0.619802 9385.29
0.618168 0.014172 0.785918 15945.5 0.00307592 0.999786 -0.020448 -598.503 -0.78604 0.0150577 0.617993 9445.03
0.61697 0.0167395 0.786809 16014.2 0.000556259 0.999764 -0.0217064 -600.704 -0.786987 0.0138298 0.616815 9507.62
0.616327 0.0203314 0.787228 16064.7 -0.00350182 0.999728 -0.0230779 -602.105 -0.787482 0.0114668 0.616231 9542.29
0.613059 0.02401 0.789672 16148.8 -0.0066598 0.99966 -0.0252244 -603.571 -0.790009 0.010205 0.61301 9613.42
0.613504 0.0263843 0.789251 16227.9 -0.0112983 0.999633 -0.0246349 -605.923 -0.789611 0.00619646 0.613577 9666.35
0.608521 0.0271915 0.793071 16293.2 -0.0131321 0.999621 -0.0241971 -607.474 -0.793429 0.00430974 0.608648 9728.12
0.606408 0.0256998 0.794738 16363 -0.0142644 0.999668 -0.0214426 -610.602 -0.795025 0.00166652 0.606574 9782.38
0.604186 0.0238587 0.796486 16417.7 -0.016085 0.999713 -0.0177449 -614.105 -0.796681 -0.00209026 0.604396 9820.16
0.599775 0.0198145 0.799924 16497.6 -0.0115329 0.999804 -0.0161183 -615.668 -0.800086 0.000441886 0.599885 9880.73
0.596887 0.0244574 0.801952 16568.3 -0.011924 0.999695 -0.021613 -617.325 -0.802237 0.00333805 0.596997 9936.79
0.592563 0.0353284 0.804749 16635.5 -0.018181 0.99937 -0.030485 -619.175 -0.805319 0.00343313 0.592831 9992.79
0.589423 0.0424533 0.806708 16693.9 -0.0219454 0.999091 -0.036543 -622.361 -0.807526 0.00383577 0.589819 10032.1
0.58484 0.0402104 0.810151 16770.4 -0.0235367 0.999191 -0.0326022 -624.766 -0.810807 -1.28709e-06 0.585313 10089.6
0.583053 0.0380334 0.811543 16846.4 -0.0274298 0.999256 -0.0271237 -627.422 -0.811971 -0.00644587 0.583662 10136.4
0.575371 0.0359853 0.8171 16905.4 -0.0303482 0.999283 -0.0226387 -629.577 -0.817329 -0.0117718 0.576051 10195.9
0.57133 0.0364304 0.819912 16971 -0.0307009 0.999264 -0.0230065 -631.513 -0.820146 -0.0120277 0.572027 10240.8
0.569819 0.0352492 0.821014 17033.8 -0.0304709 0.999299 -0.0217555 -635.064 -0.821205 -0.0126204 0.570494 10280
0.564403 0.0353287 0.824743 17111 -0.0270235 0.999339 -0.0243145 -637.159 -0.825057 -0.00856424 0.564985 10338.2
0.561839 0.0353566 0.826491 17186.3 -0.0245847 0.999359 -0.0260393 -639.958 -0.826882 -0.00568917 0.562347 10383.1
0.556801 0.0377848 0.829786 17257.7 -0.0232649 0.999282 -0.0298917 -641.67 -0.83032 -0.00266112 0.55728 10433.1
0.551493 0.0378543 0.83332 17327.7 -0.023855 0.999277 -0.0296057 -644.596 -0.833839 -0.00355152 0.551997 10483.8
0.547361 0.04034 0.835923 17386.7 -0.029371 0.999148 -0.0289848 -648.229 -0.836381 -0.00868675 0.54808 10520.3
0.542474 0.0413063 0.839056 17471.2 -0.0307048 0.999098 -0.0293335 -651.268 -0.839511 -0.00985035 0.543253 10566.6
0.536408 0.0435552 0.842834 17545.4 -0.0327409 0.99899 -0.0307874 -652.401 -0.843323 -0.0110806 0.537292 10613.9
0.528876 0.051419 0.84714 17615.9 -0.0376751 0.998602 -0.0370914 -654.35 -0.847862 -0.0122993 0.530074 10661.1
0.521806 0.0566532 0.851181 17669.6 -0.0409361 0.998306 -0.0413503 -656.108 -0.852081 -0.0132672 0.523241 10698.1
0.514729 0.0605293 0.855213 17752.8 -0.042714 0.998076 -0.0449323 -658.546 -0.856288 -0.0134016 0.516325 10746.9
0.507511 0.0546255 0.859912 17816.1 -0.0460924 0.998281 -0.0362121 -664.134 -0.860412 -0.0212574 0.509156 10780.2
0.500014 0.0487997 0.864641 17897.8 -0.0529198 0.998267 -0.0257384 -668.705 -0.864399 -0.032887 0.50173 10821.4
0.491886 0.0431967 0.869587 17973.5 -0.0519627 0.998445 -0.0202048 -669.731 -0.869108 -0.0352476 0.493366 10870.6
0.483688 0.0431871 0.874174 18059.4 -0.0562203 0.998252 -0.0182098 -670.958 -0.873433 -0.0403384 0.485271 10919.5
0.474819 0.0447947 0.878943 18133.4 -0.0552609 0.998251 -0.0210223 -672.015 -0.878347 -0.0385894 0.476464 10961.7
0.467714 0.0456589 0.8827 18216.4 -0.0495646 0.998448 -0.0253834 -674.147 -0.882489 -0.0318785 0.469251 11002.1
0.459581 0.0556275 0.886392 18287.1 -0.0497721 0.998081 -0.0368307 -675.392 -0.88674 -0.0271909 0.461468 11048.1
0.452092 0.0571985 0.890135 18371.7 -0.0457546 0.998115 -0.0408987 -677.702 -0.890797 -0.0222378 0.453857 11088
0.444447 0.0532597 0.894221 18452.2 -0.0438412 0.998328 -0.0376703 -681.103 -0.894732 -0.0224613 0.446039 11125.2
0.436206 0.0475981 0.898587 18528.8 -0.0405582 0.998625 -0.0332088 -683.711 -0.898932 -0.0219592 0.437537 11165.9
0.428136 0.0471321 0.902484 18618.1 -0.0409116 0.998626 -0.0327447 -686.086 -0.902788 -0.0229029 0.429476 11210
0.420686 0.0477772 0.905947 18699.3 -0.0413671 0.998584 -0.0334534 -688.885 -0.906263 -0.023403 0.422067 11244.8
0.414034 0.0464274 0.909077 18771.2 -0.0372311 0.998726 -0.0340492 -691.251 -0.9095 -0.0197483 0.415236 11279.6
0.408519 0.0406484 0.911844 18855.2 -0.0325181 0.999022 -0.029966 -694.547 -0.912171 -0.0174098 0.409441 11318.4
0.403058 0.0375828 0.914402 18939.4 -0.0318622 0.999127 -0.0270206 -697.4 -0.914619 -0.0182439 0.403904 11355.3
0.398479 0.0362972 0.916459 19021.5 -0.034007 0.999114 -0.0247846 -699.797 -0.916547 -0.0212899 0.399361 11393.2
0.392808 0.0382092 0.918826 19095.2 -0.0340631 0.999055 -0.0269832 -701.87 -0.918989 -0.0206989 0.393738 11428
0.389098 0.0414803 0.920262 19182.9 -0.0333654 0.998965 -0.0309205 -704.503 -0.920592 -0.0186738 0.39008 11460.5
0.385726 0.0476186 0.921384 19262 -0.0336315 0.998729 -0.0375366 -706.494 -0.922 -0.0165087 0.386837 11496.3
0.382223 0.0499034 0.922722 19342.6 -0.0359914 0.998587 -0.0390975 -709.849 -0.923369 -0.0182661 0.383479 11530
0.379112 0.044778 0.924267 19421.1 -0.0357688 0.998791 -0.0337171 -713.062 -0.924659 -0.0202773 0.380255 11559.2
0.376681 0.036543 0.925622 19485.3 -0.0326178 0.999125 -0.0261711 -714.498 -0.925769 -0.0203336 0.377543 11589.6
0.37411 0.0310588 0.926864 19577.5 -0.0269454 0.999381 -0.0226129 -717.31 -0.926993 -0.0165151 0.374716 11620.7
0.37138 0.0306286 0.927976 19657 -0.0217742 0.999468 -0.0242742 -718.344 -0.928226 -0.0111909 0.371849 11651.6
0.369126 0.033839 0.928763 19733.7 -0.0207887 0.999387 -0.0281499 -720.292 -0.929147 -0.00891694 0.369604 11683.4
0.366375 0.0411139 0.929558 19804.3 -0.0249636 0.999098 -0.0343505 -724.2 -0.930132 -0.01062 0.367071 11716.4
0.36434 0.0490662 0.929972 19867 -0.0253544 0.998764 -0.0427624 -727.842 -0.930921 -0.00799886 0.365134 11739.2
0.362111 0.0516231 0.930704 19954.4 -0.0218911 0.998661 -0.0468753 -729.801 -0.931878 -0.00340007 0.362756 11765.6
0.359213 0.0447763 0.932181 20034 -0.0220236 0.998977 -0.039498 -732.435 -0.932996 -0.00634179 0.359832 11795
0.356053 0.0348074 0.933817 20115 -0.0278051 0.999258 -0.0266449 -734.172 -0.934052 -0.0164779 0.356757 11826.8
0.353262 0.0294015 0.935062 20185.1 -0.0355412 0.999206 -0.0179911 -737.788 -0.934849 -0.0268776 0.354027 11857.4
0.35091 0.0308107 0.935902 20243.9 -0.0371135 0.999131 -0.0189768 -742.135 -0.935673 -0.0280754 0.351748 11878
0.34838 0.0339625 0.936738 20329.6 -0.0337468 0.99915 -0.0236746 -743.135 -0.936746 -0.0233642 0.34923 11905.8
0.345716 0.0367615 0.937619 20409.1 -0.0330819 0.999089 -0.0269737 -744.644 -0.937756 -0.0216929 0.346617 11934.2
0.343159 0.0356903 0.938599 20479.1 -0.0337392 0.999101 -0.0256556 -746.152 -0.938671 -0.0228637 0.344054 11961.4
0.340482 0.0339131 0.939639 20545.4 -0.0334918 0.999153 -0.0239252 -749.256 -0.939654 -0.0233242 0.341329 11984.9
0.338234 0.0331265 0.940479 20626 -0.0328247 0.999187 -0.0233893 -751.503 -0.940489 -0.0229599 0.339046 12010.3
0.3346 0.0340334 0.941745 20699.9 -0.0320706 0.99918 -0.0247144 -752.964 -0.941814 -0.0219329 0.335417 12040.3
0.330951 0.0353532 0.942985 20768.7 -0.0302014 0.999183 -0.0268606 -756.116 -0.943165 -0.0195899 0.331748 12065.1
0.32651 0.0372548 0.944459 20828.1 -0.0298739 0.99913 -0.0290836 -757.84 -0.944722 -0.0187186 0.327339 12084.6
0.321154 0.0391205 0.946219 20904.5 -0.0299633 0.999066 -0.0311357 -761.174 -0.946553 -0.0183525 0.322026 12109.3
0.316109 0.0413914 0.947819 20968.2 -0.0296261 0.998991 -0.0337454 -763.5 -0.94826 -0.017413 0.317017 12131.8
0.310144 0.0446094 0.949642 21040 -0.0281827 0.998891 -0.0377187 -765.893 -0.950272 -0.0150652 0.311057 12152.6
0.303557 0.0473359 0.951637 21100.6 -0.0260597 0.998804 -0.0413694 -768.998 -0.952457 -0.0122415 0.304427 12172.4
0.29665 0.0496672 0.953694 21180.8 -0.0278966 0.998671 -0.0433323 -771.929 -0.954579 -0.0137503 0.297641 12198
0.289376 0.0510043 0.955856 21251.3 -0.0331922 0.998514 -0.0432319 -774.609 -0.95664 -0.0192167 0.290638 12219.7
0.283 0.0518083 0.95772 21324.3 -0.037328 0.998378 -0.0429776 -777.668 -0.958393 -0.0235871 0.284475 12233.4
0.276244 0.0525697 0.959649 21395.7 -0.0377669 0.998325 -0.0438169 -780.911 -0.960345 -0.0241388 0.277767 12254.8
0.268389 0.0556159 0.961704 21461.1 -0.0389083 0.998143 -0.0468648 -784.055 -0.962525 -0.0248403 0.270054 12274.9
0.26039 0.0602975 0.963619 21541.4 -0.0425509 0.997795 -0.0509379 -787.147 -0.964565 -0.0277391 0.262382 12301
0.252531 0.0637143 0.965489 21617 -0.0442576 0.997546 -0.0542539 -790.34 -0.966576 -0.0290295 0.254731 12318.8
0.244992 0.0660489 0.967273 21690.8 -0.0460118 0.997345 -0.0564484 -794.557 -0.968433 -0.0306766 0.24738 12340.3
0.236902 0.0683149 0.969129 21770.9 -0.0463738 0.997183 -0.0589564 -799.236 -0.970426 -0.0309753 0.239403 12356.1
0.229415 0.0699824 0.97081 21847.8 -0.0475439 0.997027 -0.0606371 -804.281 -0.972167 -0.0322449 0.232061 12369.2
0.222047 0.0708348 0.972459 21935.7 -0.0435847 0.997082 -0.0626764 -808.794 -0.974061 -0.0284673 0.224487 12386.3
0.214267 0.070279 0.974244 22020.4 -0.0420263 0.997148 -0.0626883 -812.68 -0.975871 -0.0275118 0.216609 12407
0.206417 0.0675768 0.976128 22105 -0.0415847 0.997317 -0.06025 -817.933 -0.97758 -0.0281554 0.208673 12425
0.198269 0.0650232 0.977989 22179.7 -0.0437756 0.997389 -0.0574384 -822.128 -0.97917 -0.0314238 0.200597 12439.7
0.191798 0.0608791 0.979544 22278 -0.0434231 0.997623 -0.0535003 -826.598 -0.980473 -0.0322735 0.193986 12458.1
0.185438 0.0573299 0.980982 22372.9 -0.0389764 0.99794 -0.0509531 -830.728 -0.981883 -0.0287865 0.18729 12473.7
0.179553 0.0511737 0.982416 22465.9 -0.0397427 0.998208 -0.0447327 -834.138 -0.982945 -0.031012 0.181265 12495.8
0.173513 0.0460847 0.983753 22554.3 -0.0394001 0.99843 -0.0398229 -837.368 -0.984043 -0.0318501 0.175057 12510.1
0.168877 0.0459379 0.984566 22659.3 -0.0344984 0.998577 -0.0406743 -841.402 -0.985033 -0.027097 0.170221 12528
0.163472 0.054797 0.985025 22749.4 -0.0314399 0.998239 -0.0503144 -845.155 -0.986047 -0.0227441 0.164907 12543.2
0.158511 0.0672503 0.985064 22841.6 -0.0277678 0.997587 -0.063637 -849.304 -0.986967 -0.0172659 0.159996 12557.1
0.15388 0.0749585 0.985242 22935.8 -0.0211196 0.99714 -0.0725652 -853.528 -0.987864 -0.00964157 0.155023 12580.9
0.150005 0.0712277 0.986116 23026.9 -0.0152515 0.99745 -0.0697263 -860.434 -0.988568 -0.00458042 0.150709 12580.6
0.145191 0.0636816 0.987352 23115.3 -0.00794869 0.99797 -0.0631976 -867.432 -0.989372 0.00132758 0.145403 12591.3
0.140018 0.0577532 0.988463 23224.7 -0.00486246 0.998325 -0.0576406 -874.787 -0.990137 0.00326434 0.140064 12605.8
0.134417 0.0640335 0.988854 23320.9 -0.00924158 0.997948 -0.0633662 -879.446 -0.990882 -0.00062111 0.134732 12632.8
0.130417 0.0727005 0.98879 23426.6 -0.013872 0.997344 -0.0714998 -886.277 -0.991362 -0.00439165 0.131079 12637.9
0.125425 0.0753908 0.989235 23532.9 -0.017146 0.997124 -0.0738182 -892.368 -0.991955 -0.00770275 0.126357 12648
0.119915 0.0701729 0.990301 23644.4 -0.0202888 0.997464 -0.0682237 -900.149 -0.992577 -0.0119109 0.121035 12664.4
0.113678 0.0664638 0.991292 23746.5 -0.022872 0.99767 -0.0642686 -906.395 -0.993254 -0.0153669 0.114933 12677.9
0.10809 0.0674358 0.991851 23858.3 -0.0245345 0.997574 -0.0651512 -913.295 -0.993838 -0.0172924 0.109482 12692.8
0.103167 0.071214 0.992111 23967.3 -0.0256609 0.997292 -0.0689175 -919.502 -0.994333 -0.0183484 0.104715 12705.3
0.0980227 0.0717027 0.992598 24076.5 -0.0223432 0.997308 -0.0698365 -925.993 -0.994933 -0.0153323 0.0993609 12716.9
0.0941348 0.0711497 0.993014 24183.5 -0.018132 0.9974 -0.0697451 -934.584 -0.995394 -0.0114398 0.0951802 12716.6
0.0897843 0.0702392 0.993481 24296.3 -0.0162836 0.99748 -0.0690503 -941.968 -0.995828 -0.00997784 0.0907018 12732.2
0.0857185 0.069618 0.993884 24406.5 -0.015074 0.997532 -0.0685734 -949.348 -0.996205 -0.00910384 0.0865564 12748.6
0.0821384 0.0689116 0.994236 24524.2 -0.014222 0.997586 -0.0679689 -957.093 -0.996519 -0.00855714 0.0829202 12763.9
0.0796346 0.0673505 0.994546 24642 -0.016201 0.997671 -0.0662648 -963.287 -0.996693 -0.0108357 0.0805402 12777.2
0.0771668 0.0647234 0.994915 24754.4 -0.0157165 0.997846 -0.063695 -970.528 -0.996894 -0.0107214 0.0780178 12781.7
0.0742066 0.0649011 0.995129 24872.3 -0.0202534 0.997772 -0.0635632 -976.563 -0.997037 -0.015438 0.0753558 12798.9
0.0725944 0.0665761 0.995137 24988.9 -0.021466 0.997643 -0.0651778 -985.154 -0.997131 -0.0166301 0.0738524 12802.9
0.069295 0.0667006 0.995364 25115.5 -0.020771 0.997642 -0.0654073 -998.077 -0.99738 -0.0161423 0.070517 12839.7
0.0677578 0.0683274 0.995359 25164.3 -0.0222252 0.997508 -0.0669619 -995.253 -0.997454 -0.0175848 0.0691076 12822
0.0692942 0.0669637 0.995346 25315.7 -0.022199 0.997601 -0.0655699 -1005.83 -0.997349 -0.0175521 0.0706145 12789.6
0.0664635 0.0616069 0.995885 25428.3 -0.0205041 0.997966 -0.0603672 -1012.49 -0.997578 -0.0164075 0.0675915 12821.6
0.0646432 0.0605054 0.996072 25538.9 -0.0182832 0.998064 -0.0594398 -1021.58 -0.997741 -0.014369 0.0656243 12835
0.0629516 0.0614067 0.996126 25665.6 -0.020867 0.997968 -0.0602016 -1027.8 -0.997798 -0.0169964 0.064105 12844.5
0.061138 0.0686458 0.995766 25774.4 -0.0203198 0.997511 -0.0675185 -1034.54 -0.997923 -0.0161058 0.0623807 12850.4
0.0590439 0.0706013 0.995756 25896 -0.0199182 0.997381 -0.0695354 -1043.08 -0.998057 -0.015728 0.0602955 12861.4
0.0560864 0.0716079 0.995855 26007.1 -0.0213204 0.997283 -0.0705098 -1051.58 -0.998198 -0.0172773 0.0574608 12872.6
0.0519673 0.0671806 0.996387 26131.5 -0.0230231 0.99755 -0.0660583 -1059 -0.998383 -0.0195071 0.0533867 12905.2
0.0496516 0.0608635 0.99691 26243.1 -0.0228983 0.997948 -0.0597864 -1071.65 -0.998504 -0.0198591 0.0509434 12894.8
0.048362 0.0591632 0.997076 26359 -0.0234522 0.998036 -0.0580826 -1067.98 -0.998554 -0.0205746 0.0496545 12857.7
0.0421245 0.0579247 0.997432 26470.3 -0.0241075 0.998086 -0.0569446 -1079.69 -0.998822 -0.0216469 0.0434403 12902.2
0.0376091 0.0587281 0.997565 26599.3 -0.0230779 0.998056 -0.057887 -1087.22 -0.999026 -0.0208446 0.0388914 12908.4
0.033798 0.0595752 0.997652 26725.8 -0.0229857 0.998004 -0.0588176 -1093.44 -0.999164 -0.0209438 0.0350999 12917.7
0.027493 0.0575794 0.997962 26837 -0.0231047 0.998109 -0.0569514 -1103.96 -0.999355 -0.0214919 0.0287713 12944.9
0.025419 0.0587015 0.997952 26946.3 -0.0241139 0.99802 -0.0580913 -1103.75 -0.999386 -0.0225879 0.0267842 12912.2
0.0203879 0.0567877 0.998178 27050.7 -0.0239537 0.998127 -0.0562956 -1114.36 -0.999505 -0.0227624 0.02171 12936.1
0.0163555 0.0570832 0.998235 27182.4 -0.0248554 0.998084 -0.0566673 -1120.81 -0.999557 -0.0238847 0.017743 12940
0.0117983 0.0570091 0.998304 27288.3 -0.027722 0.998008 -0.0566646 -1128.29 -0.999546 -0.0270065 0.0133552 12940.7
-0.00421141 0.0503555 0.998722 27365.4 -0.026528 0.998374 -0.0504498 -1148.81 -0.999639 -0.0267066 -0.00286873 13002
0.00154932 0.0548135 0.998495 27506 -0.0322225 0.997981 -0.0547352 -1144.79 -0.999479 -0.0320893 0.00331242 12967
0.00207761 0.0607095 0.998153 27639.9 -0.0390358 0.9974 -0.0605824 -1145.18 -0.999236 -0.0388378 0.00444205 12933.3
-0.000286473 0.066942 0.997757 27671.1 -0.0431612 0.996826 -0.066892 -1142.44 -0.999068 -0.0430836 0.00260374 12921.4
-0.00249346 0.0676992 0.997703 27842.3 -0.0431882 0.996767 -0.0677437 -1155.14 -0.999064 -0.0432579 0.000438406 12896.5
-0.00523687 0.0647331 0.997889 27952 -0.0444589 0.996901 -0.0649023 -1163.07 -0.998997 -0.0447049 -0.00234268 12892.1
-0.00841934 0.0611916 0.998091 28104.5 -0.0425587 0.9972 -0.0614959 -1172.36 -0.999059 -0.0429952 -0.00579153 12881.6
-0.014028 0.0573492 0.998256 28205.4 -0.0427523 0.997406 -0.0579012 -1179.46 -0.998987 -0.0434899 -0.0115398 12924.7
-0.0179521 0.0566534 0.998233 28315.1 -0.0413392 0.997498 -0.0573551 -1186.29 -0.998984 -0.0422958 -0.0155651 12925.2
-0.0211341 0.0552218 0.99825 28401.6 -0.0398486 0.997633 -0.0560313 -1193.63 -0.998982 -0.0409631 -0.0188836 12911.3
-0.0234727 0.0585756 0.998007 28503.5 -0.0396463 0.997442 -0.0594749 -1196.44 -0.998938 -0.0409633 -0.0210903 12883.5
-0.0227578 0.0638037 0.997703 28651 -0.0388456 0.997151 -0.0646545 -1195.4 -0.998986 -0.0402278 -0.0202144 12834.4
-0.0334442 0.0579463 0.997759 28762.1 -0.0322639 0.997735 -0.0590264 -1208.48 -0.99892 -0.0341657 -0.0314988 12876.4
-0.0393069 0.0521623 0.997865 28891.6 -0.0327092 0.998034 -0.0534596 -1214.96 -0.998692 -0.0347407 -0.0375234 12900.5
-0.0435688 0.052857 0.997651 29039.1 -0.0324496 0.997998 -0.0542925 -1229.62 -0.998523 -0.0347388 -0.0417664 12866.1
-0.0446004 0.0678508 0.996698 29107.2 -0.0324422 0.997066 -0.0693275 -1223.68 -0.998478 -0.0354272 -0.0422683 12827.7
-0.0527501 0.0785255 0.995516 29226.3 -0.0275065 0.996411 -0.0800537 -1237.32 -0.998229 -0.031606 -0.0504008 12866.6
-0.0588789 0.082197 0.994875 29356.7 -0.0299793 0.996009 -0.0840649 -1248.57 -0.997815 -0.0347753 -0.0561797 12864.3
-0.0642266 0.0761649 0.995025 29474.5 -0.0335187 0.996356 -0.0784304 -1258.25 -0.997372 -0.0383893 -0.0614396 12851
-0.0688062 0.0694481 0.99521 29605.6 -0.0354993 0.996772 -0.0720115 -1268.21 -0.996998 -0.0402841 -0.0661187 12845.1
-0.0756409 0.0635575 0.995107 29721 -0.0380646 0.997055 -0.0665753 -1280.03 -0.996408 -0.0429141 -0.0729988 12866.3
-0.080805 0.0636749 0.994694 29881.3 -0.0438385 0.996765 -0.0673687 -1287.15 -0.995765 -0.0490496 -0.0777521 12820.1
-0.0865817 0.062043 0.994311 29917 -0.0465802 0.996715 -0.0662491 -1283.12 -0.995155 -0.0520512 -0.0834074 12806.7
-0.0951744 0.055569 0.993908 30066.5 -0.0504588 0.996888 -0.0605674 -1297.48 -0.994181 -0.0559159 -0.0920743 12817.1
-0.101907 0.0518049 0.993444 30192.4 -0.0524574 0.996974 -0.0573701 -1305.96 -0.99341 -0.0579599 -0.0988813 12802.9
-0.108611 0.0536385 0.992636 30300 -0.0474139 0.997127 -0.0590691 -1313.47 -0.992953 -0.0534804 -0.105756 12794.1
-0.115154 0.0576888 0.991671 30427.5 -0.046192 0.996921 -0.0633581 -1321.11 -0.992273 -0.0531032 -0.112134 12778.6
-0.122297 0.0600682 0.990674 30539 -0.0455688 0.996774 -0.0660635 -1326.57 -0.991447 -0.0532232 -0.119165 12766.8
-0.129089 0.0586903 0.989895 30665.3 -0.0460816 0.996813 -0.0651099 -1332.69 -0.990562 -0.054021 -0.125974 12758.8
-0.135143 0.0555586 0.989267 30785 -0.0464999 0.996971 -0.0623436 -1341.95 -0.989734 -0.0544261 -0.132151 12740.3
-0.140978 0.0550234 0.988482 30891.7 -0.0440239 0.997118 -0.0617829 -1347.85 -0.989033 -0.0522269 -0.13815 12723.9
-0.146146 0.0573622 0.987598 31018 -0.0422255 0.997046 -0.0641595 -1355.51 -0.988361 -0.0510785 -0.143292 12707
-0.150729 0.0604948 0.986722 31130.9 -0.0415592 0.996856 -0.0674645 -1363.95 -0.987701 -0.0511763 -0.147741 12692.1
-0.154222 0.0619007 0.986095 31239.6 -0.0397296 0.99684 -0.0687888 -1372.33 -0.987237 -0.0497859 -0.151276 12672
-0.156638 0.0616216 0.985732 31367.9 -0.0335997 0.997141 -0.0676741 -1380.32 -0.987084 -0.0437206 -0.154119 12651.5
-0.159294 0.0600436 0.985404 31504.5 -0.0329485 0.997269 -0.0660928 -1385.86 -0.986681 -0.0429958 -0.156881 12638.6
-0.16147 0.0573421 0.98521 31621.4 -0.0290549 0.997601 -0.0628252 -1400.18 -0.98645 -0.0387696 -0.159416 12636.9
-0.163539 0.0581788 0.98482 31723.8 -0.0304774 0.997485 -0.0639881 -1397.62 -0.986066 -0.0404793 -0.161355 12602.7
-0.164152 0.0593324 0.984649 31848.8 -0.0267221 0.997556 -0.064565 -1409.7 -0.986073 -0.0369103 -0.162165 12576.5
-0.163771 0.0614727 0.984581 31977.6 -0.0255726 0.997457 -0.0665302 -1416.59 -0.986167 -0.036074 -0.161782 12524.3
-0.164104 0.0629296 0.984434 32081.7 -0.0206595 0.997525 -0.0672104 -1425.76 -0.986227 -0.0313674 -0.162398 12531.1
-0.163352 0.0643462 0.984467 32210.7 -0.0187369 0.997488 -0.0683063 -1434.05 -0.98639 -0.0296039 -0.161736 12516
-0.162123 0.0646945 0.984648 32333.3 -0.0178235 0.997494 -0.0684731 -1442.76 -0.98661 -0.0286509 -0.160564 12493.5
-0.160597 0.0648216 0.984889 32450.9 -0.0151729 0.997561 -0.0681298 -1452.12 -0.986903 -0.0258851 -0.159222 12475.2
-0.158403 0.063776 0.985313 32566 -0.0149314 0.997643 -0.0669745 -1459.89 -0.987262 -0.025321 -0.157077 12450.1
-0.156107 0.06226 0.985776 32693.8 -0.014815 0.997752 -0.0653625 -1467.32 -0.987629 -0.0248079 -0.154834 12437.7
-0.15279 0.0591572 0.986486 32817 -0.0138929 0.99798 -0.0619982 -1476.22 -0.988161 -0.0231779 -0.15166 12415.2
-0.149555 0.055912 0.987171 32938 -0.0139658 0.998181 -0.0586514 -1484.62 -0.988655 -0.0225583 -0.148502 12404.2
-0.146256 0.053539 0.987797 33048.1 -0.0158181 0.99828 -0.0564493 -1492.32 -0.98912 -0.0238811 -0.145158 12379.8
-0.142287 0.0531624 0.988397 33184.6 -0.0211404 0.998166 -0.0567312 -1499.84 -0.9896 -0.0289672 -0.140902 12366.4
-0.138617 0.0539951 0.988873 33309.6 -0.023158 0.998063 -0.0577432 -1507.61 -0.990075 -0.0309045 -0.137099 12349
-0.134368 0.0540663 0.989455 33429.2 -0.0231039 0.998068 -0.0576745 -1513.92 -0.990662 -0.0306099 -0.13286 12330
-0.130621 0.0513562 0.990101 33544.3 -0.0223411 0.998252 -0.0547264 -1521.15 -0.991181 -0.0292684 -0.129245 12309.3
-0.127181 0.0478611 0.990724 33662.1 -0.0249334 0.998365 -0.0514309 -1529.01 -0.991566 -0.0312432 -0.12578 12299.2
-0.123276 0.0458448 0.991313 33787.5 -0.0283927 0.998361 -0.0497015 -1535.6 -0.991966 -0.0342731 -0.121772 12285.4
-0.119636 0.0468634 0.991711 33908.8 -0.0267415 0.998371 -0.0504041 -1542.17 -0.992458 -0.03255 -0.118188 12270.1
-0.114378 0.0487405 0.992241 34031.7 -0.0270272 0.998273 -0.0521524 -1547.84 -0.993069 -0.0327826 -0.112864 12224.7
-0.111925 0.0504845 0.992433 34152.2 -0.0279954 0.998152 -0.0539327 -1554.35 -0.993322 -0.03382 -0.110305 12221.1
-0.109223 0.0528 0.992614 34229.1 -0.0277015 0.998039 -0.0561367 -1561.56 -0.993631 -0.0336284 -0.107546 12238
-0.107217 0.0525638 0.992845 34317.5 -0.0319725 0.997903 -0.0562843 -1567.19 -0.993721 -0.0377784 -0.105311 12258.1
-0.103654 0.0532178 0.993189 34462 -0.0337931 0.997802 -0.0569918 -1570.31 -0.994039 -0.0394703 -0.101628 12253.7
-0.100125 0.0529018 0.993568 34574.3 -0.035304 0.997768 -0.0566832 -1578.51 -0.994348 -0.0407523 -0.0980342 12240.3
-0.0963338 0.0519069 0.993995 34689 -0.0354004 0.997829 -0.055538 -1588.41 -0.994719 -0.040538 -0.0942871 12220
-0.0930816 0.0531475 0.994239 34773.2 -0.0371696 0.997693 -0.0568119 -1593.11 -0.994964 -0.0422436 -0.0908914 12189
-0.0902483 0.05623 0.994331 34803.1 -0.0402955 0.997381 -0.0600599 -1591.44 -0.995104 -0.0454874 -0.0877461 12177.8
-0.0858557 0.0563682 0.994712 34953.2 -0.0421887 0.997297 -0.0601561 -1596.68 -0.995414 -0.0471304 -0.0832455 12118.3
-0.0836258 0.0555984 0.994945 35060 -0.0428104 0.99732 -0.0593294 -1606.66 -0.995577 -0.0475554 -0.0810215 12148.3
-0.0803089 0.0546159 0.995273 35158.8 -0.0433657 0.997361 -0.0582297 -1613.37 -0.995826 -0.047837 -0.0777285 12143.5
-0.0779663 0.0552116 0.995426 35251.9 -0.0437323 0.997315 -0.0587417 -1619.21 -0.995996 -0.0481122 -0.0753425 12145.8
-0.0749527 0.0555198 0.99564 35355.4 -0.0445218 0.997267 -0.0589621 -1628.11 -0.996193 -0.0487471 -0.072276 12136.3
-0.0721249 0.0568322 0.995775 35453.3 -0.0449811 0.997174 -0.0601701 -1632.96 -0.996381 -0.0491308 -0.0693647 12133.9
-0.0697969 0.0586846 0.995834 35548 -0.044514 0.997091 -0.0618786 -1637.11 -0.996568 -0.0486475 -0.0669816 12129.1
-0.0675067 0.0599253 0.995918 35650.3 -0.0447121 0.99701 -0.0630218 -1642.87 -0.996716 -0.048784 -0.0646255 12119.2
-0.0664347 0.0606697 0.995945 35769.6 -0.0453859 0.996933 -0.0637574 -1648.29 -0.996758 -0.0494375 -0.0634774 12126.1
-0.0653773 0.0631308 0.995862 35769.2 -0.0480984 0.996637 -0.0663376 -1648.25 -0.996701 -0.0522364 -0.062121 12126.1
-0.0637027 0.063496 0.995947 35898 -0.0480216 0.996623 -0.0666107 -1658.75 -0.996813 -0.0520702 -0.0604384 12108.4
-0.0638214 0.0644023 0.995881 35988.9 -0.0469069 0.996619 -0.067456 -1663.63 -0.996858 -0.0510188 -0.0605847 12109.9
-0.0646124 0.0646903 0.995811 36081.6 -0.0473545 0.996574 -0.0678124 -1668.97 -0.996786 -0.0515376 -0.0613277 12104.8
-0.0655102 0.0641851 0.995785 36178 -0.048875 0.996525 -0.0674481 -1674.44 -0.996654 -0.0530875 -0.0621455 12098.6
-0.0687434 0.062239 0.995691 36264.9 -0.0495052 0.99661 -0.0657143 -1679.92 -0.996405 -0.0538093 -0.0654292 12137
-0.0712035 0.0630427 0.995468 36352.2 -0.0476681 0.996645 -0.0665268 -1686.91 -0.996322 -0.052189 -0.0679595 12135.2
-0.0706877 0.0669445 0.99525 36467.7 -0.0447495 0.996528 -0.0702089 -1691.7 -0.996494 -0.0494998 -0.0674465 12081.5
-0.0745998 0.0706515 0.994708 36579.8 -0.0375587 0.99658 -0.0736013 -1706 -0.996506 -0.0428506 -0.0716912 12106.2
-0.0769862 0.0762778 0.99411 36579.4 -0.0375253 0.996141 -0.0793397 -1705.98 -0.996326 -0.0434124 -0.0738268 12106.2
-0.076004 0.0787913 0.99399 36790 -0.0350957 0.996044 -0.0816377 -1711.5 -0.99649 -0.0410895 -0.0729381 12037.4
-0.0785598 0.0807652 0.993632 36815.2 -0.0389939 0.995701 -0.0840163 -1708.81 -0.996146 -0.0453459 -0.0750727 12025.2
-0.0787381 0.080603 0.993631 36885 -0.0380338 0.995757 -0.0837894 -1702.71 -0.99617 -0.044389 -0.0753384 11995.7
-0.0768283 0.0768582 0.994078 37040.7 -0.0261849 0.996525 -0.0790711 -1712.2 -0.9967 -0.0321048 -0.0745488 11944.6
-0.0837136 0.0741363 0.993728 37136.2 -0.0224821 0.996834 -0.0762619 -1731.67 -0.996236 -0.0287253 -0.0817819 11992
-0.0879946 0.0763305 0.993192 37258.9 -0.0261369 0.996539 -0.0789034 -1741.3 -0.995778 -0.0329021 -0.0856951 12022
-0.0883825 0.0773624 0.993078 37390.4 -0.0281315 0.996388 -0.0801239 -1754.8 -0.995689 -0.0350183 -0.0858869 11981.7
-0.0891978 0.0774911 0.992995 37462.1 -0.024114 0.996509 -0.0799314 -1748.27 -0.995722 -0.0310748 -0.0870178 11947.8
-0.0890477 0.0775301 0.993005 37561.4 -0.021114 0.996595 -0.0797038 -1748.51 -0.995804 -0.0280638 -0.0871075 11908.4
-0.0898943 0.0771791 0.992956 37690 -0.0185578 0.99669 -0.0791493 -1762.35 -0.995778 -0.0255422 -0.0881645 11886.2
-0.0950198 0.0760004 0.99257 37850 -0.0202669 0.996727 -0.0782589 -1781.57 -0.995269 -0.0275525 -0.0931685 11955.2
-0.0966731 0.079971 0.992098 37912.9 -0.0262978 0.996214 -0.0828653 -1774.66 -0.994969 -0.0341009 -0.094204 11918.1
-0.0966352 0.0818166 0.991952 38039.2 -0.025875 0.996072 -0.0846772 -1788.87 -0.994983 -0.0338495 -0.0941386 11861.6
-0.0996653 0.0840727 0.991463 38183.1 -0.0231244 0.995959 -0.0867786 -1798.93 -0.994752 -0.0315758 -0.0973185 11891.2
-0.101325 0.0821975 0.991452 38316.6 -0.0265725 0.996002 -0.0852904 -1808.57 -0.994498 -0.0349874 -0.0987353 11877.4
-0.103295 0.0809845 0.991348 38455.6 -0.0301921 0.995965 -0.0845076 -1818.38 -0.994192 -0.0386601 -0.100433 11873.2
-0.105306 0.0817389 0.991075 38597.3 -0.0303696 0.995887 -0.0853626 -1828.09 -0.993976 -0.0390877 -0.10239 11859
-0.107396 0.0866555 0.990433 38718.6 -0.0265729 0.995588 -0.089988 -1843.71 -0.993861 -0.0359831 -0.10462 11870.1
-0.108313 0.0946678 0.989599 38827.5 -0.0273329 0.994796 -0.0981565 -1841.82 -0.993741 -0.0376803 -0.105162 11814.9
-0.110113 0.0975476 0.989121 38985.5 -0.0265969 0.994527 -0.101042 -1859.14 -0.993563 -0.0374335 -0.106916 11824.9
-0.110717 0.0953959 0.989263 39125.6 -0.0222365 0.994896 -0.0984277 -1872.26 -0.993603 -0.0328954 -0.10803 11809.6
-0.113526 0.0899766 0.989452 39256.8 -0.0185223 0.995526 -0.0926541 -1886.77 -0.993362 -0.0288455 -0.111351 11837.8
-0.111877 0.0880236 0.989816 39447.9 -0.0121283 0.995874 -0.0899331 -1899 -0.993648 -0.0220662 -0.110348 11765.2
-0.114435 0.0902275 0.989325 39473.8 -0.0149843 0.995597 -0.0925327 -1895.39 -0.993318 -0.0254134 -0.11258 11751.5
-0.115381 0.0900211 0.989234 39700 -0.00993267 0.995731 -0.0917708 -1924.52 -0.993272 -0.0204143 -0.113994 11775.1
-0.116164 0.0933112 0.988837 39753.7 -0.011947 0.995374 -0.0953315 -1917.7 -0.993158 -0.0228877 -0.114512 11745.8
-0.115258 0.0921663 0.989051 39881.3 -0.0114692 0.995496 -0.0941035 -1926.8 -0.993269 -0.0221898 -0.113681 11694.9
-0.115481 0.0891166 0.989304 40102.9 -0.0077835 0.995855 -0.0906153 -1956.44 -0.993279 -0.0181646 -0.114309 11746.1
-0.11474 0.0899062 0.989319 40202.9 -0.0116055 0.995707 -0.0918327 -1949.16 -0.993328 -0.0220185 -0.113204 11695.5
-0.111764 0.0889145 0.989749 40346.1 -0.0106498 0.995825 -0.0906629 -1965.91 -0.993678 -0.0206735 -0.110351 11644.6
-0.11211 0.0864515 0.989928 40507.3 -0.0102289 0.996055 -0.088145 -1982.41 -0.993643 -0.0200078 -0.110784 11676.4
-0.110686 0.0848637 0.990226 40679.2 -0.0100659 0.996201 -0.0865009 -1994.98 -0.993804 -0.019542 -0.109411 11668.7
-0.108659 0.084052 0.990519 40844.7 -0.0086446 0.996301 -0.0854909 -2006.99 -0.994041 -0.017852 -0.107531 11643.9
-0.106914 0.083548 0.990752 41007.9 -0.00823653 0.996355 -0.0849093 -2019.17 -0.994234 -0.0172384 -0.105836 11629.1
-0.107659 0.0839204 0.99064 41164.2 -0.0101508 0.996286 -0.0855019 -2033.83 -0.994136 -0.0192609 -0.106408 11673.6
-0.103538 0.0830542 0.991152 41335 -0.00521201 0.996449 -0.0840425 -2047.28 -0.994612 -0.0138675 -0.102737 11647.6
-0.0992287 0.0823184 0.991654 41454.8 -0.00374671 0.996534 -0.0830985 -2053.65 -0.995058 -0.0119612 -0.0985764 11601.4
-0.09678 0.0819753 0.991924 41500.1 -0.00289428 0.996575 -0.0826421 -2051.78 -0.995302 -0.010869 -0.0962113 11584.1
-0.0899063 0.0831321 0.992475 41738.5 -1.99899e-05 0.99651 -0.0834719 -2060.67 -0.99595 -0.0075245 -0.0895909 11486.7
-0.0873665 0.0842452 0.992608 41763.5 -0.000287414 0.996416 -0.0845937 -2063.35 -0.996176 -0.00767595 -0.0870291 11482.2
-0.0856105 0.0823647 0.992918 42280.8 0.00418393 0.996598 -0.0823092 -2117.77 -0.99632 -0.00289225 -0.0856639 11487
-0.0826131 0.0856743 0.992892 42325.6 -0.00526714 0.996246 -0.0864019 -2112.5 -0.996568 -0.0123676 -0.0818517 11461.1
-0.0788815 0.0873779 0.993047 42368.9 -0.00886609 0.99605 -0.0883464 -2107.33 -0.996844 -0.0157733 -0.0777953 11435.7
-0.0856646 0.0803811 0.993076 42738.5 -0.00454104 0.996698 -0.081066 -2175.52 -0.996314 -0.0114541 -0.0850168 11542.8
-0.077344 0.0845083 0.993416 42862.7 -0.00905989 0.996301 -0.085459 -2162.33 -0.996963 -0.01561 -0.0762922 11480.4
-0.0752508 0.0840126 0.993619 42912.1 -0.0153087 0.99623 -0.0853927 -2155.69 -0.997047 -0.0216368 -0.0736809 11449.7
-0.0707337 0.0785891 0.994395 43236 -0.00302181 0.99687 -0.0789996 -2183.34 -0.997491 -0.00859281 -0.0702749 11384.8
-0.0690128 0.0825679 0.994193 43343.9 -0.0128356 0.996413 -0.0836433 -2170.05 -0.997533 -0.0185335 -0.0677055 11327.3
-0.070863 0.081584 0.994144 43579.7 -0.00157443 0.996639 -0.081901 -2211.5 -0.997485 -0.00736895 -0.0704964 11402.2
-0.0695648 0.0829632 0.994122 43712.8 -0.00934951 0.996438 -0.0838108 -2207.98 -0.997534 -0.0151248 -0.0685414 11331.8
-0.0713133 0.0795662 0.994275 43946.7 -0.00834364 0.996731 -0.0803612 -2232.97 -0.997419 -0.0140267 -0.0704163 11396.7
-0.0682871 0.0769683 0.994692 44201.2 -0.00844137 0.996939 -0.0777217 -2252.4 -0.99763 -0.0137039 -0.0674284 11325.7
-0.0681877 0.0798519 0.994472 44277 -0.0163822 0.996568 -0.0811435 -2249.84 -0.997538 -0.0218247 -0.0666455 11283.4
-0.0693099 0.0796881 0.994407 44492 -0.013587 0.996637 -0.0808137 -2271.41 -0.997503 -0.0191122 -0.0679941 11320.9
-0.0687664 0.080024 0.994418 44675 -0.0131577 0.996618 -0.0811109 -2284.91 -0.997546 -0.0186619 -0.0674809 11307.3
-0.0685988 0.0803858 0.9944 44842.5 -0.0153885 0.996545 -0.0816207 -2297.84 -0.997526 -0.0209014 -0.0671247 11304.1
-0.0692832 0.0812832 0.99428 44999.6 -0.0165173 0.996445 -0.0826112 -2310.39 -0.99746 -0.0221464 -0.0676943 11299
-0.0686929 0.0811579 0.994331 45175 -0.01641 0.996459 -0.0824652 -2324.44 -0.997503 -0.0219818 -0.0671179 11291.6
-0.0689977 0.079233 0.994465 45346.7 -0.0158353 0.996629 -0.080504 -2338.37 -0.997491 -0.0213023 -0.0675104 11288.6
-0.0698883 0.0797511 0.994362 45515.7 -0.0175426 0.996547 -0.0811594 -2352.81 -0.997401 -0.0231158 -0.0682479 11313.2
-0.0680826 0.0835964 0.994171 45656.2 -0.0200405 0.996168 -0.0851367 -2357.67 -0.997478 -0.02572 -0.0661463 11229.7
-0.06772 0.0846743 0.994105 45835.3 -0.0161845 0.996168 -0.0859525 -2373.36 -0.997573 -0.0219098 -0.0660901 11252.1
-0.0667753 0.0811326 0.994464 46008.8 -0.0121156 0.996549 -0.0821162 -2387.72 -0.997695 -0.0175319 -0.0655619 11246.7
-0.067074 0.0778601 0.994705 46172.6 -0.0104463 0.996841 -0.0787317 -2402.19 -0.997693 -0.0156719 -0.0660488 11283.3
-0.0619958 0.0823224 0.994676 46332.9 -0.00913012 0.996504 -0.0830428 -2406.57 -0.998035 -0.0142298 -0.0610275 11187.7
-0.0603116 0.0877401 0.994316 46493.5 -0.0017879 0.996118 -0.0880076 -2422.35 -0.998178 -0.00708562 -0.0599206 11215.3
-0.0572633 0.0905401 0.994245 46644.6 0.00290687 0.99589 -0.0905225 -2436.17 -0.998355 -0.00229347 -0.0572911 11210.5
-0.0535815 0.0908483 0.994422 46823.2 0.00569057 0.995864 -0.0906734 -2450.17 -0.998547 0.000800408 -0.0538769 11197.5
-0.0507467 0.0903306 0.994618 46972.8 0.00641541 0.99591 -0.0901206 -2463.75 -0.998691 0.00180756 -0.0511187 11202.4
-0.0470366 0.0926208 0.99459 47150.2 0.00801824 0.995695 -0.0923445 -2480.16 -0.998861 0.00363128 -0.0475767 11194.4
-0.0431798 0.0922748 0.994797 47303.5 0.00852887 0.995723 -0.0919905 -2492.95 -0.999031 0.00451237 -0.0437822 11184.4
-0.0396516 0.088763 0.995263 47482.6 0.008392 0.996041 -0.0884981 -2507.37 -0.999178 0.00484316 -0.0402396 11182.6
-0.0347842 0.0842289 0.995839 47653 0.00599461 0.996442 -0.0840704 -2520.75 -0.999377 0.00304534 -0.0351653 11170.5
-0.0308867 0.0822315 0.996135 47781.2 0.00471839 0.996611 -0.0821245 -2533.3 -0.999512 0.0021636 -0.03117 11181.6
-0.0249964 0.0812477 0.99638 47958.8 0.00292023 0.996694 -0.0812 -2545.46 -0.999683 0.000879955 -0.025151 11167.2
-0.0198639 0.0800778 0.996591 48106.6 0.001053 0.996788 -0.0800727 -2559.97 -0.999802 -0.000541151 -0.0198844 11165.7
-0.0135548 0.079714 0.996726 48261.6 0.000132505 0.996818 -0.0797195 -2573.47 -0.999908 -0.000948522 -0.0135222 11166.9
-0.00670129 0.080883 0.996701 48413.9 -0.00218892 0.99672 -0.0808993 -2584.89 -0.999975 -0.00272383 -0.00650227 11168.2
0.00167083 0.0820724 0.996625 48573 -0.00500517 0.996615 -0.0820632 -2597.37 -0.999986 -0.00485116 0.00207596 11161.5
0.0109001 0.0827173 0.996513 48727.8 -0.00650065 0.996557 -0.0826499 -2609.68 -0.999919 -0.00557709 0.0114003 11170.3
0.020169 0.0824454 0.996391 48874.6 -0.0076793 0.996578 -0.0823054 -2624.75 -0.999767 -0.00599156 0.0207331 11178.9
0.0296167 0.0822442 0.996172 49035.4 -0.00855543 0.996594 -0.0820246 -2636.33 -0.999525 -0.00609339 0.0302194 11181.2
0.0377167 0.0816813 0.995944 49180.7 -0.0102258 0.996633 -0.0813506 -2649.32 -0.999236 -0.00711609 0.0384249 11220.7
0.0471852 0.0817374 0.995536 49346.8 -0.0130493 0.996612 -0.0812072 -2659.57 -0.998801 -0.00915924 0.0480919 11207.7
0.0551338 0.0814096 0.995155 49518.7 -0.0140502 0.996635 -0.0807523 -2671.16 -0.99838 -0.00952996 0.0560921 11223.6
0.0621536 0.0811042 0.994766 49680.3 -0.0159567 0.996646 -0.0802605 -2682.31 -0.997939 -0.0108847 0.0632393 11235.7
0.0676714 0.0811442 0.994402 49856.2 -0.0172334 0.996634 -0.0801535 -2694.63 -0.997559 -0.0117129 0.0688419 11260.6
0.0729105 0.0817429 0.993983 50015.4 -0.018403 0.996576 -0.0806062 -2707.91 -0.997169 -0.0124152 0.0741652 11265.6
0.0775594 0.0815566 0.993646 50187.2 -0.0190189 0.996588 -0.0803136 -2719.87 -0.996806 -0.012669 0.0788459 11283
0.0821347 0.0811182 0.993315 50354.4 -0.0201045 0.996614 -0.0797253 -2733.28 -0.996418 -0.0134219 0.0834874 11299.3
0.0867895 0.0811583 0.992915 50530.5 -0.0199318 0.996618 -0.0797188 -2746.6 -0.996027 -0.0128719 0.0881136 11313.6
0.0910036 0.0810153 0.99255 50682.7 -0.0192844 0.996642 -0.0795812 -2760.42 -0.995664 -0.0118985 0.0922603 11332.4
0.0958547 0.0804404 0.99214 50861.5 -0.0190487 0.996695 -0.0789694 -2774.71 -0.995213 -0.0113294 0.0970702 11349.4
0.100154 0.0788855 0.99184 51026.4 -0.0195276 0.996816 -0.0773094 -2788.59 -0.99478 -0.0116254 0.101376 11369
0.104892 0.0770721 0.991493 51208.5 -0.0199536 0.996955 -0.0753857 -2802.67 -0.994283 -0.0118765 0.10611 11387.2
0.109664 0.0754646 0.9911 51385.2 -0.0205847 0.997072 -0.0736417 -2812.41 -0.993756 -0.0123256 0.110896 11414.6
0.112707 0.0725134 0.990979 51541.3 -0.0195297 0.997303 -0.070755 -2827.13 -0.993436 -0.0113789 0.113819 11478.6
0.120445 0.071195 0.990164 51718.1 -0.0213994 0.997379 -0.0691108 -2837.59 -0.992489 -0.0128649 0.121652 11401.2
0.12306 0.0710681 0.989851 51881.6 -0.021652 0.997387 -0.0689174 -2849.32 -0.992163 -0.0129513 0.124278 11474
0.128402 0.0740675 0.988952 52069.6 -0.0225925 0.997167 -0.0717494 -2863.97 -0.991465 -0.0131301 0.129712 11492.2
0.131374 0.0765616 0.988372 52235.6 -0.0244932 0.996959 -0.0739712 -2876.94 -0.99103 -0.0144904 0.13285 11568.3
0.138887 0.0774448 0.987275 52394.9 -0.0268352 0.996866 -0.074422 -2885.19 -0.989945 -0.0161575 0.14053 11497.4
0.140876 0.0728778 0.987341 52568.7 -0.0277191 0.997186 -0.0696494 -2899.49 -0.989639 -0.0175563 0.142499 11564.5
0.142773 0.0694698 0.987314 52733.8 -0.0312619 0.997352 -0.0656554 -2910.69 -0.989262 -0.0214915 0.144567 11598.5
0.144568 0.0698156 0.987029 52895.3 -0.0350827 0.997242 -0.0653995 -2924.15 -0.988873 -0.0251729 0.146619 11619.1
0.145567 0.0751328 0.986491 53053.5 -0.0385982 0.996784 -0.0702212 -2933.41 -0.988595 -0.0278549 0.147999 11643.5
0.146157 0.0793822 0.986071 53225.8 -0.0395508 0.996447 -0.0743553 -2944.48 -0.98847 -0.0281323 0.148777 11680.3
0.146597 0.0800427 0.985953 53402.2 -0.042 0.996326 -0.07464 -2953.65 -0.988304 -0.030468 0.14942 11714.8
0.146933 0.0755262 0.986259 53565.4 -0.0444796 0.996577 -0.0696898 -2965.78 -0.988146 -0.0336287 0.149789 11733
0.147758 0.0706783 0.986495 53732.3 -0.0469544 0.99682 -0.0643851 -2978.67 -0.987908 -0.0368069 0.150607 11759.2
0.147287 0.0686126 0.986711 53895.2 -0.0481329 0.996906 -0.0621367 -2989.47 -0.987922 -0.0383413 0.150134 11785.2
0.146369 0.0674415 0.986928 54038.3 -0.0471226 0.997016 -0.0611422 -3000.59 -0.988107 -0.0375573 0.14911 11820.3
0.14614 0.0690601 0.98685 54226.5 -0.0475289 0.996898 -0.0627248 -3007.38 -0.988121 -0.0377373 0.148969 11839.8
0.145412 0.069403 0.986934 54363.7 -0.0470629 0.996893 -0.0631692 -3020.17 -0.988251 -0.0372624 0.148226 11869.8
0.14456 0.0664063 0.987265 54519.2 -0.0409668 0.997292 -0.0610822 -3028.28 -0.988648 -0.0316151 0.146888 11899
0.144485 0.0642572 0.987418 54671.6 -0.0386691 0.997494 -0.0592546 -3041.7 -0.988751 -0.0296212 0.146607 11926.3
0.144192 0.0670019 0.987279 54852.1 -0.0395192 0.997299 -0.0619102 -3048.99 -0.98876 -0.0300895 0.14645 11944.5
0.143833 0.0720182 0.986978 55004.7 -0.037754 0.997022 -0.0672491 -3058.81 -0.988882 -0.0275897 0.146123 11969.8
0.143482 0.0767427 0.986673 55162.9 -0.0369058 0.99671 -0.0721566 -3068.18 -0.988965 -0.0260608 0.145842 12002.9
0.142733 0.0753582 0.986888 55327 -0.037963 0.99678 -0.0706231 -3078.79 -0.989033 -0.027385 0.145134 12034.2
0.142704 0.0712822 0.987195 55485.7 -0.0364931 0.997104 -0.0667224 -3091.66 -0.989092 -0.0265042 0.144893 12051.4
0.142681 0.0711093 0.987211 55655.9 -0.0374998 0.997088 -0.0664009 -3101.58 -0.989058 -0.027546 0.144932 12067.2
0.142998 0.0722743 0.987081 55827.8 -0.0368741 0.997027 -0.0676606 -3113.91 -0.989036 -0.0267224 0.145238 12094.5
0.143171 0.0758494 0.986787 56002.3 -0.0356489 0.996807 -0.0714473 -3123.7 -0.989056 -0.0249487 0.145417 12116.9
0.142453 0.0766868 0.986826 56150.7 -0.0343557 0.996777 -0.0725006 -3133.38 -0.989205 -0.0235752 0.144628 12162
0.144499 0.0758347 0.986595 56357.4 -0.0350051 0.996827 -0.0714942 -3143.93 -0.988886 -0.024205 0.146695 12147.5
0.144625 0.072531 0.986825 56521.1 -0.0334108 0.997099 -0.0683896 -3155.75 -0.988922 -0.0230797 0.146629 12179.4
0.144679 0.0730273 0.98678 56696.3 -0.0321967 0.997092 -0.0690698 -3165.33 -0.988955 -0.021778 0.14661 12209.3
0.144942 0.073936 0.986674 56881.2 -0.0272974 0.997123 -0.0707091 -3175.24 -0.989064 -0.0166849 0.146543 12249.3
0.14541 0.0741498 0.986589 57042.8 -0.0233904 0.997167 -0.0714974 -3186.91 -0.989095 -0.0126802 0.146733 12279.5
0.14656 0.0722301 0.986561 57206.9 -0.0205454 0.997338 -0.069967 -3198.1 -0.988988 -0.0100149 0.147653 12301.7
0.14869 0.0725399 0.98622 57404.1 -0.0147733 0.997357 -0.0711318 -3208.75 -0.988774 -0.00399319 0.149369 12322.7
0.150507 0.0712782 0.986036 57581.6 -0.0102362 0.997456 -0.0705413 -3220.9 -0.988556 0.000523746 0.150854 12342.6
0.150408 0.067707 0.986303 57741.5 -0.0119782 0.997703 -0.066663 -3233.69 -0.988551 -0.00178753 0.150873 12375.1
0.15056 0.0618935 0.986661 57932.6 -0.0147059 0.998068 -0.060365 -3245.45 -0.988491 -0.00542113 0.15118 12403.7
0.151903 0.0584557 0.986665 58127.8 -0.015151 0.99827 -0.0568107 -3255.07 -0.988279 -0.00631922 0.152526 12435
0.15209 0.059687 0.986563 58277.3 -0.0148639 0.9982 -0.0580996 -3263.96 -0.988255 -0.00582781 0.152703 12452.8
0.15237 0.0617067 0.986395 58455.6 -0.0137896 0.998085 -0.0603078 -3275.81 -0.988227 -0.00441287 0.152929 12484.6
0.154086 0.0646983 0.985937 58651.5 -0.0132327 0.9979 -0.0634152 -3282.32 -0.987969 -0.00327519 0.154618 12505
0.154328 0.0626787 0.98603 58809.8 -0.0103581 0.998034 -0.0618205 -3294.24 -0.987965 -0.000672758 0.154673 12534.4
0.15536 0.0603236 0.986014 58997.7 -0.00879866 0.998179 -0.0596815 -3304.97 -0.987819 0.000596529 0.155608 12562.4
0.155238 0.0591177 0.986107 59167.1 -0.00940083 0.998251 -0.0583658 -3313.34 -0.987832 -0.000209624 0.155522 12595.3
0.155722 0.0599953 0.985977 59366.3 -0.010957 0.998197 -0.0590083 -3322.6 -0.98774 -0.00161445 0.156099 12617
0.155034 0.0592109 0.986133 59525.1 -0.0107253 0.998244 -0.058252 -3334.4 -0.987851 -0.00154557 0.155396 12649.7
0.154364 0.0576041 0.986333 59680.5 -0.009532 0.998339 -0.0568135 -3343.44 -0.987968 -0.000631763 0.154657 12670.8
0.153817 0.0545855 0.98659 59847.2 -0.00846266 0.998509 -0.0539255 -3354.19 -0.988063 -5.45047e-05 0.15405 12697.9
0.152703 0.0520498 0.9869 59999.9 -0.00797311 0.998644 -0.0514355 -3366.25 -0.98824 -1.43014e-05 0.152911 12729.8
0.151771 0.0519791 0.987048 60157.9 -0.00754851 0.998648 -0.0514293 -3373.81 -0.988387 0.00035473 0.151958 12751.4
0.150113 0.0535288 0.987219 60302.2 -0.00554637 0.998563 -0.0533005 -3382.27 -0.988653 0.00252563 0.150194 12777
0.149106 0.0577527 0.987133 60463.5 -0.00537644 0.998326 -0.0575954 -3393.78 -0.988807 0.00328053 0.149167 12802.1
0.147981 0.0632178 0.986968 60613.2 -0.00725428 0.997998 -0.0628366 -3403.34 -0.988964 0.00213889 0.148144 12820.5
0.145883 0.0670449 0.987027 60754 -0.00775959 0.997748 -0.0666262 -3413.01 -0.989271 0.00206072 0.146075 12846.2
0.145221 0.0679355 0.987064 60911 -0.00761079 0.997687 -0.0675469 -3423.66 -0.98937 0.00229689 0.145402 12868.7
0.14303 0.0636117 0.987672 61053.3 -0.00831456 0.997974 -0.0630712 -3433.78 -0.989683 0.000809038 0.14327 12888.5
0.140583 0.0578066 0.98838 61179.5 -0.00722396 0.998327 -0.0573609 -3445.76 -0.990042 0.000923961 0.140766 12918.8
0.142358 0.0576705 0.988134 61367.1 -0.00712191 0.998335 -0.0572399 -3449.96 -0.989789 0.00111118 0.142532 12928.5
0.143894 0.0591923 0.987821 61532.5 -0.00597681 0.998243 -0.0589461 -3456.48 -0.989575 0.00257799 0.143995 12933.7
0.141573 0.0608433 0.988056 61665.3 -0.00637032 0.998145 -0.0605518 -3465.83 -0.989907 0.00227826 0.141698 12963.8
0.14219 0.0619169 0.987901 61831.4 -0.00544267 0.998075 -0.0617713 -3474.62 -0.989824 0.00340642 0.142253 12990.5
0.142441 0.0623759 0.987836 61982.2 -0.00340184 0.998037 -0.0625295 -3483.12 -0.989797 0.0055463 0.142374 13008.5
0.141088 0.062821 0.988002 62130 -0.00154669 0.997997 -0.0632357 -3492.52 -0.989996 0.00739367 0.140903 13045.7
0.144282 0.0643769 0.98744 62289.4 -0.000889793 0.99789 -0.0649281 -3501.42 -0.989536 0.00848934 0.144035 13037.5
0.1423 0.0656046 0.987647 62415 -0.00266653 0.997823 -0.0658963 -3511.66 -0.98982 0.00674347 0.142165 13069.3
0.142057 0.0660405 0.987653 62587.4 -0.0020295 0.997789 -0.0664263 -3519.69 -0.989856 0.00743187 0.141877 13095.9
0.142692 0.064188 0.987683 62744.3 -0.00149591 0.997908 -0.0646364 -3531.79 -0.989766 0.00774562 0.14249 13111.6
0.143516 0.0628141 0.987653 62899 -0.000500439 0.997988 -0.0633987 -3540.25 -0.989648 0.00860449 0.143259 13136.2
0.144101 0.0608755 0.987689 63047 0.000127662 0.998105 -0.0615361 -3549.11 -0.989563 0.00899348 0.14382 13171.8
0.145395 0.058636 0.987635 63187.6 0.000592016 0.998237 -0.0593526 -3558.22 -0.989373 0.00921428 0.145104 13190.4
0.147659 0.0575582 0.987362 63356.4 0.000614977 0.9983 -0.0582878 -3568.28 -0.989038 0.00921394 0.147373 13218.4
0.14809 0.0581886 0.987261 63505.7 -0.000636702 0.998273 -0.0587421 -3577.47 -0.988974 0.0080705 0.147871 13255.1
0.151206 0.0589156 0.986745 63657.3 -0.00128909 0.998233 -0.059404 -3588.02 -0.988501 0.00771023 0.151015 13270.3
0.152757 0.0593463 0.98648 63789 -0.00315487 0.998219 -0.059564 -3596.79 -0.988259 0.00598659 0.152672 13287
0.153385 0.0584568 0.986436 63934 -0.00277836 0.99827 -0.0587261 -3607.29 -0.988163 0.00626701 0.153282 13324.6
0.156189 0.0579415 0.986026 64088.9 -0.00411721 0.998307 -0.058011 -3615.16 -0.987719 0.00500101 0.156163 13350.2
0.157175 0.0551317 0.986031 64202.4 -0.00488937 0.998472 -0.0550479 -3627.2 -0.987559 0.00383111 0.157205 13373.8
0.157168 0.0549726 0.986041 64345.8 -0.0056415 0.998483 -0.0547671 -3634.97 -0.987556 0.00304488 0.15724 13406
0.152512 0.0541086 0.986819 64450.2 -0.00427365 0.998527 -0.0540901 -3643.83 -0.988292 0.00403205 0.152518 13470
0.158849 0.0548308 0.985779 64607.9 -0.00452187 0.998487 -0.054809 -3648.89 -0.987293 0.00424878 0.158857 13451.4
0.164658 0.0550066 0.984816 64757.8 -0.00487419 0.998477 -0.0549547 -3654.92 -0.986339 0.00424856 0.164675 13432.4
0.170571 0.0555661 0.983777 64920.9 -0.0042954 0.998441 -0.0556496 -3657.92 -0.985336 0.00526651 0.170544 13425.2
0.16622 0.0548086 0.984564 65026.7 -0.00287156 0.998477 -0.0550983 -3668.1 -0.986085 0.00633119 0.166124 13485
0.168604 0.0550376 0.984146 65145.8 -0.00357031 0.998467 -0.0552268 -3674.73 -0.985677 0.00579776 0.168542 13502.2
0.172426 0.0560529 0.983426 65286.6 -0.0049326 0.998416 -0.0560424 -3679.32 -0.98501 0.00481233 0.17243 13506.8
0.172829 0.0561404 0.983351 65416.7 -0.00496047 0.998411 -0.0561284 -3685.49 -0.984939 0.00482273 0.172833 13532.2
0.172268 0.0551702 0.983504 65511.8 -0.00461529 0.998465 -0.0552011 -3695.44 -0.985039 0.0049702 0.172258 13567.4
0.175343 0.0547577 0.982983 65641.7 -0.00622406 0.998494 -0.0545115 -3702.08 -0.984488 0.00344006 0.17542 13575.3
0.175253 0.0537676 0.983054 65755.8 -0.0075666 0.998552 -0.0532663 -3708.93 -0.984494 0.0018967 0.175406 13602
0.176638 0.052298 0.982885 65869.3 -0.007923 0.998631 -0.0517119 -3717.3 -0.984244 0.00134692 0.176811 13617.7
0.176871 0.0526645 0.982824 65996.6 -0.0068218 0.998609 -0.0522827 -3719.3 -0.98421 0.00254267 0.176984 13642.9
0.178019 0.0532184 0.982587 66096.8 -0.00640352 0.998578 -0.0529243 -3728.02 -0.984006 0.00312951 0.178107 13654.2
0.178735 0.0564148 0.982279 66208.3 -0.00757769 0.998404 -0.0559621 -3734.27 -0.983868 0.00255898 0.178877 13683.3
0.178135 0.0588418 0.982245 66311.8 -0.00842778 0.998265 -0.058273 -3741.92 -0.98397 0.00210232 0.178322 13708.1
0.181079 0.0607811 0.981589 66420.1 -0.00924275 0.99815 -0.0601015 -3748.72 -0.983425 0.00181053 0.181306 13714.5
0.178622 0.0609866 0.982026 66495.8 -0.00737249 0.998132 -0.0606459 -3756.29 -0.98389 0.00359272 0.178738 13751.2
0.181574 0.0612317 0.981469 66611.6 -0.00648233 0.998112 -0.0610708 -3761.08 -0.983356 0.00472669 0.181629 13753.8
0.185819 0.060439 0.980723 66721.3 -0.0076291 0.998165 -0.0600684 -3765.31 -0.982554 0.00367984 0.185939 13746.2
0.181411 0.0586016 0.98166 66808.2 -0.00861434 0.998279 -0.0580018 -3773.09 -0.98337 0.00206583 0.181604 13782.2
0.182272 0.0573153 0.981576 66902 -0.00844833 0.998354 -0.0567262 -3780.58 -0.983212 0.00204694 0.182456 13790.7
0.179514 0.0568415 0.982112 66987.8 -0.00860692 0.998382 -0.05621 -3785.02 -0.983718 0.00163753 0.179713 13813.3
0.178628 0.055916 0.982327 67074.5 -0.0078748 0.998433 -0.0554008 -3790.79 -0.983885 0.00216052 0.178789 13827.9
0.178633 0.0561561 0.982312 67155.2 -0.00893324 0.998421 -0.0554525 -3793.68 -0.983875 0.00113043 0.178853 13830
0.178109 0.05473 0.982488 67239 -0.00853359 0.9985 -0.054075 -3800.25 -0.983974 0.0012471 0.178309 13839.7
0.176352 0.0536418 0.982864 67315.9 -0.00779636 0.998559 -0.0530995 -3805.78 -0.984296 0.00170142 0.176516 13863.6
0.175627 0.0532907 0.983013 67394.3 -0.00742793 0.998577 -0.0528074 -3809.35 -0.984429 0.00197263 0.175773 13878.8
0.174273 0.0525175 0.983296 67464.2 -0.00805672 0.998619 -0.051908 -3815.54 -0.984664 0.00112404 0.174456 13895.5
0.17335 0.051764 0.983499 67528.9 -0.00889723 0.998659 -0.0509937 -3820.47 -0.98482 8.93362e-05 0.173578 13903.8
0.173494 0.0525096 0.983434 67606.5 -0.0104393 0.998619 -0.0514787 -3822.23 -0.98478 -0.00133506 0.173803 13910.2
0.173521 0.0523729 0.983437 67672.6 -0.0106598 0.998626 -0.051301 -3827.15 -0.984772 -0.00158149 0.173841 13915.4
0.171516 0.0530346 0.983753 67743.7 -0.00823277 0.998592 -0.0523992 -3828.97 -0.985147 0.000888281 0.171711 13936
0.170491 0.0543301 0.98386 67807.4 -0.00736825 0.998521 -0.0538629 -3832.64 -0.985332 0.00193381 0.170639 13942.4
0.17099 0.0542912 0.983776 67870.6 -0.00736224 0.998523 -0.0538254 -3837.73 -0.985245 0.00196078 0.171137 13949.7
0.172173 0.0537745 0.983598 67931.9 -0.0075084 0.998552 -0.0532778 -3840.62 -0.985038 0.00178774 0.172327 13950.7
0.17416 0.0536436 0.983255 68003.9 -0.00886624 0.99856 -0.0529082 -3843.12 -0.984677 0.000496717 0.174385 13954.9
0.174773 0.0526735 0.983199 68056.6 -0.00964322 0.998612 -0.0517851 -3850.02 -0.984562 -0.000430571 0.175038 13970.3
0.176644 0.0528681 0.982854 68126.6 -0.0108285 0.9986 -0.051769 -3851.31 -0.984215 -0.0014981 0.17697 13978
0.179162 0.0528072 0.982401 68186.4 -0.0116428 0.998602 -0.0515548 -3854.48 -0.983751 -0.00220127 0.179527 13985.2
0.18175 0.052865 0.981923 68250.2 -0.011759 0.998599 -0.0515863 -3857.33 -0.983275 -0.00217066 0.182117 13999.9
0.186034 0.0522502 0.981153 68302 -0.0118792 0.998632 -0.0509286 -3864.33 -0.982472 -0.00218088 0.1864 14009.6
0.195672 0.0537942 0.979193 68389.9 -0.0113595 0.998552 -0.0525878 -3860.17 -0.980604 -0.000833159 0.196 14010.5
0.201908 0.0533832 0.977949 68439 -0.0124699 0.998573 -0.0519344 -3868.34 -0.979325 -0.00170892 0.202285 14033.2
0.211274 0.0541307 0.975927 68510.7 -0.0136368 0.998531 -0.0524323 -3872.26 -0.977332 -0.00223089 0.211702 14051.5
0.224301 0.0545997 0.972989 68579.6 -0.0149918 0.998504 -0.0525755 -3878.41 -0.974405 -0.00279415 0.224784 14056.1
0.23666 0.0550161 0.970034 68648 -0.0145076 0.998484 -0.0530902 -3880.67 -0.971484 -0.00150859 0.237099 14074.8
0.256348 0.0552107 0.965006 68720.7 -0.0158959 0.998473 -0.0529028 -3884.63 -0.966454 -0.00177815 0.256834 14065.7
0.270526 0.0568154 0.961035 68781.5 -0.0179426 0.998381 -0.0539725 -3885.97 -0.962546 -0.00264257 0.271107 14108.7
0.291991 0.0576307 0.954683 68847.1 -0.0211683 0.998328 -0.0537911 -3891.38 -0.956187 -0.00450248 0.292723 14108.2
0.315621 0.0605462 0.946952 68933.9 -0.022138 0.99816 -0.0564417 -3893.44 -0.948627 -0.00314943 0.316381 14118.7
0.336342 0.0626418 0.939654 69003.1 -0.0234422 0.998033 -0.0581426 -3899.61 -0.941448 -0.00247182 0.337148 14149.1
0.35512 0.0641229 0.932619 69072.2 -0.0233685 0.997942 -0.059716 -3903.09 -0.934528 -0.000587499 0.355888 14184.1
0.378275 0.0659036 0.923344 69136.4 -0.0281267 0.99782 -0.0596964 -3909.44 -0.925266 -0.00338902 0.379304 14207.5
0.393543 0.0702357 0.916619 69208.6 -0.0333871 0.997511 -0.0620996 -3913.29 -0.9187 -0.00616439 0.394909 14239.3
0.400569 0.0749331 0.913198 69281.8 -0.0398557 0.997132 -0.064338 -3915.98 -0.915399 -0.0106244 0.402406 14272.2
0.402656 0.07569 0.912217 69338.2 -0.0425496 0.997046 -0.0639471 -3924.17 -0.914362 -0.0130658 0.404687 14278.6
0.398333 0.0769367 0.914009 69399.7 -0.0437145 0.996936 -0.064866 -3926.02 -0.916199 -0.0141172 0.400475 14306.5
0.387092 0.0762367 0.918884 69441 -0.0436703 0.996973 -0.0643189 -3932.96 -0.921006 -0.0152306 0.389249 14332
0.372113 0.0756693 0.925098 69504.1 -0.0408214 0.997041 -0.0651339 -3937.65 -0.927289 -0.0135266 0.374101 14358.3
0.35597 0.0755377 0.931439 69565.6 -0.0376082 0.997078 -0.066488 -3940.41 -0.93374 -0.011362 0.357771 14379.2
0.335377 0.074033 0.939171 69628 -0.0331116 0.997218 -0.0667847 -3946.04 -0.941502 -0.00869944 0.336895 14401.7
0.315554 0.0735912 0.94605 69686.3 -0.0311697 0.997254 -0.0671777 -3951.52 -0.948396 -0.00828985 0.316981 14408.2
0.292808 0.0735489 0.953338 69745.1 -0.0301567 0.997252 -0.0676745 -3955.02 -0.955696 -0.0089339 0.294221 14425.4
0.267389 0.0720797 0.960889 69801.4 -0.0304366 0.997333 -0.0663438 -3964.01 -0.963108 -0.0115066 0.268869 14454.8
0.250095 0.0712484 0.965596 69869.6 -0.0295854 0.997386 -0.0659312 -3968.78 -0.967769 -0.0120785 0.251549 14450.1
0.234141 0.0695545 0.969711 69934.2 -0.0256674 0.997532 -0.0653525 -3977.63 -0.971864 -0.00958821 0.235349 14441.2
0.219963 0.0672083 0.97319 69977.7 -0.0214648 0.997716 -0.0640505 -3990.1 -0.975272 -0.00680057 0.220903 14431.4
0.203725 0.0673932 0.976706 70059.8 -0.0179332 0.997717 -0.0651025 -3991.44 -0.978864 -0.00425243 0.204469 14443.8
0.187429 0.0669339 0.979995 70129.5 -0.0184568 0.997739 -0.0646159 -3997.06 -0.982105 -0.0059767 0.188241 14467.3
0.177104 0.0641502 0.982099 70189.9 -0.0172783 0.997922 -0.0620679 -4005.08 -0.98404 -0.00597654 0.177845 14473.8
0.167565 0.0609501 0.983975 70255 -0.015982 0.998124 -0.0591049 -4010.49 -0.985732 -0.00582202 0.168224 14483.8
0.160041 0.059477 0.985317 70321.3 -0.0147605 0.998216 -0.0578582 -4015.22 -0.987 -0.00528411 0.160633 14496.8
0.159867 0.0590097 0.985373 70377.9 -0.0142702 0.998246 -0.0574653 -4021.08 -0.987036 -0.00487464 0.160428 14497.6
0.163956 0.0593962 0.984678 70444.3 -0.0148547 0.998221 -0.0577397 -4025.66 -0.986356 -0.00516029 0.164546 14497.9
0.169138 0.0589108 0.98383 70508.3 -0.0126767 0.998259 -0.0575955 -4027.47 -0.985511 -0.00273012 0.169591 14516.6
0.179956 0.0571506 0.982013 70563.3 -0.0101796 0.998366 -0.0562368 -4032.59 -0.983622 0.000123652 0.180244 14521.5
0.190442 0.0566449 0.980063 70613.7 -0.0114758 0.998394 -0.0554744 -4034.71 -0.981631 -0.000682307 0.190787 14542.7
0.211681 0.056843 0.975684 70643.4 -0.0172925 0.998369 -0.0544129 -4042.21 -0.977186 -0.00535384 0.212319 14521.5
0.227102 0.0592288 0.972068 70708.5 -0.021978 0.998206 -0.0556867 -4044.06 -0.973623 -0.00871758 0.227996 14531.8
0.242308 0.0584632 0.968436 70757.7 -0.0251475 0.998226 -0.0539695 -4051.13 -0.969873 -0.0112765 0.243349 14548.7
0.256018 0.0565082 0.965019 70806.9 -0.0267316 0.998322 -0.0513664 -4052.57 -0.966303 -0.0126458 0.257098 14568.7
0.270523 0.0541443 0.96119 70846.2 -0.0248727 0.998477 -0.0492444 -4056.97 -0.962392 -0.0105857 0.271457 14587.1
0.288014 0.0542854 0.956086 70886.6 -0.015097 0.998525 -0.0521472 -4060.14 -0.957507 0.000585075 0.288409 14588.4
0.301484 0.0586132 0.951668 70918.3 -0.0104829 0.998252 -0.0581614 -4060.04 -0.953414 0.00755846 0.301572 14618.4
0.318282 0.0605208 0.946062 70954.3 -0.0118065 0.998136 -0.05988 -4062.29 -0.947923 0.00788902 0.318403 14628.1
0.335306 0.0609739 0.940134 70988.1 -0.0198613 0.998139 -0.0576522 -4067.25 -0.9419 0.000658784 0.335893 14636.3
0.346156 0.0605046 0.936224 71013.9 -0.0259395 0.998154 -0.0549161 -4068.48 -0.937818 -0.00527563 0.347086 14672
0.360338 0.0601573 0.93088 71041.1 -0.0284272 0.998163 -0.0535014 -4068.16 -0.932388 -0.00718367 0.361386 14684.3
0.373701 0.058964 0.925673 71076.6 -0.0277868 0.998241 -0.0523687 -4070.16 -0.927133 -0.00615131 0.374682 14695
0.381609 0.0581897 0.922491 71093.2 -0.0272699 0.998291 -0.0516903 -4071.22 -0.923922 -0.00543076 0.382543 14731.3
0.394259 0.0581398 0.917158 71125.5 -0.0276588 0.998295 -0.0513935 -4072.11 -0.918583 -0.00510516 0.395195 14741.9
0.405154 0.0565349 0.912499 71141.4 -0.0273674 0.998389 -0.049705 -4074.14 -0.913839 -0.00483451 0.406049 14756
0.413696 0.0538947 0.908818 71160.8 -0.0263132 0.998537 -0.0472374 -4076.37 -0.910035 -0.00437196 0.414509 14777.1
0.422036 0.054169 0.904959 71182.8 -0.0285807 0.998512 -0.04644 -4078.52 -0.906128 -0.00626498 0.422957 14787.7
0.432485 0.0568084 0.89985 71183.2 -0.0350835 0.998318 -0.0461629 -4083.05 -0.900958 -0.0116052 0.43375 14784.4
0.440026 0.0634574 0.89574 71204.2 -0.0437781 0.99783 -0.0491841 -4082.39 -0.896917 -0.0175715 0.441849 14810.8
0.447098 0.0683961 0.891866 71226.7 -0.050212 0.997419 -0.0513193 -4082.41 -0.893074 -0.0218376 0.449379 14819.2
0.453676 0.0675713 0.888601 71246.2 -0.0497955 0.997486 -0.050428 -4083.57 -0.889774 -0.0213703 0.4559 14811.9
0.460677 0.0628076 0.885343 71256.4 -0.0447063 0.997869 -0.047528 -4084.04 -0.886441 -0.0176854 0.462503 14823.1
0.465355 0.0581525 0.883212 71266.2 -0.0399396 0.998203 -0.0446799 -4084.22 -0.884223 -0.0144831 0.466841 14835.4
0.467075 0.0561347 0.882434 71297.8 -0.0393306 0.998314 -0.0426884 -4086.53 -0.883342 -0.014768 0.468496 14869.5
0.470676 0.0575231 0.880429 71324.6 -0.0436276 0.998169 -0.0418925 -4087.56 -0.881227 -0.0186932 0.472324 14899.6
0.478861 0.0601946 0.875825 71318.3 -0.0484561 0.997938 -0.0420937 -4087.5 -0.876552 -0.022282 0.48079 14880.9
0.483851 0.0628873 0.872888 71330.7 -0.0523004 0.99771 -0.0428895 -4087.22 -0.873586 -0.0249003 0.486032 14886.2
