1 0 0 0 0 1 0 0 0 0 1 0
0.999997 -0.0021348 0.000666345 0.00310271 0.00213535 0.999997 -0.000825032 0.00641644 -0.000664569 0.000826463 0.999999 0.954337
0.999995 -0.00302047 0.00125893 -0.0057313 0.00301635 0.99999 0.00325925 0.00713459 -0.00126877 -0.00325543 0.999994 1.89517
0.999985 -0.00546269 0.000646016 -0.00466828 0.00545639 0.999941 0.00938219 0.00851733 -0.000697231 -0.00937853 0.999956 2.84298
0.999958 -0.00913798 -0.000930295 -0.0026734 0.00914641 0.999913 0.00950377 0.0149617 0.000843374 -0.00951188 0.999954 3.78022
0.99993 -0.0116991 -0.0016429 -0.00471123 0.0117094 0.999911 0.00645487 0.0235923 0.00156725 -0.00647366 0.999978 4.7104
0.999918 -0.0125078 -0.00266452 -0.00834478 0.012515 0.999918 0.00271777 0.0349032 0.0026303 -0.0027509 0.999993 5.64066
0.999925 -0.0118565 -0.0030128 -0.018162 0.0118646 0.999926 0.00268624 0.0303078 0.00298072 -0.00272179 0.999992 6.56488
0.999921 -0.0118348 -0.00427826 -0.0263904 0.0118539 0.99992 0.00447952 0.0352153 0.00422489 -0.00452988 0.999981 7.4808
0.999926 -0.0112888 -0.00450842 -0.0410483 0.0113206 0.999911 0.00708915 0.0450308 0.00442799 -0.00713966 0.999965 8.42119
0.999917 -0.011697 -0.00535683 -0.0516263 0.0117427 0.999894 0.00857911 0.052799 0.00525593 -0.00864129 0.999949 9.34166
0.9999 -0.0127386 -0.00610163 -0.0558742 0.0127954 0.999874 0.009351 0.0589726 0.00598175 -0.00942814 0.999938 10.253
0.99989 -0.0130008 -0.00711095 -0.0637404 0.0130687 0.999869 0.00958016 0.0631998 0.00698549 -0.00967202 0.999929 11.1687
0.99988 -0.0135527 -0.00754776 -0.0762802 0.0136121 0.999876 0.00787263 0.0734096 0.00744015 -0.00797441 0.999941 12.0691
0.999865 -0.0138065 -0.00887392 -0.090602 0.0138596 0.999886 0.0059515 0.0835527 0.00879074 -0.00607368 0.999943 12.9692
0.99983 -0.0151008 -0.0106132 -0.100217 0.0151478 0.999876 0.00436217 0.0950011 0.010546 -0.00452221 0.999934 13.8743
0.999817 -0.0147384 -0.0121575 -0.119966 0.0147846 0.999884 0.00372077 0.0994782 0.0121012 -0.00389983 0.999919 14.7834
0.999814 -0.013677 -0.0135857 -0.137034 0.0137166 0.999902 0.00283003 0.102621 0.0135456 -0.00301583 0.999904 15.6806
0.999817 -0.0122151 -0.0147463 -0.161253 0.0122614 0.99992 0.00305257 0.103299 0.0147079 -0.00323283 0.999887 16.5571
0.999786 -0.0127614 -0.0163071 -0.180336 0.0128232 0.999911 0.00369347 0.109423 0.0162585 -0.00390178 0.99986 17.4485
0.999762 -0.0124342 -0.0179477 -0.199438 0.0125315 0.999907 0.00532414 0.110455 0.0178799 -0.00554776 0.999825 18.3403
0.999739 -0.0121383 -0.0193706 -0.221183 0.0122584 0.999906 0.00609409 0.113087 0.0192948 -0.00632996 0.999794 19.2189
0.999695 -0.0130992 -0.0209445 -0.239728 0.0132305 0.999894 0.00614637 0.116802 0.0208617 -0.00642159 0.999762 20.1074
0.999677 -0.0128543 -0.021942 -0.265609 0.0129674 0.999903 0.00502318 0.125894 0.0218753 -0.00530606 0.999747 20.9539
0.999638 -0.0129083 -0.0236053 -0.286171 0.0130389 0.9999 0.00538732 0.131074 0.0235334 -0.00569317 0.999707 21.8173
0.999621 -0.0126069 -0.0244746 -0.313255 0.0127947 0.99989 0.00752775 0.135334 0.024377 -0.00783807 0.999672 22.6759
0.999585 -0.0137117 -0.0253454 -0.331179 0.0139774 0.999849 0.0103355 0.140887 0.0251999 -0.0106855 0.999625 23.5218
0.999557 -0.0139612 -0.0262881 -0.35165 0.0142731 0.99983 0.011714 0.149056 0.02612 -0.012084 0.999586 24.3626
0.999556 -0.0132305 -0.0266965 -0.384751 0.013515 0.999853 0.0105059 0.15656 0.0265536 -0.010862 0.999588 25.187
0.999564 -0.0115002 -0.0272012 -0.414252 0.0117261 0.999898 0.00815863 0.15818 0.0271046 -0.00847403 0.999597 25.9964
0.999547 -0.0109903 -0.0280188 -0.440102 0.0111705 0.999918 0.00628157 0.167989 0.0279475 -0.0065917 0.999588 26.7988
0.999541 -0.00986654 -0.02865 -0.473415 0.0100422 0.999932 0.00599477 0.173311 0.0285888 -0.00627973 0.999572 27.5905
0.99949 -0.0104856 -0.03017 -0.495971 0.0106601 0.999927 0.00562982 0.17254 0.0301088 -0.00594856 0.999529 28.3756
0.999418 -0.0103449 -0.0325157 -0.522772 0.0105048 0.999934 0.00475184 0.176247 0.0324644 -0.00509065 0.99946 29.1508
0.999367 -0.00994762 -0.0341506 -0.556179 0.0101133 0.999938 0.00468307 0.180183 0.0341019 -0.0050255 0.999406 29.9166
0.999294 -0.0102722 -0.0361311 -0.579611 0.0104897 0.999928 0.00583629 0.183995 0.0360685 -0.00621119 0.99933 30.6834
0.99921 -0.0104046 -0.0383578 -0.609743 0.0107195 0.99991 0.00801283 0.190816 0.038271 -0.00841768 0.999232 31.4369
0.999148 -0.0094733 -0.0401609 -0.646026 0.00986842 0.999905 0.00965215 0.19461 0.0400656 -0.0100402 0.999147 32.1844
0.999087 -0.00826626 -0.0419247 -0.679935 0.00868343 0.999914 0.00977785 0.196946 0.0418403 -0.010133 0.999073 32.9045
0.99903 -0.00590517 -0.0436356 -0.722729 0.00631128 0.999938 0.00917489 0.199036 0.0435787 -0.00944139 0.999005 33.6103
0.99895 -0.00368333 -0.0456703 -0.75529 0.00407631 0.999955 0.00851456 0.208084 0.0456369 -0.00869178 0.99892 34.328
0.99887 -0.00373793 -0.0473746 -0.787167 0.00419349 0.999946 0.00952022 0.212426 0.0473365 -0.00970813 0.998832 35.038
0.998831 -0.00218728 -0.0482929 -0.833627 0.00274953 0.999929 0.0115788 0.217282 0.0482642 -0.011698 0.998766 35.7117
0.998835 0.000591793 -0.0482562 -0.872632 -1.37919e-05 0.999928 0.0119774 0.224635 0.0482599 -0.0119627 0.998763 36.4063
0.998875 0.00324957 -0.047318 -0.902001 -0.00279821 0.99995 0.0096017 0.234653 0.0473468 -0.00945848 0.998834 37.0818
0.998944 0.00483508 -0.0456887 -0.936738 -0.0045382 0.999968 0.00659928 0.239041 0.0457191 -0.00638497 0.998934 37.7259
0.999037 0.00518875 -0.0435645 -0.966527 -0.00499547 0.999977 0.00454438 0.249884 0.0435871 -0.00432238 0.99904 38.3771
0.999155 0.00614589 -0.0406471 -0.995109 -0.00592601 0.999967 0.0055277 0.251006 0.0406798 -0.00528214 0.999158 39.0169
0.999233 0.0110562 -0.0375529 -1.02561 -0.0107598 0.999909 0.00808601 0.256362 0.0376389 -0.00767576 0.999262 39.6714
0.999312 0.0152515 -0.0338121 -1.052 -0.0148702 0.999823 0.0114996 0.260835 0.0339815 -0.0109889 0.999362 40.2961
0.999365 0.0205719 -0.0290909 -1.0845 -0.0202176 0.999718 0.0124226 0.267016 0.0293382 -0.0118266 0.9995 40.8952
0.999421 0.0241411 -0.0239706 -1.10408 -0.0238361 0.999632 0.012929 0.273087 0.0242739 -0.0123502 0.999629 41.487
0.999446 0.0280705 -0.0179031 -1.12131 -0.0278058 0.999503 0.0148684 0.27856 0.0183116 -0.0143623 0.999729 42.0571
0.999389 0.0329807 -0.0115304 -1.13157 -0.0327944 0.999334 0.0159897 0.283481 0.0120501 -0.0156018 0.999806 42.6257
0.999329 0.0363693 -0.00440994 -1.13859 -0.0362961 0.999218 0.0156941 0.288972 0.00497726 -0.0155235 0.999867 43.1574
0.9992 0.039883 0.00296423 -1.14368 -0.0399249 0.999078 0.015757 0.291867 -0.00233307 -0.0158628 0.999871 43.6611
0.999 0.0436173 0.0098183 -1.13257 -0.0437649 0.998924 0.0153512 0.297823 -0.00913815 -0.0157656 0.999834 44.1611
0.998701 0.0477209 0.0178771 -1.13296 -0.0479445 0.998774 0.0122927 0.307145 -0.0172686 -0.0131338 0.999765 44.6286
0.9984 0.050248 0.0259506 -1.12601 -0.0505117 0.998677 0.00960822 0.304861 -0.0254335 -0.0109037 0.999617 45.0865
0.998148 0.0506586 0.0336791 -1.10818 -0.0509935 0.998657 0.00915944 0.312295 -0.0331699 -0.0108599 0.999391 45.5157
0.997887 0.0497403 0.0417927 -1.08577 -0.0502264 0.998681 0.0106611 0.312999 -0.0412073 -0.0127377 0.999069 45.9147
0.997423 0.0517571 0.0496859 -1.06384 -0.0523875 0.998561 0.0114683 0.316174 -0.0490208 -0.0140417 0.998699 46.2995
0.996785 0.0547437 0.0585108 -1.04983 -0.0555192 0.998389 0.0117099 0.314798 -0.0577755 -0.0149207 0.998218 46.6571
0.995972 0.0597019 0.0669 -1.02206 -0.0605509 0.998107 0.0107343 0.322752 -0.0661326 -0.0147419 0.997702 46.9849
0.995084 0.0634602 0.0760255 -1.00112 -0.0644888 0.997856 0.011149 0.317843 -0.075155 -0.015997 0.997044 47.2842
0.994364 0.0627339 0.0854678 -0.972295 -0.0639737 0.997881 0.0118433 0.317351 -0.0845438 -0.0172442 0.996271 47.5672
0.993482 0.0614727 0.0959959 -0.932331 -0.0627083 0.997983 0.00990523 0.319296 -0.0951933 -0.0158604 0.995332 47.8465
0.992356 0.0600184 0.10783 -0.900182 -0.0609712 0.998124 0.00555866 0.31544 -0.107294 -0.0120907 0.994154 48.105
0.990759 0.0610503 0.121116 -0.858757 -0.0616714 0.998096 0.00138252 0.318358 -0.120801 -0.00883913 0.992637 48.3714
0.988611 0.0626558 0.136827 -0.82266 -0.063139 0.998004 -0.000810184 0.317092 -0.136605 -0.00783819 0.990595 48.6328
0.986146 0.0644801 0.152837 -0.771017 -0.0649144 0.997889 -0.0021518 0.315852 -0.152653 -0.00779933 0.988249 48.884
0.983359 0.0649588 0.16966 -0.715064 -0.0653357 0.997858 -0.00336596 0.31704 -0.169516 -0.00777494 0.985497 49.1428
0.980125 0.0637919 0.187846 -0.657108 -0.0640386 0.997936 -0.00476157 0.319934 -0.187762 -0.00736245 0.982187 49.3984
0.976224 0.0632389 0.207334 -0.591047 -0.0635932 0.997964 -0.00496225 0.316559 -0.207226 -0.00834079 0.978258 49.6438
0.971773 0.0633177 0.227264 -0.513742 -0.0636311 0.997956 -0.00595463 0.310329 -0.227177 -0.00867453 0.973815 49.875
0.966472 0.0655737 0.248259 -0.437737 -0.0655333 0.997815 -0.00843634 0.311576 -0.24827 -0.00811574 0.968657 50.113
0.960218 0.0669323 0.271112 -0.356821 -0.0666016 0.997725 -0.010431 0.305052 -0.271194 -0.00804044 0.962491 50.3566
0.953003 0.0681485 0.295197 -0.260665 -0.0677453 0.997635 -0.0116053 0.30025 -0.29529 -0.00893833 0.955366 50.599
0.944565 0.070661 0.320632 -0.159935 -0.0703601 0.997443 -0.0125398 0.295195 -0.320698 -0.010715 0.947121 50.8313
0.934666 0.0729196 0.347968 -0.0514237 -0.0727414 0.997258 -0.0135953 0.286848 -0.348006 -0.0126047 0.937408 51.074
0.923468 0.0737049 0.376529 0.0671941 -0.0734245 0.997186 -0.0151178 0.281924 -0.376584 -0.0136856 0.926281 51.3123
0.91093 0.0715883 0.406302 0.207336 -0.0706959 0.997349 -0.0172272 0.273375 -0.406458 -0.0130311 0.913577 51.5448
0.896013 0.0688659 0.438654 0.352403 -0.0668727 0.997561 -0.0200136 0.266404 -0.438963 -0.0114015 0.898433 51.772
0.878732 0.0682935 0.472405 0.510262 -0.064509 0.997623 -0.0242271 0.25831 -0.472937 -0.00918522 0.881049 51.9929
0.859257 0.0702088 0.506704 0.67492 -0.0640401 0.997508 -0.0296169 0.254335 -0.50752 -0.00700084 0.861611 52.2157
0.837493 0.0719874 0.541686 0.858851 -0.0635779 0.997389 -0.0342512 0.245314 -0.542737 -0.00575406 0.839883 52.4411
0.812891 0.0749309 0.577575 1.05681 -0.0648323 0.997168 -0.0381199 0.240121 -0.578796 -0.0064582 0.815447 52.6703
0.785465 0.0789609 0.613849 1.2686 -0.0680371 0.996833 -0.0411667 0.228516 -0.615155 -0.00942942 0.78835 52.9019
0.755495 0.0834535 0.649817 1.49356 -0.0719754 0.996423 -0.0442862 0.215625 -0.651188 -0.0133128 0.758799 53.1328
0.722461 0.0843621 0.686245 1.75103 -0.0716042 0.996321 -0.0470975 0.198859 -0.687694 -0.0151119 0.725844 53.3666
0.685863 0.0818975 0.723108 2.03404 -0.068238 0.996507 -0.0481388 0.177723 -0.724525 -0.0163268 0.689056 53.5902
0.646745 0.0803992 0.758457 2.32308 -0.0655417 0.996609 -0.049756 0.156675 -0.759885 -0.0175311 0.649821 53.793
0.604144 0.0796816 0.792882 2.65641 -0.0635487 0.996637 -0.0517367 0.135686 -0.794337 -0.0191302 0.607176 54.0132
0.557933 0.0797953 0.826041 3.01702 -0.060323 0.996633 -0.0555304 0.119749 -0.827691 -0.018847 0.560868 54.2247
0.508922 0.0785779 0.857219 3.38142 -0.0573911 0.996707 -0.0572918 0.0957004 -0.858898 -0.0200397 0.511755 54.42
0.46099 0.0769034 0.884067 3.81861 -0.0555351 0.996785 -0.0577503 0.0784387 -0.885666 -0.0224744 0.463779 54.6032
0.411997 0.0744117 0.908142 4.25253 -0.0546544 0.996884 -0.056888 0.0562309 -0.909544 -0.0261962 0.41478 54.7612
0.361053 0.07403 0.929602 4.71192 -0.0579145 0.9967 -0.0568797 0.0330836 -0.930745 -0.0333008 0.364149 54.9331
0.311524 0.0749538 0.947277 5.16158 -0.0567858 0.996571 -0.0601795 0.0135951 -0.94854 -0.0350446 0.314712 55.0571
0.264771 0.0715852 0.961651 5.64367 -0.0454462 0.997059 -0.0617083 -0.0158604 -0.96324 -0.0273648 0.267245 55.1402
0.220732 0.0659143 0.973105 6.16594 -0.0320673 0.997665 -0.060304 -0.0400191 -0.974807 -0.0178938 0.22233 55.2189
0.178331 0.0648216 0.981833 6.6922 -0.0235163 0.997823 -0.061606 -0.0728714 -0.98369 -0.0121029 0.179467 55.2872
0.139884 0.0662486 0.987949 7.1919 -0.0203807 0.99774 -0.0640194 -0.0967249 -0.989958 -0.0111798 0.140918 55.3254
0.107092 0.0669051 0.991996 7.73391 -0.011761 0.997749 -0.0660234 -0.130777 -0.99418 -0.00459634 0.107637 55.3575
0.0783427 0.0651447 0.994796 8.29528 -0.00432854 0.997875 -0.0650055 -0.165502 -0.996917 0.000786699 0.0784583 55.3766
0.0534064 0.0634036 0.996558 8.86712 0.00240313 0.997971 -0.0636223 -0.20019 -0.99857 0.00579269 0.0531456 55.3918
0.0334781 0.0627027 0.997471 9.43167 0.00746683 0.997986 -0.0629858 -0.221639 -0.999412 0.00955659 0.0329425 55.3856
0.0177457 0.0645847 0.997754 10.0188 0.0105022 0.997844 -0.0647773 -0.247212 -0.999787 0.0116281 0.0170292 55.3826
0.00410369 0.0642625 0.997925 10.6084 0.0106426 0.997874 -0.064303 -0.284095 -0.999935 0.0108844 0.00341104 55.3794
-0.00718769 0.0652783 0.997841 11.217 0.0119635 0.997801 -0.0651895 -0.318552 -0.999903 0.0114691 -0.00795284 55.3655
-0.016567 0.0680068 0.997547 11.8648 0.0166354 0.997565 -0.0677317 -0.357697 -0.999724 0.0154725 -0.017658 55.3569
-0.0228922 0.0697246 0.997304 12.4904 0.0207284 0.997384 -0.0692544 -0.394483 -0.999523 0.0190871 -0.0242775 55.3271
-0.027718 0.0692178 0.997216 13.1392 0.0208808 0.997422 -0.0686517 -0.430463 -0.999398 0.0189197 -0.0290918 55.3144
-0.0313491 0.0665622 0.99729 13.8152 0.0189922 0.99764 -0.0659885 -0.464601 -0.999328 0.016872 -0.0325393 55.2934
-0.0337555 0.0596812 0.997647 14.4906 0.016833 0.998108 -0.0591393 -0.502701 -0.999288 0.0147971 -0.0346962 55.2772
-0.0350035 0.0540368 0.997925 15.1737 0.0180968 0.998408 -0.0534282 -0.536339 -0.999223 0.0161891 -0.0359256 55.2527
-0.0353946 0.0510641 0.998068 15.876 0.0204583 0.998522 -0.0503618 -0.573569 -0.999164 0.0186362 -0.0363869 55.2271
-0.035235 0.0534882 0.997947 16.586 0.0238891 0.998326 -0.0526651 -0.61639 -0.999093 0.0219844 -0.0364538 55.1897
-0.034314 0.0610197 0.997547 17.2881 0.0247996 0.997879 -0.0601869 -0.647553 -0.999103 0.0226735 -0.0357545 55.1647
-0.0322196 0.0691198 0.997088 17.9939 0.0256701 0.997334 -0.0683073 -0.678376 -0.999151 0.0233946 -0.033908 55.1469
-0.0298694 0.0699157 0.997106 18.7222 0.0265634 0.997254 -0.0691303 -0.712135 -0.999201 0.0244216 -0.0316445 55.1238
-0.0278104 0.0653776 0.997473 19.4809 0.0259954 0.997569 -0.0646591 -0.756716 -0.999275 0.0241315 -0.0294423 55.1077
-0.0254289 0.0590521 0.997931 20.2348 0.0254053 0.99797 -0.058407 -0.802536 -0.999354 0.0238675 -0.0268775 55.0878
-0.0227908 0.0573549 0.998094 20.9697 0.0235236 0.998107 -0.0568185 -0.845371 -0.999463 0.0221838 -0.0240968 55.0791
-0.0190473 0.0628711 0.99784 21.7032 0.0312071 0.997572 -0.0622585 -0.886199 -0.999331 0.0299538 -0.020963 55.0537
-0.0163178 0.0683646 0.997527 22.4353 0.0330245 0.997152 -0.0677987 -0.927124 -0.999321 0.0318365 -0.018529 55.0491
-0.0139417 0.0688932 0.997527 23.1739 0.0268174 0.99729 -0.0685021 -0.972782 -0.999543 0.025796 -0.0157514 55.0576
-0.0107495 0.0650003 0.997827 23.9485 0.0221122 0.997657 -0.0647509 -1.02555 -0.999698 0.0213681 -0.0121616 55.0493
-0.00589634 0.0612611 0.998104 24.6875 0.0260673 0.997792 -0.0610879 -1.07588 -0.999643 0.0256577 -0.00748024 55.0391
-0.00203521 0.0623844 0.99805 25.4282 0.0307176 0.997585 -0.0622927 -1.11868 -0.999526 0.0305309 -0.00394659 55.0305
7.7643e-05 0.0664909 0.997787 26.1645 0.0302767 0.997329 -0.0664628 -1.17395 -0.999542 0.0302149 -0.00193569 55.0465
0.00426785 0.0676849 0.997698 26.9243 0.0266704 0.997344 -0.067775 -1.20921 -0.999635 0.0268982 0.00245134 55.0481
0.00774666 0.0674879 0.99769 27.6747 0.0259522 0.99737 -0.0676678 -1.25059 -0.999633 0.0264164 0.00597483 55.0615
0.0115486 0.0639419 0.997887 28.4149 0.030097 0.997479 -0.0642641 -1.30116 -0.99948 0.0307756 0.00959499 55.0658
0.0154125 0.0644254 0.997804 29.1651 0.0342326 0.997303 -0.0649219 -1.34992 -0.999295 0.035158 0.0131655 55.0676
0.0187163 0.0649302 0.997714 29.9244 0.0379622 0.997123 -0.0656038 -1.40785 -0.999104 0.0391033 0.0161976 55.0817
0.0215625 0.06513 0.997644 30.6751 0.0382654 0.997091 -0.065921 -1.44959 -0.999035 0.0395966 0.0190075 55.0988
0.0250622 0.063363 0.997676 31.4198 0.0399189 0.99713 -0.0643311 -1.49869 -0.998888 0.0414384 0.0224609 55.121
0.0283079 0.0624398 0.997647 32.1592 0.0418111 0.9971 -0.0635919 -1.54552 -0.998724 0.0435129 0.0256152 55.1443
0.031192 0.0622882 0.997571 32.9155 0.0401743 0.997172 -0.0635194 -1.59666 -0.998706 0.042058 0.0286013 55.1681
0.0341909 0.0642183 0.99735 33.6668 0.0368788 0.997173 -0.0654712 -1.63775 -0.998735 0.0390196 0.0317259 55.2039
0.0372349 0.0642225 0.997241 34.4206 0.0389929 0.997079 -0.065668 -1.68092 -0.998545 0.0413305 0.0346219 55.2259
0.0398198 0.0638336 0.997166 35.1761 0.0367937 0.997187 -0.0653042 -1.72926 -0.998529 0.0392898 0.0373591 55.267
0.0414698 0.0641613 0.997078 35.9243 0.0348447 0.997236 -0.0656207 -1.77434 -0.998532 0.0374641 0.0391195 55.3159
0.0449714 0.0640992 0.99693 36.6964 0.0321961 0.997328 -0.0655772 -1.823 -0.998469 0.0350463 0.0427875 55.3435
0.0484172 0.0658722 0.996653 37.4637 0.0308724 0.997247 -0.0674113 -1.87077 -0.99835 0.034033 0.0462503 55.384
0.05161 0.0697812 0.996226 38.225 0.0294157 0.997017 -0.0713605 -1.915 -0.998234 0.0329876 0.0494033 55.431
0.0547419 0.0717825 0.995917 38.9971 0.0299702 0.996845 -0.0734967 -1.96837 -0.998051 0.0338711 0.0524179 55.4838
0.0570573 0.0737173 0.995646 39.7687 0.0237941 0.996887 -0.0751727 -2.02164 -0.998087 0.0279797 0.0551256 55.5476
0.060105 0.0730516 0.995515 40.5527 0.0201984 0.997025 -0.0743819 -2.06973 -0.997988 0.0245785 0.0584507 55.5953
0.0641969 0.0734921 0.995227 41.3282 0.0227614 0.996917 -0.0750851 -2.124 -0.997678 0.027473 0.0623262 55.6458
0.0682621 0.0745938 0.994875 42.1007 0.021661 0.996855 -0.0762285 -2.17975 -0.997432 0.0267535 0.0664317 55.6947
0.0715617 0.0752759 0.994592 42.8856 0.0177718 0.996894 -0.0767288 -2.23551 -0.997278 0.0231665 0.0700017 55.7727
0.0754079 0.0734861 0.994441 43.6847 0.0167817 0.997046 -0.0749511 -2.28598 -0.997012 0.0223403 0.073952 55.8442
0.0802063 0.0735221 0.994063 44.5016 0.0172705 0.997024 -0.0751346 -2.34967 -0.996629 0.0231943 0.0786978 55.908
0.0860114 0.0768843 0.993323 45.2966 0.0142252 0.996822 -0.0783869 -2.40648 -0.996193 0.0208724 0.0846443 55.9778
0.0914977 0.0856904 0.992112 46.0964 0.0120475 0.996123 -0.0871479 -2.46514 -0.995732 0.0199263 0.0901106 56.0705
0.0991172 0.0901657 0.990982 46.8744 0.0110845 0.995724 -0.0917058 -2.52832 -0.995014 0.0200741 0.097694 56.1493
0.105792 0.093367 0.989995 47.6572 0.00589276 0.995506 -0.0945164 -2.5936 -0.994371 0.0158329 0.104767 56.2565
0.112883 0.0914994 0.989386 48.4598 0.0031276 0.995713 -0.0924413 -2.66188 -0.993603 0.0135295 0.112113 56.352
0.120182 0.0901094 0.988654 49.2654 0.00307036 0.995834 -0.091137 -2.72632 -0.992747 0.0139886 0.119405 56.461
0.128259 0.0863261 0.987976 50.0992 0.0026669 0.996171 -0.0873883 -2.79718 -0.991737 0.0138432 0.127538 56.5671
0.135642 0.0802539 0.987502 50.9063 0.00106323 0.996701 -0.0811476 -2.86904 -0.990757 0.012057 0.135109 56.6888
0.143622 0.0737707 0.986879 51.7162 -0.00190832 0.997236 -0.0742672 -2.91732 -0.989631 0.00878314 0.143366 56.8029
0.150417 0.0707444 0.986088 52.5071 -0.00215597 0.997458 -0.0712312 -2.98622 -0.98862 0.00858843 0.150187 56.9362
0.156964 0.0724149 0.984946 53.328 -0.00288437 0.997338 -0.0728664 -3.05378 -0.9876 0.00859647 0.156755 57.0845
0.162959 0.0795065 0.983424 54.1179 -0.00248182 0.996778 -0.0801748 -3.10547 -0.98663 0.0106245 0.162631 57.2174
0.167805 0.082884 0.98233 54.8987 -0.00412779 0.99651 -0.0833753 -3.16503 -0.985812 0.00993596 0.167562 57.3619
0.172907 0.0855882 0.981212 55.6828 -0.00486895 0.996279 -0.0860445 -3.22857 -0.984926 0.0101002 0.172681 57.5132
0.177993 0.0852555 0.980332 56.4505 -0.00667635 0.996321 -0.0854339 -3.28539 -0.984009 0.00866157 0.177907 57.6655
0.183462 0.082335 0.979573 57.2036 -0.00395162 0.99654 -0.0830211 -3.36049 -0.983019 0.0113603 0.183153 57.7887
0.187994 0.0755953 0.979257 57.9634 -0.00252225 0.997068 -0.076486 -3.4132 -0.982167 0.011909 0.187633 57.9371
0.191612 0.0695469 0.979004 58.7168 -0.00443041 0.997538 -0.0699963 -3.46937 -0.981461 0.00907472 0.191448 58.0856
0.194576 0.0663564 0.978641 59.4522 -0.00808147 0.997784 -0.0660476 -3.52358 -0.980854 0.00494239 0.194681 58.2478
0.197964 0.0661846 0.977972 60.1812 -0.00984821 0.997802 -0.065533 -3.57662 -0.98016 0.00334189 0.19818 58.3962
0.199625 0.0682168 0.977495 60.8944 -0.0114912 0.997668 -0.0672779 -3.6232 -0.979805 0.00219782 0.199944 58.557
0.201113 0.0726459 0.976871 61.5954 -0.0157838 0.997357 -0.0709199 -3.67326 -0.979441 -0.00115585 0.201728 58.7115
0.203211 0.076812 0.976117 62.2832 -0.0168646 0.997045 -0.0749479 -3.72242 -0.97899 -0.00123155 0.203906 58.8639
0.204845 0.0818113 0.975369 62.9628 -0.0169424 0.996648 -0.0800379 -3.7753 -0.978648 -0.000129692 0.205545 59.0207
0.206476 0.083893 0.974849 63.6387 -0.0165033 0.996474 -0.0822586 -3.82876 -0.978312 0.000896227 0.207132 59.1677
0.208018 0.0840093 0.974511 64.3048 -0.018904 0.996464 -0.0818666 -3.87781 -0.977942 -0.00139242 0.20887 59.3145
0.208928 0.0807643 0.97459 64.9825 -0.0185473 0.996732 -0.0786231 -3.93489 -0.977755 -0.00164945 0.209744 59.4636
0.209665 0.0782237 0.974639 65.6376 -0.0185004 0.996934 -0.0760332 -3.9866 -0.977598 -0.00208976 0.210469 59.6051
0.209675 0.07717 0.974721 66.2886 -0.0174323 0.997017 -0.0751853 -4.03385 -0.977616 -0.00122722 0.210394 59.7489
0.208273 0.0764083 0.975082 66.9217 -0.0175685 0.997075 -0.0743792 -4.08064 -0.977913 -0.00163954 0.209006 59.8856
0.206765 0.0770641 0.975351 67.5454 -0.0187983 0.997022 -0.0747913 -4.13386 -0.97821 -0.00287067 0.207598 60.0176
0.204069 0.0799111 0.97569 68.1523 -0.019196 0.996798 -0.077625 -4.18084 -0.978768 -0.00288851 0.204949 60.1573
0.202118 0.0836837 0.975779 68.7552 -0.0165666 0.996492 -0.0820285 -4.22722 -0.979221 0.000414062 0.202795 60.2839
0.200751 0.084345 0.976005 69.3572 -0.0143415 0.996433 -0.0831606 -4.27191 -0.979537 0.00269719 0.201244 60.4012
0.198025 0.0834333 0.97664 69.9464 -0.0148583 0.996512 -0.0821183 -4.31208 -0.980084 0.00175028 0.198574 60.5314
0.195872 0.0805973 0.977312 70.5279 -0.0154111 0.996747 -0.0791114 -4.35877 -0.980508 0.000434283 0.196477 60.6449
0.193873 0.0761442 0.978067 71.0981 -0.0145512 0.997097 -0.0747413 -4.41124 -0.980919 0.000258278 0.194418 60.7556
0.192354 0.0753884 0.978425 71.6623 -0.0108607 0.997147 -0.0746957 -4.45583 -0.981265 0.00374162 0.192624 60.8589
0.190472 0.0768474 0.97868 72.2176 -0.00733025 0.997015 -0.0768605 -4.4967 -0.981665 0.00746584 0.190467 60.9645
0.187607 0.0788548 0.979074 72.7606 -0.00350869 0.99682 -0.0796117 -4.53764 -0.982238 0.0115005 0.187287 61.069
0.185814 0.0812215 0.979222 73.3102 -0.00378244 0.996629 -0.0819476 -4.56996 -0.982578 0.0115232 0.185495 61.1771
0.18459 0.0832402 0.979284 73.8454 -0.00460397 0.996469 -0.0838331 -4.61745 -0.982805 0.0109661 0.184321 61.2759
0.183475 0.0816353 0.979629 74.4 -0.00298196 0.996588 -0.08249 -4.66402 -0.98302 0.0122137 0.183093 61.3778
0.184531 0.0803953 0.979533 74.9521 0.00322584 0.996594 -0.0824033 -4.69931 -0.982821 0.0183658 0.183643 61.468
0.186376 0.0782521 0.979357 75.4977 0.00846297 0.996658 -0.081245 -4.73998 -0.982442 0.0234304 0.185091 61.5694
0.188451 0.0778259 0.978994 76.0625 0.0110715 0.996623 -0.0813586 -4.7848 -0.98202 0.026171 0.186953 61.6786
0.191245 0.0777607 0.978457 76.6161 0.00797838 0.996701 -0.08077 -4.82867 -0.98151 0.0232534 0.189994 61.8049
0.19671 0.0785456 0.97731 77.1856 0.00632859 0.996663 -0.0813748 -4.87222 -0.980441 0.0221923 0.195557 61.9342
0.203673 0.0769678 0.976009 77.7074 0.00820455 0.996736 -0.0803144 -4.91157 -0.979005 0.0243656 0.202377 62.0286
0.21132 0.0778396 0.974312 78.2758 0.00642085 0.996692 -0.0810201 -4.94379 -0.977396 0.0233771 0.210121 62.1595
0.219567 0.0753707 0.972682 78.8475 0.00672533 0.996871 -0.0787632 -4.99195 -0.975574 0.0238354 0.218373 62.3019
0.228673 0.0747975 0.970625 79.4227 0.00342253 0.996976 -0.0776344 -5.03791 -0.973497 0.0210749 0.227726 62.4456
0.238067 0.0750596 0.968344 80.0017 0.00184968 0.996972 -0.0777334 -5.07569 -0.971247 0.0202969 0.237207 62.598
0.247553 0.0788009 0.965665 80.5977 -0.00393689 0.996761 -0.0803292 -5.12932 -0.968866 0.016084 0.247061 62.7753
0.25699 0.0806616 0.963042 81.1804 -0.00670295 0.996636 -0.0816866 -5.163 -0.966391 0.0145374 0.256666 62.9364
0.267662 0.0837094 0.95987 81.7819 -0.0107885 0.996417 -0.0838882 -5.20522 -0.963452 0.0120981 0.267606 63.1199
0.277923 0.0854087 0.956799 82.3894 -0.0120298 0.996271 -0.0854379 -5.25362 -0.960528 0.012235 0.277914 63.3084
0.287884 0.0862571 0.953773 83.0193 -0.0149528 0.996219 -0.0855825 -5.29981 -0.957548 0.0103763 0.288086 63.5109
0.29803 0.0864635 0.950633 83.6284 -0.0160611 0.996202 -0.085573 -5.35101 -0.954421 0.0102351 0.298287 63.7132
0.308504 0.087905 0.947153 84.2834 -0.0206161 0.996105 -0.0857332 -5.38787 -0.951 0.00692249 0.309115 63.9312
0.318919 0.0832819 0.944116 84.9446 -0.0195935 0.996498 -0.081284 -5.4283 -0.947579 0.0074245 0.319434 64.1668
0.329827 0.0757252 0.941 85.6104 -0.0158477 0.997081 -0.0746836 -5.48209 -0.943908 0.00971998 0.330064 64.3971
0.340442 0.0718742 0.937514 86.2637 -0.0149954 0.997362 -0.0710171 -5.52999 -0.940146 0.0101188 0.340622 64.6462
0.350756 0.0686808 0.933945 86.9452 -0.0158396 0.997599 -0.067413 -5.57521 -0.936333 0.00885223 0.351002 64.9118
0.360006 0.0664227 0.930582 87.6316 -0.00969446 0.997675 -0.0674612 -5.61354 -0.9329 0.0152649 0.359813 65.1787
0.368777 0.060912 0.92752 88.3377 -0.00291785 0.997921 -0.0643753 -5.65048 -0.929513 0.0210337 0.368188 65.4528
0.375784 0.0517288 0.925262 89.0568 0.00672858 0.998262 -0.0585427 -5.68741 -0.926683 0.0282251 0.374783 65.734
0.382625 0.0471023 0.922702 89.7618 0.0119547 0.998364 -0.055922 -5.73101 -0.923826 0.0324279 0.381436 66.0263
0.389973 0.0470121 0.919626 90.4694 0.0138595 0.998283 -0.0569103 -5.7784 -0.920722 0.0349391 0.388652 66.3282
0.397644 0.0532746 0.915992 91.183 0.0163112 0.997745 -0.0651103 -5.81448 -0.917395 0.0408317 0.395878 66.6302
0.40459 0.0579694 0.912659 91.8844 0.0200667 0.997186 -0.0722341 -5.85156 -0.914278 0.0475392 0.402288 66.9403
0.409724 0.0600257 0.910232 92.5968 0.0179758 0.997108 -0.0738462 -5.9021 -0.912032 0.0466187 0.40746 67.2735
0.414492 0.0610734 0.908001 93.3 0.0113344 0.997322 -0.0722553 -5.96206 -0.909982 0.040241 0.41269 67.6044
0.418305 0.0649314 0.905983 93.984 0.00452275 0.99728 -0.0735629 -6.01612 -0.908295 0.0348693 0.416874 67.9411
0.422253 0.0679669 0.903926 94.6627 0.00375967 0.997045 -0.0767248 -6.07313 -0.90647 0.0357957 0.42075 68.2702
0.426329 0.0722877 0.901675 95.33 2.70046e-05 0.996801 -0.0799267 -6.13074 -0.904568 0.0340994 0.424963 68.5829
0.429938 0.0748477 0.89975 95.9994 -0.00226159 0.996644 -0.0818273 -6.18581 -0.902856 0.0331458 0.428665 68.9161
0.433598 0.0737126 0.898086 96.6601 -0.00375098 0.996788 -0.0800027 -6.24107 -0.901098 0.0313203 0.432482 69.2474
0.438061 0.0701598 0.896203 97.3126 -0.00211085 0.997027 -0.0770211 -6.29809 -0.898943 0.0318482 0.436907 69.5607
0.441349 0.0677138 0.894777 97.9506 -0.00280377 0.997248 -0.0740855 -6.35072 -0.897331 0.0301888 0.440324 69.8834
0.444841 0.0666908 0.893123 98.5718 -0.00392556 0.997359 -0.0725191 -6.40705 -0.895601 0.0287535 0.443928 70.1995
0.448499 0.0681984 0.891178 99.199 -0.00558607 0.997279 -0.0735067 -6.45614 -0.893766 0.0279895 0.447659 70.5199
0.451076 0.0685081 0.889852 99.8053 -0.00454203 0.997213 -0.0744713 -6.50698 -0.892474 0.0295505 0.45013 70.8344
0.452972 0.0668062 0.889018 100.4 -0.00260418 0.997283 -0.073615 -6.55691 -0.891521 0.0310304 0.451916 71.1396
0.454544 0.0656547 0.888301 100.994 -0.000504654 0.997298 -0.0734525 -6.60449 -0.890724 0.0329391 0.453349 71.4485
0.456966 0.0655653 0.887065 101.58 -0.00180243 0.997346 -0.072788 -6.651 -0.889483 0.0316627 0.455871 71.7431
0.458752 0.0650205 0.886182 102.155 -0.000267114 0.997329 -0.0730373 -6.69697 -0.888564 0.0332693 0.457545 72.0472
0.461467 0.0671206 0.884614 102.717 -0.00104763 0.997174 -0.0751147 -6.73723 -0.887157 0.0337362 0.460234 72.3371
0.46418 0.0666716 0.883228 103.274 0.0023956 0.997065 -0.0765238 -6.78654 -0.885737 0.0376367 0.462658 72.6329
0.467479 0.0662857 0.881516 103.827 0.00370367 0.997029 -0.0769359 -6.83346 -0.883996 0.0392308 0.465845 72.9221
0.470224 0.0642363 0.880206 104.369 0.00672647 0.997058 -0.0763574 -6.88651 -0.882521 0.0418258 0.468409 73.2305
0.473858 0.06356 0.878305 104.867 0.00749635 0.997064 -0.0761986 -6.92509 -0.88057 0.0426914 0.47199 73.4725
0.477199 0.0630956 0.876527 105.387 0.00889434 0.997021 -0.0766115 -6.96647 -0.878751 0.044355 0.475216 73.7556
0.480597 0.0623333 0.874723 105.9 0.00919822 0.997058 -0.0761046 -7.01389 -0.876893 0.0446215 0.47861 74.0413
0.483903 0.0615912 0.872951 106.408 0.0111113 0.997007 -0.0765033 -7.05527 -0.875051 0.0467198 0.481771 74.3263
0.488059 0.0626182 0.870562 106.907 0.010776 0.996915 -0.0777479 -7.10123 -0.872744 0.0473267 0.485878 74.6019
0.491594 0.0627761 0.868559 107.41 0.0125926 0.996782 -0.0791707 -7.1506 -0.870734 0.0498572 0.489221 74.9063
0.496485 0.0664538 0.865498 107.895 0.0104399 0.996536 -0.0825038 -7.1906 -0.867983 0.0499976 0.494071 75.1965
0.502211 0.0720697 0.861736 108.381 0.00711205 0.996143 -0.0874553 -7.23566 -0.864716 0.0500498 0.499762 75.4843
0.507955 0.0792684 0.857729 108.864 0.00178742 0.995658 -0.0930739 -7.28279 -0.861382 0.0488104 0.505607 75.7881
0.513995 0.0853948 0.853532 109.342 -0.00298055 0.995204 -0.0977741 -7.3297 -0.857788 0.0477114 0.511785 76.0865
0.520095 0.0899862 0.849355 109.815 -0.00703694 0.994852 -0.101092 -7.38332 -0.85408 0.0466006 0.518051 76.397
0.525655 0.0903628 0.845885 110.304 -0.0110807 0.994985 -0.0994049 -7.4308 -0.850626 0.0428797 0.52402 76.7138
0.53094 0.0895372 0.842666 110.794 -0.0175232 0.99535 -0.0947196 -7.48077 -0.847228 0.0355242 0.53004 77.0451
0.536866 0.087128 0.839157 111.293 -0.0238783 0.995824 -0.0881179 -7.53335 -0.84333 0.0272699 0.536704 77.3848
0.542629 0.0855804 0.835601 111.802 -0.0306825 0.996152 -0.0820988 -7.58366 -0.839412 0.0189109 0.543167 77.731
0.548581 0.0832053 0.831947 112.307 -0.0329386 0.996414 -0.0779347 -7.6322 -0.835449 0.0153503 0.549354 78.0823
0.554827 0.086944 0.82741 112.821 -0.0378273 0.996132 -0.0793078 -7.67165 -0.831105 0.0127035 0.55597 78.4512
0.560969 0.0911613 0.822802 113.338 -0.0420967 0.995774 -0.0816248 -7.71845 -0.826765 0.0111518 0.562436 78.817
0.567591 0.094658 0.817851 113.866 -0.0446084 0.995445 -0.0842544 -7.75722 -0.822102 0.011339 0.569228 79.1895
0.573799 0.0968399 0.813251 114.393 -0.047082 0.995243 -0.0852918 -7.80409 -0.817642 0.0106509 0.575629 79.5757
0.579646 0.0975465 0.809009 114.934 -0.0500366 0.995196 -0.0841455 -7.85577 -0.813331 0.00829454 0.581742 79.995
0.585972 0.0999846 0.804139 115.498 -0.056759 0.994986 -0.082354 -7.9049 -0.808341 0.00261504 0.588709 80.4155
0.592975 0.0980039 0.799235 116.055 -0.0568864 0.995184 -0.079826 -7.95309 -0.803209 0.00186924 0.595694 80.8455
0.600772 0.0960985 0.793624 116.628 -0.0569916 0.995371 -0.0773853 -7.99837 -0.797387 0.00126097 0.603467 81.283
0.608183 0.095835 0.78799 117.191 -0.0575171 0.995396 -0.076667 -8.05285 -0.79171 0.00130466 0.610896 81.7359
0.615304 0.0983303 0.782133 117.779 -0.0621135 0.995152 -0.0762465 -8.10105 -0.785839 -0.00166631 0.618428 82.2312
0.622808 0.0989987 0.776086 118.363 -0.0629548 0.995087 -0.0764137 -8.14812 -0.779838 -0.00126725 0.625981 82.7309
0.629761 0.0997889 0.770353 118.949 -0.0647541 0.995007 -0.0759535 -8.19123 -0.774085 -0.0020509 0.633078 83.223
0.63505 0.0985473 0.766159 119.563 -0.0646698 0.99513 -0.0743954 -8.24794 -0.769759 -0.00230255 0.63833 83.7466
0.638347 0.0978417 0.763505 120.167 -0.0639982 0.995201 -0.0740258 -8.29146 -0.767084 -0.00160881 0.641545 84.2774
0.642557 0.0956605 0.760243 120.789 -0.0609089 0.995413 -0.0737716 -8.33823 -0.763813 0.00109686 0.645436 84.7804
0.646096 0.0916399 0.757735 121.415 -0.0554185 0.995778 -0.0731751 -8.39293 -0.761242 0.00528557 0.648447 85.3208
0.649787 0.0852763 0.755317 122.05 -0.0474988 0.9963 -0.0716211 -8.44245 -0.758631 0.0106618 0.651434 85.8661
0.65389 0.0789637 0.752458 122.688 -0.0415279 0.996785 -0.0685156 -8.50124 -0.755449 0.0135536 0.655067 86.4193
0.656868 0.0741011 0.750355 123.343 -0.0362324 0.997112 -0.0667512 -8.5462 -0.753134 0.0166596 0.657656 86.9793
0.660545 0.0725564 0.747273 123.987 -0.0359106 0.997233 -0.0650835 -8.59825 -0.749928 0.0161556 0.661323 87.5508
0.662963 0.0739114 0.744995 124.617 -0.0365179 0.997123 -0.0664282 -8.64884 -0.747761 0.0168338 0.663755 88.1341
0.665985 0.078671 0.741805 125.247 -0.0423946 0.996808 -0.0676535 -8.70312 -0.744759 0.0136078 0.667195 88.7203
0.669181 0.082437 0.738513 125.894 -0.0488402 0.996558 -0.0669864 -8.74737 -0.741493 0.00875697 0.670904 89.3175
0.672125 0.0794716 0.736161 126.542 -0.0489611 0.996818 -0.0629084 -8.7915 -0.738817 0.00623908 0.673877 89.9237
0.675602 0.0769097 0.733244 127.195 -0.0523308 0.997038 -0.056362 -8.83865 -0.735407 -0.00029299 0.677625 90.5411
0.678926 0.0709171 0.730774 127.848 -0.0512776 0.997474 -0.0491593 -8.88202 -0.732414 -0.00409682 0.680847 91.1687
0.683426 0.0671614 0.726924 128.493 -0.0493065 0.997732 -0.0458256 -8.92038 -0.728353 -0.00452368 0.685187 91.7885
0.688069 0.0640294 0.722815 129.149 -0.0433613 0.997947 -0.0471247 -8.95769 -0.724349 0.00108284 0.689433 92.4118
0.693135 0.0605519 0.71826 129.799 -0.0325868 0.998079 -0.0526948 -9.00057 -0.720071 0.0131188 0.693777 93.0373
0.698556 0.0626703 0.712806 130.449 -0.0273044 0.997766 -0.0609657 -9.04491 -0.715034 0.0231252 0.698707 93.668
0.704244 0.0631321 0.707145 131.094 -0.024461 0.997605 -0.0647029 -9.08788 -0.709536 0.0282692 0.704102 94.3078
0.710264 0.058828 0.701473 131.745 -0.0219664 0.997869 -0.0614432 -9.13408 -0.703592 0.0282321 0.710043 94.9634
0.71611 0.0529234 0.695978 132.391 -0.0172988 0.998161 -0.0581027 -9.19023 -0.697773 0.0295684 0.715709 95.6235
0.721141 0.0505077 0.690945 133.03 -0.0135598 0.998177 -0.0588138 -9.24179 -0.692656 0.033044 0.720511 96.3092
0.725659 0.0515225 0.686123 133.664 -0.0102552 0.997892 -0.0640877 -9.29412 -0.687978 0.0394695 0.724658 96.9876
0.729474 0.0533863 0.681922 134.295 -0.0115765 0.99777 -0.0657296 -9.34083 -0.683911 0.0400537 0.728465 97.6595
0.732645 0.050583 0.678728 134.93 -0.00934529 0.997888 -0.064281 -9.39774 -0.680546 0.0407523 0.731571 98.3471
0.73519 0.0448331 0.676376 135.564 -0.00552941 0.998174 -0.0601529 -9.44642 -0.677838 0.0404839 0.734096 99.033
0.736284 0.0409258 0.675434 136.198 -0.00266133 0.998337 -0.05759 -9.49927 -0.676667 0.0406051 0.735169 99.7385
0.73726 0.0366617 0.674613 136.834 2.42162e-05 0.998525 -0.0542911 -9.55547 -0.675609 0.040043 0.736172 100.411
0.737828 0.0351846 0.674071 137.477 0.00139972 0.998559 -0.0536541 -9.58623 -0.674988 0.040531 0.736715 101.104
0.737496 0.0351278 0.674437 138.108 0.000759063 0.998603 -0.0528419 -9.62857 -0.675351 0.0394826 0.736439 101.807
0.737081 0.0376352 0.674756 138.74 -0.00126095 0.998523 -0.0543163 -9.67711 -0.675803 0.0391847 0.73604 102.494
0.735769 0.0412872 0.675972 139.377 -0.00482991 0.998434 -0.0557254 -9.72079 -0.677215 0.0377361 0.734817 103.207
0.733519 0.0462024 0.678096 140.007 -0.00990204 0.998307 -0.0573088 -9.77869 -0.679596 0.0353226 0.732735 103.926
0.731437 0.0490085 0.680146 140.638 -0.0141579 0.99829 -0.0567072 -9.82812 -0.681762 0.0318483 0.73088 104.622
0.728962 0.0506298 0.682679 141.275 -0.0162934 0.998262 -0.0566365 -9.87295 -0.68436 0.0301627 0.72852 105.325
0.726956 0.0497562 0.684879 141.912 -0.0171341 0.998375 -0.0543449 -9.92633 -0.68647 0.0277716 0.726628 105.996
0.724361 0.0484712 0.687715 142.556 -0.0181868 0.998522 -0.0512213 -9.97078 -0.689181 0.0245954 0.724171 106.689
0.721743 0.044374 0.690738 143.206 -0.014084 0.998678 -0.0494404 -10.0191 -0.692018 0.0259549 0.721413 107.364
0.719014 0.0485002 0.693302 143.844 -0.01474 0.998402 -0.0545569 -10.0714 -0.69484 0.0290079 0.718579 108.03
0.715587 0.0588015 0.696044 144.473 -0.0201445 0.997773 -0.0635813 -10.1153 -0.698232 0.0314766 0.715179 108.691
0.711631 0.065875 0.699458 145.096 -0.023362 0.997263 -0.0701536 -10.1688 -0.702164 0.0335828 0.711222 109.36
0.70773 0.0644863 0.703534 145.731 -0.0248265 0.997481 -0.0664551 -10.2182 -0.706047 0.029566 0.707548 110.017
0.703863 0.0629684 0.707539 146.374 -0.0280905 0.997751 -0.0608517 -10.2755 -0.70978 0.0229562 0.70405 110.674
0.700422 0.0616529 0.711061 147.015 -0.030361 0.997934 -0.0566196 -10.3204 -0.713083 0.0180691 0.700847 111.318
0.696439 0.0616868 0.71496 147.632 -0.0301131 0.997933 -0.0567687 -10.3689 -0.716984 0.0180063 0.696857 111.946
0.694426 0.0590308 0.717139 148.317 -0.0273463 0.998074 -0.0556757 -10.4244 -0.719044 0.0190516 0.694703 112.581
0.691299 0.0585185 0.720195 148.964 -0.0237341 0.998016 -0.0583107 -10.4717 -0.722179 0.0232169 0.691317 113.203
0.687697 0.0576446 0.723706 149.611 -0.0201466 0.997974 -0.0603464 -10.5225 -0.725718 0.0269198 0.687465 113.82
0.683958 0.0589106 0.727139 150.274 -0.0176836 0.99778 -0.0642036 -10.5702 -0.729307 0.0310541 0.683481 114.447
0.679508 0.0587484 0.731312 150.917 -0.018078 0.997827 -0.0633609 -10.6315 -0.733445 0.0298336 0.679093 115.062
0.675822 0.060553 0.734573 151.593 -0.0199094 0.997756 -0.0639309 -10.6756 -0.736796 0.028581 0.675511 115.69
0.671255 0.0595129 0.738834 152.26 -0.0183262 0.997799 -0.0637226 -10.7241 -0.741 0.0292341 0.670868 116.283
0.665607 0.0618825 0.743732 152.933 -0.0204261 0.997694 -0.064733 -10.7729 -0.746023 0.0278952 0.665336 116.891
0.659549 0.0684901 0.748534 153.598 -0.0231048 0.997217 -0.0708861 -10.8169 -0.751306 0.0294581 0.659296 117.49
0.653107 0.0750441 0.753538 154.276 -0.0272933 0.996764 -0.075611 -10.8801 -0.756774 0.0288155 0.653041 118.097
0.646932 0.0774084 0.758608 154.971 -0.0270999 0.99654 -0.0785765 -10.9383 -0.762066 0.0302754 0.646792 118.693
0.640109 0.071936 0.764909 155.668 -0.0279788 0.997129 -0.0703613 -10.9975 -0.767775 0.0236376 0.640284 119.282
0.633095 0.0679398 0.771087 156.377 -0.0336286 0.997614 -0.0602884 -11.0506 -0.773343 0.0122377 0.633869 119.88
0.625975 0.0632952 0.77727 157.101 -0.0333248 0.997961 -0.0544286 -11.1068 -0.77913 0.00816856 0.626809 120.475
0.618797 0.0645953 0.782891 157.828 -0.0381298 0.997909 -0.0521984 -11.1463 -0.784625 0.00244873 0.619966 121.06
0.61084 0.0659052 0.789006 158.554 -0.0366224 0.997815 -0.0549941 -11.1896 -0.790906 0.00469729 0.611919 121.628
0.6042 0.0657036 0.794119 159.295 -0.0307859 0.997775 -0.0591304 -11.2375 -0.796237 0.011279 0.604879 122.19
0.597121 0.0746515 0.79867 160.045 -0.03006 0.997043 -0.0707192 -11.2848 -0.801588 0.0182199 0.597599 122.761
0.589941 0.07566 0.803894 160.808 -0.0261777 0.996869 -0.0746116 -11.3395 -0.807022 0.0229723 0.590075 123.314
0.582782 0.0716038 0.809468 161.57 -0.0236191 0.997182 -0.0712039 -11.4049 -0.812285 0.0223774 0.582831 123.865
0.575756 0.0657206 0.814976 162.345 -0.0190966 0.997573 -0.0669543 -11.4592 -0.817398 0.0229861 0.575614 124.409
0.56858 0.0650325 0.820053 163.11 -0.0186236 0.997632 -0.0662025 -11.5173 -0.822417 0.022369 0.568445 124.948
0.561601 0.0665257 0.824729 163.877 -0.0197995 0.997558 -0.0669842 -11.5746 -0.827171 0.0212892 0.561547 125.478
0.555675 0.0643383 0.828906 164.624 -0.0154741 0.997629 -0.0670609 -11.6353 -0.831255 0.0244375 0.555353 125.976
0.550664 0.0581132 0.832702 165.385 -0.0102576 0.997969 -0.0628636 -11.6953 -0.834664 0.0260752 0.550142 126.469
0.545736 0.0558792 0.836092 166.142 -0.0100104 0.998138 -0.0601753 -11.7453 -0.837898 0.0244702 0.545279 126.972
0.541383 0.0547065 0.838994 166.89 -0.0117757 0.998276 -0.0574938 -11.804 -0.840694 0.0212465 0.541094 127.458
0.536315 0.0567053 0.842111 167.615 -0.0119754 0.998151 -0.0595858 -11.8582 -0.843933 0.0218721 0.536003 127.923
0.532743 0.0592936 0.844197 168.351 -0.0107997 0.997938 -0.0632765 -11.9123 -0.846208 0.0245931 0.532285 128.391
0.529996 0.0650269 0.845503 169.085 -0.0110226 0.9975 -0.0698074 -11.9616 -0.847928 0.027678 0.529388 128.846
0.526267 0.0679563 0.847599 169.804 -0.0133155 0.997338 -0.0716941 -12.0098 -0.850215 0.026444 0.525771 129.309
0.523279 0.0631885 0.849816 170.527 -0.0128463 0.997719 -0.0662757 -12.0692 -0.852065 0.0237637 0.522897 129.765
0.521403 0.0549325 0.851541 171.239 -0.00894921 0.998223 -0.0589152 -12.1156 -0.853264 0.0230979 0.520968 130.188
0.519186 0.0494103 0.853232 171.957 -0.00415165 0.998461 -0.0552943 -12.1676 -0.854651 0.0251657 0.518593 130.61
0.516582 0.0478004 0.854903 172.666 0.00157032 0.998386 -0.0567719 -12.2094 -0.856236 0.0306698 0.515673 131.038
0.514455 0.0504712 0.856031 173.368 0.00292156 0.998158 -0.0606067 -12.2549 -0.857513 0.0336803 0.513359 131.459
0.512603 0.057835 0.856676 174.047 5.27501e-06 0.997729 -0.0673608 -12.3067 -0.858626 0.0345339 0.511438 131.863
0.510055 0.0660171 0.857605 174.71 -0.00165606 0.997124 -0.0757722 -12.3652 -0.86014 0.0372277 0.508697 132.281
0.507973 0.0674926 0.858725 175.395 0.00211241 0.996825 -0.0795963 -12.4164 -0.86137 0.0422468 0.506218 132.682
0.505538 0.0610057 0.860645 176.072 0.00269629 0.997381 -0.0722818 -12.4595 -0.8628 0.0388618 0.50405 133.069
0.502055 0.0534007 0.863185 176.749 -0.00447241 0.998239 -0.0591545 -12.5087 -0.864824 0.0258383 0.50141 133.476
0.499079 0.0495982 0.865136 177.391 -0.0125113 0.998669 -0.0500362 -12.564 -0.866466 0.0141481 0.499035 133.867
0.497198 0.0515575 0.866104 178.04 -0.013645 0.998574 -0.0516101 -12.6066 -0.86753 0.0138424 0.497192 134.244
0.494739 0.0541012 0.867356 178.682 -0.0104532 0.998359 -0.0563099 -12.6411 -0.868979 0.018792 0.494492 134.608
0.491927 0.0564293 0.868806 179.339 -0.00971966 0.998191 -0.0593296 -12.6839 -0.870582 0.0207414 0.491586 134.992
0.489685 0.0553819 0.870139 179.968 -0.00986409 0.998269 -0.0579858 -12.7172 -0.871844 0.0198117 0.489383 135.339
0.487404 0.0545845 0.871469 180.6 -0.0101001 0.99833 -0.0568816 -12.7576 -0.873118 0.0189224 0.487142 135.696
0.484995 0.0538363 0.872858 181.224 -0.0102906 0.998386 -0.0558608 -12.8034 -0.874456 0.0181099 0.484766 136.05
0.482266 0.0543022 0.87434 181.841 -0.00905309 0.998333 -0.0570095 -12.845 -0.875978 0.0195783 0.481953 136.388
0.4784 0.0554988 0.876386 182.44 -0.00785908 0.998231 -0.0589247 -12.8887 -0.878107 0.021302 0.477991 136.723
0.474329 0.0581413 0.878426 183.064 -0.00800263 0.99806 -0.0617385 -12.9146 -0.880311 0.0222546 0.473874 137.048
0.469827 0.0600977 0.880711 183.667 -0.00795404 0.997928 -0.0638532 -12.9554 -0.882723 0.0229947 0.469331 137.371
0.46459 0.0625322 0.883315 184.267 -0.00809418 0.997762 -0.066377 -12.9961 -0.885489 0.0236884 0.464056 137.69
0.45924 0.0653279 0.885907 184.862 -0.00651326 0.997513 -0.0701815 -13.0408 -0.888288 0.02646 0.458524 138.003
0.453003 0.0680191 0.88891 185.455 -0.00470404 0.997254 -0.0739122 -13.0826 -0.891496 0.029301 0.452079 138.303
0.446185 0.0703221 0.892174 186.059 -0.00637443 0.997132 -0.0754072 -13.135 -0.894918 0.0279585 0.445354 138.596
0.440067 0.0718924 0.895083 186.677 -0.0106191 0.997137 -0.0748685 -13.1832 -0.897902 0.0234422 0.43957 138.9
0.432966 0.0734719 0.898411 187.284 -0.0144889 0.997111 -0.0745611 -13.2261 -0.901294 0.0192654 0.43278 139.212
0.426522 0.0743889 0.901413 187.901 -0.0147962 0.997053 -0.0752805 -13.277 -0.904356 0.0187713 0.426365 139.509
0.419361 0.0775315 0.904503 188.525 -0.0158185 0.996819 -0.0781105 -13.3229 -0.907682 0.0184486 0.419253 139.801
0.41192 0.0826073 0.907468 189.158 -0.0190891 0.996446 -0.0820421 -13.37 -0.91102 0.0164721 0.412033 140.079
0.404331 0.0862992 0.910532 189.806 -0.0211663 0.996155 -0.0850153 -13.4192 -0.914368 0.0151017 0.404603 140.372
0.397169 0.0888754 0.913432 190.462 -0.0223548 0.995941 -0.0871833 -13.4738 -0.917473 0.0142069 0.397544 140.657
0.389032 0.091812 0.916638 191.113 -0.023159 0.995681 -0.0899003 -13.5273 -0.920933 0.0137457 0.389479 140.949
0.382291 0.0938027 0.919269 191.794 -0.0244471 0.995513 -0.091416 -13.59 -0.923719 0.0124741 0.382869 141.226
0.375286 0.094189 0.922111 192.481 -0.0205511 0.995425 -0.0933135 -13.648 -0.926681 0.0160688 0.375505 141.505
0.36776 0.093424 0.925216 193.177 -0.0189136 0.995486 -0.0930017 -13.7038 -0.929729 0.0167032 0.367867 141.784
0.360173 0.0908993 0.928446 193.892 -0.01806 0.995734 -0.0904811 -13.7688 -0.932711 0.0158211 0.360278 142.064
0.352653 0.0889195 0.93152 194.61 -0.0193788 0.995955 -0.0877339 -13.8262 -0.935554 0.0128879 0.352949 142.34
0.346105 0.0846433 0.93437 195.342 -0.0186453 0.996346 -0.0833511 -13.8862 -0.938011 0.0114266 0.346418 142.613
0.340367 0.0810204 0.936796 196.098 -0.0146804 0.996617 -0.0808604 -13.9425 -0.940178 0.0137696 0.340405 142.884
0.334594 0.0752155 0.939356 196.858 -0.0151072 0.99711 -0.0744588 -13.9945 -0.942241 0.0107224 0.334763 143.162
0.329234 0.0700548 0.941646 197.646 -0.0137217 0.997494 -0.0694121 -14.0491 -0.944148 0.00993188 0.32937 143.435
0.324582 0.0691517 0.943326 198.438 -0.00910276 0.997506 -0.0699913 -14.1051 -0.945814 0.0141311 0.324402 143.701
0.319904 0.0770926 0.944308 199.223 -0.00532967 0.996815 -0.0795737 -14.1622 -0.947435 0.0204231 0.319296 143.958
0.315351 0.08848 0.944841 200.009 -0.00153583 0.99569 -0.0927292 -14.2157 -0.948974 0.0277911 0.314128 144.21
0.311558 0.0952779 0.945438 200.822 0.00470828 0.994793 -0.101803 -14.2802 -0.950215 0.036169 0.309487 144.472
0.307396 0.0911082 0.94721 201.641 0.0104713 0.995022 -0.0991052 -14.3488 -0.951524 0.0403831 0.304912 144.732
0.303147 0.0828752 0.949333 202.509 0.0177085 0.995549 -0.0925646 -14.429 -0.952779 0.0448719 0.30033 144.985
0.298488 0.0767013 0.951326 203.35 0.0210723 0.995993 -0.0869142 -14.5072 -0.954181 0.0459895 0.295675 145.238
0.293534 0.0832319 0.952318 204.21 0.0172458 0.995579 -0.0923286 -14.5849 -0.955793 0.0435251 0.290801 145.512
0.288855 0.0929209 0.952853 205.038 0.01223 0.994839 -0.100723 -14.6517 -0.957295 0.0407478 0.286228 145.762
0.283766 0.0962009 0.954056 205.919 0.00908974 0.99464 -0.102997 -14.7256 -0.95885 0.0378991 0.281371 146.046
0.278206 0.0917752 0.956127 206.783 0.00618421 0.995233 -0.0973283 -14.8053 -0.960501 0.0329902 0.276313 146.303
0.272456 0.0885676 0.958083 207.68 0.00332077 0.995662 -0.0929858 -14.8927 -0.962162 0.0285162 0.27098 146.567
0.267121 0.0896383 0.959485 208.565 0.0023972 0.9956 -0.0936796 -14.9731 -0.96366 0.0273239 0.265731 146.816
0.262149 0.0938769 0.96045 209.472 0.000930365 0.995232 -0.0975305 -15.0462 -0.965027 0.0264611 0.260812 147.067
0.257352 0.0939501 0.96174 210.376 0.00426618 0.995142 -0.0983547 -15.128 -0.966308 0.0294147 0.255701 147.308
0.253238 0.0931116 0.962913 211.277 0.00843789 0.995107 -0.0984438 -15.2092 -0.967367 0.0330547 0.251213 147.542
0.249443 0.0922396 0.963987 212.206 0.00997951 0.995156 -0.0978043 -15.2908 -0.968338 0.0340167 0.247314 147.782
0.246071 0.0912702 0.964945 213.121 0.0118135 0.9952 -0.0971444 -15.373 -0.96918 0.0353037 0.243811 148.014
0.24289 0.0902838 0.965843 214.056 0.0130165 0.995266 -0.0963076 -15.464 -0.969966 0.035964 0.240565 148.248
0.240167 0.0893457 0.966611 214.989 0.0106405 0.995453 -0.0946554 -15.5418 -0.970673 0.0330182 0.238124 148.49
0.237576 0.0869673 0.967468 215.927 0.0109277 0.995682 -0.0921869 -15.6322 -0.971308 0.0324736 0.235599 148.718
0.235253 0.0869334 0.968039 216.863 0.00748944 0.9958 -0.0912466 -15.7175 -0.971905 0.0287161 0.233614 148.952
0.233111 0.0895414 0.968319 217.797 0.00577367 0.995607 -0.0934547 -15.8024 -0.972433 0.0273761 0.23157 149.184
0.231656 0.0909201 0.96854 218.736 0.00496735 0.995499 -0.094639 -15.8844 -0.972785 0.0267348 0.230162 149.411
0.229507 0.0908541 0.969057 219.661 0.00542301 0.995499 -0.0946175 -15.9668 -0.973292 0.0269705 0.227981 149.635
0.22808 0.0900269 0.969471 220.6 0.00529193 0.995587 -0.093697 -16.0532 -0.973628 0.0265008 0.226597 149.86
0.226536 0.0848091 0.970304 221.534 0.00649403 0.996048 -0.0885755 -16.1295 -0.973981 0.0263667 0.22509 150.089
0.225483 0.0833269 0.970677 222.458 0.00941999 0.996103 -0.0876977 -16.2216 -0.974202 0.0289181 0.223819 150.291
0.223369 0.0849422 0.971026 223.388 0.00640539 0.996046 -0.0886044 -16.297 -0.974713 0.0260113 0.221942 150.509
0.221894 0.0919976 0.970721 224.302 0.00706645 0.995361 -0.0959482 -16.3736 -0.975045 0.0281499 0.220215 150.723
0.219903 0.0940132 0.970981 225.232 0.00760264 0.99515 -0.0980752 -16.4563 -0.975492 0.0289491 0.218122 150.931
0.216971 0.0955238 0.971493 226.146 0.00596652 0.995052 -0.0991729 -16.546 -0.97616 0.0273141 0.215327 151.144
0.214088 0.0910828 0.972558 227.084 0.00490326 0.995531 -0.0943135 -16.6399 -0.976802 0.0249601 0.212685 151.357
0.210891 0.0860891 0.973711 228.024 0.00466248 0.996014 -0.0890709 -16.7152 -0.977498 0.0233242 0.20965 151.565
0.207432 0.0820113 0.974806 228.947 0.0054594 0.996367 -0.0849869 -16.7985 -0.978234 0.0229508 0.20623 151.755
0.203559 0.0823033 0.975597 229.878 0.00364841 0.99639 -0.0848187 -16.8776 -0.979056 0.020825 0.202524 151.954
0.199193 0.0833782 0.976407 230.807 0.00427024 0.996291 -0.0859472 -16.9551 -0.979951 0.0212895 0.198098 152.148
0.19518 0.0841764 0.977149 231.728 0.00471133 0.996218 -0.0867602 -17.0279 -0.980756 0.0215375 0.194045 152.332
0.191312 0.0831773 0.977999 232.667 0.00488261 0.99631 -0.0856897 -17.1067 -0.981517 0.0211687 0.1902 152.517
0.187011 0.0826944 0.978871 233.584 0.00545183 0.996348 -0.0852124 -17.1809 -0.982343 0.0212723 0.185877 152.697
0.182819 0.0821874 0.979705 234.5 0.00451119 0.996419 -0.0844314 -17.259 -0.983136 0.0198553 0.181793 152.87
0.179066 0.0829256 0.980336 235.426 0.00322883 0.996386 -0.084873 -17.3368 -0.983832 0.0183632 0.178151 153.039
0.174976 0.0839297 0.980989 236.357 0.000672564 0.99635 -0.0853638 -17.4119 -0.984572 0.0155964 0.174281 153.214
0.17047 0.0834219 0.981825 237.294 -0.00217971 0.996439 -0.0842852 -17.4908 -0.985361 0.012228 0.170044 153.393
0.166604 0.0846914 0.98238 238.217 -0.00656082 0.996378 -0.0847854 -17.5623 -0.986002 0.00768034 0.166556 153.56
0.163235 0.0888255 0.98258 239.146 -0.0110085 0.996041 -0.0882134 -17.6408 -0.986526 0.0035828 0.163567 153.729
0.15944 0.0942441 0.982699 240.051 -0.0139366 0.995548 -0.0932153 -17.7142 -0.987109 0.0011668 0.160044 153.888
0.155832 0.0967287 0.983036 240.966 -0.0159418 0.99531 -0.0954094 -17.7884 -0.987655 -0.000803474 0.156644 154.045
0.152847 0.0938659 0.983782 241.889 -0.0167989 0.995582 -0.0923818 -17.8742 -0.988107 -0.00240616 0.153749 154.193
0.149083 0.0906125 0.984664 242.808 -0.0167094 0.995881 -0.0891148 -17.9535 -0.988683 -0.00316767 0.149983 154.343
0.146064 0.087165 0.985428 243.732 -0.015906 0.996189 -0.0857592 -18.0327 -0.989147 -0.0031479 0.146893 154.486
0.14247 0.0866448 0.985999 244.643 -0.0151273 0.996235 -0.0853585 -18.1076 -0.989684 -0.00275448 0.143245 154.622
0.139329 0.0864729 0.986463 245.554 -0.0139679 0.996252 -0.0853582 -18.1758 -0.990148 -0.00188597 0.140014 154.749
0.135253 0.0888744 0.986817 246.464 -0.0148005 0.996039 -0.0876764 -18.2468 -0.990701 -0.00274697 0.136032 154.878
0.130584 0.0913498 0.98722 247.373 -0.0148681 0.995815 -0.0901784 -18.3276 -0.991326 -0.00290224 0.131395 155.006
0.12573 0.0864182 0.988293 248.286 -0.00520063 0.996243 -0.0864516 -18.397 -0.992051 0.00572981 0.125707 155.113
0.121268 0.0812597 0.989288 249.192 -0.00554455 0.996683 -0.0811875 -18.4723 -0.992604 0.0043603 0.121316 155.228
0.115964 0.0821701 0.989849 250.098 -0.00450238 0.996605 -0.0822035 -18.5511 -0.993243 0.00507597 0.11594 155.335
0.112084 0.0942467 0.989219 250.99 -0.00202701 0.995512 -0.0946165 -18.6256 -0.993697 0.00859988 0.111772 155.433
0.106574 0.106704 0.988563 251.854 -0.000512954 0.994231 -0.10726 -18.7054 -0.994305 0.010924 0.106014 155.528
0.101067 0.110868 0.988683 252.739 -0.00151521 0.993788 -0.111285 -18.7919 -0.994879 0.00974918 0.100607 155.621
0.0952868 0.105489 0.989845 253.645 -0.00567675 0.99441 -0.10543 -18.8861 -0.995434 0.00442696 0.0953531 155.725
0.0905437 0.0992822 0.990931 254.547 -0.00785132 0.995059 -0.0989783 -18.9698 -0.995862 0.00118174 0.0908758 155.807
0.0847314 0.0944053 0.991922 255.438 -0.0103693 0.995531 -0.0938631 -19.0586 -0.99635 -0.00233239 0.0853317 155.896
0.0786406 0.094157 0.992447 256.328 -0.0141098 0.995535 -0.0933319 -19.1409 -0.996803 -0.00666353 0.079618 155.977
0.0712597 0.0921912 0.993188 257.21 -0.0177158 0.99568 -0.0911514 -19.2179 -0.997301 -0.0110998 0.0725851 156.051
0.0643528 0.0880348 0.994037 258.096 -0.0211378 0.995998 -0.0868401 -19.2885 -0.997703 -0.0154234 0.0659562 156.113
0.0571954 0.0845613 0.994775 258.979 -0.0232224 0.99625 -0.0833515 -19.368 -0.998093 -0.0183338 0.0589446 156.174
0.0502204 0.0860674 0.995023 259.853 -0.019387 0.996176 -0.0851886 -19.4414 -0.99855 -0.0150123 0.051697 156.22
0.0438271 0.0898096 0.994994 260.735 -0.0168984 0.995875 -0.0891448 -19.5128 -0.998896 -0.0129068 0.045164 156.265
0.0371301 0.0921357 0.995054 261.604 -0.0153167 0.995676 -0.0916217 -19.5784 -0.999193 -0.011839 0.0383807 156.301
0.0309088 0.090371 0.995428 262.497 -0.0145225 0.99584 -0.0899574 -19.6517 -0.999417 -0.0116756 0.0320927 156.337
0.0247659 0.0876995 0.995839 263.359 -0.0152764 0.996062 -0.0873392 -19.7292 -0.999577 -0.0130498 0.0260081 156.358
0.018873 0.0867531 0.996051 264.232 -0.0129583 0.996166 -0.0865176 -19.7989 -0.999738 -0.0112743 0.0199248 156.372
0.0137047 0.0889879 0.995938 265.114 -0.0109816 0.995985 -0.088841 -19.872 -0.999846 -0.00971944 0.0146269 156.389
0.00933612 0.0925526 0.995664 265.979 -0.0109165 0.995657 -0.0924497 -19.9442 -0.999897 -0.0100061 0.0103059 156.396
0.00602446 0.0940732 0.995547 266.839 -0.00854041 0.995534 -0.0940202 -20.0173 -0.999945 -0.00793596 0.00680097 156.401
0.00376988 0.0929422 0.995664 267.713 -0.00296633 0.995668 -0.0929313 -20.0944 -0.999988 -0.00260312 0.00402925 156.398
0.00141447 0.0904897 0.995896 268.588 -0.00148869 0.995896 -0.0904876 -20.1699 -0.999998 -0.00135458 0.00154337 156.405
-0.000500387 0.0889421 0.996037 269.463 0.000236344 0.996037 -0.088942 -20.2411 -1 0.000190914 -0.000519425 156.398
-0.00210767 0.0879549 0.996122 270.322 0.00270719 0.996121 -0.0879491 -20.317 -0.999994 0.00251133 -0.0023376 156.396
-0.00306414 0.0893846 0.995992 271.196 0.00462847 0.995988 -0.0893699 -20.3897 -0.999985 0.00433608 -0.00346556 156.393
-0.00352034 0.0909627 0.995848 272.045 0.00673013 0.995834 -0.0909376 -20.4616 -0.999971 0.00638206 -0.00411787 156.394
-0.00306563 0.0925308 0.995705 272.912 0.0100747 0.995662 -0.0924958 -20.5343 -0.999945 0.00974793 -0.00398456 156.386
-0.00172549 0.0934602 0.995622 273.751 0.0122081 0.995551 -0.0934324 -20.6099 -0.999924 0.0119935 -0.00285879 156.383
-0.0006402 0.0936329 0.995607 274.593 0.0133541 0.995519 -0.093616 -20.6853 -0.999911 0.0132355 -0.00188771 156.384
0.00123371 0.0940214 0.995569 275.408 0.0156721 0.995446 -0.0940292 -20.7526 -0.999876 0.0157187 -0.000245423 156.389
0.00362965 0.0923675 0.995718 276.232 0.0164514 0.995585 -0.0924151 -20.8392 -0.999858 0.0167164 0.00209405 156.384
0.00625689 0.090323 0.995893 277.042 0.0172839 0.995754 -0.0904189 -20.9134 -0.999831 0.0177786 0.00466919 156.388
0.00943847 0.0869903 0.996165 277.845 0.0173302 0.996045 -0.0871441 -20.987 -0.999805 0.0180863 0.00789357 156.402
0.0130287 0.0843994 0.996347 278.65 0.0166319 0.996275 -0.0846108 -21.048 -0.999777 0.0176735 0.0115765 156.414
0.0162114 0.0821131 0.996491 279.425 0.0147413 0.996494 -0.0823532 -21.1215 -0.99976 0.0160246 0.0149441 156.431
0.020019 0.0822597 0.99641 280.188 0.0101557 0.996541 -0.0824746 -21.1867 -0.999748 0.0117703 0.0191143 156.459
0.0232446 0.0835268 0.996234 280.943 0.0073931 0.996462 -0.0837183 -21.2485 -0.999702 0.00931126 0.0225448 156.491
0.0270139 0.0835881 0.996134 281.683 0.00716266 0.996456 -0.0838093 -21.3016 -0.999609 0.00939898 0.0263195 156.53
0.0310187 0.0811129 0.996222 282.43 0.00674573 0.996662 -0.0813587 -21.3677 -0.999496 0.00924388 0.030368 156.546
0.0343848 0.0780385 0.996357 283.161 0.00474116 0.996923 -0.0782464 -21.4274 -0.999397 0.00741437 0.033909 156.578
0.0381963 0.075853 0.996387 283.872 0.00208776 0.997107 -0.0759878 -21.4886 -0.999268 0.00498268 0.0379274 156.614
0.0416841 0.0771077 0.996151 284.565 0.00302507 0.997003 -0.0773002 -21.5401 -0.999126 0.00623562 0.0413259 156.654
0.0460798 0.0784374 0.995854 285.252 0.00293377 0.996898 -0.0786554 -21.595 -0.998933 0.00654603 0.0457067 156.686
0.0491045 0.0801634 0.995571 285.922 0.00239388 0.996762 -0.0803773 -21.6526 -0.998791 0.00633017 0.0487535 156.727
0.0522879 0.0829609 0.99518 286.573 0.00178942 0.996534 -0.0831677 -21.7047 -0.99863 0.00612946 0.0519582 156.77
0.0552187 0.0830948 0.995011 287.232 -0.00162964 0.996537 -0.0831318 -21.7626 -0.998473 0.00296893 0.0551629 156.816
0.0586594 0.0839044 0.994746 287.845 -0.00348233 0.996473 -0.0838447 -21.8107 -0.998272 0.00145425 0.0587447 156.858
0.0620141 0.0842969 0.994509 288.461 -0.00569842 0.996441 -0.0841053 -21.8589 -0.998059 -0.000451431 0.0622737 156.904
0.0650862 0.0835259 0.994378 289.073 -0.00610647 0.996506 -0.0833049 -21.9142 -0.997861 -0.000650141 0.0653688 156.953
0.0679106 0.0848374 0.994078 289.662 -0.00746783 0.996393 -0.0845248 -21.9608 -0.997663 -0.00168347 0.0682992 157.002
0.0709629 0.0879962 0.99359 290.231 -0.0108017 0.996111 -0.087448 -22.0111 -0.997421 -0.00452686 0.0716374 157.049
0.0733703 0.0874047 0.993467 290.804 -0.0116796 0.996159 -0.0867789 -22.0598 -0.997236 -0.00523636 0.0741093 157.1
0.0765781 0.0874748 0.993219 291.37 -0.0133467 0.996145 -0.0867034 -22.1106 -0.996974 -0.00661663 0.0774504 157.15
0.0794397 0.0870417 0.993032 291.93 -0.0146962 0.996175 -0.0861415 -22.1545 -0.996731 -0.00775075 0.080415 157.202
0.0823762 0.0876034 0.992744 292.463 -0.014886 0.996126 -0.0866667 -22.2044 -0.99649 -0.00763874 0.0833611 157.25
0.0853689 0.0884369 0.992417 292.982 -0.0163832 0.996043 -0.0873508 -22.2503 -0.996215 -0.00880194 0.08648 157.301
0.0879183 0.089606 0.992089 293.505 -0.0167836 0.995938 -0.0884662 -22.2968 -0.995986 -0.00887307 0.0890651 157.355
0.0902816 0.0908657 0.991762 294.014 -0.0162061 0.995831 -0.0897632 -22.3415 -0.995784 -0.0079686 0.0913778 157.408
0.0923996 0.0923058 0.991434 294.511 -0.0169637 0.995695 -0.0911215 -22.3831 -0.995578 -0.0083988 0.0935677 157.456
0.0941108 0.0934493 0.991166 295.004 -0.0176361 0.995585 -0.0921913 -22.4266 -0.995406 -0.00880412 0.0953434 157.505
0.0951621 0.095195 0.9909 295.482 -0.0188675 0.995411 -0.0938164 -22.4709 -0.995283 -0.00976804 0.0965215 157.565
0.0961352 0.0964171 0.990688 295.972 -0.0193016 0.995291 -0.0949921 -22.5125 -0.995181 -0.00998977 0.0975435 157.616
0.0964731 0.0973937 0.990559 296.465 -0.0187588 0.995202 -0.0960233 -22.5538 -0.995159 -0.00931802 0.0978372 157.67
0.0956808 0.0974119 0.990634 296.962 -0.0187445 0.9952 -0.0960504 -22.6028 -0.995236 -0.00937879 0.0970475 157.723
0.0946167 0.0967694 0.990799 297.451 -0.020873 0.995238 -0.0952097 -22.6455 -0.995295 -0.0116725 0.096186 157.77
0.0929178 0.0956573 0.991068 297.962 -0.0213746 0.995337 -0.0940653 -22.6877 -0.995444 -0.0124434 0.0945291 157.833
0.0912555 0.0963503 0.991155 298.465 -0.0195597 0.99529 -0.0949513 -22.7332 -0.995635 -0.0107219 0.0927103 157.873
0.0897419 0.0992171 0.991011 298.984 -0.0165486 0.995037 -0.0981216 -22.7838 -0.995828 -0.00759422 0.0909384 157.916
0.0879177 0.103471 0.990739 299.501 -0.0110468 0.994631 -0.102897 -22.8333 -0.996067 -0.00189802 0.0885887 157.961
0.0855244 0.108042 0.990461 300.033 -0.00830754 0.994146 -0.107727 -22.8821 -0.996301 0.000984967 0.0859213 158.007
0.0831503 0.111142 0.99032 300.571 -0.00963086 0.993804 -0.110725 -22.927 -0.99649 -0.000330839 0.0837055 158.049
0.0809482 0.111363 0.990478 301.13 -0.00919793 0.99378 -0.110982 -22.9759 -0.996676 -0.000126533 0.081469 158.099
0.0793871 0.108693 0.9909 301.701 -0.00534748 0.99407 -0.108612 -23.0305 -0.99683 0.0033236 0.0794976 158.136
0.0781767 0.10353 0.991549 302.289 0.00385851 0.994554 -0.104148 -23.0915 -0.996932 0.0119679 0.0773515 158.169
0.0761532 0.102624 0.991801 302.865 0.0058089 0.994627 -0.103363 -23.1521 -0.997079 0.0136327 0.0751478 158.208
0.073163 0.105846 0.991687 303.457 0.0012386 0.994342 -0.10622 -23.2038 -0.997319 0.00899971 0.072618 158.26
0.0707552 0.107406 0.991694 304.063 -0.000721283 0.994191 -0.107625 -23.2624 -0.997493 0.00689974 0.0704217 158.313
0.0697636 0.106205 0.991894 304.678 0.00375823 0.994281 -0.106725 -23.3162 -0.997556 0.0111733 0.0689655 158.349
0.0687141 0.10425 0.992175 305.316 0.00835442 0.99443 -0.105066 -23.3745 -0.997601 0.0155085 0.0674604 158.384
0.0674047 0.104057 0.992285 305.955 0.0104497 0.994418 -0.104991 -23.4397 -0.997671 0.0174459 0.0659411 158.422
0.0645567 0.105323 0.99234 306.602 0.00583145 0.994358 -0.105916 -23.5055 -0.997897 0.0126244 0.0635783 158.473
0.0627645 0.107613 0.99221 307.268 0.00421198 0.994132 -0.108088 -23.5662 -0.99802 0.0109632 0.061943 158.517
0.0609686 0.110399 0.992015 307.928 0.00332364 0.993836 -0.110806 -23.629 -0.998134 0.0100528 0.0602259 158.566
0.058993 0.112721 0.991874 308.616 0.00408984 0.993569 -0.113156 -23.6961 -0.99825 0.010732 0.0581526 158.606
0.0574811 0.111613 0.992088 309.313 0.00115283 0.993723 -0.111864 -23.7606 -0.998346 0.00757375 0.0569916 158.651
0.0548932 0.110871 0.992318 310.02 -0.00296142 0.99383 -0.110876 -23.8378 -0.998488 0.00314768 0.0548828 158.707
0.0530394 0.111625 0.992334 310.736 -0.00399676 0.993748 -0.111571 -23.9103 -0.998584 0.00195154 0.0531539 158.753
0.0519545 0.116634 0.991815 311.461 0.000533354 0.993153 -0.116819 -23.9864 -0.998649 0.00659825 0.0515365 158.777
0.0504278 0.1226 0.991174 312.185 0.00230289 0.99242 -0.122872 -24.0641 -0.998725 0.00847871 0.0497633 158.816
0.0488327 0.126358 0.990782 312.917 0.00196965 0.991951 -0.126604 -24.1391 -0.998805 0.00813393 0.0481908 158.86
0.0486369 0.123655 0.991133 313.682 0.00645457 0.992247 -0.124111 -24.2255 -0.998796 0.0124337 0.0474617 158.891
0.0477067 0.117868 0.991883 314.44 0.0110716 0.99289 -0.11852 -24.3096 -0.9988 0.016636 0.0460625 158.915
0.0467043 0.114972 0.99227 315.208 0.0149626 0.993162 -0.11578 -24.3945 -0.998797 0.0202544 0.0446646 158.946
0.0455267 0.115448 0.99227 315.978 0.0171821 0.993062 -0.116328 -24.4791 -0.998815 0.0223453 0.0432272 158.981
0.0450888 0.117843 0.992008 316.761 0.0171322 0.992781 -0.118713 -24.5549 -0.998836 0.022348 0.0427443 159.007
0.0447341 0.119319 0.991848 317.551 0.0183497 0.992576 -0.120234 -24.6361 -0.99883 0.0235787 0.0422125 159.036
0.0444367 0.118202 0.991995 318.339 0.0185354 0.992707 -0.119118 -24.7214 -0.99884 0.0236802 0.0419217 159.073
0.0457605 0.116029 0.992191 319.148 0.0200705 0.992924 -0.11704 -24.8069 -0.998751 0.0252696 0.0431079 159.105
0.0470438 0.114813 0.992273 319.975 0.0208077 0.993044 -0.115889 -24.8932 -0.998676 0.0260988 0.0443275 159.138
0.0481436 0.11441 0.992266 320.783 0.0205984 0.993093 -0.115505 -24.9791 -0.998628 0.0259999 0.0454544 159.184
0.0494783 0.1126 0.992408 321.621 0.0203203 0.993306 -0.113715 -25.0629 -0.998568 0.0257925 0.046859 159.221
0.0512873 0.11088 0.992509 322.458 0.0213654 0.993468 -0.112092 -25.1493 -0.998455 0.0269542 0.0485833 159.267
0.0534228 0.109592 0.99254 323.296 0.0229299 0.993563 -0.110939 -25.239 -0.998309 0.0286854 0.0505659 159.309
0.0550925 0.109238 0.992488 324.157 0.0232064 0.993589 -0.110648 -25.3238 -0.998212 0.0291279 0.0522042 159.36
0.0578756 0.109659 0.992283 325.012 0.0241173 0.993505 -0.111201 -25.405 -0.998032 0.030367 0.054855 159.4
0.0608931 0.108771 0.9922 325.884 0.0260691 0.993532 -0.110517 -25.4918 -0.997804 0.0325954 0.0576637 159.453
0.0636646 0.107305 0.992186 326.747 0.0281378 0.993614 -0.109265 -25.5794 -0.997575 0.0348743 0.0602387 159.506
0.0663319 0.106541 0.992093 327.648 0.0287537 0.993666 -0.108633 -25.6672 -0.997383 0.0357322 0.0628483 159.567
0.0694328 0.107052 0.991826 328.531 0.0298893 0.993556 -0.109331 -25.7564 -0.997139 0.0372362 0.0657857 159.628
0.0729601 0.107228 0.991554 329.432 0.0304894 0.993499 -0.109682 -25.8508 -0.996869 0.0382343 0.0692164 159.683
0.0758326 0.108974 0.991148 330.333 0.029002 0.993348 -0.111435 -25.9351 -0.996699 0.0371957 0.0721678 159.751
0.0783281 0.109942 0.990847 331.236 0.0260932 0.993334 -0.112281 -26.031 -0.996586 0.0346491 0.0749372 159.827
0.0804827 0.111065 0.990549 332.145 0.023973 0.99327 -0.113317 -26.1241 -0.996468 0.0328665 0.0772785 159.915
0.0830037 0.111556 0.990286 333.064 0.0212324 0.993291 -0.113674 -26.2172 -0.996323 0.0304615 0.0800783 159.986
0.0850572 0.110165 0.990267 333.986 0.0212357 0.993443 -0.112342 -26.3132 -0.99615 0.0305846 0.08216 160.065
0.0863183 0.10779 0.990419 334.902 0.0211135 0.993709 -0.109988 -26.4037 -0.996044 0.0304052 0.0834994 160.155
0.0876752 0.105341 0.990564 335.834 0.0199125 0.994009 -0.10747 -26.4992 -0.99595 0.0291471 0.0850523 160.238
0.0888164 0.104985 0.9905 336.761 0.0213348 0.994001 -0.10727 -26.5894 -0.99582 0.0306594 0.0860438 160.318
0.0894854 0.107383 0.990182 337.68 0.0227023 0.993693 -0.109815 -26.6819 -0.995729 0.0323063 0.0864831 160.399
0.0900935 0.106964 0.990173 338.606 0.0217563 0.993767 -0.109332 -26.7699 -0.995696 0.0313926 0.0872048 160.483
0.0904358 0.1049 0.990362 339.545 0.0197086 0.994054 -0.107091 -26.8688 -0.995707 0.0292035 0.0878306 160.571
0.0906522 0.10283 0.99056 340.472 0.0176478 0.994333 -0.104837 -26.966 -0.995726 0.0269848 0.0883237 160.662
0.0908957 0.104052 0.99041 341.39 0.0155543 0.994257 -0.105884 -27.061 -0.995739 0.0250295 0.0887552 160.748
0.090671 0.105257 0.990303 342.31 0.0151082 0.994139 -0.107048 -27.1537 -0.995766 0.0246678 0.0885494 160.84
0.0910833 0.105452 0.990244 343.232 0.0153334 0.994111 -0.107275 -27.2471 -0.995725 0.0249548 0.08893 160.923
0.0913522 0.106057 0.990155 344.154 0.0133662 0.994092 -0.107712 -27.3403 -0.995729 0.0230743 0.0893949 161.012
0.0913325 0.106986 0.990057 345.048 0.0129756 0.994 -0.108609 -27.4331 -0.995736 0.0227662 0.0893963 161.096
0.0920001 0.106567 0.99004 345.961 0.0132167 0.994038 -0.108226 -27.5266 -0.995671 0.0230418 0.0900431 161.181
0.0921954 0.104557 0.990236 346.857 0.0142042 0.994233 -0.106301 -27.6236 -0.99564 0.0238659 0.0901786 161.261
0.0923032 0.105964 0.990077 347.759 0.0124506 0.994121 -0.107557 -27.7121 -0.995653 0.022255 0.0904413 161.351
0.0925172 0.10817 0.989818 348.667 0.0126116 0.993875 -0.109792 -27.8047 -0.995631 0.0226409 0.0905863 161.435
0.0933564 0.109793 0.989561 349.556 0.0152417 0.993627 -0.111682 -27.895 -0.995516 0.0255088 0.091088 161.523
0.0949169 0.106045 0.989821 350.477 0.0186191 0.993947 -0.108273 -27.9851 -0.995311 0.0287065 0.0923679 161.606
0.0965601 0.103125 0.98997 351.354 0.0196994 0.994225 -0.105489 -28.0759 -0.995132 0.0296879 0.093971 161.683
0.099066 0.104605 0.989568 352.256 0.0233322 0.993942 -0.107403 -28.1677 -0.994807 0.0337287 0.0960251 161.766
0.101967 0.11046 0.988636 353.161 0.0289007 0.993068 -0.113936 -28.2559 -0.994368 0.04019 0.0980676 161.852
0.105026 0.113384 0.987985 354.028 0.0315369 0.9926 -0.117266 -28.3488 -0.993969 0.043474 0.100673 161.947
0.108447 0.113273 0.987628 354.93 0.0343207 0.992468 -0.117596 -28.4472 -0.99351 0.0466491 0.103743 162.04
0.111982 0.112203 0.987355 355.818 0.0359906 0.992495 -0.116869 -28.5489 -0.993058 0.0486228 0.107104 162.137
0.115246 0.114504 0.986715 356.713 0.0368573 0.992157 -0.11944 -28.6519 -0.992653 0.0501327 0.110122 162.241
0.11913 0.114059 0.986305 357.605 0.0372148 0.992169 -0.119232 -28.747 -0.992181 0.0509093 0.113953 162.339
0.123 0.110648 0.986219 358.507 0.0364646 0.99259 -0.11591 -28.8443 -0.991737 0.0502191 0.118054 162.447
0.127 0.10656 0.986162 359.402 0.0339658 0.993163 -0.11169 -28.9425 -0.991321 0.0476804 0.122512 162.568
0.13155 0.105004 0.985733 360.289 0.0321296 0.9934 -0.110109 -29.0408 -0.990789 0.046156 0.127308 162.69
0.136506 0.104325 0.985131 361.181 0.0296954 0.993562 -0.109333 -29.1321 -0.990194 0.0441784 0.132529 162.819
0.141996 0.10346 0.984446 362.066 0.0282695 0.993693 -0.10851 -29.2247 -0.989464 0.0432376 0.138175 162.947
0.148072 0.10355 0.983541 362.956 0.0268416 0.993716 -0.108662 -29.3165 -0.988612 0.0424895 0.144362 163.085
0.155507 0.104561 0.982285 363.846 0.0252764 0.993635 -0.109771 -29.408 -0.987511 0.0418988 0.151875 163.219
0.163554 0.105847 0.98084 364.747 0.0223841 0.993574 -0.110953 -29.4951 -0.986281 0.040102 0.160134 163.373
0.172752 0.106792 0.979159 365.627 0.0205433 0.993498 -0.11198 -29.5921 -0.984751 0.03946 0.169435 163.537
0.182109 0.106889 0.977451 366.506 0.0189015 0.99351 -0.112166 -29.6892 -0.983097 0.0389017 0.178906 163.707
0.191336 0.107313 0.975641 367.381 0.0167043 0.993505 -0.112554 -29.7807 -0.981382 0.0378329 0.1883 163.878
0.200764 0.107029 0.973775 368.262 0.0149051 0.993565 -0.112277 -29.8768 -0.979526 0.0370553 0.197876 164.064
0.209495 0.107054 0.971932 369.153 0.012623 0.99361 -0.112163 -29.9708 -0.977728 0.0357662 0.206805 164.257
0.217668 0.106854 0.970156 370.041 0.0111451 0.993652 -0.111942 -30.0634 -0.975959 0.0351787 0.215095 164.457
0.224408 0.106683 0.968638 370.907 0.00930399 0.99371 -0.111599 -30.1592 -0.974451 0.034056 0.222004 164.668
0.230197 0.106645 0.967283 371.78 0.00803092 0.993735 -0.111472 -30.2522 -0.973111 0.0334287 0.227898 164.88
0.235043 0.107444 0.966028 372.666 0.00666443 0.99367 -0.11214 -30.3503 -0.971962 0.0327958 0.23284 165.102
0.239923 0.106732 0.964907 373.55 0.00638699 0.993743 -0.11151 -30.4477 -0.970771 0.0329165 0.23774 165.323
0.24436 0.106972 0.963766 374.431 0.00472237 0.993753 -0.111497 -30.54 -0.969673 0.0317968 0.242329 165.548
0.248782 0.10704 0.962627 375.311 0.00437513 0.99374 -0.111631 -30.6293 -0.96855 0.0319833 0.246756 165.776
0.253177 0.107043 0.96148 376.18 0.00456756 0.993716 -0.111834 -30.7328 -0.967409 0.0327055 0.251097 166.012
0.257465 0.106949 0.960351 377.067 0.00386557 0.993734 -0.111703 -30.8225 -0.96628 0.0324719 0.255438 166.249
0.261887 0.105433 0.959322 377.954 0.0037421 0.993896 -0.110255 -30.922 -0.965091 0.0324641 0.259894 166.498
0.26628 0.10411 0.958257 378.835 0.00238745 0.994076 -0.108665 -31.0154 -0.963893 0.031223 0.264454 166.748
0.270931 0.101666 0.957215 379.704 0.0029086 0.994316 -0.10643 -31.1071 -0.962594 0.0316193 0.269095 166.999
0.27544 0.099369 0.956169 380.597 0.00289529 0.994553 -0.104192 -31.2037 -0.961314 0.0314671 0.273652 167.253
0.279748 0.0977502 0.955084 381.463 0.00179718 0.994748 -0.102336 -31.2937 -0.960072 0.0303448 0.278103 167.514
0.284026 0.0979316 0.953802 382.33 0.00141449 0.994726 -0.102555 -31.3859 -0.958815 0.0304774 0.28239 167.776
0.288879 0.100952 0.952028 383.187 -4.65102e-05 0.994426 -0.105434 -31.4778 -0.957366 0.0304135 0.287274 168.041
0.292981 0.10436 0.950406 384.045 -0.0031295 0.994125 -0.108196 -31.565 -0.956113 0.0287252 0.291586 168.313
0.297102 0.104913 0.949065 384.895 -0.00447275 0.994087 -0.10849 -31.652 -0.954835 0.0279876 0.295814 168.586
0.300442 0.101174 0.948419 385.746 -0.00639731 0.99455 -0.104068 -31.742 -0.953779 0.0251992 0.299452 168.865
0.302462 0.0981736 0.948092 386.589 -0.00971666 0.994948 -0.0999256 -31.8351 -0.953112 0.0210114 0.301887 169.14
0.303918 0.0994783 0.94749 387.415 -0.0139349 0.994891 -0.0999852 -31.9229 -0.952596 0.0171841 0.303752 169.417
0.304625 0.10492 0.946676 388.241 -0.017331 0.99436 -0.104628 -32.0079 -0.952315 0.0154653 0.304725 169.698
0.305454 0.109125 0.945933 389.065 -0.0183109 0.993901 -0.108746 -32.0984 -0.952031 0.0158961 0.30559 169.97
0.306095 0.109681 0.945662 389.898 -0.0202745 0.993867 -0.108709 -32.1829 -0.951785 0.0141025 0.306441 170.247
0.306181 0.105947 0.946059 390.718 -0.0230926 0.994322 -0.103878 -32.276 -0.951693 0.00995858 0.306889 170.527
0.305926 0.102041 0.946571 391.527 -0.0259652 0.994764 -0.0988443 -32.3582 -0.951701 0.00566116 0.306974 170.802
0.306026 0.100171 0.946739 392.352 -0.0271933 0.994963 -0.0964833 -32.4431 -0.951635 0.00378148 0.307208 171.078
0.305251 0.0997347 0.947035 393.141 -0.0267309 0.995006 -0.0961707 -32.5166 -0.951897 0.00404115 0.306393 171.351
0.305018 0.100553 0.947023 393.946 -0.0262964 0.99492 -0.0971696 -32.5961 -0.951983 0.00473524 0.306113 171.603
0.304714 0.10153 0.947017 394.752 -0.026623 0.994822 -0.0980885 -32.67 -0.952072 0.00467658 0.305839 171.865
0.304345 0.0973655 0.947573 395.556 -0.0203297 0.9952 -0.0957298 -32.7502 -0.952345 0.00987107 0.304864 172.122
0.3046 0.0956111 0.947669 396.356 -0.0188841 0.99536 -0.0943529 -32.8274 -0.952293 0.0108439 0.304992 172.377
0.303864 0.097997 0.947662 397.143 -0.0192827 0.995124 -0.0967222 -32.9063 -0.95252 0.0111169 0.304272 172.643
0.303711 0.102463 0.947239 397.95 -0.0170669 0.994626 -0.102116 -32.9826 -0.952611 0.0148474 0.303827 172.902
0.303789 0.106796 0.946735 398.751 -0.0162437 0.994134 -0.106931 -33.0578 -0.952601 0.0171059 0.303742 173.159
0.302893 0.105746 0.94714 399.565 -0.0172892 0.994271 -0.10548 -33.1389 -0.952868 0.0155738 0.302986 173.427
0.302975 0.102312 0.947491 400.392 -0.0167251 0.994638 -0.102055 -33.2238 -0.952852 0.0150731 0.303061 173.695
0.302448 0.102205 0.94767 401.184 -0.0175959 0.994664 -0.101658 -33.3005 -0.953003 0.014071 0.302633 173.957
0.302249 0.103701 0.947571 402.008 -0.0176112 0.994503 -0.10322 -33.3806 -0.953066 0.0145103 0.302414 174.228
0.302776 0.106705 0.94707 402.833 -0.0159158 0.99414 -0.106921 -33.4608 -0.952929 0.0172996 0.3027 174.494
0.303016 0.107644 0.946887 403.672 -0.0149257 0.994014 -0.108225 -33.5478 -0.952869 0.018661 0.302808 174.768
0.303011 0.106213 0.94705 404.559 -0.0148587 0.994176 -0.106744 -33.6334 -0.952871 0.0182726 0.302824 175.051
0.303454 0.103263 0.947234 405.411 -0.0139034 0.994484 -0.10396 -33.7193 -0.952745 0.0183772 0.303216 175.331
0.303854 0.103191 0.947114 406.286 -0.0118417 0.994449 -0.10455 -33.8036 -0.952645 0.0205524 0.30339 175.611
0.304867 0.102522 0.946861 407.161 -0.00625394 0.994383 -0.105654 -33.9019 -0.952375 0.0262888 0.303795 175.89
0.305438 0.102756 0.946651 408.037 -0.00309877 0.994262 -0.106925 -33.9821 -0.952207 0.0297253 0.304004 176.171
0.306997 0.100839 0.946353 408.905 -0.000654664 0.994393 -0.105745 -34.0707 -0.95171 0.031844 0.305341 176.452
0.308416 0.100008 0.94598 409.777 0.00510601 0.99427 -0.106778 -34.1602 -0.951238 0.0377623 0.306138 176.734
0.310006 0.0977864 0.945693 410.664 0.0097189 0.994319 -0.106 -34.2577 -0.950685 0.0420518 0.307294 177.01
0.310045 0.0953094 0.945933 411.537 0.00732109 0.994693 -0.102622 -34.3423 -0.950694 0.0387427 0.307702 177.302
0.310286 0.0896672 0.946405 412.413 0.00502216 0.995373 -0.0959532 -34.4338 -0.95063 0.0345259 0.3084 177.596
0.311221 0.0856064 0.946474 413.267 0.00581373 0.995744 -0.0919744 -34.5171 -0.95032 0.0341269 0.309399 177.89
0.311807 0.0868869 0.946164 414.14 0.00614865 0.995605 -0.0934533 -34.6027 -0.950126 0.0349571 0.309902 178.17
0.312188 0.0892768 0.945816 415.019 0.00677761 0.99534 -0.0961885 -34.6832 -0.949996 0.0364393 0.310128 178.465
0.313259 0.0908102 0.945316 415.874 0.00843794 0.995112 -0.0983899 -34.7721 -0.94963 0.038798 0.310961 178.746
0.313753 0.0893148 0.945295 416.717 0.00997309 0.995201 -0.0973403 -34.8511 -0.949452 0.0399683 0.311357 179.036
0.314568 0.0865562 0.94528 417.581 0.0119665 0.995393 -0.095127 -34.9364 -0.949159 0.0412356 0.312083 179.315
0.315052 0.0849194 0.945267 418.439 0.0115693 0.995571 -0.0932945 -35.0217 -0.949004 0.0403287 0.312675 179.598
0.314635 0.0858112 0.945326 419.257 0.0100186 0.99555 -0.0937048 -35.1006 -0.94916 0.0389537 0.312375 179.879
0.314526 0.0855457 0.945386 420.09 0.00967741 0.99559 -0.0933082 -35.1811 -0.949199 0.0384968 0.312312 180.151
0.314049 0.083685 0.945711 420.907 0.0113115 0.995707 -0.0918654 -35.2601 -0.949339 0.0395476 0.311754 180.429
0.313457 0.0810762 0.946135 421.713 0.0121115 0.995926 -0.0893555 -35.3333 -0.949525 0.0394682 0.311198 180.693
0.312166 0.0796511 0.946683 422.506 0.0115414 0.996088 -0.0876137 -35.4082 -0.949957 0.0382761 0.310026 180.961
0.311047 0.0787506 0.947126 423.279 0.012851 0.996121 -0.0870448 -35.4854 -0.950308 0.0392465 0.308828 181.214
0.310024 0.0800484 0.947353 424.07 0.0147934 0.995922 -0.0889936 -35.5617 -0.950613 0.0416048 0.307576 181.462
0.308764 0.0843653 0.94739 424.835 0.0145992 0.995521 -0.0934094 -35.6357 -0.951027 0.0426726 0.306149 181.71
0.307191 0.0901672 0.947367 425.585 0.0125465 0.995031 -0.098772 -35.7088 -0.951565 0.0422281 0.304534 181.963
0.305999 0.0944223 0.947338 426.344 0.0118558 0.994614 -0.102964 -35.7842 -0.951958 0.0427383 0.303231 182.21
0.304881 0.0954962 0.947591 427.093 0.011859 0.994502 -0.104039 -35.8583 -0.952317 0.0429572 0.302072 182.456
0.303152 0.0917361 0.948516 427.831 0.0112056 0.994944 -0.0998077 -35.9342 -0.952876 0.0408856 0.300591 182.696
0.301975 0.086952 0.949342 428.563 0.0114206 0.99543 -0.094806 -36.0124 -0.953247 0.0394711 0.299602 182.936
0.301368 0.0852253 0.949691 429.315 0.0130088 0.995537 -0.0934677 -36.0831 -0.953419 0.0405226 0.298915 183.169
0.300629 0.0858401 0.94987 430.051 0.0146794 0.995407 -0.0946012 -36.1527 -0.953628 0.0423834 0.297989 183.401
0.300137 0.0878579 0.949842 430.781 0.0142552 0.995225 -0.0965602 -36.2188 -0.95379 0.0425214 0.297451 183.636
0.299866 0.08845 0.949872 431.5 0.0144412 0.995158 -0.0972258 -36.2995 -0.953872 0.042872 0.297136 183.874
0.300132 0.0890728 0.94973 432.267 0.0167103 0.994987 -0.0985982 -36.3626 -0.953751 0.0454627 0.297139 184.1
0.300165 0.0894439 0.949685 432.991 0.0177789 0.994897 -0.0993214 -36.4389 -0.953722 0.0466971 0.297043 184.331
0.300142 0.0907663 0.949566 433.716 0.0191139 0.994691 -0.101121 -36.5079 -0.953703 0.0485006 0.296814 184.558
0.299955 0.0925663 0.949452 434.436 0.0174334 0.994583 -0.102474 -36.5785 -0.953794 0.0472897 0.296716 184.794
0.299806 0.0923178 0.949523 435.17 0.0182391 0.99457 -0.102456 -36.6505 -0.953826 0.0480355 0.296494 185.032
0.300397 0.091246 0.94944 435.923 0.0182523 0.994681 -0.101369 -36.7265 -0.953639 0.0477805 0.297134 185.263
0.301389 0.0894438 0.949297 436.656 0.0192551 0.994817 -0.099846 -36.7999 -0.953307 0.0483714 0.298105 185.492
0.302958 0.087602 0.948969 437.384 0.019674 0.994979 -0.0981302 -36.871 -0.952801 0.0483993 0.299713 185.721
0.304083 0.0857527 0.948778 438.114 0.0198533 0.995154 -0.0963072 -36.9418 -0.952439 0.0481218 0.300907 185.963
0.305864 0.0842777 0.948338 438.834 0.0200826 0.995282 -0.0949266 -37.0138 -0.951864 0.0480797 0.302728 186.193
0.307803 0.0847934 0.947664 439.542 0.0189115 0.995279 -0.0951962 -37.0852 -0.951262 0.0472234 0.304746 186.425
0.309918 0.0862935 0.946839 440.227 0.017318 0.995195 -0.0963691 -37.1532 -0.950605 0.0462639 0.306935 186.649
0.311392 0.0869802 0.946293 440.905 0.016391 0.995163 -0.0968658 -37.2207 -0.95014 0.0456739 0.30846 186.883
0.31326 0.0869982 0.945674 441.601 0.0150772 0.995214 -0.0965501 -37.2866 -0.949548 0.0445033 0.310449 187.116
0.314539 0.0861319 0.945329 442.268 0.0138452 0.995353 -0.0952964 -37.3556 -0.949144 0.0430626 0.311884 187.342
0.315428 0.0850081 0.945134 442.925 0.0128012 0.995508 -0.0938111 -37.4206 -0.948863 0.0416895 0.312923 187.567
0.31654 0.0848922 0.944773 443.573 0.0122733 0.995538 -0.0935657 -37.4814 -0.9485 0.0412127 0.314085 187.791
0.31764 0.0844861 0.94444 444.197 0.0121924 0.995576 -0.0931612 -37.5478 -0.948133 0.0411068 0.315205 188.004
0.318557 0.0845712 0.944124 444.819 0.0124207 0.995554 -0.093369 -37.6052 -0.947822 0.04147 0.31609 188.217
0.320105 0.0839949 0.943651 445.436 0.0131284 0.995573 -0.0930699 -37.67 -0.947291 0.0421808 0.317585 188.423
0.32155 0.0830823 0.943241 446.048 0.0149218 0.995575 -0.0927788 -37.731 -0.946775 0.0439079 0.318888 188.628
0.322322 0.0832195 0.942965 446.633 0.014764 0.995565 -0.0929082 -37.7861 -0.946515 0.0438683 0.319664 188.835
0.323648 0.0839354 0.942447 447.209 0.0136209 0.995541 -0.0933416 -37.8403 -0.946079 0.0430468 0.321062 189.034
0.324545 0.0843938 0.942098 447.785 0.0127797 0.99553 -0.0935827 -37.8977 -0.945784 0.0424115 0.322015 189.237
0.325514 0.0842063 0.94178 448.342 0.0128269 0.995542 -0.0934466 -37.9522 -0.94545 0.0424983 0.322982 189.432
0.326174 0.0843048 0.941543 448.883 0.0124323 0.995547 -0.0934471 -38.0051 -0.945228 0.0421856 0.323673 189.629
0.327043 0.0839756 0.941271 449.433 0.0111364 0.995632 -0.0926947 -38.0596 -0.944944 0.0407975 0.324679 189.819
0.327641 0.0832466 0.941128 449.967 0.00985137 0.995755 -0.0915083 -38.1102 -0.944751 0.0392533 0.32543 190.007
0.327984 0.0820466 0.941114 450.466 0.00963057 0.995879 -0.0901774 -38.1647 -0.944634 0.0386402 0.325842 190.194
0.329037 0.0820574 0.940745 450.991 0.0102264 0.995849 -0.0904408 -38.2057 -0.944262 0.0393788 0.326832 190.368
0.32989 0.0830589 0.940358 451.489 0.0106966 0.995729 -0.0917021 -38.2546 -0.943959 0.0403102 0.327593 190.542
0.330639 0.0861158 0.93982 451.967 0.00949588 0.995474 -0.0945561 -38.3045 -0.943709 0.0401884 0.328325 190.71
0.330929 0.0889019 0.939459 452.437 0.00820508 0.995244 -0.0970712 -38.3559 -0.94362 0.039832 0.328626 190.885
0.331791 0.0910161 0.938952 452.893 0.00760876 0.995044 -0.0991419 -38.3993 -0.943322 0.0400386 0.329454 191.051
0.332739 0.0917055 0.938549 453.34 0.00946954 0.994885 -0.100567 -38.4387 -0.942971 0.0423503 0.330169 191.211
0.333301 0.0913095 0.938388 453.794 0.0105382 0.994876 -0.100549 -38.4855 -0.942762 0.043402 0.330631 191.367
0.332792 0.0899194 0.938703 454.223 0.0105557 0.995026 -0.0990568 -38.5287 -0.942941 0.042874 0.330187 191.518
0.331477 0.0886825 0.939286 454.634 0.00908955 0.995226 -0.0971718 -38.5763 -0.943419 0.0407479 0.329089 191.669
0.32993 0.0881747 0.939878 455.03 0.00852093 0.995309 -0.0963661 -38.6197 -0.943967 0.0398027 0.327631 191.817
0.328517 0.0875536 0.940431 455.416 0.00834805 0.995386 -0.095586 -38.6583 -0.944461 0.0392524 0.32627 191.959
0.327523 0.0866889 0.940858 455.8 0.00924276 0.99544 -0.0949356 -38.7002 -0.944798 0.0397897 0.325228 192.089
0.326872 0.0863434 0.941116 456.176 0.00904801 0.995486 -0.0944742 -38.736 -0.945025 0.0393962 0.324616 192.213
0.325716 0.0858236 0.941564 456.543 0.00900321 0.995545 -0.0938584 -38.7678 -0.945425 0.0390483 0.323492 192.339
0.325013 0.0851871 0.941865 456.896 0.00970254 0.995582 -0.0933937 -38.7979 -0.94566 0.0394927 0.322751 192.456
0.324325 0.0843842 0.942175 457.235 0.0101919 0.995644 -0.0926815 -38.8341 -0.945891 0.0396614 0.322052 192.567
0.323216 0.08397 0.942592 457.556 0.00987887 0.995702 -0.0920887 -38.8682 -0.946274 0.0390763 0.320997 192.679
0.322562 0.0844311 0.942775 457.881 0.00814338 0.995729 -0.0919597 -38.8958 -0.946513 0.0373401 0.320497 192.787
0.320809 0.0844549 0.943371 458.178 0.00673131 0.995788 -0.0914366 -38.9303 -0.94712 0.0356838 0.31889 192.9
0.319715 0.0844933 0.943739 458.467 0.0071103 0.995774 -0.0915608 -38.9586 -0.947487 0.0359837 0.317764 193
0.318974 0.0846409 0.943976 458.756 0.00872134 0.9957 -0.0922256 -38.9872 -0.947723 0.0376503 0.316864 193.092
0.318422 0.0858659 0.944052 459.041 0.009331 0.995557 -0.0936977 -39.0114 -0.947903 0.0386444 0.316206 193.186
0.31787 0.0865523 0.944175 459.329 0.0090039 0.995504 -0.0942889 -39.0386 -0.948092 0.0384729 0.315662 193.283
0.317696 0.0858201 0.944301 459.6 0.00938211 0.995562 -0.0936354 -39.0643 -0.948146 0.0386071 0.315481 193.375
0.317699 0.0857165 0.944309 459.865 0.00826018 0.995617 -0.0931529 -39.0873 -0.948156 0.0373948 0.315599 193.479
0.318867 0.0856456 0.943922 460.142 0.00721015 0.995661 -0.0927757 -39.1144 -0.947772 0.036389 0.316866 193.567
0.319807 0.0856672 0.943602 460.408 0.0058164 0.995708 -0.0923691 -39.1395 -0.947465 0.0350287 0.317936 193.664
0.321581 0.0858653 0.942981 460.665 0.00457441 0.995727 -0.0922283 -39.1612 -0.946871 0.0339724 0.319814 193.756
0.32437 0.0859729 0.942015 460.932 0.00420559 0.99572 -0.0923224 -39.1849 -0.945921 0.0339084 0.322621 193.85
0.329066 0.0862366 0.940361 461.208 0.00459001 0.995664 -0.0929144 -39.2057 -0.944296 0.0348912 0.327243 193.935
0.334595 0.085658 0.938461 461.474 0.00453221 0.995703 -0.0924986 -39.2375 -0.942351 0.0352029 0.332769 194.037
0.342728 0.0869479 0.935403 461.753 0.00325775 0.995592 -0.0937363 -39.2548 -0.939429 0.0351733 0.340934 194.131
0.351114 0.0870996 0.932273 462.014 0.00159012 0.995607 -0.0936156 -39.2972 -0.936331 0.0343522 0.349433 194.26
0.361706 0.0880513 0.928125 462.289 0.000391193 0.995516 -0.0945971 -39.3246 -0.932292 0.0345794 0.36005 194.373
0.373591 0.0881899 0.923392 462.568 0.000338264 0.995457 -0.0952095 -39.3506 -0.927593 0.0358818 0.371864 194.496
0.387831 0.0886081 0.917461 462.85 -0.0019164 0.995444 -0.0953295 -39.3756 -0.921728 0.0352136 0.386234 194.624
0.403518 0.0903351 0.910501 463.134 -0.00493646 0.995315 -0.096562 -39.4003 -0.914958 0.0344699 0.402073 194.77
0.421225 0.091855 0.902293 463.411 -0.00895324 0.995231 -0.0971366 -39.4299 -0.906912 0.0328379 0.420039 194.913
0.440712 0.093882 0.892726 463.694 -0.0104101 0.994983 -0.0994966 -39.4517 -0.897588 0.034556 0.439478 195.051
0.459473 0.0954119 0.883052 463.959 -0.0119684 0.994788 -0.101257 -39.496 -0.888111 0.0359563 0.458221 195.203
0.478267 0.0969579 0.872846 464.238 -0.0133566 0.994575 -0.103161 -39.522 -0.878113 0.0376804 0.476967 195.382
0.497585 0.0997775 0.861657 464.491 -0.0194381 0.994395 -0.103923 -39.5524 -0.867197 0.0349617 0.496736 195.55
0.511197 0.104076 0.853139 464.744 -0.024927 0.994019 -0.106327 -39.5788 -0.859102 0.0330876 0.510734 195.723
0.517242 0.109226 0.848841 464.99 -0.0316889 0.993587 -0.108542 -39.6042 -0.855253 0.0292437 0.517386 195.883
0.516376 0.110878 0.849154 465.237 -0.0340338 0.993456 -0.109024 -39.6328 -0.855685 0.0273974 0.516771 196.041
0.51199 0.112033 0.851654 465.477 -0.035167 0.993361 -0.109533 -39.6569 -0.858272 0.0261298 0.51253 196.182
0.502653 0.11263 0.85712 465.719 -0.0345852 0.993303 -0.110243 -39.683 -0.863796 0.0257705 0.503182 196.32
0.489168 0.112011 0.864967 465.952 -0.0309701 0.993325 -0.111118 -39.711 -0.871639 0.0275674 0.489372 196.444
0.474761 0.111416 0.873034 466.191 -0.0267804 0.993324 -0.112204 -39.7379 -0.879707 0.0298897 0.474575 196.553
0.456255 0.109448 0.883092 466.42 -0.0219441 0.993489 -0.111793 -39.777 -0.889578 0.0316274 0.455686 196.665
0.436244 0.109081 0.893193 466.669 -0.0185019 0.993503 -0.112294 -39.8032 -0.899638 0.0324619 0.435427 196.77
0.415144 0.109444 0.903149 466.913 -0.0165801 0.993483 -0.11277 -39.8266 -0.909605 0.0318413 0.414253 196.869
0.394025 0.109259 0.912583 467.16 -0.0156545 0.993563 -0.112195 -39.8564 -0.918966 0.0299217 0.393199 196.963
0.37351 0.108677 0.921238 467.423 -0.0135976 0.993648 -0.111706 -39.8817 -0.927527 0.0291968 0.372615 197.059
0.3551 0.107654 0.928609 467.687 -0.00892507 0.993692 -0.111787 -39.9124 -0.934786 0.0314075 0.353821 197.143
0.338779 0.106074 0.934867 467.95 -0.00330711 0.993752 -0.111557 -39.9502 -0.94086 0.0347016 0.337013 197.214
0.322848 0.105524 0.94055 468.226 0.00104341 0.993725 -0.111848 -39.9766 -0.94645 0.0370912 0.320712 197.305
0.310353 0.105245 0.944777 468.471 0.000810083 0.993823 -0.110974 -40.0088 -0.950621 0.0352066 0.308351 197.356
0.299681 0.103477 0.948411 468.737 0.00206358 0.994028 -0.109106 -40.0354 -0.954037 0.0346542 0.297678 197.44
0.291551 0.10011 0.951302 468.987 0.00359041 0.994387 -0.105744 -40.0714 -0.956549 0.0342453 0.289555 197.498
0.28455 0.0988664 0.95355 469.238 0.005249 0.994492 -0.104678 -40.0968 -0.958647 0.0347912 0.282463 197.57
0.282205 0.098854 0.954247 469.48 0.0061757 0.994469 -0.104847 -40.1235 -0.959334 0.0354816 0.280034 197.641
0.285218 0.0997998 0.953253 469.705 0.00641602 0.994343 -0.106021 -40.1392 -0.958441 0.0363553 0.282965 197.704
0.291429 0.098476 0.95151 469.922 0.00741307 0.994425 -0.105188 -40.1676 -0.956564 0.0377084 0.289074 197.774
0.301602 0.0966738 0.94852 470.133 0.00906556 0.994511 -0.104244 -40.1946 -0.953391 0.040039 0.29907 197.841
0.313702 0.0960295 0.944653 470.331 0.00733167 0.994598 -0.103541 -40.2153 -0.949493 0.039407 0.311303 197.913
0.326792 0.097976 0.940004 470.517 0.00125434 0.994566 -0.104099 -40.2351 -0.945095 0.0351979 0.324894 198
0.340113 0.100272 0.935023 470.692 -0.00412228 0.994448 -0.105146 -40.255 -0.940376 0.031907 0.338638 198.088
0.3555 0.100316 0.929277 470.856 -0.00807022 0.994516 -0.104271 -40.2802 -0.934641 0.0295689 0.35436 198.144
0.369221 0.0982559 0.924133 471.014 -0.0108566 0.994783 -0.10143 -40.2985 -0.929278 0.0274172 0.368361 198.238
0.385042 0.0967854 0.91781 471.164 -0.00911658 0.994836 -0.101083 -40.3057 -0.922854 0.0305541 0.383936 198.299
0.3999 0.0954369 0.911576 471.302 -0.000154313 0.994571 -0.104058 -40.3255 -0.916559 0.0414723 0.397744 198.365
0.415934 0.0983422 0.904062 471.424 0.00391627 0.993933 -0.10992 -40.34 -0.909386 0.04926 0.413025 198.429
0.431492 0.100488 0.896502 471.53 0.00112196 0.993716 -0.111924 -40.353 -0.902116 0.0493004 0.428668 198.493
0.445358 0.102234 0.889497 471.632 -0.00763163 0.993857 -0.110408 -40.3659 -0.89532 0.0423825 0.443402 198.572
0.45859 0.102758 0.882687 471.732 -0.0139539 0.994002 -0.108467 -40.3687 -0.888538 0.0374248 0.457273 198.656
0.47181 0.101896 0.875793 471.824 -0.0173656 0.994181 -0.106315 -40.3844 -0.881529 0.0349515 0.470834 198.716
0.48366 0.10101 0.869408 471.916 -0.0177286 0.994245 -0.105651 -40.3927 -0.875076 0.0356857 0.482667 198.785
0.495958 0.100497 0.862512 471.993 -0.0185257 0.994279 -0.105198 -40.3992 -0.868149 0.0361949 0.494982 198.833
0.507139 0.100149 0.856026 472.072 -0.019726 0.994314 -0.104641 -40.4089 -0.861639 0.0361815 0.506231 198.893
0.517393 0.0988843 0.850016 472.145 -0.0192265 0.994394 -0.103977 -40.4129 -0.855532 0.0374544 0.516394 198.953
0.527372 0.0966839 0.844115 472.221 -0.0189838 0.994597 -0.102059 -40.4206 -0.849422 0.0377988 0.526358 199.004
0.534844 0.0969905 0.839366 472.284 -0.0213859 0.994626 -0.101304 -40.4291 -0.84468 0.0362312 0.534044 199.052
0.54163 0.10127 0.834494 472.327 -0.0283436 0.994353 -0.102273 -40.4374 -0.840139 0.0317417 0.541442 199.107
0.550276 0.107857 0.827988 472.364 -0.0387547 0.993853 -0.103707 -40.4515 -0.834083 0.0249789 0.551073 199.157
0.55605 0.11276 0.823464 472.397 -0.0454313 0.993397 -0.105351 -40.4558 -0.829906 0.0211696 0.557501 199.205
0.560919 0.11177 0.820291 472.439 -0.044971 0.993495 -0.104618 -40.461 -0.826648 0.0217931 0.562297 199.24
0.567598 0.10714 0.816305 472.487 -0.040875 0.993941 -0.102033 -40.4635 -0.82229 0.0245476 0.568539 199.269
0.572832 0.10204 0.813297 472.537 -0.0365221 0.994413 -0.0990404 -40.4702 -0.818859 0.0270302 0.573358 199.3
0.577004 0.100293 0.81056 472.574 -0.036018 0.994591 -0.097424 -40.4745 -0.815946 0.0270194 0.577496 199.325
0.581525 0.101881 0.807124 472.606 -0.0402907 0.994517 -0.0965062 -40.4786 -0.812531 0.0236011 0.582441 199.371
0.58592 0.104807 0.803563 472.63 -0.0454991 0.994292 -0.0965074 -40.4817 -0.80909 0.0199842 0.587344 199.406
0.588866 0.107716 0.801021 472.654 -0.0494527 0.994024 -0.0973146 -40.4815 -0.806716 0.0176927 0.590674 199.435
