71
-2.500000 -4.878130 0.000000 0.000000 0.000000 0.000000 1.000000
1 136.435737 190.919459
2 210.902530 283.185030
4 455.300592 320.821311
5 551.284539 123.196649
9 271.307197 366.840337
10 145.788678 260.764501
12 141.486047 181.234136
13 219.615345 274.650783
15 198.580679 148.668264
18 593.631885 106.671963
20 603.428130 127.040290
21 348.606505 426.571623
23 374.127125 380.738281
24 30.039213 200.723606
36 247.525541 125.659889
37 362.692557 305.790560
39 57.696678 219.536060
43 102.027018 260.991248
44 505.892612 347.772513
48 269.559483 214.703513
50 400.268535 104.085022
57 390.074265 230.922259
66 337.491536 209.007791
73 422.409908 57.090335
75 303.057238 286.234935
85 510.763939 224.950391
95 101.402691 252.699122
102 151.092502 163.088984
114 266.527460 246.595635
116 527.742467 335.625142
122 187.116033 324.139460
124 7.004070 244.311197
126 117.971284 111.368148
132 176.074708 334.629641
141 184.611848 239.566618
154 141.976879 120.488198
158 247.177318 139.438076
167 199.035337 207.068488
168 141.925709 277.327733
188 93.609213 360.524842
189 619.595887 260.155457
191 561.812960 179.130649
201 18.180250 237.289538
203 400.191609 97.682739
206 521.045365 111.420588
207 86.183248 386.134040
215 455.602909 132.514450
222 370.801753 348.370421
225 394.212784 290.262577
226 506.437891 328.928769
243 525.685317 358.486475
245 300.426605 177.160902
251 290.393701 296.543090
257 538.211335 257.738521
260 61.165740 177.312290
262 628.134462 194.140038
263 617.028522 296.344050
270 509.771849 425.877659
274 9.174932 57.322724
276 223.540446 303.878381
277 32.418492 147.280685
282 126.857207 217.061698
286 534.115210 287.047099
297 585.832088 196.832864
307 419.921974 270.738943
308 58.190218 64.881989
313 74.190146 305.628323
318 373.952767 204.078704
323 548.035942 97.157723
334 562.018735 139.517861
341 568.461912 219.799285
342 3.349713 290.204420
344 55.500205 138.019490
348 39.736677 191.892334
350 139.484222 255.800153
356 187.612418 319.610052
359 427.820494 265.687369
362 277.744725 35.812236
363 288.794508 98.046474
368 107.706703 351.989133
370 610.588147 352.826650
385 430.607853 265.497265
386 398.018668 242.083610
387 615.878027 450.341316
391 197.635881 142.783373
392 542.409520 273.376125
393 549.995922 197.905292
407 356.203625 293.340814
412 396.186173 344.093251
416 373.238455 223.786243
421 96.836561 298.235065
430 309.777479 174.275621
433 606.577327 172.428828
434 401.045440 250.845857
439 621.037234 35.214044
446 264.674565 169.164701
451 542.985699 379.952840
458 170.264685 73.315053
468 325.147490 237.556482
470 462.290822 355.953622
484 33.555896 146.965498
489 395.010101 473.343027
495 149.260843 370.806011
498 293.019289 274.303465
