83
0.500000 4.984149 0.000000 0.000000 0.000000 0.000000 1.000000
1 321.070510 182.909980
2 362.600474 288.617675
4 634.327613 330.798204
9 412.263612 380.959640
10 270.719815 263.038542
12 264.410152 174.877764
13 354.920036 278.510875
15 402.992893 133.026436
23 574.994765 401.386747
24 150.441641 196.110017
31 90.986575 154.120191
36 444.669224 107.517836
39 176.806668 217.220551
43 315.298426 265.072235
57 543.487224 229.916773
65 125.478446 376.988760
66 485.228331 205.571528
71 70.483637 61.259229
75 457.242836 291.726929
87 53.774847 233.667340
95 230.182531 254.190759
102 351.487361 149.640708
114 422.266404 247.409902
118 59.415795 149.896829
122 317.426708 333.414813
124 194.937408 245.119818
126 272.391528 93.520529
132 321.613327 346.390303
137 10.112543 192.377238
141 355.715702 239.503753
142 155.337688 320.053639
154 272.225174 106.796968
158 405.727587 126.602148
167 336.683292 203.272062
168 268.867779 281.495624
188 557.682895 411.905925
201 390.703800 236.292933
203 630.228768 74.217181
207 233.235194 406.010301
222 535.334271 361.425641
225 569.372487 296.600098
234 17.956510 343.591348
245 454.449559 169.689322
251 431.718552 302.759961
260 171.260518 170.777537
264 50.177492 407.343957
274 194.634343 23.583369
276 377.631284 311.956333
277 166.686410 135.163338
282 364.793774 212.196548
285 121.097983 399.487319
287 229.279925 61.582527
288 139.788257 231.948197
308 228.486772 36.565330
313 189.242430 312.690581
318 589.884577 198.412536
330 123.171320 343.289376
342 124.505463 296.297209
344 284.336241 115.803911
348 158.831810 186.355126
350 258.971164 257.464311
356 561.387218 344.772119
359 572.782241 268.304539
363 460.635345 79.045012
364 253.380524 55.679525
368 224.193760 363.819689
386 544.856208 242.303247
391 347.470288 130.569456
406 109.037775 272.092889
414 95.331985 215.744151
416 521.854731 222.025088
421 298.672532 309.000640
430 487.517532 165.322279
434 556.379035 252.052667
446 496.068468 156.152419
458 381.047986 43.162855
462 9.727155 202.909278
468 612.013043 237.025498
484 151.279157 136.316939
486 56.960562 204.244835
493 5.432106 437.178410
495 521.547147 413.364962
498 491.425843 279.587694
