2
-19.750000 1.237020 0.000000 0.000000 0.000000 0.000000 1.000000
1 281.712632 212.834146
2 309.048450 266.291975
4 457.817276 289.528656
5 495.541971 195.957381
8 187.107586 366.867727
9 340.925465 320.484896
10 260.205686 253.246392
12 256.633705 202.359471
13 308.163326 261.981732
14 65.115854 95.213932
15 318.806375 190.384037
18 542.750706 158.130814
19 584.523160 290.356782
20 551.798824 168.218940
21 415.718901 315.953915
23 411.288067 321.085478
24 192.693710 215.519932
25 235.511716 323.843793
26 148.685992 343.355171
27 31.873355 188.005401
29 591.199701 195.811788
31 188.725594 208.275170
36 341.919902 176.030021
37 417.070060 269.693316
39 206.762052 227.084774
41 578.151861 351.942758
43 275.959716 250.843019
44 485.589698 298.146862
46 26.122986 36.777716
48 385.798550 229.999098
49 195.825953 342.234263
50 430.568030 171.012028
52 418.971984 353.468221
53 185.529013 119.019776
57 416.213239 234.230429
59 561.627203 111.630707
61 112.497110 323.186300
64 418.010882 355.648745
65 181.959299 312.781514
66 382.819054 220.308658
67 14.037495 84.250157
71 158.903301 151.312159
73 440.010018 138.816043
75 363.232458 268.708547
79 13.302080 186.039598
81 333.700539 305.187087
82 99.595988 219.264859
83 254.938170 159.401074
85 491.903120 230.747541
87 164.405458 237.312281
88 110.722912 335.478998
90 523.625898 73.359958
94 572.706252 155.278136
95 237.169812 247.915178
98 354.313240 407.179702
102 294.373276 198.555941
104 123.130779 112.066526
106 46.516371 156.207014
110 81.087346 186.993294
111 188.506606 371.433575
114 342.137852 244.041783
116 498.797784 293.651226
117 344.513902 357.140408
118 135.710721 186.743757
122 286.945796 293.560301
124 223.456553 242.259358
125 590.474583 303.267638
126 259.619648 164.360990
130 26.509575 182.258986
132 287.110939 297.855516
137 124.086548 215.388875
138 355.532442 369.940206
141 301.428058 239.749259
142 223.137314 260.175984
144 210.079476 118.665174
145 593.978984 248.282772
153 581.224667 268.549583
154 260.781524 164.883149
155 618.408992 396.329123
156 297.413830 143.445820
158 331.793954 179.085278
159 289.389052 308.354084
161 580.369231 166.657870
162 375.292722 348.137743
167 296.990881 219.344937
168 259.032398 263.661992
169 422.467242 155.421947
173 575.186124 143.082729
177 275.597114 113.387298
180 22.889203 162.570784
181 89.017788 317.445556
183 83.131162 190.945354
188 326.367470 284.333070
189 545.151202 250.646514
191 523.907139 202.200819
197 383.432304 382.700502
198 169.876950 205.401799
199 626.365568 267.591087
200 113.852177 174.452887
201 287.546541 238.935331
203 427.835241 161.539776
204 402.422038 294.092571
206 498.871997 159.543616
207 239.336744 326.549624
208 520.133392 73.753530
212 260.603765 60.966294
213 71.673947 301.749450
215 458.248632 178.398966
222 405.566606 306.968987
225 420.684486 270.576537
226 490.573149 297.322210
230 407.686849 467.403454
233 111.737039 379.687752
234 160.371973 278.892578
237 76.539072 192.421072
243 496.539953 304.430822
245 361.632071 200.994338
248 637.846827 380.405323
250 616.164756 100.946327
251 352.595219 276.024275
255 600.786122 97.903164
257 494.992767 247.705464
259 350.902539 396.598551
260 202.122361 199.367905
262 561.189661 212.597407
263 556.919660 274.525964
264 155.852999 317.028875
266 262.200063 441.441076
268 80.113901 166.560874
270 484.713914 328.783921
274 223.127477 143.672821
275 259.102964 122.175591
276 317.006105 278.819908
277 203.851912 184.299438
279 122.421761 215.367995
282 294.842802 228.566044
283 470.790173 147.495186
285 178.529795 326.142471
286 486.760131 256.238410
287 241.895742 196.344036
288 191.836086 235.894535
289 582.065557 266.825518
293 113.282246 263.747300
295 52.064575 84.316363
297 541.691247 212.195361
298 638.966987 312.152198
302 624.053784 196.454983
307 438.522028 257.086481
308 237.617323 142.731621
309 154.291607 122.047579
311 140.435403 270.311677
313 213.115806 282.106102
315 99.942931 158.911457
317 555.787519 210.288356
318 412.542529 219.858201
322 597.984502 418.295735
323 510.502367 159.329213
324 594.421592 184.648718
327 468.684909 175.129097
328 269.323861 150.947142
329 560.039348 343.474457
330 213.841172 267.032294
334 526.588774 175.041146
337 299.649879 241.387105
339 464.644843 100.178982
341 529.187774 227.237460
342 179.206751 270.946521
344 261.507710 189.726926
346 459.890801 123.146206
347 135.259579 410.234928
348 196.936828 209.810314
349 462.520588 273.205613
350 253.574063 250.207397
352 8.350148 160.874421
353 588.942466 287.128856
354 596.343093 331.873154
355 109.700067 279.773709
356 346.639969 273.436681
359 439.615614 256.770804
362 413.299550 186.193963
363 358.747988 155.444132
364 248.370334 180.509790
368 233.263448 312.279350
370 548.112487 305.450922
374 110.293906 219.330719
375 59.957768 413.368451
383 635.840660 235.381305
385 444.329840 254.280766
386 420.606275 241.345724
387 536.693109 342.240749
391 300.898899 180.785735
392 509.714254 259.838653
393 510.801155 216.612541
397 261.559476 402.046001
403 565.808450 140.419465
404 485.040217 225.831330
406 196.399074 251.619857
407 421.115514 260.551487
410 50.974335 64.879857
412 435.192910 282.211440
414 173.657117 228.355066
415 63.943210 323.650220
416 405.152593 229.629013
417 137.011429 167.950817
420 36.620361 169.902673
421 269.422943 270.696517
422 613.414567 264.166840
427 263.989674 144.053841
428 70.858817 73.398173
429 454.382730 107.763902
430 371.813344 201.095681
432 576.827048 258.990833
433 517.424453 214.038852
434 423.243910 246.883041
438 370.086878 368.910084
439 533.720977 147.506925
443 140.465499 315.655679
444 566.271931 225.823416
446 357.630116 202.567367
447 564.562590 213.680661
449 39.052742 377.141592
451 511.662509 325.955639
454 326.404003 178.260145
455 68.919737 230.747746
456 564.959423 159.049514
458 306.794665 151.375742
459 108.213924 413.911142
462 154.458774 225.631292
466 296.330688 112.694031
468 394.365622 238.794184
470 462.102036 311.301776
472 48.884347 220.805129
477 106.126910 325.576009
478 259.560109 84.383607
479 446.454015 192.669140
480 542.126700 256.712876
481 125.925322 116.416811
482 549.796961 199.092508
484 192.556104 181.507679
486 175.439794 226.656210
489 439.004499 319.641680
491 602.312839 70.081257
492 80.606033 265.309461
493 140.865432 326.164195
495 332.199595 294.241383
496 132.421446 293.595866
497 63.537417 173.767319
498 366.310076 259.407691
500 7.201563 282.037194
