7
-18.500000 4.987475 0.000000 0.000000 0.000000 0.000000 1.000000
1 320.562014 211.925794
2 343.741070 267.058996
4 496.439796 290.958383
5 560.576328 193.875307
8 249.701934 374.308513
9 374.142554 322.674346
10 290.930787 253.603296
12 287.038261 201.352729
13 340.503532 262.579972
14 132.165038 84.943983
15 359.847454 188.685644
18 583.691114 155.775225
19 635.333930 292.103708
20 590.651618 166.271312
21 473.893193 319.363658
23 452.210345 323.654873
24 222.802856 214.832901
25 283.231621 327.430035
26 186.550322 347.158975
27 66.327705 186.041144
31 232.016889 206.990255
36 382.217552 173.920609
37 470.781051 270.922762
38 38.394079 115.333810
39 236.613413 226.730064
43 317.931526 251.236669
44 532.733448 300.154030
46 89.459921 22.574999
48 443.808117 229.540826
49 239.125459 346.348399
50 479.068144 168.459277
52 474.428856 358.311964
53 233.435906 113.581168
57 451.375686 234.073935
59 637.940342 104.836111
61 149.452155 326.283239
64 471.310826 360.397072
65 213.604077 314.949995
66 417.095912 219.774235
67 66.432024 75.124018
71 192.254866 148.465442
73 484.183549 135.430341
75 398.351516 269.519416
79 57.162727 183.390604
81 491.760500 313.675369
82 131.530436 218.589002
83 315.018796 155.134927
85 531.301171 230.481858
87 202.885016 237.213270
88 147.450318 339.018010
90 601.373748 64.130604
94 624.225773 152.273818
95 268.526440 248.137312
98 446.915593 419.720609
102 334.978019 197.123162
104 185.177892 104.154546
106 93.566676 151.952512
110 117.073383 185.008862
111 274.507936 382.010881
114 377.422976 244.158462
116 544.099328 295.413796
117 418.109298 364.179911
118 162.018384 185.364578
122 318.513458 295.009008
124 262.876968 242.340062
125 639.445381 305.374413
126 294.692213 162.033446
130 57.555917 180.281776
131 9.832401 344.587929
132 320.933596 299.531949
137 154.961276 214.632216
138 421.874653 376.916554
139 27.721032 280.628035
141 338.648260 239.741360
142 276.542699 261.152620
144 280.708309 110.804653
153 624.041963 269.386069
154 292.342629 162.805215
156 379.852155 136.686276
157 13.156171 106.278963
158 367.436527 177.293805
159 426.596454 316.373245
161 632.065031 164.061881
162 507.340379 359.511726
167 329.672388 218.771479
168 290.077360 264.306830
169 493.222919 150.827813
173 623.348306 139.875387
177 328.232455 107.621047
179 14.722558 281.843897
180 95.455124 156.348741
181 145.838799 321.986106
183 119.419260 189.097391
188 384.290226 286.461430
189 595.602550 251.023369
191 563.557857 201.133363
197 466.516433 392.083498
198 238.429551 203.142993
200 148.184900 172.188888
201 341.289702 238.886329
203 471.792324 158.902977
204 480.743777 297.395807
206 537.314648 157.300746
207 273.420279 329.184696
208 601.509459 64.092253
209 27.190908 336.189131
212 477.483539 26.928328
213 142.682363 306.356133
215 500.972221 176.432567
222 442.173407 308.875728
225 458.682361 271.469693
226 526.808785 298.837551
233 161.993380 386.765399
234 202.095556 280.452126
237 266.340826 182.981637
243 543.608216 306.633682
245 396.725409 199.892016
251 385.887121 276.997161
257 553.763118 248.034779
259 496.813899 415.159569
260 230.436835 198.304881
262 604.488523 211.774212
263 598.408052 275.522736
264 191.556375 319.683503
268 121.103441 163.426059
270 538.408547 332.276749
274 262.258293 140.256295
275 304.452005 117.485461
276 352.032472 279.955704
277 236.148077 182.639919
279 163.612214 214.355989
282 339.155962 228.134827
283 562.062978 141.245316
285 209.461098 328.659294
286 554.854834 257.047353
287 296.768694 194.209060
288 225.279883 235.766452
289 631.693455 267.735985
293 143.067890 264.459308
295 117.184579 73.441006
297 579.329208 211.459334
299 41.213955 173.571623
307 482.373644 257.654684
308 274.823677 139.493902
309 194.894236 117.417837
311 185.873215 271.661199
313 242.267284 283.228848
315 133.489379 156.135961
318 455.044108 219.195970
323 555.791161 156.702033
327 552.515065 171.097354
328 375.693440 142.706371
329 624.536964 348.108484
330 266.078262 268.323067
334 563.573979 173.333278
337 435.638899 241.546989
339 558.653222 90.404711
341 567.822657 226.887593
342 209.494785 271.831315
344 305.053697 187.809365
346 580.657133 112.615146
347 194.647630 420.191466
348 226.813150 208.972907
349 586.249047 276.265554
350 283.419380 250.476108
352 44.685371 157.638564
355 150.419269 281.409877
356 400.462078 274.903630
359 473.668820 257.203534
362 486.220685 183.160516
363 396.143367 152.891856
364 297.606615 177.914278
367 38.132665 421.205010
368 262.626569 314.185520
370 592.934514 307.504923
374 197.510093 217.510623
375 127.411269 425.807837
385 487.941063 254.750991
386 454.865580 241.381168
387 591.499001 346.195607
389 4.204161 387.931855
391 335.328883 179.059512
392 551.801404 260.439399
393 557.085040 215.834321
397 363.384268 416.498331
403 639.849313 135.320390
404 586.886589 224.774311
406 240.529495 252.096186
407 481.781851 261.509621
410 202.603097 36.362317
412 494.406669 284.111710
414 208.598571 227.968949
415 101.286681 326.959007
416 439.615455 229.350934
417 199.398288 163.531713
420 82.171652 166.419752
421 310.213089 271.785721
427 359.941285 136.007425
428 129.916956 63.052066
429 558.999358 97.397622
430 409.962080 199.910219
432 617.193239 259.516984
433 582.700852 212.826283
434 458.691667 247.070236
436 11.355564 314.671417
438 424.334450 374.503491
439 592.225616 143.679638
443 185.119526 318.965785
444 612.437892 225.370935
446 401.422023 201.243018
447 626.791743 212.546986
449 85.702652 384.101617
451 551.694290 328.427932
454 434.433032 172.732236
455 142.354157 230.031848
456 617.002148 156.134235
458 348.489260 148.262567
459 181.833962 426.865279
462 195.120177 225.066581
466 355.288095 106.314277
468 442.928629 238.748238
470 500.632105 313.348539
472 82.613288 220.108249
477 147.915578 329.201891
478 326.458110 75.249297
479 564.531585 188.456330
480 607.568920 257.481876
481 171.894765 110.770042
482 610.924417 197.343787
484 222.214674 179.890455
486 217.925738 226.119140
489 505.125360 323.633626
492 123.167362 266.430671
493 177.627222 329.266561
495 385.899121 296.643946
496 226.389850 298.569677
497 93.771459 171.645334
498 406.805704 260.038220
500 51.029585 284.113504
