26
-13.750000 -0.165896 0.000000 0.000000 0.000000 0.000000 1.000000
1 257.477031 207.839416
2 292.593948 270.432713
4 464.710135 297.236887
5 518.227550 183.774958
8 105.085623 412.826272
9 330.352425 332.205881
10 238.114931 255.154942
12 234.212568 196.980404
13 292.811550 265.184509
15 300.915760 181.012760
18 562.788315 145.435992
19 617.320237 300.015259
20 571.877133 157.795631
21 416.288175 335.686952
23 410.900781 335.106928
24 159.393444 211.828505
25 191.869840 344.398688
26 94.293297 364.582061
29 637.390911 184.323724
31 137.072207 200.985671
36 328.962130 164.454353
37 417.905525 276.696534
39 176.327977 225.183767
43 248.150415 253.034929
44 499.332369 309.235834
48 378.413550 227.335598
49 146.182593 365.547129
50 434.089821 156.753994
52 420.303524 381.219927
53 126.195244 87.536209
57 416.603059 233.392937
59 608.727479 70.805248
61 49.839017 340.501134
64 419.057753 382.654122
65 144.613765 324.519144
66 378.358555 217.448449
71 114.223251 135.749720
73 444.882999 120.197278
75 355.593795 273.068696
81 234.936509 385.838050
82 43.536279 215.562124
83 204.501134 133.767791
85 504.028771 229.316070
87 113.184400 236.759670
88 48.016871 355.251173
90 560.697449 17.249991
94 604.020026 138.611558
95 210.576939 249.108702
102 271.610036 190.638477
104 10.442703 62.422144
110 11.439815 175.888186
111 63.291931 444.570765
114 331.026658 244.670851
116 514.162212 303.318399
117 318.715220 400.929724
118 97.407057 179.401120
122 268.628854 301.310704
124 185.749790 242.707575
125 622.854566 314.845154
126 233.876543 151.709393
132 267.352582 306.898065
137 75.722126 211.276458
138 336.755919 412.009580
141 282.173490 239.706191
142 168.929286 265.920498
144 126.154291 68.612899
153 607.763915 273.067760
154 238.117331 153.737452
156 244.252826 99.239938
158 318.804268 169.404297
159 163.249103 377.810125
161 613.120580 152.260651
162 343.136933 439.082013
167 279.628865 216.267683
168 236.488249 267.114779
169 425.404248 127.634520
173 604.559296 125.472956
177 239.134750 79.916857
183 13.406575 180.593203
188 301.800422 296.828819
189 570.990425 252.736548
191 540.668049 196.461083
197 370.769896 442.740602
198 68.329659 190.982170
200 56.661978 161.943851
201 253.815266 238.650267
203 430.481121 147.030180
204 398.183101 314.739200
206 511.644869 147.502279
207 210.550056 340.852759
208 558.299122 14.235888
215 466.046857 167.657262
222 404.346597 317.231705
225 421.813228 275.398973
226 501.441225 305.408117
233 20.838901 421.761140
234 102.886542 287.724123
243 512.197282 316.583423
245 353.745443 195.066614
251 343.793190 281.228176
257 514.944911 249.592661
260 172.643764 193.702121
262 585.225735 208.136876
263 579.239086 279.900044
264 106.804848 331.691252
270 500.519223 348.496415
274 185.663219 124.718926
275 224.338566 95.650733
276 301.755106 284.953688
277 170.038095 175.316768
279 54.392440 209.611676
282 269.763627 226.149948
283 495.774977 107.133401
285 141.457379 339.731993
286 508.360487 261.028031
287 192.410268 183.757011
288 154.172433 235.197048
289 613.588219 271.842859
293 64.515652 267.604394
297 559.797344 208.267305
307 443.088739 260.208354
308 205.441363 124.940157
309 96.888479 95.929159
311 70.190535 278.108453
313 184.572841 288.102916
315 40.719810 143.597205
318 412.364849 216.225648
323 527.802388 144.937757
324 628.390289 174.254717
327 490.227108 149.793107
328 170.531175 89.937882
329 597.993115 370.279467
330 157.928493 274.601396
334 542.440742 165.933450
337 187.539352 242.752683
339 488.001531 36.291265
341 546.176689 225.362813
342 143.129547 275.711198
344 228.956970 178.962385
346 490.392367 46.269864
347 34.815386 471.683247
348 164.701418 205.317157
349 495.869308 295.808185
350 231.115573 251.640579
353 633.294500 299.044962
355 38.591376 289.082461
356 329.736085 281.886804
359 443.197900 259.073705
362 413.220968 167.663573
363 349.782888 141.605953
364 206.909126 165.575333
368 207.902853 322.448016
370 571.130648 316.645056
385 449.894380 256.860650
386 421.600691 241.534776
387 563.502260 364.495278
391 283.175329 171.467621
392 525.513089 263.097193
393 528.586597 212.336385
403 612.279373 110.030856
404 520.780216 218.750214
406 145.792766 254.328104
407 423.179110 266.140725
412 440.840587 293.215110
414 129.976605 226.234520
416 403.952401 228.142806
417 30.863372 140.292842
421 241.054124 276.739508
427 175.637263 87.365430
429 476.278211 36.894420
430 364.913138 194.660304
432 601.099034 261.813534
433 545.743775 206.962575
434 424.658489 247.885142
438 359.253069 401.059255
439 562.047921 125.708313
443 71.683977 334.712555
444 592.902888 223.351728
446 346.663056 195.223118
447 601.901363 207.174006
451 526.873480 339.278833
454 269.651684 138.042857
456 595.286620 142.837576
458 286.025678 134.130513
462 97.005956 222.444793
466 261.508228 74.867930
468 390.267596 238.536307
470 469.614406 322.329114
477 31.610903 346.320204
478 203.726146 27.951740
479 467.711112 162.112502
480 576.547397 261.186231
481 49.594539 83.617357
482 583.181275 189.070667
484 159.787565 172.833679
486 121.137407 223.612798
489 446.576266 343.311409
493 86.273160 343.415935
495 311.408935 308.107608
497 2.253426 162.169847
498 357.909607 262.860504
