48
-8.250000 -3.643325 0.000000 0.000000 0.000000 0.000000 1.000000
1 193.539357 201.320400
2 245.298786 275.567458
4 446.706509 306.761200
5 499.654905 164.676252
9 292.984978 346.411106
10 187.169423 257.461100
12 183.156697 190.495434
13 249.635897 269.066648
15 243.964276 168.661446
18 561.112243 129.767498
19 626.795283 312.817923
20 571.719473 145.173360
21 367.330296 365.598571
23 380.384149 353.022279
24 93.066980 207.309839
25 81.419996 374.660598
31 20.781435 190.575675
36 280.451554 149.431248
37 375.152105 286.818590
39 114.474258 222.872888
43 174.284831 255.999740
44 483.746375 323.903316
48 315.596545 223.245217
49 33.412091 398.725722
50 401.644494 137.296720
52 376.204372 422.030301
57 392.613569 232.378867
59 623.468513 1.183327
64 377.157753 421.505971
65 70.314581 339.181409
66 348.476550 213.984549
71 26.301439 115.766594
73 418.907691 95.889431
75 320.446702 278.417129
83 52.904642 90.053597
85 492.646714 227.550482
87 6.417411 236.007123
94 610.865562 116.306132
95 152.462004 250.569679
102 207.646178 180.159162
114 290.775064 245.448142
116 502.540242 315.845862
118 28.617879 170.634401
122 222.095704 310.687023
124 99.696862 243.309388
125 632.922239 329.930372
126 172.482166 135.720871
132 216.255264 318.085422
141 227.844034 239.651286
142 26.258219 275.074798
153 613.679141 278.678869
154 185.413492 140.157555
158 275.473785 157.365925
161 621.945259 133.008147
167 233.241982 212.513977
168 184.540290 271.301734
169 361.839338 79.210670
173 610.885395 102.585560
177 132.387177 28.718337
188 207.351923 316.627150
189 570.570526 255.531474
191 535.455441 189.420748
201 150.025661 238.211241
203 401.409665 128.053105
204 304.150991 354.962712
206 501.904371 132.794673
207 145.857807 358.858340
215 445.716738 153.893675
222 376.798642 329.853973
225 396.277709 281.381678
226 490.828404 315.121782
243 499.507227 332.592347
245 318.273774 187.793967
251 308.824463 287.520752
257 498.165656 252.369757
260 113.984181 186.916998
262 587.386764 202.548651
263 580.293440 286.540551
264 8.286664 351.071800
270 482.022556 376.220815
274 100.446758 99.350091
275 133.704628 58.117047
276 255.830563 292.567506
277 100.152036 164.096019
282 196.939376 222.822710
283 444.364075 18.570119
285 68.518162 356.592422
286 484.442628 268.820388
287 55.720698 163.552127
288 76.932644 234.311089
289 622.006918 278.432020
297 557.847534 203.546562
307 416.972724 264.273839
308 131.418108 101.762002
313 126.262442 295.325877
318 380.567870 211.516809
323 518.984974 126.352952
324 639.927286 160.584638
327 444.121137 99.487869
329 605.806148 410.849819
330 14.639489 286.549091
334 537.948109 155.010300
341 542.018026 223.085317
342 72.506169 281.579500
344 144.961260 164.056313
348 100.213006 199.837912
349 368.045616 388.410831
350 180.627339 253.360100
356 256.419184 294.515986
359 424.520419 261.820291
362 339.554040 134.292430
363 310.402680 124.239691
364 97.511592 143.329456
368 153.862505 334.654883
370 570.800948 330.895506
385 425.481188 260.206913
386 399.236485 241.761632
387 561.158763 395.527514
391 234.337419 159.915505
392 517.112958 267.191223
393 519.663311 206.766319
403 627.571980 59.553554
404 476.712535 200.784704
406 29.748708 258.220982
407 373.457211 274.821762
412 399.374641 309.923873
414 41.226143 223.476296
416 378.402225 226.349668
421 167.983261 284.829275
430 327.738491 186.556641
432 605.546551 265.254416
433 536.697274 195.958466
434 401.827000 249.099544
438 295.935436 448.790827
439 559.056305 94.212635
444 596.707141 220.184854
446 297.051165 185.404087
447 610.398253 197.555268
451 519.250132 355.720935
456 600.319612 120.989562
458 223.745422 111.146620
466 144.946931 13.055871
468 345.733233 238.179397
470 452.552252 335.928870
479 315.206763 49.194297
480 577.731985 268.074405
482 586.157711 174.320983
484 94.795835 162.267030
486 1.719544 219.281081
489 399.272967 381.996295
495 231.376865 328.952341
498 316.015248 267.315162
