98
4.250000 -3.862413 0.000000 0.000000 0.000000 0.000000 1.000000
1 79.526838 168.279938
2 194.476568 297.689257
4 519.505072 347.365162
9 274.652417 403.743662
10 113.236575 266.692621
12 108.187594 164.696291
13 207.910887 284.741059
15 168.559709 103.887490
23 420.339615 437.631151
36 242.055254 74.741381
37 456.037723 365.481843
43 10.850743 273.121273
44 629.281614 401.810901
48 284.091741 176.999923
50 486.215614 20.918547
57 427.755938 228.296345
66 359.988804 200.032245
75 316.631391 300.746628
85 592.275558 220.062184
95 52.333692 256.632878
102 96.357308 124.366932
114 268.734113 248.762058
122 166.203900 348.344376
126 64.400114 62.784865
132 148.353249 365.958034
141 154.633871 239.393847
154 106.528247 84.534357
158 242.860748 105.074432
167 180.617345 197.088362
168 107.506119 288.226661
203 465.791580 31.178552
206 600.870428 72.130984
207 22.163814 440.016599
215 536.146793 88.297961
222 406.220208 382.952182
225 439.476947 307.189923
226 574.289909 353.394699
245 313.189666 157.415126
251 299.165387 312.759822
260 7.593938 160.406165
276 211.283288 325.466225
282 40.520125 202.165917
307 492.754816 284.721629
313 22.262715 323.988008
318 424.412965 188.198720
350 106.645919 260.112222
356 102.736611 413.200837
359 471.956825 272.435411
363 299.278375 46.702202
368 66.052966 382.657672
385 506.393171 276.810703
386 435.773436 242.652792
391 176.786283 110.182206
407 516.392231 381.982909
416 405.315532 219.201089
421 8.677044 329.737105
430 328.236292 149.996266
434 442.117237 253.999858
446 267.284830 131.160451
451 635.283568 425.568757
468 369.006832 235.916229
470 528.014298 393.591016
498 307.274740 289.028315
