37
-11.000000 2.060592 0.000000 0.000000 0.000000 0.000000 1.000000
1 281.525725 204.879862
2 315.657202 272.800347
4 500.700539 301.633261
5 594.024980 175.612013
8 126.774121 447.234148
9 354.255020 338.800510
10 255.223565 256.226491
12 250.898448 193.965183
13 314.040454 266.986678
15 329.799473 175.422386
18 606.140685 138.201124
20 612.926554 151.934478
21 473.079503 348.621154
23 446.601957 343.293545
24 171.513646 209.736916
25 216.645883 357.614254
26 104.491974 377.527776
31 153.660311 196.393346
36 359.061355 157.622133
37 469.022760 281.144164
39 189.362810 224.111916
43 273.883172 254.365962
44 547.526842 315.867158
48 431.563069 225.574767
49 163.693817 380.200224
50 479.915064 148.043337
52 473.853313 399.048957
53 143.807498 66.888229
57 446.569748 232.922039
61 55.501410 351.100071
64 469.745238 399.751774
65 156.463795 331.265134
66 405.618668 215.840025
71 124.550159 126.632017
73 486.214009 109.162797
75 382.486908 275.542833
82 47.760634 213.383687
83 240.054560 115.640378
85 542.791239 228.500652
87 125.361017 236.422544
88 53.456284 367.337194
95 226.496803 249.784957
102 298.044105 185.901630
104 13.535283 24.006508
110 13.064240 169.078080
114 356.750470 245.029643
116 560.793546 309.018274
117 385.408892 434.203301
118 104.237518 175.313439
122 287.984306 305.665845
124 204.713761 242.978385
126 253.614547 144.378873
132 288.279601 312.060119
137 82.321871 208.894202
138 396.105674 441.981580
141 306.614971 239.681084
142 194.860790 269.810699
144 156.465485 28.653965
154 255.773657 147.442959
156 310.141792 61.858552
158 344.153560 163.858003
167 300.404764 214.528382
168 253.714501 269.058208
169 501.501323 107.714793
177 272.634443 57.846860
183 15.254728 174.231883
188 347.144405 305.259433
189 627.826521 253.995841
191 581.399929 193.204235
198 85.373876 179.407756
200 62.462484 154.461966
201 289.859023 238.461460
203 470.704237 138.420363
204 483.428940 330.586553
206 549.609926 140.690065
207 228.120626 349.117760
215 506.864430 161.373252
222 435.183489 323.066073
225 454.980895 278.157241
226 536.368011 309.929237
233 24.793477 450.871571
234 115.286071 293.268061
243 561.030560 323.830432
245 380.518161 191.702535
251 368.442383 284.151382
257 580.545666 250.805630
260 184.693882 190.541183
262 632.718035 205.568028
263 624.033161 282.965230
264 117.381762 340.455308
270 557.660332 360.788144
274 204.448762 113.291835
275 250.592459 79.043054
276 325.614981 288.463378
277 183.916932 170.154177
279 61.379414 205.966363
282 299.105071 224.664728
283 620.666655 73.920815
285 152.782930 347.505152
286 588.430226 264.315155
287 222.295325 175.192872
288 167.516486 234.791475
293 70.014614 269.824648
297 598.820641 206.070349
307 483.937321 262.055312
308 224.592945 114.411544
309 108.267533 79.655903
311 80.086349 283.201603
313 197.731572 291.462189
315 44.943641 134.461809
318 449.869525 214.083381
323 575.144361 136.472809
327 597.954725 130.124685
328 250.351195 21.250629
330 181.747382 279.695721
334 579.957325 160.846948
337 344.906772 245.016006
341 585.879249 224.306263
342 154.289197 278.422574
344 254.290941 172.320375
348 177.040935 202.778096
350 247.276462 252.441206
355 43.691438 294.980163
356 373.437678 287.374156
359 473.223420 260.354763
362 491.393953 154.105411
363 378.460012 133.626957
364 234.312497 155.898604
368 222.498177 328.130769
370 620.036858 323.164233
385 490.856278 258.382740
386 450.880046 241.640398
387 626.376778 378.291894
391 305.486275 166.140541
392 568.609295 264.977558
393 577.287003 209.806089
406 163.690415 256.041749
407 483.988314 269.863155
412 501.181168 300.435883
414 142.163519 224.980994
416 432.620456 227.309265
417 38.275594 119.004491
421 265.343325 280.383231
427 242.293665 30.682253
430 395.164841 190.940864
433 624.206445 202.246016
434 455.296973 248.448929
438 406.114265 421.845005
439 630.578735 111.867543
443 81.542862 347.074205
446 381.297550 190.798712
451 567.460766 346.871179
454 386.064661 94.646379
458 314.410377 123.763850
462 108.417446 220.458541
466 303.343249 48.834334
468 433.097279 238.377245
470 505.736431 328.610212
477 36.043514 359.609146
481 56.996461 61.959956
484 171.720895 167.935636
486 135.728598 221.699779
489 517.608686 359.603560
493 95.379432 353.865010
495 353.249952 317.146736
497 2.786249 155.378546
498 390.027332 264.890088
