20
-15.250000 -4.996464 0.000000 0.000000 0.000000 0.000000 1.000000
1 203.616544 209.252720
2 244.835445 269.279887
4 411.048327 295.093319
5 422.090465 187.411521
8 15.960601 398.474228
9 284.737974 328.966830
10 196.175649 254.628037
12 192.737980 198.464330
13 248.494686 264.299393
15 243.693569 183.672492
18 505.655358 148.965014
19 544.775072 297.269188
20 517.928806 160.675310
21 331.852049 329.851063
23 353.754195 331.165789
24 118.431131 212.851940
25 124.878826 338.369683
26 42.406667 358.497845
29 539.407042 187.721564
31 77.033473 203.105035
36 272.822130 167.724022
37 340.730052 274.653276
39 135.708381 225.709622
41 463.097947 395.463893
43 189.638747 252.407868
44 432.551649 306.085122
48 294.354042 228.126175
49 86.082361 358.775900
50 365.197612 160.843876
52 340.299314 373.082689
53 59.346897 96.849485
57 368.111188 233.624306
59 492.587304 83.266768
64 342.542066 374.785606
65 101.488006 321.243563
66 331.176036 218.238669
71 68.736449 140.130839
73 382.738980 125.466097
75 307.170963 271.859038
82 0.301413 216.606486
83 118.132078 141.592082
85 449.207979 229.713916
87 60.319430 236.918085
90 441.993691 34.544874
94 530.324567 143.364137
95 167.756278 248.777802
97 601.141787 356.522759
98 179.937079 463.265892
102 215.098106 192.888519
114 282.368596 244.495913
116 450.267581 300.589080
117 208.730040 387.175475
118 61.902708 181.420271
122 225.449089 299.170160
124 131.225546 242.579636
125 553.253086 311.570915
126 185.630335 155.253144
132 220.892086 304.382398
137 33.863970 212.428240
138 239.045549 399.129647
141 230.694180 239.718288
142 93.370086 264.198076
144 23.850682 84.635404
145 459.289612 252.265519
153 547.786877 271.809249
154 194.971823 156.822868
155 540.149904 444.178970
156 119.734738 113.696481
158 269.625295 172.101999
161 539.148996 156.365080
162 115.333213 404.496468
167 234.823157 217.119871
168 194.089346 266.160438
169 319.631605 136.163202
173 536.223437 130.449271
177 164.293463 89.840625
178 620.190102 368.445611
188 218.203710 293.087967
189 498.986362 252.140708
191 485.485046 198.053459
192 611.263327 150.373989
194 562.956203 77.880616
197 243.338689 423.444861
199 593.872872 271.210101
200 9.994538 165.498333
201 177.151946 238.734946
203 368.676452 151.138456
204 279.161202 308.228641
206 458.274120 150.838328
207 163.784314 336.851361
208 432.901888 32.782309
215 406.136368 170.679222
222 353.704375 314.382022
225 369.086968 274.056165
226 451.381185 303.180062
234 45.351176 285.160419
240 631.610122 466.547489
243 445.536682 313.134846
245 305.361233 196.711270
248 584.590179 412.057445
250 525.353515 51.987328
251 298.065232 279.791163
255 516.456215 54.057738
257 429.375514 249.039198
260 134.214968 195.261710
262 524.483794 209.382824
263 521.280347 278.405556
264 57.974321 327.526122
270 423.284859 342.790812
274 131.566499 130.123891
275 160.800603 103.341916
276 253.498107 283.245428
277 125.928320 177.823524
282 207.649347 226.844895
283 351.794925 120.201093
285 99.355865 335.947896
286 406.960983 259.583930
287 114.380512 187.538479
288 108.446087 235.392733
289 542.931449 270.420429
293 24.219820 266.527240
297 507.673636 209.349819
298 601.195511 323.743257
302 581.057072 188.966821
307 381.442634 259.325608
308 154.122291 129.971514
309 41.022663 103.486280
311 7.454163 275.805950
312 586.751156 262.123432
313 144.940778 286.449079
317 427.824781 198.343700
318 352.806488 217.251323
323 463.932394 148.996455
324 556.800479 177.202772
327 360.497747 157.817418
328 4.024134 111.881134
329 502.735004 362.355437
330 84.259168 272.337737
334 491.284890 168.441697
339 338.716391 57.175532
341 492.537759 225.881276
342 101.940403 274.387578
344 168.131353 182.063733
346 284.386012 73.632524
348 124.062628 206.561333
349 282.965147 287.692320
350 190.446966 251.245832
353 538.084933 295.534606
354 525.319178 355.366668
356 252.608426 279.397658
359 396.355721 258.440655
362 303.715632 173.397888
363 297.979995 145.473441
364 137.517202 169.970401
368 167.944750 319.646728
370 508.013186 313.502266
383 587.710975 234.448255
385 388.617778 256.132067
386 374.447616 241.482702
387 484.455769 358.070252
391 235.810663 174.061678
392 466.597955 262.186162
393 463.161402 213.545613
397 5.522999 469.781172
403 500.252572 119.243552
404 355.410192 221.110348
405 624.571130 328.251300
406 84.459591 253.539207
407 334.603883 264.476548
412 354.634679 289.959267
414 82.161048 226.833907
416 356.495515 228.552911
421 184.333857 275.016166
422 503.345254 274.371306
427 28.432880 107.009336
429 305.615302 60.891843
430 311.974952 196.460818
432 544.876816 261.032011
433 449.163727 209.070221
434 375.744070 247.608222
438 281.349141 391.606862
439 476.905758 132.067642
443 10.082265 329.101613
444 527.702349 224.047076
446 285.187082 197.316723
447 510.512689 209.084721
451 471.102113 335.575272
454 96.305157 152.321312
456 520.741543 147.470302
458 227.844048 139.041829
462 41.053964 223.366956
466 176.482667 86.286086
468 321.325405 238.610592
470 416.093520 319.264410
478 106.316382 45.577788
479 268.169924 172.936493
480 479.666927 259.857472
482 493.650338 192.009915
484 119.466057 175.234737
486 62.377418 224.496780
489 348.730987 336.166194
491 506.569082 10.220407
493 36.010018 338.486223
495 234.544846 304.016337
498 301.441444 261.887026
