94
3.250000 -4.758692 0.000000 0.000000 0.000000 0.000000 1.000000
1 71.976434 172.867549
2 183.433165 294.954847
4 493.614083 342.383610
9 261.711966 396.977510
10 107.078784 265.609462
12 102.316228 167.710180
13 197.719716 282.890727
15 154.536961 113.104941
23 394.412522 426.464135
36 224.690712 84.969382
37 397.439846 350.613829
43 6.958106 270.509393
44 583.105865 390.622202
48 225.741886 188.394855
50 442.601729 39.127989
57 408.595277 228.777292
66 343.594652 201.676502
75 300.851329 298.047476
85 563.315941 220.977534
95 48.347605 255.903066
102 86.995995 132.393064
114 254.476922 248.355471
116 603.961429 369.359968
122 157.835822 343.915628
126 58.946869 72.175397
132 139.616688 360.069077
141 143.862785 239.427650
154 100.339800 91.167633
158 229.302736 111.575857
167 171.201764 198.932197
168 101.451824 286.227054
191 625.695584 163.584240
203 433.139653 44.699030
206 573.179668 79.401159
207 19.021069 429.656571
215 503.136615 97.012199
222 386.144531 376.499169
225 416.761936 303.996919
226 550.291317 348.953926
243 608.763829 404.486264
245 297.545451 161.088626
251 285.402481 309.794308
260 5.822610 163.464065
276 199.373103 321.391211
282 33.584127 205.486311
307 459.212956 281.898100
313 19.844163 320.645664
318 395.958256 191.382802
323 629.740947 47.776749
334 617.822126 117.118223
341 630.372417 214.928648
350 101.005034 259.330653
356 81.785079 387.509767
359 452.834442 271.220366
363 282.098518 56.533241
368 61.976093 377.095596
385 472.783153 274.540200
386 417.325795 242.549610
391 166.596340 116.326412
392 610.340016 283.203076
393 636.634983 182.601158
407 406.767385 353.933276
412 476.935115 443.571698
416 387.468894 220.037429
421 5.175903 323.079128
430 309.206483 154.666375
434 422.266078 253.421630
446 244.768623 139.174450
451 604.246641 417.020933
458 111.483281 4.035476
468 332.146032 236.285613
470 502.021449 386.544089
498 286.599920 286.096878
