90
2.250000 -1.279852 0.000000 0.000000 0.000000 0.000000 1.000000
1 170.546635 176.903547
2 252.585866 292.467923
4 547.617818 337.843830
9 319.243734 390.748345
10 169.647040 264.610782
12 164.243677 170.492102
13 257.839468 281.187363
15 253.288538 121.153171
23 464.855382 416.491595
24 32.645287 192.881401
36 311.349492 94.005133
37 536.649125 338.895911
39 65.505420 215.610750
43 131.552587 268.279339
48 453.317953 196.299110
50 539.978354 54.542686
57 460.024504 229.220270
66 397.647492 203.190816
73 538.369916 4.774069
75 360.865611 295.577982
85 613.717105 221.812526
95 118.256965 255.234608
102 192.437188 139.377320
114 319.090827 247.984944
122 218.851660 339.834726
124 3.675132 245.748805
126 142.109894 80.620812
132 209.826592 354.706183
141 226.668845 239.457882
154 166.271831 97.258027
158 297.441275 117.479538
167 234.660425 200.624107
168 165.552455 284.386664
188 162.447331 468.805661
201 19.064522 235.280719
203 510.878166 56.575164
206 620.433799 86.067751
207 102.369224 420.316905
215 568.780077 104.779675
222 443.389996 370.603584
225 475.500878 301.093624
226 594.054235 344.847865
245 357.763316 164.449239
251 341.251950 307.061061
260 68.929589 166.295696
276 268.191512 317.687104
277 35.875121 126.511552
282 168.963366 208.270918
307 533.583738 279.409929
308 69.837945 15.377782
313 84.589314 317.559159
318 472.140488 194.198117
342 0.529604 300.586301
344 70.717722 97.724353
348 44.181006 182.494072
350 161.249756 258.607557
356 292.301674 368.455781
359 498.283429 270.093067
363 351.280508 65.412674
368 123.877281 371.950963
385 544.751053 272.533516
386 465.780299 242.454154
391 236.413116 121.915297
407 622.010204 335.138129
416 438.652521 220.809110
421 123.033642 317.340880
430 378.381165 158.875747
434 473.403973 252.889271
446 345.361823 146.089223
458 219.344562 19.942098
468 446.564964 236.593718
470 555.080901 380.115437
484 36.773404 128.899030
495 233.364157 453.976113
498 366.991200 283.496209
