108
6.750000 4.994604 0.000000 0.000000 0.000000 0.000000 1.000000
1 321.966608 153.502560
2 377.968268 305.884911
9 440.322458 423.519075
10 256.350302 269.848775
12 248.434102 155.934164
13 365.675940 290.149790
15 449.402372 73.685443
24 95.720030 181.889273
36 506.558742 42.100849
39 132.846638 210.194480
43 312.553324 282.140238
57 610.729920 226.891995
65 52.947105 428.244133
66 535.059394 195.230156
75 502.594728 308.737159
95 201.299244 258.788441
102 369.913758 97.862783
114 457.908424 249.975624
122 316.859016 361.264736
124 115.154047 248.403562
126 253.306375 33.963177
132 322.410770 383.560897
141 371.472857 239.288844
154 257.458298 65.039969
158 437.024883 85.523663
167 342.168166 191.662837
168 253.570794 294.074281
201 624.365544 224.156682
207 199.192512 471.651644
222 607.710686 402.111819
245 498.940404 146.537960
251 465.111115 321.407165
260 130.182662 151.573758
276 398.484754 337.694389
277 109.577287 95.940626
282 400.786519 190.184697
285 50.435121 456.338785
288 64.052526 228.551737
313 151.650652 333.696046
342 58.578883 315.347508
344 255.257352 12.602817
348 108.205583 169.433922
350 242.003338 262.373735
363 515.279170 16.802140
368 197.347114 398.760242
386 608.320674 242.951398
391 357.446828 91.771978
416 581.088972 216.767781
421 285.732775 352.220542
430 554.163924 135.730154
434 627.911336 255.689712
446 605.639973 104.169673
484 98.658931 103.851777
498 572.756113 298.296421
