110
7.250000 4.271841 0.000000 0.000000 0.000000 0.000000 1.000000
1 297.199870 149.784933
2 362.754301 307.811650
9 428.988829 428.061534
10 240.803860 270.571740
12 232.952597 153.931220
13 352.481342 291.392351
15 428.560208 65.961973
24 74.365383 180.342919
36 490.451293 33.961855
39 113.483403 209.440419
43 278.821233 284.567390
57 603.661182 226.569687
65 26.865487 434.052633
66 526.118085 194.127857
75 491.905774 310.594336
95 182.755141 259.288383
102 344.532142 91.033907
114 445.364381 250.259826
122 302.654690 364.227632
124 72.802081 248.858073
126 231.624094 27.036024
132 305.854200 387.688854
141 352.568804 239.263322
154 240.975702 60.539328
158 423.260806 80.913319
167 327.742773 190.408827
168 237.549389 295.418204
201 527.194581 218.534846
207 176.358594 479.218710
222 599.709164 406.577026
245 488.138375 144.009396
251 454.565883 323.389292
260 112.750402 149.566709
276 383.763764 340.572285
277 85.244795 91.495817
282 367.151598 186.816274
285 25.549352 462.689238
288 34.919860 228.151911
313 133.983504 335.913339
342 35.216748 317.443998
348 87.754205 167.607131
350 226.906422 262.888473
359 635.411368 276.723007
363 503.054311 9.676677
368 181.159607 402.427052
386 601.644204 243.019372
391 341.661328 87.445035
416 573.491051 216.211159
421 253.422746 358.140512
430 542.900180 132.316462
434 621.224618 256.077848
446 590.371998 97.081280
484 78.115943 100.353701
498 559.968135 300.587045
