11
-0.1275574 -0.1916301 10.38892 -0.0022285004654453064 -0.0026151565274342447 0.005458396310528273 0.9999792001095472
2686 1 815.0 185.0 2 794.635986 185.0
2691 1 349.0 33.0 2 328.941711 33.0
2689 1 381.0 57.0 2 360.839081 57.0
2380 1 459.0 33.0 2 442.475769 33.0
2475 1 840.0 317.0 2 784.992126 317.0
2482 1 822.0 305.0 2 768.28009 305.0
2740 1 350.0 96.0 2 331.789795 96.0
2704 1 289.0 43.0 2 269.475739 43.0
2711 1 429.0 50.0 2 409.805481 50.0
2753 1 499.0 56.0 2 480.992859 56.0
2751 1 524.0 53.0 2 505.939056 53.0
2521 1 1098.0 192.0 2 1050.432007 192.0
2685 1 1094.0 30.0 2 1073.609253 30.0
2676 1 1139.0 56.0 2 1117.143433 56.0
2644 1 1114.0 160.0 2 1084.238281 160.0
2601 1 764.0 265.0 2 731.208618 265.0
2519 1 785.0 307.0 2 737.301392 307.0
2588 1 775.0 272.0 2 739.690735 272.0
2682 1 693.0 198.0 2 671.929321 198.0
2590 1 736.0 274.0 2 701.360535 274.0
22 1 292.800018 48.0 2 274.744415 48.0
2718 1 277.200012 44.400002 2 258.24881 44.400002
2320 1 327.600006 135.600006 2 310.087402 135.600006
2743 1 325.200012 123.600006 2 307.013245 123.600006
2742 1 856.800049 82.800003 2 838.598694 82.800003
2748 1 846.000061 70.800003 2 827.898987 70.800003
2319 1 758.400024 42.0 2 742.439453 42.0
2655 1 1057.0 89.0 2 1028.952148 89.0
2598 1 1155.600098 76.800003 2 1122.287109 76.800003
2631 1 1086.0 162.0 2 1055.704224 162.0
2614 1 1168.800049 154.800003 2 1137.512939 154.800003
2632 1 1123.0 115.0 2 1092.707031 115.0
2664 1 1024.800049 139.200012 2 1001.867859 139.200012
2586 1 772.0 274.0 2 736.374634 274.0
2479 1 841.0 308.0 2 786.693665 308.0
2698 1 682.0 232.0 2 662.185852 232.0
2247 1 737.280029 273.600006 2 702.049316 273.600006
2688 1 534.0 235.0 2 513.71814 235.0
2623 1 592.0 266.0 2 561.214111 266.0
2665 1 415.0 229.0 2 392.312378 229.0
16 1 464.400024 187.200012 2 456.803131 187.200012
2546 1 384.0 317.0 2 338.480896 317.0
2592 1 413.0 279.0 2 378.834808 279.0
2382 1 615.600037 171.600006 2 609.795227 171.600006
1933 1 580.800049 111.600006 2 574.227356 111.600006
2700 1 417.0 70.0 2 397.294952 70.0
2725 1 405.600006 109.200005 2 387.500946 109.200005
2514 1 319.0 320.0 2 270.276764 320.0
2508 1 140.0 210.0 2 90.442291 210.0
171 1 714.240051 119.520004 2 698.735962 119.520004
2474 1 840.000061 316.800018 2 784.762024 316.800018
2184 1 820.800049 303.600006 2 767.49707 303.600006
2654 1 1057.200073 88.800003 2 1028.893311 88.800003
2643 1 1104.0 105.600006 2 1074.21228 105.600006
2648 1 1116.0 158.400009 2 1086.632202 158.400009
2636 1 1123.200073 115.200005 2 1093.183716 115.200005
2600 1 763.200012 265.200012 2 730.264282 265.200012
2491 1 860.400024 283.200012 2 808.433899 283.200012
2694 1 681.600037 231.600006 2 661.76123 231.600006
2670 1 724.320007 201.600006 2 702.304932 201.600006
1604 1 532.800049 234.720016 2 513.028076 234.720016
1955 1 527.040039 195.840012 2 520.089783 195.840012
2310 1 561.600037 238.46402 2 540.116028 238.46402
2537 1 528.0 313.0 2 481.627899 313.0
2649 1 358.800018 225.600006 2 329.688446 225.600006
2662 1 416.400024 228.000015 2 392.903992 228.000015
2594 1 412.800018 278.400024 2 378.687469 278.400024
148 1 480.384033 69.12001 2 462.866211 69.12001
1552 1 614.880005 171.360001 2 609.428894 171.360001
1517 1 416.400024 69.600006 2 397.182556 69.600006
2333 1 352.800018 139.680008 2 334.910461 139.680008
17 1 449.280029 148.320007 2 432.393066 148.320007
2251 1 326.880005 224.640015 2 293.682587 224.640015
2571 1 294.0 242.0 2 254.770386 242.0
2536 1 223.200012 316.800018 2 176.736282 316.800018
2560 1 253.200012 288.0 2 209.972275 288.0
2547 1 348.480011 315.360016 2 303.136353 315.360016
2511 1 316.800018 320.400024 2 267.966217 320.400024
2572 1 312.0 291.600006 2 272.847076 291.600006
2723 1 276.480011 44.640003 2 257.680939 44.640003
2726 1 113.760002 108.000008 2 95.021194 108.000008
2394 1 722.304077 58.752007 2 705.283264 58.752007
2552 1 479.52002 311.040009 2 435.015015 311.040009
2523 1 1098.0 192.0 2 1050.593018 192.0
2207 1 316.800018 319.680023 2 267.658875 319.680023
2535 1 223.200012 316.800018 2 176.713135 316.800018
2559 1 253.440002 288.0 2 209.64949 288.0
2593 1 410.400024 279.360016 2 376.236664 279.360016
2513 1 200.160004 259.200012 2 151.405762 259.200012
2551 1 604.800049 308.400024 2 560.253906 308.400024
1609 1 533.952026 235.008026 2 513.31134 235.008026
2538 1 528.0 312.0 2 481.672821 312.0
2595 1 514.944031 274.752014 2 480.835297 274.752014
2597 1 515.52002 273.600006 2 481.869629 273.600006
2470 1 142.0 291.0 2 84.994415 291.0
2463 1 118.080002 270.720001 2 59.905518 270.720001
2660 1 786.240051 236.736023 2 761.698425 236.736023
2646 1 1074.23999 93.600006 2 1044.694092 93.600006
2635 1 1116.288086 158.976013 2 1086.214966 158.976013
2626 1 1123.200073 115.200005 2 1092.512207 115.200005
2531 1 165.600006 218.400009 2 118.844849 218.400009
2642 1 351.360016 234.720016 2 321.504089 234.720016
2657 1 383.616028 207.360016 2 358.075226 207.360016
2576 1 294.0 241.200012 2 255.259613 241.200012
2712 1 681.120056 230.400009 2 661.942749 230.400009
2720 1 165.888016 91.584007 2 147.044586 91.584007
2610 1 713.664062 266.11203 2 681.59491 266.11203
2510 1 138.240021 209.088013 2 88.9561 209.088013
1876 1 1160.640015 106.560005 2 1128.251953 106.560005
2640 1 1103.040039 105.120003 2 1073.179199 105.120003
1873 1 1156.032104 76.032005 2 1123.645996 76.032005
2666 1 1140.0 55.200001 2 1117.689331 55.200001
1521 1 328.320007 135.360001 2 310.174316 135.360001
2518 1 784.800049 308.160004 2 736.931091 308.160004
2573 1 280.800018 229.200012 2 241.760635 229.200012
2557 1 238.800003 232.800003 2 194.931 232.800003
2455 1 979.776123 309.312042 2 919.723877 309.312042
1581 1 516.672058 153.792007 2 511.920746 153.792007
1580 1 580.608032 112.320007 2 572.288757 112.320007
1204 1 652.320007 180.0 2 639.832947 180.0
1536 1 324.864044 65.664009 2 306.587677 65.664009
1605 1 286.848022 41.472004 2 267.391907 41.472004
2452 1 902.880066 164.160004 2 842.402222 164.160004
2715 1 383.040009 95.040001 2 363.907837 95.040001
2494 1 859.680054 282.240021 2 807.807495 282.240021
2344 1 758.592102 43.200005 2 742.548279 43.200005
2549 1 1076.198608 201.139221 2 1031.043823 201.139221
2679 1 825.292908 221.875229 2 803.957703 221.875229
2661 1 777.600098 238.464035 2 753.420166 238.464035
2683 1 825.98407 222.912018 2 804.969238 222.912018
2517 1 226.02243 317.260834 2 178.805923 317.260834
1185 1 358.732849 226.02243 2 328.836121 226.02243
2629 1 1111.449707 136.85762 2 1080.844482 136.85762
2542 1 594.720032 313.920013 2 548.721252 313.920013
2587 1 580.608093 277.862427 2 545.075378 277.862427
2731 1 96.768005 70.848007 2 78.159065 70.848007
2483 1 152.400009 252.000015 2 99.08992 252.000015
2529 1 165.888016 217.728027 2 119.071762 217.728027
2707 1 680.140869 230.169632 2 660.813354 230.169632
2606 1 335.232025 228.096024 2 302.819855 228.096024
2575 1 292.320007 241.920013 2 253.506592 241.920013
2681 1 742.348877 226.02243 2 721.264648 226.02243
2678 1 724.032043 200.448013 2 702.690613 200.448013
2732 1 127.872009 77.76001 2 109.336403 77.76001
2528 1 165.888031 217.728027 2 118.87751 217.728027
112 1 352.512024 138.240021 2 334.387207 138.240021
240 1 464.48645 186.624023 2 456.332733 186.624023
1138 1 786.240051 309.312042 2 737.940735 309.312042
1915 1 1104.192139 105.408012 2 1074.274902 105.408012
2347 1 159.840012 148.320007 2 141.719315 148.320007
2450 1 903.600037 164.400009 2 843.068726 164.400009
1209 1 329.702454 134.784012 2 311.430603 134.784012
2457 1 978.739319 308.966431 2 919.228455 308.966431
2351 1 775.526489 182.476822 2 759.42804 182.476822
228 1 551.577698 186.624023 2 546.051453 186.624023
1990 1 610.559998 113.760002 2 601.129333 113.760002
27 1 416.448029 69.12001 2 396.800964 69.12001
225 1 651.110474 180.403229 2 638.927979 180.403229
2484 1 837.734497 306.892853 2 784.456238 306.892853
135 1 383.616058 95.385612 2 364.15213 95.385612
2004 1 731.980896 82.944016 2 715.545593 82.944016
2019 1 700.876892 70.502411 2 685.03009 70.502411
2512 1 200.448013 259.200012 2 151.630951 259.200012
1148 1 383.616058 317.260834 2 338.047668 317.260834
2554 1 487.296051 309.312042 2 442.904144 309.312042
2003 1 524.62085 194.918427 2 517.624695 194.918427
2244 1 737.856079 273.024017 2 703.31842 273.024017
2634 1 1085.184082 162.432022 2 1054.98938 162.432022
2023 1 586.828857 207.360031 2 575.73999 207.360031
1579 1 350.85318 139.345947 2 333.422394 139.345947
1819 1 152.639999 252.000015 2 98.986778 252.000015
2499 1 138.931213 209.433624 2 88.527153 209.433624
2730 1 78.796814 138.931213 2 60.1679 138.931213
2604 1 335.923248 228.096039 2 303.20285 228.096039
1168 1 292.032013 241.920029 2 253.798843 241.920029
2583 1 290.304047 211.507233 2 253.727737 211.507233
2515 1 785.894531 308.966431 2 737.378906 308.966431
2602 1 761.76001 264.960022 2 728.981628 264.960022
354 1 291.133484 121.927696 2 273.463898 121.927696
2728 1 681.799805 231.413788 2 663.100098 231.413788
1585 1 517.570618 154.275864 2 513.500854 154.275864
2744 1 452.874298 146.810898 2 434.733337 146.810898
2737 1 415.5495 124.416016 2 397.253265 124.416016
486 1 614.615112 174.182419 2 608.864929 174.182419
337 1 552.407104 186.624023 2 547.639465 186.624023
275 1 611.712036 114.048012 2 601.859619 114.048012
2565 1 261.273651 233.902115 2 219.549301 233.902115
139 1 432.967743 72.161293 2 415.096924 72.161293
2403 1 410.572845 79.626251 2 393.525269 79.626251
2716 1 294.451233 68.42881 2 275.364685 68.42881
2671 1 1140.480103 55.296005 2 1118.479248 55.296005
1968 1 1142.139038 52.254726 2 1119.007446 52.254726
2358 1 776.355957 181.647385 2 760.080139 181.647385
2391 1 492.687439 109.486099 2 474.838593 109.486099
2722 1 97.459213 93.312012 2 78.655472 93.312012
2507 1 201.139221 259.200043 2 151.455185 259.200043
2550 1 604.800049 308.160004 2 559.931335 308.160004
226 1 522.547302 194.088989 2 515.644836 194.088989
2656 1 812.851318 234.316833 2 787.09552 234.316833
1497 1 1115.596924 159.667221 2 1085.592407 159.667221
2647 1 1082.419312 161.740829 2 1053.034668 161.740829
1198 1 1072.466064 94.556175 2 1043.428833 94.556175
2444 1 953.026672 191.600662 2 890.28241 191.600662
1866 1 586.828857 292.377655 2 546.491089 292.377655
2585 1 589.248047 281.664032 2 553.450684 281.664032
2539 1 211.507233 221.46051 2 165.2957 221.46051
350 1 615.112793 173.187103 2 609.015076 173.187103
666 1 552.407166 185.131042 2 547.433716 185.131042
130 1 836.075684 304.570435 2 783.418091 304.570435
2566 1 253.80867 228.925476 2 212.400864 228.925476
482 1 325.969971 154.275864 2 309.045807 154.275864
2359 1 291.133484 171.694107 2 283.813873 171.694107
357 1 328.458282 134.369293 2 311.415009 134.369293
543 1 289.640503 122.425369 2 273.183655 122.425369
1591 1 519.56134 155.271194 2 515.035522 155.271194
1618 1 649.451599 181.647385 2 636.578369 181.647385
2348 1 673.920105 122.342415 2 657.550171 122.342415
1496 1 1103.155396 105.753616 2 1073.791382 105.753616
596 1 698.720398 71.663628 2 681.205505 71.663628
1982 1 346.374207 68.677643 2 328.994659 68.677643
2173 1 153.792007 250.560028 2 99.514595 250.560028
2472 1 177.12001 216.000015 2 120.431427 216.000015
419 1 415.051849 238.878769 2 391.439392 238.878769
525 1 612.126831 194.088989 2 605.215576 194.088989
334 1 522.547302 194.088989 2 515.490662 194.088989
2283 1 1114.767578 159.252502 2 1085.130371 159.252502
2652 1 1071.968506 92.565521 2 1043.349121 92.565521
577 1 325.472321 155.271194 2 308.72229 155.271194
2618 1 1114.369507 136.160904 2 1083.358643 136.160904
600 1 647.958679 182.145065 2 635.373352 182.145065
578 1 397.733154 103.91227 2 379.898712 103.91227
1572 1 383.400421 89.579544 2 365.49646 89.579544
2496 1 839.061646 289.640503 2 787.824829 289.640503
2208 1 827.117737 286.65451 2 777.164917 286.65451
2200 1 827.714966 286.654541 2 777.362976 286.654541
795 1 555.393127 186.325439 2 550.678162 186.325439
584 1 462.827606 185.131042 2 456.005951 185.131042
2680 1 740.52417 226.93483 2 719.325562 226.93483
2703 1 746.496155 212.004898 2 726.898071 212.004898
563 1 713.053162 204.241348 2 692.574951 204.241348
587 1 605.557678 111.078629 2 595.856934 111.078629
2025 1 328.458313 134.369308 2 311.403992 134.369308
435 1 290.237701 121.828178 2 273.703613 121.828178
717 1 297.404083 89.579544 2 280.782776 89.579544
2277 1 1104.814209 104.509453 2 1074.637939 104.509453
1901 1 1121.535889 85.996361 2 1090.541504 85.996361
2651 1 1082.419312 80.870415 2 1053.413696 80.870415
2739 1 440.731354 103.91227 2 422.459534 103.91227
750 1 472.97998 71.663635 2 454.301392 71.663635
2733 1 673.638123 125.411354 2 655.144226 125.411354
602 1 673.638123 85.996361 2 655.855835 85.996361
2370 1 522.547302 119.439384 2 515.949646 119.439384
2364 1 492.687439 107.495445 2 474.226807 107.495445
378 1 723.802673 82.413177 2 707.178284 82.413177
2729 1 164.826355 150.493622 2 146.197113 150.493622
2796 1 131.383316 77.635597 2 113.243904 77.635597
1835 1 199.065628 261.273651 2 149.759766 261.273651
576 1 388.177979 164.229156 2 372.441467 164.229156
1938 1 412.065887 236.48999 2 389.58667 236.48999
825 1 612.72406 193.491806 2 606.105408 193.491806
2584 1 776.355957 271.724609 2 740.03064 271.724609
1621 1 748.884949 214.990891 2 729.896851 214.990891
2440 1 943.0 132.0 2 879.61499 132.0
2653 1 1080.926392 80.621582 2 1052.48291 80.621582
2437 1 910.725281 191.103012 2 845.838257 191.103012
1948 1 601.200012 91.200005 2 592.053345 91.200005
58 1 722.400024 75.600006 2 706.073608 75.600006
2312 1 1093.200073 30.000002 2 1072.658081 30.000002
1887 1 1086.0 162.0 2 1055.331543 162.0
2295 1 562.800049 237.600006 2 540.887817 237.600006
1942 1 616.800049 124.800003 2 606.819702 124.800003
2331 1 671.040039 51.840004 2 654.296143 51.840004
173 1 722.880005 76.32 2 705.864014 76.32
2280 1 1103.040039 105.120003 2 1073.179199 105.120003
1907 1 1211.040039 138.240005 2 1180.592163 138.240005
2308 1 416.160004 227.520004 2 392.954987 227.520004
8 1 548.640015 178.560013 2 542.343994 178.560013
47 1 368.640015 27.360001 2 349.285187 27.360001
2340 1 706.752075 100.224007 2 690.218689 100.224007
2174 1 466.560059 335.232025 2 415.054962 335.232025
1568 1 416.448029 228.096024 2 393.213531 228.096024
2422 1 658.368042 231.552017 2 639.035889 231.552017
2314 1 1092.096069 32.832005 2 1071.426392 32.832005
2336 1 580.608032 112.320007 2 572.288757 112.320007
2015 1 675.648071 120.960014 2 659.876343 120.960014
42 1 426.81604 39.744003 2 407.757172 39.744003
1560 1 672.192078 51.840004 2 656.064758 51.840004
1787 1 984.960144 192.844833 2 921.392822 192.844833
324 1 680.140869 230.169632 2 660.813354 230.169632
163 1 611.712097 114.048019 2 601.844055 114.048019
2166 1 837.734497 306.892853 2 784.456238 306.892853
2190 1 468.633667 333.84964 2 415.247955 333.84964
1840 1 525.533264 316.514374 2 477.382019 316.514374
15 1 1112.279175 136.85762 2 1081.706177 136.85762
2425 1 654.428223 231.413788 2 635.444458 231.413788
1176 1 1162.045654 104.509453 2 1131.424805 104.509453
2263 1 1179.463867 166.717468 2 1148.814819 166.717468
2353 1 293.621796 69.672974 2 274.791565 69.672974
388 1 671.846497 52.254726 2 655.221619 52.254726
2186 1 313.528351 320.993317 2 263.033936 320.993317
2246 1 739.031128 273.71524 2 703.02478 273.71524
1972 1 710.664307 203.046951 2 691.020142 203.046951
279 1 432.967773 71.663628 2 415.785034 71.663628
1181 1 1161.547974 104.50946 2 1130.008789 104.50946
224 1 1104.814331 104.50946 2 1074.066772 104.50946
2313 1 400.121918 107.495445 2 381.571716 107.495445
1453 1 229.920807 316.514374 2 184.57933 316.514374
2431 1 1179.463867 167.215134 2 1148.713989 167.215134
2260 1 1113.772217 137.355286 2 1082.574829 137.355286
332 1 648.555847 182.742264 2 636.010803 182.742264
1872 1 1164.534058 103.91227 2 1130.161011 103.91227
2009 1 741.718567 225.740448 2 720.168945 225.740448
681 1 684.387695 103.91227 2 668.294434 103.91227
2378 1 490.895874 107.495445 2 473.2229 107.495445
1124 1 154.076813 250.822708 2 99.874542 250.822708
481 1 390.566803 161.243179 2 373.23114 161.243179
1467 1 490.895874 304.570435 2 448.512451 304.570435
464 1 677.221313 225.740448 2 660.017395 225.740448
1201 1 1103.619995 103.91227 2 1072.595337 103.91227
