112
56.6 -1.58 -11.2 -0.0337 -0.715 0.0163 0.698 
14392 1 548.0 99.0 2 543.826172 99.0
14766 1 816.0 177.0 2 794.463257 177.0
13025 1 498.0 85.0 2 493.841278 85.0
13961 1 507.0 61.0 2 505.802734 61.0
14394 1 708.0 34.0 2 703.373718 34.0
14743 1 892.0 172.0 2 865.536499 172.0
13954 1 759.0 22.0 2 753.777832 22.0
14715 1 883.0 262.0 2 853.087708 262.0
14725 1 881.0 191.0 2 853.301392 191.0
14804 1 743.0 238.0 2 723.622192 238.0
14729 1 511.0 273.0 2 483.074249 273.0
14774 1 279.0 244.0 2 258.372559 244.0
14395 1 513.600037 135.600006 2 510.111542 135.600006
14575 1 237.600006 46.800003 2 190.801666 46.800003
14573 1 220.800003 45.600002 2 174.927368 45.600002
14579 1 224.400009 31.200001 2 178.380875 31.200001
13481 1 573.600037 170.400009 2 566.156372 170.400009
13461 1 437.76001 70.560005 2 423.952942 70.560005
14584 1 279.600006 33.600002 2 234.228653 33.600002
13972 1 729.600037 24.0 2 725.242432 24.0
14404 1 708.0 34.800003 2 703.356445 34.800003
14631 1 178.800003 302.400024 2 140.62207 302.400024
14796 1 324.0 223.200012 2 304.763763 223.200012
13971 1 758.400024 22.800001 2 753.070312 22.800001
14347 1 891.600037 171.600006 2 865.290466 171.600006
14398 1 422.400024 87.600006 2 406.298798 87.600006
14617 1 313.200012 72.0 2 272.624878 72.0
14674 1 1005.600037 187.200012 2 970.748352 187.200012
14746 1 1068.0 164.400009 2 1042.502319 164.400009
14678 1 1000.800049 186.0 2 965.84021 186.0
14736 1 880.800049 189.600006 2 851.272217 189.600006
14543 1 822.000061 349.200012 2 769.268982 349.200012
14211 1 913.200012 310.800018 2 867.683838 310.800018
14376 1 701.280029 243.360016 2 680.245178 243.360016
14410 1 788.400024 103.200005 2 780.05957 103.200005
13477 1 742.800049 183.600006 2 732.650879 183.600006
13478 1 702.0 180.0 2 691.761597 180.0
14665 1 524.400024 296.400024 2 486.543854 296.400024
14647 1 573.600037 295.200012 2 537.147766 295.200012
14477 1 442.800018 189.600006 2 432.009491 189.600006
14602 1 452.400024 318.0 2 409.694611 318.0
13458 1 457.200012 26.400002 2 449.518677 26.400002
14801 1 326.400024 157.200012 2 306.825928 157.200012
14642 1 90.0 270.0 2 55.742172 270.0
14259 1 291.600006 105.600006 2 250.038498 105.600006
14755 1 835.200012 182.880005 2 811.944275 182.880005
14385 1 812.160034 161.279999 2 791.211548 161.279999
14794 1 324.0 221.76001 2 304.892853 221.76001
14515 1 551.52002 142.560013 2 547.717285 142.560013
14417 1 744.480042 61.920002 2 740.164673 61.920002
14345 1 881.280029 172.800003 2 854.312439 172.800003
14502 1 421.920013 87.840004 2 406.108215 87.840004
13957 1 413.280029 106.560005 2 398.355408 106.560005
13958 1 360.0 139.680008 2 342.928192 139.680008
14675 1 1000.800049 187.200012 2 965.741272 187.200012
14640 1 1195.200073 53.280003 2 1158.992798 53.280003
14745 1 1067.040039 164.160004 2 1041.708862 164.160004
14328 1 812.160034 266.400024 2 782.92157 266.400024
14387 1 806.976074 198.720016 2 785.593018 198.720016
14737 1 879.840027 190.080002 2 853.204102 190.080002
14779 1 666.720032 246.240005 2 646.277405 246.240005
14409 1 738.201721 236.390427 2 719.694824 236.390427
14710 1 715.39209 281.664032 2 684.029297 281.664032
13479 1 730.080017 105.120003 2 721.157837 105.120003
14592 1 482.400024 322.559998 2 437.226562 322.559998
14657 1 573.119995 295.200012 2 536.734009 295.200012
14807 1 365.76001 236.160004 2 346.558472 236.160004
13549 1 421.920013 201.600006 2 411.534912 201.600006
14708 1 374.400024 286.559998 2 343.142181 286.559998
14655 1 341.279999 302.400024 2 305.140747 302.400024
14558 1 417.600006 334.080017 2 369.796295 334.080017
14064 1 545.76001 100.800003 2 541.700867 100.800003
14413 1 599.040039 54.720001 2 598.126648 54.720001
14800 1 325.440002 156.960007 2 306.224274 156.960007
13956 1 321.408051 230.169632 2 301.731049 230.169632
14042 1 278.208038 243.648026 2 256.878082 243.648026
14475 1 262.080017 210.240005 2 249.787643 210.240005
14557 1 122.400002 80.639999 2 73.826927 80.639999
14362 1 850.176086 181.440018 2 825.212219 181.440018
14043 1 412.992035 105.408012 2 397.676575 105.408012
14497 1 463.104034 171.072021 2 453.274567 171.072021
14047 1 361.152039 138.240021 2 344.193085 138.240021
14283 1 191.808014 278.208038 2 153.387146 278.208038
14618 1 312.768036 74.304008 2 272.076385 74.304008
14658 1 1195.776123 53.568005 2 1159.552368 53.568005
14430 1 940.032104 51.840004 2 936.764771 51.840004
14667 1 1005.696106 186.624023 2 970.496765 186.624023
14738 1 879.552063 190.080017 2 852.336731 190.080017
14777 1 671.846497 248.832031 2 650.466675 248.832031
14423 1 667.008057 188.35202 2 657.029236 188.35202
14421 1 648.000061 207.360016 2 636.308594 207.360016
13464 1 815.616089 176.256012 2 794.273987 176.256012
14433 1 881.28009 115.776009 2 871.744202 115.776009
14428 1 744.768066 62.208008 2 740.830017 62.208008
14414 1 649.728088 141.696014 2 642.36438 141.696014
14222 1 482.112061 323.136017 2 436.082886 323.136017
14639 1 525.312073 295.488037 2 490.688171 295.488037
13376 1 569.825378 296.110107 2 533.455505 296.110107
13969 1 364.953644 236.390427 2 346.215118 236.390427
13552 1 421.63205 200.448013 2 410.884583 200.448013
14645 1 342.144043 302.400024 2 305.242188 302.400024
14562 1 418.176025 333.504028 2 370.453613 333.504028
14048 1 556.416077 57.024006 2 555.720154 57.024006
13980 1 596.160034 171.072021 2 589.458862 171.072021
13952 1 324.864044 157.248016 2 305.883087 157.248016
14611 1 293.76004 112.320007 2 252.081009 112.320007
13032 1 348.364838 199.065628 2 334.248993 199.065628
13423 1 895.795349 180.403229 2 870.149536 180.403229
14758 1 889.574524 157.593628 2 864.058472 157.593628
13001 1 806.21582 266.250275 2 778.948242 266.250275
12961 1 709.469971 283.07135 2 678.146606 283.07135
14375 1 806.630493 199.065628 2 785.364014 199.065628
14605 1 452.044861 321.408051 2 407.505768 321.408051
14429 1 1200.614624 103.680016 2 1168.224976 103.680016
14747 1 872.985718 261.273651 2 844.06842 261.273651
14723 1 879.206543 190.771225 2 852.381409 190.771225
14697 1 1036.800171 250.90564 2 1002.577087 250.90564
14288 1 1198.541016 128.563217 2 1164.889282 128.563217
13990 1 649.036865 141.004822 2 641.971863 141.004822
13976 1 814.924927 176.256027 2 793.84436 176.256027
14002 1 325.555237 157.593628 2 306.34021 157.593628
13455 1 261.273651 159.667221 2 248.426758 159.667221
13526 1 555.724854 55.987209 2 555.164978 55.987209
14265 1 190.771225 313.113647 2 149.948776 313.113647
14656 1 228.096039 298.59845 2 192.794342 298.59845
13487 1 740.27533 182.476822 2 730.760132 182.476822
14505 1 765.158508 132.710419 2 757.564514 132.710419
14782 1 265.420837 252.979233 2 244.645325 252.979233
13080 1 263.347229 209.433624 2 251.384949 209.433624
14424 1 420.940857 201.139221 2 410.450287 201.139221
14567 1 194.918427 64.281609 2 147.86116 64.281609
13054 1 522.547302 87.091209 2 520.774048 87.091209
13466 1 763.0849 101.606415 2 755.48584 101.606415
13853 1 130.636826 317.260834 2 87.528198 317.260834
14422 1 881.280151 116.121613 2 871.755432 116.121613
13500 1 358.732849 138.931213 2 342.153687 138.931213
13038 1 470.707275 182.476822 2 464.398895 182.476822
14234 1 286.15683 72.576012 2 240.287537 72.576012
14600 1 317.260834 43.545605 2 274.523621 43.545605
14653 1 665.625671 288.230438 2 629.250793 288.230438
14382 1 806.21582 199.065628 2 784.756287 199.065628
13857 1 527.523926 296.110107 2 489.272858 296.110107
14693 1 1035.141235 251.320358 2 1001.113647 251.320358
14750 1 186.624023 243.855392 2 160.221176 243.855392
12974 1 873.400452 261.273651 2 844.399048 261.273651
13503 1 741.51947 184.135712 2 731.503662 184.135712
14768 1 930.631836 171.694107 2 909.331177 171.694107
13492 1 502.640717 126.904335 2 498.126709 126.904335
14001 1 649.451599 141.834259 2 641.311768 141.834259
13987 1 730.969055 232.906799 2 713.511292 232.906799
13509 1 666.869873 189.11235 2 656.612244 189.11235
13510 1 492.687439 204.042267 2 483.438873 204.042267
14054 1 607.150146 111.974419 2 603.091797 111.974419
14451 1 599.685181 54.74305 2 598.148743 54.74305
14590 1 106.997772 311.040039 2 62.440289 311.040039
12607 1 231.413788 154.275864 2 218.179733 154.275864
14683 1 226.437149 298.59845 2 192.580002 298.59845
14676 1 201.553955 291.133484 2 165.304489 291.133484
14369 1 816.169067 176.670746 2 793.274048 176.670746
13034 1 365.783081 236.390427 2 345.876526 236.390427
13474 1 320.993317 228.925476 2 301.616516 228.925476
14790 1 273.71524 243.855392 2 252.540924 243.855392
14753 1 888.330383 154.275864 2 863.133362 154.275864
14011 1 597.196899 169.20578 2 590.072937 169.20578
14506 1 589.731934 124.416016 2 583.921326 124.416016
14620 1 291.133484 102.021133 2 248.952042 102.021133
13843 1 452.874298 320.993317 2 408.681335 320.993317
14688 1 1060.024414 251.320358 2 1025.764648 251.320358
13518 1 737.538208 182.145065 2 728.892578 182.145065
13561 1 444.911713 206.032928 2 435.266113 206.032928
14252 1 146.313248 307.556396 2 103.850174 307.556396
13069 1 522.547302 86.593552 2 520.358643 86.593552
14671 1 226.93483 298.59845 2 192.668106 298.59845
14625 1 191.103012 313.528381 2 148.88031 313.528381
14652 1 203.046951 292.626495 2 167.605103 292.626495
14024 1 689.762451 116.4534 2 681.812866 116.4534
14465 1 842.047668 68.677643 2 837.898254 68.677643
14380 1 671.846497 247.836716 2 649.934631 247.836716
14447 1 668.860535 188.117035 2 657.777039 188.117035
14029 1 498.659424 206.032928 2 490.386353 206.032928
13501 1 734.552185 235.892776 2 716.700134 235.892776
14760 1 836.075684 179.159073 2 812.837524 179.159073
14456 1 746.496155 59.719692 2 739.72876 59.719692
14508 1 597.196899 170.201126 2 590.060486 170.201126
14049 1 558.379089 149.299225 2 553.376892 149.299225
14383 1 265.752625 253.808685 2 245.853226 253.808685
12631 1 262.766632 206.032928 2 251.597946 206.032928
14608 1 307.556396 113.467415 2 266.728943 113.467415
13528 1 647.958679 143.327255 2 641.28009 143.327255
14379 1 806.21582 197.074982 2 785.631592 197.074982
14346 1 928.641174 194.088989 2 901.664001 194.088989
13447 1 598.391357 207.824539 2 585.023682 207.824539
14338 1 928.044067 197.074982 2 900.714722 197.074982
14471 1 842.047668 68.080452 2 837.499329 68.080452
14466 1 695.137207 82.413177 2 689.111328 82.413177
14028 1 795.466309 82.413177 2 788.089661 82.413177
13046 1 476.563141 179.159088 2 469.535004 179.159088
14467 1 523.144531 85.996361 2 520.665222 85.996361
13486 1 322.486359 229.323624 2 302.109497 229.323624
14775 1 268.738617 243.656357 2 247.394379 243.656357
14487 1 283.07135 214.990891 2 269.080627 214.990891
13932 1 888.629028 154.076813 2 864.18042 154.076813
14469 1 834.881348 132.577713 2 821.942566 132.577713
14472 1 397.733154 193.491806 2 386.897614 193.491806
14520 1 351.151794 200.658173 2 337.786041 200.658173
14253 1 283.07135 82.413177 2 240.957367 82.413177
13047 1 257.989075 157.659988 2 246.178421 157.659988
13040 1 89.579544 193.491806 2 80.950546 193.491806
14718 1 397.733154 268.738617 2 370.299225 268.738617
13868 1 530.310852 297.404083 2 493.535645 297.404083
14461 1 702.303589 179.159088 2 692.851196 179.159088
14486 1 662.888611 111.078629 2 656.308044 111.078629
14304 1 877.879517 261.572266 2 849.258545 261.572266
12998 1 802.63269 265.155426 2 776.690613 265.155426
14764 1 806.215881 197.074982 2 785.852844 197.074982
14761 1 1103.619995 157.659988 2 1083.531616 157.659988
14396 1 536.0 120.0 2 532.058716 120.0
14817 1 1011.0 102.0 2 996.509399 102.0
14835 1 506.400024 61.200001 2 505.731567 61.200001
14819 1 808.0 45.0 2 798.152161 45.0
14827 1 362.400024 140.400009 2 345.472717 140.400009
14815 1 385.200012 124.800003 2 369.422913 124.800003
14934 1 453.600006 170.400009 2 443.906342 170.400009
14756 1 694.800049 255.600006 2 670.108521 255.600006
14818 1 712.0 216.0 2 698.961426 216.0
13979 1 600.0 55.200001 2 598.535767 55.200001
14905 1 534.0 134.400009 2 530.339722 134.400009
14908 1 699.840027 47.52 2 694.089233 47.52
14839 1 874.080017 36.0 2 870.963623 36.0
14812 1 864.000061 37.200001 2 860.625793 37.200001
14842 1 459.360016 165.600006 2 449.315094 165.600006
14578 1 998.400024 308.400024 2 953.140808 308.400024
14833 1 646.800049 154.800003 2 640.090149 154.800003
14834 1 766.080017 135.360001 2 757.66449 135.360001
14926 1 459.648041 165.888016 2 449.64624 165.888016
14854 1 421.63205 86.400009 2 405.865936 86.400009
14840 1 851.040039 40.32 2 847.291931 40.32
14845 1 385.344025 124.416016 2 369.289978 124.416016
14861 1 843.264099 67.392006 2 840.816284 67.392006
14925 1 521.856079 88.128006 2 520.527588 88.128006
14872 1 644.889709 66.355209 2 644.297363 66.355209
13989 1 787.968079 101.952011 2 779.518066 101.952011
14880 1 843.955322 68.42881 2 840.978943 68.42881
14874 1 744.422485 62.208008 2 740.284668 62.208008
14875 1 470.707275 55.987209 2 463.868805 55.987209
14862 1 902.016113 55.987209 2 895.990417 55.987209
14858 1 709.171326 215.654434 2 696.620789 215.654434
14870 1 493.516876 203.21283 2 484.545776 203.21283
13502 1 701.568054 179.712021 2 691.852722 179.712021
14885 1 522.547302 87.091209 2 520.37738 87.091209
14883 1 664.381531 102.021133 2 656.412964 102.021133
13527 1 699.218018 47.278088 2 693.150146 47.278088
14446 1 445.824066 207.360031 2 435.249268 207.360031
14893 1 471.785553 56.733707 2 465.91571 56.733707
12628 1 232.906799 212.004898 2 221.311661 212.004898
14889 1 364.290131 235.892776 2 345.178497 235.892776
13529 1 588.238953 122.425369 2 583.808533 122.425369
14897 1 824.131775 71.663635 2 820.450195 71.663635
14901 1 584.058594 121.828178 2 579.689758 121.828178
14025 1 648.555847 143.327271 2 641.606567 143.327271
14513 1 707.678345 214.990891 2 694.784485 214.990891
13517 1 815.173767 176.173096 2 793.666809 176.173096
