130
25.11164 -2.008471 55.46362 0.03651142869640123 0.7074411731618239 -0.012366742260119294 0.7057201752648437
17362 1 108.0 97.0 2 74.502472 97.0
14643 1 539.0 107.0 2 534.133972 107.0
17581 1 563.0 164.0 2 554.317383 164.0
17358 1 165.0 98.0 2 129.909531 98.0
13673 1 620.0 96.0 2 616.5401 96.0
14649 1 518.0 55.0 2 517.443909 55.0
17424 1 224.0 36.0 2 192.396393 36.0
17509 1 1010.0 231.0 2 984.205383 231.0
15136 1 537.600037 123.600006 2 532.895508 123.600006
16610 1 601.200012 103.200005 2 596.049927 103.200005
15040 1 556.800049 140.400009 2 551.561462 140.400009
17584 1 555.600037 118.800003 2 551.041931 118.800003
17399 1 189.0 62.0 2 155.686447 62.0
17352 1 145.200012 78.0 2 109.469482 78.0
16961 1 132.0 28.800001 2 99.725578 28.800001
17599 1 404.400024 164.400009 2 389.286835 164.400009
17417 1 1082.400024 135.600006 2 1051.8573 135.600006
17552 1 954.000061 153.600006 2 931.281616 153.600006
17525 1 817.0 240.0 2 792.710754 240.0
17075 1 778.800049 194.400009 2 761.860596 194.400009
17287 1 775.200012 327.600006 2 723.83844 327.600006
17306 1 862.800049 301.200012 2 817.812439 301.200012
17361 1 700.800049 283.200012 2 666.256104 283.200012
17593 1 498.0 158.0 2 492.551331 158.0
17478 1 240.480011 135.360001 2 212.626328 135.360001
17616 1 338.400024 208.800003 2 321.982208 208.800003
14209 1 576.0 162.720001 2 566.642029 162.720001
17355 1 144.0 90.0 2 107.697502 90.0
17596 1 331.200012 165.600006 2 314.933533 165.600006
17398 1 187.200012 61.200001 2 154.46904 61.200001
17367 1 164.400009 66.0 2 129.988708 66.0
17336 1 79.200005 91.200005 2 42.137066 91.200005
17335 1 77.760002 89.280006 2 41.361221 89.280006
17345 1 73.440002 79.200005 2 37.748829 79.200005
17363 1 145.200012 58.800003 2 111.09066 58.800003
17416 1 252.000015 90.0 2 220.292847 90.0
17380 1 164.160004 97.920006 2 129.94931 97.920006
17411 1 200.400009 81.600006 2 167.760498 81.600006
17687 1 375.840027 164.160004 2 359.448029 164.160004
17558 1 941.760071 216.000015 2 920.515808 216.000015
17507 1 1010.400024 230.400009 2 984.442078 230.400009
17291 1 922.800049 312.0 2 873.66571 312.0
17529 1 816.000061 240.000015 2 791.224426 240.000015
17307 1 862.560059 300.960022 2 817.170349 300.960022
17074 1 679.680054 210.240005 2 664.947388 210.240005
17354 1 699.840027 282.240021 2 665.410583 282.240021
17192 1 789.120056 70.560005 2 776.415955 70.560005
17602 1 837.600037 75.600006 2 826.602661 75.600006
16151 1 871.200012 31.68 2 860.130188 31.68
17603 1 826.560059 178.560013 2 811.922668 178.560013
17574 1 894.240051 165.600006 2 875.139099 165.600006
17607 1 620.400024 96.0 2 615.806641 96.0
17463 1 499.200012 268.800018 2 468.661346 268.800018
17606 1 474.000031 58.800003 2 473.218842 58.800003
16157 1 498.000031 158.400009 2 492.509125 158.400009
17620 1 358.560028 113.760002 2 341.404541 113.760002
17608 1 462.000031 176.400009 2 456.786469 176.400009
17445 1 94.800003 152.400009 2 64.242188 152.400009
17357 1 164.160019 98.49601 2 130.104462 98.49601
17356 1 142.560013 89.280006 2 106.651062 89.280006
17394 1 193.536011 57.024006 2 160.602295 57.024006
15039 1 556.416077 131.328018 2 551.666138 131.328018
13750 1 554.688049 117.504013 2 549.723328 117.504013
17459 1 220.320007 73.440002 2 190.168793 73.440002
17418 1 198.720016 79.488007 2 166.832962 79.488007
17420 1 1081.440063 135.360001 2 1050.546631 135.360001
17430 1 1105.920044 129.600006 2 1074.218018 129.600006
17550 1 955.929749 155.52002 2 934.031494 155.52002
17559 1 933.120117 158.976013 2 910.968811 158.976013
17320 1 804.960022 290.880005 2 764.427612 290.880005
17149 1 620.640015 205.920013 2 607.773987 205.920013
16654 1 789.696045 114.048012 2 777.41095 114.048012
17666 1 696.384094 88.128006 2 686.060547 88.128006
16548 1 525.312073 190.080017 2 513.094727 190.080017
17615 1 371.52005 190.080017 2 355.98288 190.080017
14639 1 338.688019 209.088013 2 321.960876 209.088013
17618 1 473.76001 59.040001 2 472.724762 59.040001
13698 1 601.344055 103.680008 2 595.735229 103.680008
17667 1 498.240021 158.400009 2 492.526367 158.400009
17631 1 357.696045 114.048012 2 341.800049 114.048012
17485 1 238.46402 134.784012 2 211.176178 134.784012
17378 1 108.000008 97.200005 2 74.026146 97.200005
17446 1 95.040001 152.639999 2 64.444481 152.639999
17519 1 1012.320068 230.400009 2 986.333923 230.400009
17480 1 240.537628 103.680016 2 213.451202 103.680016
16490 1 250.90564 91.238411 2 219.417007 91.238411
17475 1 234.316833 120.268814 2 205.746384 120.268814
17389 1 192.844833 58.060806 2 159.604813 58.060806
17151 1 367.027252 176.256027 2 351.564484 176.256027
15070 1 402.278442 155.52002 2 387.55835 155.52002
17521 1 1010.880066 229.82402 2 985.282959 229.82402
17298 1 951.782532 304.819244 2 904.913635 304.819244
15480 1 673.920044 124.416016 2 665.246216 124.416016
17493 1 1014.336121 145.152008 2 988.470215 145.152008
17043 1 1000.30481 149.299225 2 974.550415 149.299225
16416 1 512.17926 290.304047 2 475.505554 290.304047
17665 1 875.059326 105.753616 2 862.852478 105.753616
17562 1 941.414551 215.654434 2 920.279358 215.654434
17086 1 899.942505 217.728027 2 881.594604 217.728027
16958 1 550.080017 277.920013 2 516.780212 277.920013
16113 1 684.288086 215.654434 2 666.22821 215.654434
17637 1 622.080078 205.286423 2 608.627563 205.286423
15038 1 713.318481 184.55043 2 697.687012 184.55043
15941 1 167.215134 298.59845 2 130.241379 298.59845
16912 1 196.992035 288.230438 2 162.391617 288.230438
16559 1 617.932861 209.433624 2 605.320312 209.433624
15514 1 605.491272 47.692806 2 603.476746 47.692806
14689 1 568.166504 49.766407 2 567.761963 49.766407
17055 1 812.851318 238.464035 2 789.274109 238.464035
17689 1 787.968079 202.176025 2 770.470398 202.176025
16026 1 404.640015 164.160004 2 389.948669 164.160004
17624 1 943.488098 105.408012 2 933.23877 105.408012
16158 1 765.158508 172.108826 2 749.213867 172.108826
16862 1 831.168091 305.856018 2 785.606262 305.856018
13746 1 371.174438 190.771225 2 355.044373 190.771225
17454 1 91.584007 148.608017 2 60.95631 148.608017
17373 1 106.560005 96.480003 2 73.352547 96.480003
17342 1 74.304008 95.040009 2 38.455696 95.040009
17368 1 393.120026 286.559998 2 358.19165 286.559998
17487 1 238.464035 134.784012 2 210.821503 134.784012
17112 1 734.054504 85.017609 2 722.80249 85.017609
16438 1 141.004822 51.840008 2 106.238609 51.840008
17412 1 1107.648071 129.600006 2 1075.281616 129.600006
17414 1 1081.728149 136.512009 2 1050.666504 136.512009
15959 1 164.229141 97.044495 2 129.515732 97.044495
17470 1 228.925476 82.114571 2 199.813751 82.114571
15144 1 348.364838 166.717468 2 332.728485 166.717468
17477 1 241.367081 104.509453 2 213.494095 104.509453
14295 1 564.848694 139.345947 2 559.320557 139.345947
15146 1 561.945679 138.931213 2 556.298401 138.931213
17402 1 1107.302612 130.636826 2 1075.147705 130.636826
16522 1 831.098999 251.320358 2 803.768188 251.320358
16071 1 873.400452 218.972198 2 856.925598 218.972198
17095 1 900.771973 216.483871 2 882.052002 216.483871
17642 1 873.400452 106.997772 2 861.160767 106.997772
16539 1 933.120117 161.740829 2 911.157837 161.740829
17492 1 265.420837 118.195213 2 239.059174 118.195213
15158 1 808.704102 46.656006 2 796.945374 46.656006
17328 1 134.369293 288.645172 2 96.120079 288.645172
13700 1 499.737671 114.048019 2 494.888885 114.048019
16919 1 196.577301 288.645172 2 162.229996 288.645172
17088 1 891.648132 165.888031 2 873.098145 165.888031
16061 1 711.659607 184.135712 2 697.094788 184.135712
15075 1 681.799805 216.483871 2 665.818054 216.483871
17375 1 106.997772 97.044495 2 72.860336 97.044495
17404 1 106.997772 62.208008 2 72.525955 62.208008
17643 1 522.547302 189.11235 2 511.586029 189.11235
14671 1 823.634033 176.670746 2 809.26416 176.670746
13683 1 763.914368 171.694107 2 749.060913 171.694107
17435 1 93.312012 147.225616 2 63.13905 147.225616
17548 1 773.967224 229.323624 2 754.07196 229.323624
13268 1 450.385986 184.135712 2 444.703857 184.135712
17677 1 617.103455 209.018906 2 604.598389 209.018906
17121 1 736.542847 84.60289 2 724.413757 84.60289
17488 1 109.486099 213.995544 2 80.838699 213.995544
16065 1 358.732849 114.048019 2 341.630463 114.048019
17390 1 191.600662 57.231369 2 158.490845 57.231369
17359 1 149.299225 60.134407 2 114.309387 60.134407
13686 1 607.150146 161.740829 2 599.437439 161.740829
17713 1 574.802002 161.740829 2 566.655396 161.740829
17516 1 141.004822 213.580826 2 114.829262 213.580826
17432 1 233.902115 64.696327 2 200.986298 64.696327
17461 1 1080.345703 134.784012 2 1047.13269 134.784012
17517 1 1013.99054 230.169632 2 988.000732 230.169632
17553 1 931.627197 161.243164 2 909.672241 161.243164
15591 1 871.907471 104.50946 2 860.733459 104.50946
14739 1 943.571106 59.719692 2 932.490967 59.719692
17678 1 988.360901 92.565521 2 977.025513 92.565521
13706 1 764.412048 170.201126 2 749.68988 170.201126
17629 1 521.856079 53.568005 2 521.003418 53.568005
13725 1 600.182922 107.495445 2 592.999268 107.495445
17059 1 406.093903 247.836716 2 382.269897 247.836716
14294 1 307.556396 197.074982 2 291.925629 197.074982
15118 1 618.098816 71.663628 2 616.07428 71.663628
14687 1 696.729675 87.091209 2 685.687561 87.091209
17651 1 456.855652 59.719692 2 450.445496 59.719692
17108 1 890.818665 166.717468 2 872.292969 166.717468
17556 1 769.305725 230.169632 2 746.781006 230.169632
17351 1 137.355286 86.593552 2 102.441231 86.593552
17376 1 104.50946 95.551506 2 73.345657 95.551506
17397 1 103.680016 60.134407 2 71.333771 60.134407
17511 1 271.226929 248.832031 2 243.945557 248.832031
16142 1 393.154602 174.182419 2 378.817261 174.182419
16447 1 164.229156 98.537491 2 129.49472 98.537491
16139 1 590.976074 149.299225 2 583.902405 149.299225
13729 1 555.393127 119.439384 2 550.676147 119.439384
17707 1 539.965515 124.416016 2 535.422241 124.416016
17301 1 588.238953 313.528381 2 541.983093 313.528381
17421 1 1082.419312 136.85762 2 1051.654419 136.85762
17520 1 1010.258057 228.925476 2 985.497559 228.925476
14220 1 824.131775 175.575897 2 808.188171 175.575897
17680 1 412.065887 171.992722 2 401.443909 171.992722
17679 1 589.731934 149.299225 2 581.842529 149.299225
16625 1 616.307251 111.078629 2 611.328735 111.078629
15133 1 591.224976 121.828178 2 586.157715 121.828178
14735 1 573.309021 161.243164 2 565.786194 161.243164
15567 1 168.409531 204.241348 2 143.201004 204.241348
17522 1 154.076813 214.990891 2 129.177002 214.990891
17514 1 139.74408 214.990891 2 114.594032 214.990891
17483 1 124.416016 209.018906 2 97.529442 209.018906
17034 1 136.160904 186.325439 2 107.930733 186.325439
17060 1 194.088989 220.96286 2 171.492447 220.96286
17656 1 433.564972 75.246811 2 419.169952 75.246811
17484 1 229.920807 149.299225 2 204.34758 149.299225
17547 1 928.044067 161.243179 2 906.990234 161.243179
17178 1 888.629028 168.409531 2 870.716736 168.409531
15557 1 784.716797 68.080452 2 772.593201 68.080452
17546 1 956.709473 154.076813 2 935.282043 154.076813
17046 1 1000.30481 149.299225 2 974.38916 149.299225
17658 1 394.149963 173.187103 2 379.300018 173.187103
15473 1 362.880066 149.299225 2 346.546783 149.299225
17157 1 699.218018 196.577301 2 684.828552 196.577301
17573 1 637.806335 222.157257 2 621.303101 222.157257
16577 1 674.83252 209.018921 2 659.301758 209.018921
16549 1 616.307251 207.824539 2 604.436218 207.824539
14749 1 767.39801 223.948837 2 748.38501 223.948837
15522 1 889.823425 167.215134 2 871.750671 167.215134
13749 1 337.41626 209.018921 2 320.749908 209.018921
17649 1 440.731354 229.323624 2 424.525787 229.323624
17654 1 476.563141 200.658173 2 464.440002 200.658173
17381 1 143.327271 103.91227 2 109.623062 103.91227
17347 1 139.74408 85.996361 2 103.530426 85.996361
16546 1 695.734375 86.593552 2 685.759583 86.593552
15131 1 594.808167 103.91227 2 590.541626 103.91227
14277 1 549.421143 83.607567 2 545.065674 83.607567
17465 1 197.074982 143.327271 2 170.139923 143.327271
13257 1 455.064056 182.742264 2 447.708954 182.742264
17490 1 265.752625 116.4534 2 240.390396 116.4534
16460 1 211.507233 121.927696 2 178.417404 121.927696
15083 1 164.826355 96.745903 2 129.390625 96.745903
16992 1 107.495445 214.990891 2 80.246292 214.990891
13708 1 606.154846 161.243164 2 599.5 161.243164
14270 1 558.976318 125.411354 2 553.931335 125.411354
17323 1 134.369308 286.65451 2 97.746994 286.65451
14224 1 674.83252 122.425369 2 666.006531 122.425369
17639 1 943.488159 105.753616 2 933.134644 105.753616
17407 1 1107.302612 129.392654 2 1074.728149 129.392654
17458 1 1080.926392 137.355286 2 1050.000854 137.355286
17505 1 1012.248779 226.93483 2 986.742859 226.93483
17123 1 902.961792 214.990891 2 884.506836 214.990891
17265 1 1019.0 333.0 2 961.798706 333.0
17346 1 701.0 284.0 2 666.401855 284.0
17073 1 352.800018 174.0 2 336.213074 174.0
17273 1 649.200012 345.600006 2 589.368164 345.600006
17450 1 261.600006 63.600002 2 230.914429 63.600002
17264 1 1116.0 237.600006 2 1060.616089 237.600006
17272 1 602.400024 345.600006 2 545.987976 345.600006
16878 1 67.200005 57.600002 2 28.827934 57.600002
16925 1 145.440002 59.040001 2 111.434364 59.040001
17388 1 103.680008 60.480003 2 70.862236 60.480003
15154 1 567.360046 129.600006 2 562.366028 129.600006
16963 1 233.280014 64.800003 2 201.459579 64.800003
17244 1 951.840027 345.600006 2 891.04187 345.600006
17258 1 1016.640015 331.200012 2 960.235291 331.200012
17285 1 771.840027 325.440002 2 720.62262 325.440002
17489 1 224.640015 240.480011 2 199.31395 240.480011
16886 1 59.040001 80.639999 2 21.2061 80.639999
13692 1 568.512024 129.600006 2 562.990234 129.600006
17469 1 236.736023 120.960014 2 207.341583 120.960014
17262 1 1109.376099 235.008026 2 1063.85144 235.008026
17304 1 931.39209 300.672028 2 885.828186 300.672028
16829 1 1017.792114 331.776031 2 960.686646 331.776031
16836 1 872.640076 333.504028 2 819.139099 333.504028
17308 1 860.544067 302.400024 2 810.864075 302.400024
17570 1 648.000061 235.008026 2 628.302612 235.008026
16903 1 719.622253 298.59845 2 681.157654 298.59845
16570 1 753.408081 114.048012 2 741.973328 114.048012
16876 1 516.672058 286.848022 2 479.652679 286.848022
16860 1 364.608032 316.22403 2 327.662598 316.22403
17365 1 126.144012 77.76001 2 89.330933 77.76001
17016 1 109.900818 215.654434 2 83.164093 215.654434
16376 1 872.985718 333.84964 2 819.244202 333.84964
17309 1 744.422485 306.892853 2 699.934265 306.892853
17221 1 1196.467407 132.710419 2 1130.674438 132.710419
17497 1 273.71524 248.832031 2 247.646957 248.832031
13684 1 788.299927 65.691658 2 775.733337 65.691658
17110 1 441.676849 230.169632 2 424.839722 230.169632
17120 1 441.676849 39.398407 2 435.647705 39.398407
17288 1 414.720062 331.776062 2 362.287567 331.776062
14750 1 402.278442 155.52002 2 387.55835 155.52002
17364 1 124.416016 76.723213 2 88.206863 76.723213
16950 1 141.004822 51.840008 2 106.238609 51.840008
16377 1 1016.064148 331.776062 2 959.699036 331.776062
17471 1 243.855392 87.091209 2 212.323532 87.091209
15585 1 801.239136 176.670746 2 786.141479 176.670746
15589 1 870.912109 62.208008 2 858.658569 62.208008
17182 1 943.073425 104.509453 2 933.388428 104.509453
17254 1 1191.905396 134.369293 2 1127.932983 134.369293
13690 1 370.759735 191.600662 2 353.731201 191.600662
17019 1 831.098999 251.320358 2 803.768188 251.320358
17455 1 92.067856 149.299225 2 62.480743 149.299225
17377 1 139.345947 52.254726 2 105.706726 52.254726
16383 1 771.379333 325.969971 2 720.310852 325.969971
17545 1 940.585083 216.483871 2 919.414612 216.483871
16623 1 868.921509 62.705677 2 857.214966 62.705677
17508 1 1015.234741 146.313248 2 989.264404 146.313248
17541 1 958.501038 110.48143 2 931.205933 110.48143
17131 1 988.360901 92.565521 2 977.025513 92.565521
16458 1 188.117035 125.411354 2 154.455292 125.411354
17134 1 579.281006 209.018921 2 565.740356 209.018921
17456 1 830.103699 250.822708 2 803.525757 250.822708
16972 1 92.565521 149.299225 2 63.412514 149.299225
17018 1 113.467415 223.948837 2 85.742783 223.948837
16990 1 110.48143 214.990891 2 82.553177 214.990891
15073 1 146.313248 59.719692 2 113.414757 59.719692
16638 1 340.402252 179.159073 2 325.42041 179.159073
17008 1 247.836716 116.4534 2 221.288681 116.4534
17408 1 229.920807 62.705677 2 198.853622 62.705677
17441 1 223.948837 59.719692 2 193.39064 59.719692
17125 1 580.475403 207.824539 2 567.476135 207.824539
16055 1 157.659988 197.074982 2 133.007431 197.074982
17041 1 128.994537 189.90863 2 103.964546 189.90863
15124 1 609.140869 107.495445 2 604.134277 107.495445
17148 1 179.159088 211.407715 2 156.259979 211.407715
14662 1 677.221313 121.828178 2 668.284363 121.828178
17534 1 956.709473 111.078629 2 930.294373 111.078629
17512 1 1017.623596 146.910446 2 991.507324 146.910446
17042 1 999.707642 150.493622 2 973.461792 150.493622
15061 1 842.047668 103.91227 2 831.433777 103.91227
14206 1 845.630859 71.663635 2 833.840393 71.663635
16608 1 999.707642 82.413177 2 984.591675 82.413177
17496 1 268.738617 118.244995 2 242.098328 118.244995
17322 1 132.577713 286.654541 2 95.651443 286.654541
14755 1 673.638123 207.824539 2 658.483459 207.824539
16579 1 627.056763 204.241348 2 613.039307 204.241348
17576 1 867.129944 168.409531 2 850.751892 168.409531
14736 1 698.720398 82.413177 2 687.272095 82.413177
17537 1 397.733154 250.822708 2 374.884521 250.822708
13272 1 379.817261 214.990891 2 365.160645 214.990891
16075 1 369.067719 189.90863 2 353.795044 189.90863
17396 1 89.579544 225.740448 2 56.265717 225.740448
16159 1 447.897705 143.327271 2 438.539124 143.327271
17403 1 211.407715 121.828178 2 178.89595 121.828178
13715 1 609.140869 161.243179 2 599.996399 161.243179
17425 1 1078.53772 136.160904 2 1048.118042 136.160904
17527 1 1014.040405 225.740448 2 987.636963 225.740448
17549 1 956.709473 222.157257 2 935.201111 222.157257
