132
26.56806 -2.113697 55.47262 0.03710344140855445 0.705046087446292 -0.015636219154418093 0.7080175547702701
17865 1 180.0 64.0 2 144.90831 64.0
17911 1 626.0 289.0 2 595.306824 289.0
18022 1 823.0 190.0 2 803.956482 190.0
18005 1 348.0 236.0 2 326.654846 236.0
17797 1 69.0 49.0 2 29.587271 49.0
17753 1 970.0 314.0 2 922.18396 314.0
17805 1 123.0 79.0 2 83.999802 79.0
17936 1 237.0 105.0 2 208.084183 105.0
17892 1 1156.0 133.0 2 1122.854858 133.0
17975 1 790.0 240.0 2 764.829102 240.0
17730 1 884.0 336.0 2 829.355286 336.0
17835 1 896.0 278.0 2 859.676147 278.0
17978 1 391.0 262.0 2 366.269135 262.0
17789 1 171.0 299.0 2 130.988129 299.0
17367 1 106.800003 52.800003 2 68.317192 52.800003
17803 1 100.800003 34.800003 2 61.751385 34.800003
17800 1 85.0 44.0 2 45.8078 44.0
17817 1 136.0 47.0 2 98.372047 47.0
17834 1 192.0 52.800003 2 155.622025 52.800003
17729 1 923.0 334.0 2 868.324524 334.0
18015 1 432.000031 237.600006 2 412.088867 237.600006
17599 1 398.400024 168.0 2 383.038269 168.0
16610 1 606.0 105.600006 2 600.864563 105.600006
17837 1 212.0 82.0 2 175.731476 82.0
17734 1 980.400024 327.600006 2 926.508484 327.600006
17917 1 217.0 115.0 2 186.675293 115.0
17912 1 161.0 142.0 2 130.322281 142.0
17853 1 210.000015 56.400002 2 174.617126 56.400002
17885 1 211.0 39.0 2 176.934036 39.0
15040 1 561.600037 142.800003 2 556.051819 142.800003
17939 1 245.0 96.0 2 216.261246 96.0
17927 1 241.0 82.0 2 211.262207 82.0
17941 1 1084.0 243.0 2 1055.460571 243.0
17509 1 1063.200073 242.400009 2 1034.43396 242.400009
17870 1 1167.0 251.0 2 1132.160278 251.0
17727 1 1081.200073 331.200012 2 1025.334961 331.200012
17993 1 985.0 229.0 2 961.761902 229.0
17946 1 1053.600098 148.800003 2 1025.43335 148.800003
17980 1 793.0 237.0 2 768.595886 237.0
18034 1 806.400024 207.600006 2 787.931274 207.600006
17740 1 873.600037 332.400024 2 821.653625 332.400024
17770 1 828.0 308.0 2 784.881897 308.0
18008 1 655.200012 242.400009 2 634.154785 242.400009
17776 1 722.0 308.0 2 680.277954 308.0
17752 1 540.0 325.0 2 492.14801 325.0
17743 1 582.0 333.0 2 531.817017 333.0
17802 1 548.400024 295.200012 2 509.307404 295.200012
17905 1 208.0 264.0 2 176.43576 264.0
17951 1 267.839996 263.52002 2 241.006348 263.52002
17785 1 277.0 313.0 2 236.537674 313.0
17950 1 249.600006 108.000008 2 221.590683 108.000008
17777 1 79.0 79.0 2 37.647274 79.0
17819 1 161.0 117.0 2 123.428955 117.0
17806 1 84.960007 43.200001 2 46.094093 43.200001
17847 1 156.960007 70.560005 2 121.271446 70.560005
17399 1 135.600006 46.800003 2 98.31115 46.800003
17884 1 180.0 63.600002 2 145.900528 63.600002
17478 1 204.480011 132.480011 2 173.778809 132.480011
17795 1 123.600006 79.200005 2 84.136322 79.200005
17792 1 103.200005 87.600006 2 63.614624 87.600006
17928 1 237.600006 104.400002 2 207.953171 104.400002
17921 1 241.200012 81.600006 2 211.106644 81.600006
17846 1 147.600006 79.200005 2 111.886772 79.200005
17746 1 396.000031 322.559998 2 346.849579 322.559998
17910 1 160.800003 141.600006 2 130.039154 141.600006
17820 1 174.0 118.800003 2 136.436859 118.800003
17742 1 581.76001 332.640015 2 531.215637 332.640015
17983 1 985.200012 229.200012 2 961.080505 229.200012
17843 1 894.240051 276.480011 2 858.904724 276.480011
17737 1 969.600037 321.600006 2 917.176331 321.600006
17559 1 970.444946 163.814423 2 946.916504 163.814423
17574 1 922.752136 170.035217 2 902.509949 170.035217
17552 1 993.600037 156.960007 2 968.827393 156.960007
18021 1 793.200012 232.800003 2 773.931274 232.800003
18035 1 804.960022 208.800003 2 786.538757 208.800003
17587 1 896.400024 229.200012 2 878.754211 229.200012
17525 1 844.800049 252.000015 2 817.708984 252.000015
17745 1 770.0 328.0 2 720.644897 328.0
17311 1 874.080017 332.640015 2 820.388062 332.640015
17764 1 826.800049 309.600006 2 781.915833 309.600006
17901 1 874.800049 266.400024 2 842.760559 266.400024
17074 1 688.320007 216.000015 2 672.802429 216.000015
17762 1 643.200012 316.800018 2 597.811523 316.800018
17782 1 722.400024 304.800018 2 681.513367 304.800018
17603 1 843.840027 181.440002 2 828.335938 181.440002
17607 1 626.400024 97.920006 2 622.889221 97.920006
17605 1 434.880005 239.040009 2 416.656433 239.040009
18026 1 435.600006 238.800003 2 416.86676 238.800003
17606 1 479.52002 61.920002 2 477.978363 61.920002
16157 1 501.120026 161.279999 2 495.659149 161.279999
14209 1 581.76001 165.600006 2 570.338928 165.600006
17581 1 566.400024 166.800003 2 557.212952 166.800003
17992 1 319.680023 237.600006 2 296.367249 237.600006
17895 1 207.600006 264.0 2 175.300003 264.0
17780 1 79.200005 79.200005 2 38.092163 79.200005
17913 1 182.880005 72.0 2 152.258377 72.0
17815 1 161.279999 116.640007 2 123.378403 116.640007
17886 1 1155.600098 133.200012 2 1121.534668 133.200012
18014 1 931.680054 227.520004 2 911.213013 227.520004
17851 1 1167.600098 249.600006 2 1132.136353 249.600006
17909 1 159.840012 141.12001 2 128.990158 141.12001
17875 1 105.408012 259.200012 2 70.786377 259.200012
13750 1 559.87207 120.960014 2 555.242249 120.960014
17933 1 260.92804 96.768005 2 231.948196 96.768005
17935 1 236.736023 103.680008 2 207.78653 103.680008
17668 1 338.400024 169.920013 2 320.79953 169.920013
15472 1 352.512024 167.616013 2 335.099884 167.616013
17507 1 1062.720093 241.920013 2 1034.067505 241.920013
17987 1 790.560059 234.720016 2 766.837708 234.720016
18042 1 765.504089 224.640015 2 747.343506 224.640015
17529 1 843.264099 250.560028 2 816.938721 250.560028
17760 1 794.880005 313.920013 2 749.261169 313.920013
17758 1 631.200012 316.800018 2 584.865601 316.800018
17346 1 727.200012 309.600006 2 685.582703 309.600006
17823 1 711.936096 295.488037 2 674.695007 295.488037
17602 1 855.360107 76.032005 2 843.754822 76.032005
14189 1 889.920105 62.208008 2 877.872681 62.208008
17621 1 794.880066 181.440018 2 778.948364 181.440018
16654 1 805.248047 115.776009 2 792.79541 115.776009
16060 1 705.024048 89.85601 2 694.034485 89.85601
16548 1 528.768066 195.264023 2 516.072449 195.264023
16559 1 615.859314 213.580826 2 602.818604 213.580826
17813 1 592.704041 295.488037 2 554.503113 295.488037
18031 1 432.000031 238.46402 2 413.395325 238.46402
17763 1 392.256042 323.136017 2 347.057922 323.136017
17618 1 478.656036 62.208008 2 478.313965 62.208008
13698 1 606.528076 105.408012 2 600.980896 105.408012
17166 1 573.696045 53.568005 2 573.546265 53.568005
17593 1 500.400024 162.0 2 494.911346 162.0
17620 1 347.328033 112.320007 2 330.374695 112.320007
17608 1 463.680023 180.0 2 458.564819 180.0
17953 1 267.840027 264.384033 2 240.36998 264.384033
17925 1 245.376022 274.752014 2 215.453369 274.752014
17961 1 273.024017 267.840027 2 246.25705 267.840027
16920 1 143.424011 305.856018 2 104.151855 305.856018
17826 1 179.712021 295.488037 2 142.85318 295.488037
17942 1 233.280014 113.760002 2 204.76741 113.760002
17356 1 79.200005 79.200005 2 37.993748 79.200005
17420 1 1156.032104 134.784012 2 1121.546387 134.784012
18000 1 976.320068 226.080002 2 953.523254 226.080002
17773 1 315.187256 315.187256 2 272.851227 315.187256
17418 1 150.336014 70.848007 2 113.941315 70.848007
17822 1 139.968018 62.208008 2 102.628159 62.208008
17944 1 233.280029 114.048012 2 204.862 114.048012
17891 1 222.912018 91.584007 2 189.763336 91.584007
16530 1 355.968048 276.480042 2 323.041412 276.480042
17902 1 342.144043 279.936035 2 310.417358 279.936035
17688 1 570.240051 143.078415 2 563.813354 143.078415
16526 1 236.390427 101.606415 2 207.376877 101.606415
17943 1 244.800003 96.0 2 216.330627 96.0
17519 1 1062.720093 241.920029 2 1033.934448 241.920029
17506 1 244.68483 259.200043 2 217.356949 259.200043
17751 1 978.048096 314.496033 2 929.755615 314.496033
17862 1 895.104065 276.480042 2 859.920654 276.480042
17493 1 1067.904175 147.225616 2 1039.33313 147.225616
17043 1 1051.066528 149.299225 2 1022.991394 149.299225
17118 1 681.799805 124.416016 2 672.890381 124.416016
17759 1 630.720032 316.800018 2 584.809082 316.800018
14205 1 889.574524 62.208008 2 877.145691 62.208008
15588 1 964.224121 60.134407 2 952.678467 60.134407
13684 1 802.483337 68.42881 2 790.138306 68.42881
16876 1 506.304047 305.856018 2 465.365234 305.856018
17882 1 491.443268 282.009644 2 457.142029 282.009644
18004 1 656.640076 243.648026 2 635.103699 243.648026
17149 1 628.300903 211.507233 2 614.369934 211.507233
17801 1 143.078415 306.892853 2 103.894798 306.892853
15038 1 725.760132 190.771225 2 709.420227 190.771225
17997 1 539.136047 247.104019 2 516.090637 247.104019
17110 1 433.382446 238.464035 2 414.770721 238.464035
14639 1 325.555237 213.580826 2 308.608795 213.580826
17812 1 115.776009 281.664032 2 77.369301 281.664032
17824 1 789.696045 288.576019 2 752.507202 288.576019
17765 1 825.98407 311.040039 2 781.468872 311.040039
17019 1 872.985718 265.420837 2 841.475708 265.420837
16158 1 779.673706 176.256027 2 763.403198 176.256027
17631 1 348.364838 111.974419 2 331.048889 111.974419
14649 1 523.200012 58.800003 2 522.819519 58.800003
17984 1 789.696045 235.008026 2 765.637695 235.008026
17689 1 806.21582 209.018906 2 786.835876 209.018906
17839 1 312.768036 300.672028 2 276.56192 300.672028
17666 1 705.024109 89.16481 2 694.170349 89.16481
17357 1 103.680008 88.128006 2 64.284882 88.128006
17355 1 77.76001 77.76001 2 36.489899 77.76001
18036 1 364.953644 165.888031 2 346.611725 165.888031
17852 1 147.225616 78.796814 2 111.768867 78.796814
17883 1 188.697632 51.840008 2 154.561447 51.840008
18017 1 931.39209 228.096024 2 911.604065 228.096024
17713 1 579.778625 166.717468 2 567.505798 166.717468
17908 1 190.771225 145.152023 2 159.863098 145.152023
17923 1 201.553955 131.880981 2 171.518448 131.880981
17632 1 385.689667 176.670746 2 370.886017 176.670746
17821 1 161.740829 116.951057 2 124.324753 116.951057
15146 1 567.337036 141.834259 2 562.076965 141.834259
17151 1 355.829803 179.159058 2 339.000305 179.159058
17979 1 161.740829 248.832031 2 137.111282 248.832031
17970 1 153.446426 234.316833 2 128.018967 234.316833
17833 1 179.159058 296.110107 2 142.698853 296.110107
17624 1 965.468323 106.997772 2 954.253296 106.997772
16958 1 547.776062 295.488037 2 511.288666 295.488037
16903 1 731.566223 313.528381 2 689.405396 313.528381
17055 1 838.563965 251.320358 2 812.65271 251.320358
15480 1 682.214478 126.489616 2 672.455566 126.489616
18033 1 289.640503 235.892776 2 270.861969 235.892776
17954 1 279.936035 261.273651 2 252.467438 261.273651
17968 1 207.360031 261.273651 2 181.863205 261.273651
16113 1 692.58252 223.948837 2 674.935486 223.948837
15061 1 858.47052 109.486099 2 846.272888 109.486099
15589 1 888.330383 62.208008 2 875.998779 62.208008
14206 1 853.493896 62.208008 2 841.953491 62.208008
17643 1 522.547302 194.088989 2 510.008087 194.088989
18032 1 432.967743 238.878754 2 414.395203 238.878754
18038 1 644.474976 231.413788 2 626.191772 231.413788
17644 1 530.012207 62.208008 2 529.036011 62.208008
17969 1 991.180969 111.974419 2 965.727539 111.974419
13683 1 778.844299 176.670746 2 762.441467 176.670746
15941 1 103.680016 317.260834 2 62.239262 317.260834
17796 1 105.753616 286.15683 2 66.316109 286.15683
14671 1 843.540588 181.647385 2 827.844299 181.647385
17062 1 383.201324 261.273651 2 358.282776 261.273651
17897 1 79.626251 141.834259 2 47.566444 141.834259
16447 1 103.680016 87.091209 2 63.62701 87.091209
17830 1 139.345947 57.231369 2 102.820633 57.231369
17991 1 790.041687 234.316833 2 766.657654 234.316833
17588 1 756.0 215.0 2 738.354248 215.0
17922 1 246.343719 72.161293 2 216.283997 72.161293
17085 1 134.369293 209.018906 2 108.579727 209.018906
13708 1 611.712097 165.888031 2 603.987366 165.888031
17827 1 304.819244 302.745636 2 268.15567 302.745636
17755 1 969.600037 310.800018 2 922.34613 310.800018
17794 1 916.531311 292.377655 2 877.050171 292.377655
17990 1 983.52002 228.960007 2 959.993042 228.960007
17095 1 931.627197 223.948837 2 911.831482 223.948837
17879 1 893.721741 277.862427 2 859.230225 277.862427
17108 1 919.683228 170.201126 2 899.73291 170.201126
15557 1 803.229858 65.691658 2 790.618164 65.691658
15144 1 335.923248 169.20578 2 319.176453 169.20578
18043 1 734.552185 185.131042 2 716.518188 185.131042
17508 1 1067.48938 146.810898 2 1038.554199 146.810898
13749 1 322.486359 211.407715 2 305.201141 211.407715
16919 1 144.322586 306.063416 2 105.039871 306.063416
17807 1 104.509453 286.15683 2 65.831398 286.15683
17642 1 890.818665 106.997772 2 879.00354 106.997772
14190 1 853.991577 62.705677 2 842.778381 62.705677
17956 1 726.589539 256.296997 2 699.355286 256.296997
14750 1 406.425659 163.814423 2 391.193604 163.814423
17511 1 241.864746 259.78067 2 213.825394 259.78067
18001 1 612.126831 246.343719 2 589.5802 246.343719
13700 1 502.640717 116.951057 2 498.551849 116.951057
14753 1 528.519287 59.719692 2 526.746094 59.719692
14739 1 964.473022 59.719692 2 953.448608 59.719692
13725 1 603.168884 110.48143 2 597.811523 110.48143
15118 1 624.070801 74.649612 2 621.936462 74.649612
17981 1 400.121918 253.808685 2 375.852844 253.808685
17686 1 373.248077 220.96286 2 356.334198 220.96286
13690 1 361.304138 194.088989 2 344.834503 194.088989
13706 1 779.34198 176.173096 2 762.860291 176.173096
15075 1 691.753052 223.948837 2 675.000183 223.948837
16061 1 724.101196 189.11235 2 707.448914 189.11235
15978 1 102.021133 87.091209 2 63.244514 87.091209
17829 1 143.327255 86.593552 2 106.749519 86.593552
16424 1 101.523476 86.593552 2 63.549477 86.593552
14687 1 704.692383 86.593552 2 693.680054 86.593552
17112 1 746.496094 85.017609 2 734.50946 85.017609
17477 1 206.530594 97.044495 2 175.721756 97.044495
17863 1 146.810898 79.626251 2 111.690994 79.626251
13686 1 612.126831 164.229141 2 604.925476 164.229141
17693 1 576.295044 167.215134 2 564.897522 167.215134
13729 1 561.365112 125.411354 2 556.551453 125.411354
16522 1 870.912109 266.250275 2 838.903564 266.250275
17985 1 831.168091 241.920029 2 807.27356 241.920029
17562 1 978.739319 226.02243 2 955.627197 226.02243
15567 1 132.577713 207.824539 2 106.537552 207.824539
15133 1 598.391357 125.411354 2 591.828369 125.411354
15131 1 598.391357 107.495445 2 592.796082 107.495445
17490 1 240.073166 114.661812 2 210.488403 114.661812
14673 1 723.802673 189.90863 2 708.975037 189.90863
15093 1 818.65741 181.647385 2 803.141968 181.647385
14735 1 576.892212 164.826355 2 566.31366 164.826355
17573 1 648.555847 232.906799 2 629.186951 232.906799
16549 1 612.72406 214.990891 2 599.832581 214.990891
17542 1 154.076813 247.239532 2 129.045242 247.239532
17964 1 150.493622 214.990891 2 124.72963 214.990891
15473 1 358.318176 146.910446 2 341.544403 146.910446
17982 1 161.243164 250.822708 2 137.065063 250.822708
17976 1 166.717468 251.320358 2 141.561935 251.320358
17047 1 150.493622 229.323624 2 124.520714 229.323624
13268 1 450.883667 185.131042 2 444.022186 185.131042
13257 1 455.064056 186.325439 2 448.295319 186.325439
17914 1 111.078629 240.073166 2 81.539497 240.073166
17514 1 96.745903 218.574081 2 65.212013 218.574081
17918 1 214.990891 111.078629 2 184.710388 111.078629
17479 1 215.654434 114.048019 2 185.127167 114.048019
17481 1 206.032928 98.537491 2 175.954361 98.537491
15591 1 889.823425 107.495445 2 878.401123 107.495445
14294 1 297.404083 200.658173 2 279.062714 200.658173
17560 1 979.402954 223.948837 2 956.144836 223.948837
17656 1 429.981781 71.663635 2 414.748138 71.663635
17521 1 1064.204956 240.073166 2 1036.453491 240.073166
14749 1 784.716797 232.906799 2 765.634583 232.906799
18028 1 806.215881 207.824539 2 787.548645 207.824539
17178 1 917.294495 171.992722 2 898.179871 171.992722
14277 1 555.393127 85.996361 2 550.682556 85.996361
16579 1 623.473572 214.990891 2 610.324829 214.990891
17809 1 104.50946 286.65451 2 65.865135 286.65451
17649 1 433.564972 236.48999 2 417.530396 236.48999
17931 1 200.060959 131.383316 2 170.91098 131.383316
17678 1 1014.040405 93.16272 2 1001.122253 93.16272
18003 1 985.374939 111.078629 2 963.575134 111.078629
14237 1 838.464478 179.159088 2 824.321899 179.159088
16546 1 705.88678 85.996361 2 695.301453 85.996361
18040 1 734.552246 186.325439 2 716.336914 186.325439
17972 1 151.787537 216.483871 2 126.450912 216.483871
17658 1 386.983612 175.575897 2 371.167877 175.575897
17856 1 118.244995 118.244995 2 82.919083 118.244995
13715 1 612.126831 164.229156 2 605.025818 164.229156
17536 1 146.910446 254.405899 2 119.775063 254.405899
15047 1 829.440125 242.611237 2 806.155151 242.611237
17550 1 995.328125 156.764175 2 969.778503 156.764175
17424 1 182.0 21.0 2 146.79277 21.0
17306 1 924.000061 333.600006 2 869.83429 333.600006
17411 1 156.960007 70.560005 2 121.271446 70.560005
17558 1 978.048096 226.368027 2 954.708618 226.368027
17307 1 923.040039 334.080017 2 869.272766 334.080017
17393 1 920.160034 289.440002 2 880.522217 289.440002
17417 1 1154.880005 135.360001 2 1119.957275 135.360001
17611 1 790.560059 234.720016 2 766.837708 234.720016
17361 1 727.200012 309.600006 2 685.582703 309.600006
16151 1 889.920044 30.240002 2 877.776611 30.240002
17398 1 135.360001 47.52 2 98.597748 47.52
17616 1 326.592041 214.272018 2 309.853394 214.272018
17430 1 1188.864136 129.600006 2 1153.176147 129.600006
17570 1 656.640076 243.648026 2 635.103699 243.648026
17591 1 625.536072 216.000015 2 611.679016 216.000015
13687 1 625.536072 98.49601 2 621.208679 98.49601
17615 1 362.880035 195.264023 2 345.165833 195.264023
17667 1 501.120056 162.432022 2 495.696777 162.432022
17394 1 143.078415 43.545605 2 105.789665 43.545605
17412 1 1188.172974 128.563217 2 1151.380737 128.563217
17414 1 1152.921753 134.784012 2 1115.85022 134.784012
17665 1 891.648132 107.827217 2 879.908875 107.827217
16416 1 505.958466 306.892853 2 464.815735 306.892853
15145 1 522.547302 155.52002 2 517.208679 155.52002
15070 1 406.425659 163.814423 2 391.193604 163.814423
13746 1 362.880066 194.918427 2 345.349213 194.918427
17368 1 367.027252 306.892853 2 326.241943 306.892853
17432 1 189.11235 49.766407 2 153.566147 49.766407
17086 1 930.631836 226.437149 2 911.200745 226.437149
17402 1 1186.928833 129.392654 2 1150.512695 129.392654
17461 1 1154.580688 136.85762 2 1119.265259 136.85762
16539 1 970.444946 164.229141 2 947.150574 164.229141
17088 1 920.678528 171.694107 2 900.368347 171.694107
17187 1 681.799805 124.416016 2 672.890381 124.416016
17189 1 768.890991 191.600662 2 751.225586 191.600662
15951 1 104.509453 318.505005 2 62.493931 318.505005
17664 1 858.47052 109.486099 2 846.272888 109.486099
17637 1 624.56842 216.483871 2 610.947815 216.483871
16065 1 348.364838 111.974419 2 329.962982 111.974419
17405 1 711.659607 296.110107 2 675.448059 296.110107
17386 1 547.430481 296.110107 2 508.857819 296.110107
17707 1 540.463196 119.439384 2 536.15686 119.439384
16071 1 898.781372 226.93483 2 881.47406 226.93483
16528 1 842.047668 250.822708 2 814.859497 250.822708
17421 1 1152.590088 134.369308 2 1114.317993 134.369308
15541 1 856.9776 107.495445 2 846.0224 107.495445
17677 1 624.070801 214.990891 2 610.011963 214.990891
14704 1 627.056763 98.537491 2 622.309998 98.537491
17131 1 1012.248779 95.551506 2 1000.510742 95.551506
16142 1 385.192017 179.159073 2 370.916901 179.159073
17059 1 385.192017 259.78067 2 360.332764 259.78067
17494 1 271.724609 259.78067 2 244.605453 259.78067
16139 1 594.210938 152.285217 2 586.726379 152.285217
17546 1 999.707642 157.659988 2 973.709045 157.659988
15508 1 834.881348 247.239532 2 809.674988 247.239532
17046 1 1049.872192 150.493622 2 1021.764771 150.493622
17553 1 971.042236 164.826355 2 945.515564 164.826355
17576 1 917.294495 171.992722 2 898.179871 171.992722
15959 1 103.91227 85.996361 2 64.74781 85.996361
16577 1 695.137207 222.157257 2 678.795654 222.157257
17654 1 476.563141 204.241348 2 464.576416 204.241348
17539 1 89.579544 240.073166 2 58.544098 240.073166
17456 1 863.546753 265.155426 2 833.14209 265.155426
17639 1 967.459045 103.91227 2 956.909607 103.91227
17458 1 1150.201294 136.160904 2 1113.707642 136.160904
