15
-0.078171708 0.022139283 13.934071541 -0.0007349677267294874 -0.0036970695181395828 0.006546202835314058 0.9999714689569187
3395 1 1068.0 146.0 2 1043.233887 146.0
3413 1 1019.0 138.0 2 995.102051 138.0
3445 1 1027.0 109.0 2 1004.518738 109.0
3463 1 309.0 93.0 2 286.941284 93.0
3554 1 465.0 101.0 2 444.75824 101.0
3631 1 686.0 122.0 2 667.218384 122.0
3455 1 293.0 120.0 2 270.855286 120.0
3539 1 439.0 139.0 2 418.497803 139.0
3485 1 496.0 56.0 2 474.453552 56.0
3630 1 743.0 115.0 2 724.151062 115.0
3557 1 741.0 50.0 2 720.842773 50.0
3486 1 452.0 35.0 2 430.455841 35.0
3570 1 688.0 73.0 2 668.003479 73.0
3628 1 659.0 77.0 2 640.04187 77.0
2696 1 544.0 186.0 2 537.889832 186.0
3598 1 713.0 95.0 2 693.662354 95.0
3243 1 940.0 301.0 2 893.053772 301.0
3549 1 1112.0 91.0 2 1091.717896 91.0
3586 1 1116.0 38.0 2 1096.320068 38.0
3365 1 880.0 233.0 2 854.130859 233.0
3434 1 846.0 231.0 2 823.055542 231.0
3381 1 868.0 189.0 2 842.699219 189.0
3283 1 822.0 284.0 2 782.30603 284.0
3244 1 672.0 315.0 2 625.068176 315.0
3406 1 519.0 252.0 2 494.813629 252.0
3476 1 477.0 245.0 2 455.187622 245.0
2706 1 568.0 220.0 2 553.47345 220.0
3293 1 383.0 297.0 2 344.263794 297.0
3472 1 366.0 98.0 2 344.137543 98.0
3478 1 383.0 119.0 2 361.219025 119.0
3568 1 457.0 119.0 2 436.993164 119.0
3311 1 317.0 282.0 2 282.598877 282.0
3221 1 138.0 231.0 2 84.467514 231.0
3581 1 276.0 154.0 2 256.242126 154.0
3441 1 56.0 35.0 2 33.320499 35.0
3408 1 310.0 71.0 2 285.913361 71.0
3564 1 868.800049 111.600006 2 848.766907 111.600006
3623 1 848.0 109.0 2 828.921997 109.0
3530 1 886.800049 152.400009 2 866.115173 152.400009
3556 1 873.0 155.0 2 852.792969 155.0
3633 1 709.0 140.0 2 690.259155 140.0
3604 1 702.0 111.0 2 682.726074 111.0
3461 1 897.600037 51.600002 2 875.520325 51.600002
3427 1 451.200012 57.600002 2 428.017609 57.600002
3606 1 685.440002 120.960007 2 666.452759 120.960007
3571 1 464.400024 100.800003 2 444.45163 100.800003
3555 1 718.0 59.0 2 697.780457 59.0
3078 1 290.0 142.0 2 269.118469 142.0
3507 1 275.0 131.0 2 253.889801 131.0
3071 1 416.400024 136.800003 2 396.249664 136.800003
3070 1 436.0 108.0 2 414.951172 108.0
3537 1 417.600006 123.600006 2 397.036804 123.600006
3620 1 746.400024 60.000004 2 727.278015 60.000004
3579 1 660.0 76.800003 2 640.214966 76.800003
3103 1 913.200012 238.800003 2 884.17804 238.800003
3257 1 919.0 294.0 2 874.819824 294.0
3597 1 1111.200073 91.200005 2 1091.833008 91.200005
3335 1 1114.0 177.0 2 1082.456543 177.0
3425 1 1011.600037 104.400002 2 988.385498 104.400002
3398 1 1022.400024 153.600006 2 997.714111 153.600006
3418 1 1018.800049 138.0 2 995.191101 138.0
3213 1 862.0 328.0 2 806.877258 328.0
3268 1 850.800049 289.200012 2 808.186951 289.200012
3363 1 758.0 209.0 2 731.596191 209.0
3617 1 830.400024 54.000004 2 811.749695 54.000004
3403 1 519.600037 250.800003 2 495.115021 250.800003
2717 1 543.600037 184.800003 2 537.862549 184.800003
3359 1 555.600037 255.600006 2 528.316223 255.600006
3106 1 611.0 198.0 2 602.954041 198.0
3326 1 523.200012 272.400024 2 490.358978 272.400024
3287 1 382.800018 296.400024 2 343.646545 296.400024
3238 1 482.0 320.0 2 433.72171 320.0
3505 1 490.800018 90.0 2 469.654114 90.0
3497 1 436.0 101.0 2 414.730408 101.0
3487 1 427.680023 146.880005 2 406.299927 146.880005
3506 1 306.0 135.600006 2 284.881348 135.600006
3483 1 110.0 82.0 2 88.417557 82.0
3513 1 118.800003 76.800003 2 97.794212 76.800003
3523 1 97.0 146.0 2 76.131653 146.0
3584 1 873.600037 135.600006 2 853.890564 135.600006
3559 1 729.600037 88.800003 2 709.505249 88.800003
3456 1 414.000031 57.600002 2 391.859131 57.600002
3503 1 273.600006 131.040009 2 252.443481 131.040009
3599 1 659.52002 77.760002 2 640.183594 77.760002
2772 1 701.280029 103.680008 2 681.887695 103.680008
58 1 745.920044 59.040001 2 726.400757 59.040001
3272 1 1041.0 279.0 2 998.862488 279.0
3319 1 949.200012 244.800003 2 915.529419 244.800003
3207 1 920.160034 325.440002 2 864.444519 325.440002
3252 1 920.400024 294.0 2 875.695496 294.0
3562 1 1116.0 38.400002 2 1095.93335 38.400002
3340 1 1113.600098 176.400009 2 1082.566284 176.400009
3376 1 867.600037 188.400009 2 842.16864 188.400009
3224 1 802.800049 325.200012 2 750.148865 325.200012
3543 1 686.400024 234.000015 2 665.934265 234.000015
3356 1 745.920044 203.040009 2 718.415771 203.040009
3290 1 620.640015 290.880005 2 581.729614 290.880005
3655 1 504.000031 225.600006 2 485.899506 225.600006
1949 1 524.160034 200.160004 2 516.108826 200.160004
3261 1 589.0 306.0 2 545.352295 306.0
3264 1 561.0 304.0 2 517.701782 304.0
16 1 456.000031 190.800003 2 448.784027 190.800003
3297 1 387.360016 295.200012 2 349.071869 295.200012
3241 1 480.000031 319.200012 2 432.405792 319.200012
2377 1 619.200012 174.0 2 613.05011 174.0
3502 1 374.400024 58.800003 2 353.177979 58.800003
3481 1 437.76001 100.800003 2 415.926331 100.800003
3298 1 295.200012 236.400009 2 256.987213 236.400009
3231 1 213.600006 322.800018 2 164.407608 322.800018
3419 1 312.0 45.600002 2 288.47049 45.600002
3514 1 305.279999 135.360001 2 284.276489 135.360001
3490 1 69.120003 80.639999 2 47.697266 80.639999
3457 1 90.0 160.800003 2 67.867233 160.800003
3577 1 84.960007 118.080002 2 65.139862 118.080002
172 1 746.496094 60.480007 2 727.380005 60.480007
3618 1 728.640015 66.240005 2 709.506348 66.240005
3600 1 695.52002 106.560005 2 676.217163 106.560005
3595 1 698.112061 84.672005 2 678.736206 84.672005
3650 1 662.400024 96.480003 2 644.148132 96.480003
168 1 687.74408 72.576004 2 667.763916 72.576004
1991 1 642.240051 99.360001 2 631.490662 99.360001
3491 1 1117.440063 37.440002 2 1096.026733 37.440002
3245 1 479.52002 318.240021 2 432.76889 318.240021
2915 1 426.81604 319.680023 2 379.818909 319.680023
3299 1 387.072021 295.488037 2 348.988678 295.488037
3306 1 405.0 286.0 2 368.49118 286.0
3250 1 348.480011 316.800018 2 303.165283 316.800018
3273 1 292.320007 300.960022 2 250.386383 300.960022
3249 1 489.600006 310.800018 2 444.110168 310.800018
2969 1 950.400085 243.648026 2 917.028625 243.648026
3116 1 912.960022 239.040009 2 883.667786 239.040009
2998 1 519.840027 252.000015 2 494.371521 252.000015
3632 1 504.000031 226.080002 2 485.230408 226.080002
2956 1 822.528076 283.392029 2 783.480408 283.392029
3223 1 1072.800049 309.600006 2 1019.706482 309.600006
2914 1 949.200012 302.400024 2 900.914856 302.400024
3510 1 422.400024 238.800003 2 401.356262 238.800003
1508 1 456.480011 190.080002 2 448.597687 190.080002
2997 1 879.600037 232.800003 2 854.322388 232.800003
3420 1 843.840027 230.400009 2 820.361877 230.400009
2646 1 756.864075 209.088013 2 730.20636 209.088013
3458 1 1003.968079 93.312012 2 981.840942 93.312012
3270 1 1040.400024 278.400024 2 997.926453 278.400024
3342 1 1113.119995 175.680008 2 1082.111938 175.680008
3508 1 686.880005 233.280014 2 665.811218 233.280014
3518 1 62.400002 169.200012 2 41.497353 169.200012
3296 1 295.200012 236.160004 2 256.854034 236.160004
3641 1 312.768036 164.160019 2 294.207306 164.160019
2328 1 304.819244 134.784012 2 283.181549 134.784012
1204 1 660.096069 183.168015 2 646.462952 183.168015
3392 1 1022.400024 154.080002 2 997.552856 154.080002
3588 1 419.904053 167.616013 2 400.274933 167.616013
17 1 423.014465 145.152023 2 402.627136 145.152023
3391 1 1072.800049 134.400009 2 1047.857178 134.400009
1548 1 619.200012 174.240005 2 612.814575 174.240005
162 1 615.16803 112.320007 2 602.79187 112.320007
3171 1 561.600037 126.144012 2 554.531921 126.144012
3013 1 338.400024 82.080002 2 315.302124 82.080002
1206 1 342.144043 41.472008 2 318.947357 41.472008
3546 1 877.824097 122.688011 2 857.498474 122.688011
1577 1 514.944031 155.52002 2 512.204529 155.52002
3470 1 278.208038 81.216011 2 256.304199 81.216011
2682 1 311.040009 44.640003 2 287.551453 44.640003
3452 1 267.840027 46.656006 2 245.569458 46.656006
170 1 737.856079 112.320007 2 718.454956 112.320007
2725 1 692.640015 135.360001 2 674.262329 135.360001
3609 1 830.880005 53.280003 2 811.680969 53.280003
3642 1 679.104065 43.200005 2 660.574463 43.200005
1600 1 518.400085 250.90564 2 495.021088 250.90564
3124 1 522.547302 199.065628 2 515.407654 199.065628
3266 1 252.000015 272.160004 2 208.955002 272.160004
2560 1 126.489616 282.009644 2 67.728882 282.009644
3278 1 1026.432129 195.264023 2 985.962891 195.264023
3234 1 203.21283 267.494446 2 154.764984 267.494446
2290 1 554.688049 255.744019 2 527.925293 255.744019
1562 1 609.638489 201.139221 2 599.896179 201.139221
3279 1 825.292908 284.083252 2 785.394897 284.083252
3460 1 1003.622559 93.312012 2 981.513123 93.312012
2643 1 756.864136 209.433624 2 729.174683 209.433624
240 1 456.192078 188.697632 2 448.87384 188.697632
3573 1 109.900818 153.446426 2 89.976463 153.446426
3533 1 87.091209 118.195213 2 66.469116 118.195213
3544 1 371.174438 128.563217 2 350.711761 128.563217
3333 1 1114.560059 176.256012 2 1082.8125 176.256012
3397 1 1022.976074 153.792007 2 998.272705 153.792007
3405 1 1013.99054 138.931213 2 989.704834 138.931213
3496 1 403.10791 99.532814 2 382.639404 99.532814
3447 1 362.880035 89.85601 2 340.471283 89.85601
3159 1 461.376038 127.872009 2 441.085114 127.872009
3387 1 742.348877 232.243225 2 717.233765 232.243225
3527 1 687.74408 233.280029 2 666.981934 233.280029
3622 1 686.016052 120.960014 2 666.915588 120.960014
2346 1 808.704102 184.55043 2 789.842712 184.55043
3437 1 235.008026 50.112003 2 212.15184 50.112003
3385 1 1062.720093 165.888016 2 1037.477051 165.888016
3627 1 275.040009 158.400009 2 256.062592 158.400009
3304 1 293.76004 236.736023 2 256.543304 236.736023
3489 1 905.472107 76.032005 2 884.036194 76.032005
1999 1 758.937683 68.42881 2 739.319702 68.42881
147 1 458.265656 49.766407 2 437.04245 49.766407
3565 1 877.132935 122.342415 2 857.106628 122.342415
3417 1 338.688019 81.216011 2 315.017639 81.216011
3009 1 311.040039 44.928005 2 287.631104 44.928005
3561 1 889.574524 91.238411 2 869.507141 91.238411
3635 1 841.881714 103.680016 2 823.189819 103.680016
3649 1 663.552124 97.459213 2 645.274048 97.459213
3576 1 738.201721 85.017609 2 718.348511 85.017609
3295 1 387.763245 294.451233 2 349.230988 294.451233
2923 1 489.024048 311.040039 2 443.287201 311.040039
3585 1 161.740829 84.60289 2 142.03302 84.60289
3378 1 866.880005 188.640015 2 841.473938 188.640015
3428 1 1020.211365 106.997772 2 997.029541 106.997772
585 1 455.36261 189.11235 2 448.175262 189.11235
3155 1 798.336121 217.728027 2 779.073547 217.728027
1545 1 1022.284973 153.446426 2 997.812012 153.446426
3504 1 87.091209 174.182419 2 65.944374 174.182419
3336 1 1113.523315 176.256027 2 1082.067749 176.256027
3590 1 418.867249 167.961624 2 399.311981 167.961624
2415 1 460.339264 128.563217 2 440.807037 128.563217
3308 1 316.22403 221.184021 2 281.445862 221.184021
3321 1 326.592041 214.272018 2 293.41571 214.272018
2353 1 808.704102 184.135712 2 789.827942 184.135712
3353 1 358.732849 209.433624 2 330.841156 209.433624
3644 1 819.072083 57.024006 2 800.654358 57.024006
3122 1 276.480042 157.248016 2 256.765289 157.248016
112 1 303.575073 134.369293 2 282.550934 134.369293
487 1 617.103455 176.670746 2 611.623474 176.670746
26 1 403.10791 52.254726 2 380.91983 52.254726
3467 1 375.321655 60.134407 2 353.405823 60.134407
2384 1 337.996857 80.870415 2 314.708252 80.870415
3454 1 311.040039 64.696327 2 288.874847 64.696327
225 1 656.916626 185.131042 2 643.721863 185.131042
3444 1 739.031128 231.413788 2 716.544006 231.413788
3526 1 688.435303 234.316833 2 667.580261 234.316833
3519 1 890.818665 92.067856 2 869.917786 92.067856
2343 1 689.264709 114.462738 2 670.123718 114.462738
3195 1 124.416016 283.668518 2 64.410484 283.668518
2953 1 375.736359 301.086761 2 335.31308 301.086761
2305 1 553.651306 257.126434 2 525.75116 257.126434
2917 1 489.369659 311.040039 2 440.099976 311.040039
1998 1 522.547302 199.065628 2 514.735046 199.065628
2912 1 838.080017 308.160004 2 789.994812 308.160004
526 1 612.126831 200.060959 2 603.97522 200.060959
3300 1 294.451233 236.390427 2 256.463257 236.390427
3084 1 423.014465 144.322586 2 403.475555 144.322586
3471 1 86.593552 176.173096 2 64.710434 176.173096
3516 1 92.067856 144.322586 2 71.111511 144.322586
2352 1 277.696564 155.271194 2 256.911255 155.271194
1575 1 304.570435 134.369308 2 282.406067 134.369308
3377 1 779.040039 240.480011 2 753.612366 240.480011
2356 1 796.262512 216.483871 2 777.104004 216.483871
3352 1 755.454102 209.018921 2 727.502075 209.018921
351 1 618.098816 176.173096 2 611.820984 176.173096
3593 1 265.752625 143.327255 2 246.284882 143.327255
3032 1 373.248077 62.705677 2 352.342743 62.705677
3643 1 794.271912 185.131042 2 775.74707 185.131042
3646 1 402.278442 228.096039 2 383.928497 228.096039
325 1 689.264709 233.902115 2 667.97406 233.902115
3370 1 713.65033 212.004898 2 688.06366 212.004898
3325 1 1124.720825 156.764175 2 1091.801514 156.764175
3332 1 1127.209106 129.392654 2 1095.297363 129.392654
1967 1 262.766632 107.495445 2 241.977173 107.495445
3634 1 232.243225 116.121613 2 213.540649 116.121613
3511 1 889.823425 89.579536 2 868.78894 89.579536
2738 1 842.047668 104.50946 2 823.320251 104.50946
3436 1 320.993317 87.091209 2 298.11264 87.091209
3459 1 310.542389 65.691658 2 288.427887 65.691658
3540 1 686.776428 72.161293 2 666.295776 72.161293
3656 1 752.46814 101.523476 2 734.390198 101.523476
379 1 752.46814 68.677643 2 732.389282 68.677643
3592 1 86.593552 119.439384 2 67.115822 119.439384
3232 1 191.600662 263.761963 2 142.831314 263.761963
3201 1 127.872009 281.664032 2 68.555817 281.664032
3162 1 719.124573 271.226929 2 686.046509 271.226929
3367 1 893.307007 186.624023 2 867.595459 186.624023
3269 1 1038.873779 279.936035 2 996.293091 279.936035
579 1 361.901337 89.579544 2 339.011993 89.579544
3645 1 404.899536 225.740448 2 386.496033 225.740448
1564 1 367.276093 241.864746 2 338.68161 241.864746
3589 1 395.642944 206.530594 2 376.069397 206.530594
3349 1 358.318115 209.018906 2 329.915253 209.018906
3605 1 275.788849 157.593628 2 256.540527 157.593628
3341 1 1104.814331 161.243164 2 1073.797241 161.243164
3339 1 1128.702271 136.160904 2 1097.644287 136.160904
766 1 616.307251 197.074982 2 609.359558 197.074982
3409 1 740.52417 232.906799 2 716.475891 232.906799
3355 1 716.636353 211.407715 2 689.009277 211.407715
3368 1 1065.99646 167.215134 2 1040.377319 167.215134
2000 1 318.903168 85.996361 2 297.42984 85.996361
588 1 612.72406 103.91227 2 601.157959 103.91227
2734 1 711.659607 134.369293 2 692.393311 134.369293
3323 1 325.969971 213.995544 2 292.944122 213.995544
2736 1 352.346191 164.229156 2 332.455536 164.229156
533 1 373.248077 253.808685 2 345.32077 253.808685
226 1 519.56134 197.074982 2 512.242615 197.074982
333 1 659.30542 182.742264 2 643.707642 182.742264
1966 1 752.46814 211.407715 2 726.18042 211.407715
3345 1 892.212219 254.405899 2 862.491028 254.405899
1936 1 620.0 122.0 2 609.321899 122.0
2699 1 452.400024 34.800003 2 430.407928 34.800003
3020 1 480.000031 34.800003 2 457.351929 34.800003
3148 1 737.280029 112.320007 2 718.111206 112.320007
2904 1 802.080017 325.440002 2 749.128235 325.440002
2899 1 861.120056 326.880005 2 805.990479 326.880005
3113 1 895.680054 51.840004 2 874.564819 51.840004
3023 1 365.76001 97.920006 2 343.888153 97.920006
2889 1 96.768005 266.11203 2 36.786034 266.11203
2704 1 800.064087 217.728027 2 780.516907 217.728027
2990 1 889.920105 238.46402 2 863.534119 238.46402
2570 1 803.520081 324.864044 2 750.836609 324.864044
2927 1 235.008026 238.46402 2 190.579575 238.46402
2722 1 62.208008 169.344009 2 41.840717 169.344009
2378 1 1019.520081 138.240021 2 995.331665 138.240021
1930 1 768.960083 74.304008 2 750.212097 74.304008
1607 1 487.296051 34.560005 2 464.613892 34.560005
2243 1 804.556885 325.555237 2 751.541809 325.555237
2567 1 860.544128 327.628845 2 805.768311 327.628845
2888 1 97.459213 265.420837 2 37.472496 265.420837
275 1 613.785706 111.974419 2 602.492126 111.974419
2011 1 690.508911 114.048019 2 671.587708 114.048019
2661 1 1072.051392 134.784012 2 1047.467651 134.784012
1515 1 321.408051 87.091209 2 298.790894 87.091209
2988 1 880.865417 236.390427 2 855.721436 236.390427
2775 1 777.550415 240.073166 2 751.605652 240.073166
3154 1 375.736359 59.719688 2 353.224396 59.719688
3022 1 233.902115 49.766407 2 210.815933 49.766407
2735 1 520.05896 116.951057 2 512.777405 116.951057
1532 1 268.738586 47.278088 2 246.780228 47.278088
2928 1 487.710785 311.040039 2 442.114716 311.040039
3014 1 424.009796 238.878769 2 401.684143 238.878769
3137 1 429.981781 212.004898 2 421.804596 212.004898
3157 1 809.201843 185.131042 2 791.408936 185.131042
491 1 424.009796 143.327255 2 403.715179 143.327255
1168 1 122.425369 283.668549 2 64.275322 283.668549
2922 1 489.701477 310.542389 2 444.56073 310.542389
544 1 232.906799 114.661812 2 216.955795 114.661812
2745 1 394.149963 200.658173 2 374.548065 200.658173
3040 1 304.570435 132.577713 2 281.961945 132.577713
665 1 455.064056 189.90863 2 447.826477 189.90863
465 1 691.554077 236.48999 2 671.136047 236.48999
2365 1 519.56134 118.244995 2 512.827087 118.244995
3142 1 713.053162 179.159088 2 702.516296 179.159088
2571 1 193.491806 265.155426 2 143.233322 265.155426
2561 1 121.828178 283.07135 2 64.326645 283.07135
420 1 372.650879 254.405899 2 343.825195 254.405899
335 1 519.56134 197.074982 2 511.437073 197.074982
2918 1 827.714966 304.570435 2 782.03894 304.570435
