173
58.13668 -4.369152 58.41357 0.028413218880449044 0.6343812637311099 -0.02568179298506672 0.7720709466939186
23424 1 386.0 205.0 2 364.788086 205.0
23436 1 831.0 26.0 2 822.598328 26.0
23192 1 213.600006 62.400002 2 163.560455 62.400002
23435 1 650.400024 54.000004 2 642.855286 54.000004
23437 1 597.600037 31.200001 2 590.241882 31.200001
23325 1 813.600037 193.200012 2 776.815613 193.200012
23329 1 774.000061 194.400009 2 738.538635 194.400009
23317 1 860.400024 187.200012 2 824.580444 187.200012
23449 1 830.400024 26.400002 2 821.776855 26.400002
21597 1 556.800049 130.800003 2 552.13562 130.800003
23403 1 328.320007 233.280014 2 306.112762 233.280014
23441 1 649.440002 54.720001 2 642.535706 54.720001
19741 1 635.040039 50.400002 2 627.397827 50.400002
23418 1 236.160004 231.840012 2 215.033249 231.840012
22834 1 516.960022 141.12001 2 512.248657 141.12001
23454 1 671.040039 28.800001 2 663.946838 28.800001
23447 1 393.120026 220.320007 2 371.924896 220.320007
23416 1 384.480011 204.480011 2 362.920166 204.480011
23339 1 272.160004 201.600006 2 236.702057 201.600006
22833 1 597.600037 31.200001 2 590.241882 31.200001
23361 1 604.800049 254.880005 2 577.648804 254.880005
23433 1 619.200012 86.400002 2 611.63739 86.400002
21607 1 555.840027 131.040009 2 551.526978 131.040009
23230 1 277.920013 44.640003 2 231.637436 44.640003
23156 1 172.800003 125.280006 2 120.838112 125.280006
23286 1 280.800018 169.920013 2 240.11232 169.920013
23161 1 76.32 164.160004 2 24.228161 164.160004
17683 1 660.096069 105.408012 2 652.949158 105.408012
22686 1 207.360016 69.12001 2 157.55986 69.12001
23456 1 421.63205 155.52002 2 401.89859 155.52002
22787 1 1043.712158 67.392006 2 1006.576782 67.392006
23337 1 819.072083 198.720016 2 783.402466 198.720016
23330 1 774.144043 193.536011 2 738.604004 193.536011
22824 1 881.280151 163.814423 2 857.851746 163.814423
18130 1 622.080078 70.848007 2 613.831604 70.848007
23197 1 616.896057 323.136017 2 567.330017 323.136017
23078 1 461.376038 340.416046 2 406.393402 340.416046
22846 1 516.672058 139.968018 2 512.437744 139.968018
23420 1 304.128021 219.456024 2 282.296112 219.456024
23204 1 188.35202 171.072021 2 139.28389 171.072021
23216 1 224.640015 127.872009 2 178.348602 127.872009
23169 1 107.136009 46.656006 2 56.043385 46.656006
23149 1 76.032005 164.160019 2 23.860033 164.160019
23130 1 143.424011 148.608017 2 90.518784 148.608017
22831 1 775.526489 192.844833 2 740.001099 192.844833
23466 1 688.435303 39.398407 2 680.713501 39.398407
22827 1 738.201721 105.753616 2 727.296204 105.753616
22864 1 748.569702 70.502411 2 737.724304 70.502411
20365 1 680.140869 116.121613 2 670.163696 116.121613
23459 1 644.889709 141.004822 2 635.496216 141.004822
22825 1 717.465698 120.268814 2 706.665466 120.268814
23363 1 605.491272 255.052841 2 577.337036 255.052841
23205 1 615.859314 323.481659 2 567.033569 323.481659
23389 1 389.836853 230.169632 2 368.261383 230.169632
23410 1 331.776062 228.096039 2 310.476166 228.096039
23281 1 418.867249 304.819244 2 379.179718 304.819244
23442 1 620.00647 87.091209 2 612.420288 87.091209
23470 1 588.902466 47.692806 2 582.995544 47.692806
23391 1 288.230438 234.316833 2 266.375061 234.316833
23119 1 304.819244 331.776062 2 250.338821 331.776062
22720 1 292.377655 89.16481 2 248.622879 89.16481
23207 1 186.624023 172.108826 2 138.321091 172.108826
23220 1 226.02243 128.563217 2 178.853043 128.563217
23174 1 105.753616 45.619205 2 54.412807 45.619205
23153 1 128.563217 78.796814 2 78.275406 78.796814
23164 1 172.108826 124.416016 2 120.590637 124.416016
23463 1 398.131256 201.553955 2 378.887695 201.553955
23461 1 644.474976 141.834259 2 635.795593 141.834259
22184 1 423.014465 303.575073 2 380.70462 303.575073
23354 1 472.780853 263.761963 2 444.191986 263.761963
22782 1 432.967743 271.226929 2 399.453094 271.226929
23260 1 582.266968 301.086761 2 537.550415 301.086761
22749 1 736.542847 301.086761 2 694.377136 301.086761
23187 1 340.899902 320.993317 2 290.931458 320.993317
18179 1 739.031128 116.951057 2 728.598022 116.951057
22771 1 809.201843 194.088989 2 773.837097 194.088989
18185 1 619.591797 87.091209 2 612.333923 87.091209
22730 1 226.437149 296.110107 2 182.330887 296.110107
22263 1 880.865417 164.229141 2 857.287537 164.229141
23367 1 704.194641 223.948837 2 678.06781 223.948837
22652 1 106.997772 47.278088 2 56.196083 47.278088
14642 1 639.498352 99.532814 2 633.051025 99.532814
16536 1 681.799805 52.254726 2 673.990417 52.254726
22638 1 171.694107 124.416016 2 120.196869 124.416016
23145 1 141.834259 146.810898 2 89.638885 146.810898
17584 1 711.659607 82.114571 2 702.647827 82.114571
23176 1 129.392654 79.626251 2 78.416595 79.626251
23224 1 223.948837 129.392654 2 177.618103 129.392654
23400 1 296.110107 236.390427 2 274.041534 236.390427
23397 1 278.691895 218.972198 2 257.326874 218.972198
22737 1 256.296997 119.439377 2 211.595078 119.439377
23422 1 243.855392 223.948837 2 222.105988 223.948837
23473 1 515.082336 139.345947 2 511.121552 139.345947
23352 1 606.154846 259.78067 2 577.446716 259.78067
23478 1 546.435181 203.046951 2 534.033997 203.046951
23154 1 104.50946 155.271194 2 50.607231 155.271194
23163 1 116.4534 149.299225 2 64.37162 149.299225
13700 1 618.098816 83.607567 2 610.919617 83.607567
23471 1 728.580261 161.243164 2 701.758728 161.243164
23276 1 737.538208 301.584442 2 695.194397 301.584442
23326 1 776.355957 191.103012 2 740.488586 191.103012
23270 1 89.579536 271.724609 2 46.169437 271.724609
23370 1 707.678345 241.864746 2 680.999634 241.864746
23199 1 149.299225 179.159073 2 99.402428 179.159073
22703 1 179.159073 68.677643 2 129.04187 68.677643
23179 1 128.397339 77.635597 2 76.977791 77.635597
23305 1 337.41626 101.523476 2 298.202911 101.523476
23254 1 259.78067 92.565521 2 214.843613 92.565521
23190 1 217.976868 86.593552 2 170.075531 86.593552
23413 1 277.696564 220.96286 2 257.200989 220.96286
21655 1 424.009796 158.257187 2 403.616852 158.257187
22796 1 433.564972 268.738617 2 398.651337 268.738617
23491 1 644.972656 140.341278 2 635.447266 140.341278
23297 1 776.355957 295.612457 2 736.202148 295.612457
22773 1 868.921509 209.018921 2 832.606812 209.018921
21032 1 429.981781 222.157257 2 411.660706 222.157257
22849 1 415.649078 218.574081 2 394.895569 218.574081
21646 1 627.056763 68.080452 2 620.012695 68.080452
23358 1 609.140869 261.572266 2 578.681213 261.572266
23284 1 738.135437 300.987244 2 696.070496 300.987244
22692 1 691.554077 304.570435 2 645.300293 304.570435
22800 1 773.967224 293.820892 2 733.995911 293.820892
22812 1 770.384033 157.659988 2 734.691101 157.659988
23202 1 179.159088 68.080452 2 129.683258 68.080452
23476 1 515.978149 136.160904 2 511.591949 136.160904
23346 1 781.133606 243.656357 2 746.257507 243.656357
17688 1 720.219482 118.244995 2 710.96344 118.244995
23365 1 705.88678 243.656357 2 679.495483 243.656357
23278 1 272.321808 128.994537 2 228.50885 128.994537
23385 1 243.656357 222.157257 2 221.567383 222.157257
23364 1 214.990891 232.906799 2 192.937485 232.906799
23306 1 232.906799 189.90863 2 192.415054 189.90863
22853 1 369.067719 222.157257 2 348.938904 222.157257
23409 1 279.488159 218.574081 2 257.618073 218.574081
23144 1 118.244995 168.409531 2 65.905975 168.409531
23506 1 619.890442 82.413177 2 612.010315 82.413177
15145 1 644.972717 139.74408 2 636.014709 139.74408
23310 1 867.129944 207.824539 2 830.750854 207.824539
23833 1 613.0 275.0 2 579.217041 275.0
23626 1 225.0 128.0 2 178.32666 128.0
23950 1 304.0 220.0 2 282.982452 220.0
23955 1 319.0 208.0 2 298.077454 208.0
23853 1 296.0 266.0 2 266.569977 266.0
23721 1 347.0 61.0 2 307.933167 61.0
23877 1 390.0 244.0 2 364.513428 244.0
23903 1 459.0 241.0 2 436.452576 241.0
23987 1 383.0 184.0 2 362.611877 184.0
24048 1 398.0 64.0 2 378.955505 64.0
23892 1 369.0 47.0 2 345.174988 47.0
24028 1 426.0 192.0 2 406.374908 192.0
24008 1 399.0 175.0 2 379.094116 175.0
24016 1 454.0 30.0 2 434.234344 30.0
23581 1 931.0 317.0 2 880.628113 317.0
23623 1 907.0 308.0 2 859.80542 308.0
23764 1 1014.0 273.0 2 977.030579 273.0
23778 1 815.0 231.0 2 778.974304 231.0
23838 1 866.0 250.0 2 832.311951 250.0
23793 1 864.0 216.0 2 828.421692 216.0
23872 1 707.0 226.0 2 680.891418 226.0
23840 1 289.0 185.0 2 255.409332 185.0
23558 1 189.0 127.0 2 137.625809 127.0
23656 1 287.0 76.0 2 242.478699 76.0
23672 1 295.0 131.0 2 251.947495 131.0
23671 1 285.0 121.0 2 241.918945 121.0
23524 1 271.200012 336.0 2 216.453674 336.0
23611 1 263.0 312.0 2 215.042404 312.0
23959 1 303.600006 219.600006 2 282.726349 219.600006
23937 1 319.200012 207.600006 2 297.888031 207.600006
23862 1 350.0 243.0 2 323.272278 243.0
23879 1 333.600006 234.000015 2 308.242432 234.000015
23798 1 319.0 131.0 2 283.585876 131.0
23635 1 309.600006 37.200001 2 263.978271 37.200001
23570 1 342.0 320.0 2 291.205536 320.0
23908 1 316.0 231.0 2 293.688202 231.0
23431 1 751.0 72.0 2 740.643555 72.0
23972 1 398.880005 174.240005 2 378.774475 174.240005
23939 1 372.0 183.600006 2 350.704712 183.600006
23893 1 387.600006 76.800003 2 364.204407 76.800003
23739 1 345.600006 105.600006 2 307.350189 105.600006
23947 1 332.400024 211.200012 2 311.257629 211.200012
23930 1 355.0 198.0 2 333.334747 198.0
23984 1 393.600006 220.800003 2 373.024994 220.800003
24019 1 399.600006 90.0 2 379.869446 90.0
24038 1 429.0 217.0 2 409.538025 217.0
23871 1 940.800049 138.0 2 914.571716 138.0
23785 1 814.0 194.0 2 778.296082 194.0
23828 1 866.400024 249.600006 2 832.143372 249.600006
23741 1 758.0 283.0 2 719.840759 283.0
23866 1 712.0 247.0 2 685.59668 247.0
23867 1 706.800049 225.600006 2 680.43219 225.600006
23596 1 617.0 323.0 2 567.264893 323.0
23776 1 636.0 278.0 2 599.782288 278.0
23756 1 720.0 282.0 2 682.418457 282.0
23983 1 880.0 36.0 2 859.586365 36.0
23858 1 605.0 255.0 2 577.350586 255.0
23526 1 510.0 341.0 2 455.715546 341.0
23755 1 586.0 288.0 2 548.397705 288.0
23682 1 581.0 296.0 2 539.462891 296.0
23847 1 474.000031 264.0 2 442.645447 264.0
23673 1 408.000031 306.0 2 365.032898 306.0
23681 1 417.600006 306.0 2 375.990295 306.0
23592 1 207.0 313.0 2 157.131897 313.0
23704 1 280.0 169.0 2 239.923157 169.0
23568 1 131.0 80.0 2 80.155243 80.0
23553 1 184.0 105.0 2 132.15715 105.0
23549 1 186.0 70.0 2 133.900467 70.0
23564 1 78.0 165.0 2 26.809179 165.0
23546 1 116.0 149.0 2 63.787903 149.0
23615 1 217.0 89.0 2 169.211151 89.0
23974 1 350.400024 230.400009 2 329.822174 230.400009
23734 1 347.0 106.0 2 308.617828 106.0
23742 1 357.600006 91.200005 2 319.507385 91.200005
23835 1 271.200012 202.800003 2 237.485031 202.800003
23909 1 205.920013 234.720016 2 183.649033 234.720016
23446 1 361.440002 220.320007 2 340.806305 220.320007
23981 1 357.600006 199.200012 2 337.134399 199.200012
23958 1 398.400024 210.000015 2 377.509033 210.000015
24023 1 401.76001 142.560013 2 382.040436 142.560013
23818 1 374.400024 115.200005 2 339.612061 115.200005
23888 1 369.600006 46.800003 2 345.079926 46.800003
23980 1 382.800018 183.600006 2 362.333466 183.600006
24005 1 388.800018 153.600006 2 368.837769 153.600006
24034 1 420.480011 156.960007 2 400.972778 156.960007
24042 1 405.600006 142.800003 2 386.240448 142.800003
24050 1 428.400024 216.000015 2 409.431244 216.000015
23926 1 414.720032 228.960007 2 392.926361 228.960007
24032 1 426.000031 192.0 2 406.426788 192.0
23575 1 931.200012 316.800018 2 880.585449 316.800018
23619 1 907.200012 307.200012 2 859.616699 307.200012
23770 1 1042.560059 67.68 2 1005.942139 67.68
23886 1 922.800049 162.0 2 898.09137 162.0
23873 1 940.320007 138.240005 2 914.511475 138.240005
23801 1 777.600037 228.960007 2 742.218018 228.960007
23812 1 770.400024 195.600006 2 735.336792 195.600006
23804 1 864.000061 216.000015 2 828.671082 216.000015
23684 1 778.0 298.0 2 736.954285 298.0
23923 1 679.200012 236.400009 2 657.263611 236.400009
23863 1 711.360046 246.240005 2 684.900879 246.240005
23765 1 636.0 277.200012 2 599.043884 277.200012
23659 1 700.800049 306.0 2 656.600037 306.0
23967 1 878.400024 73.440002 2 857.66626 73.440002
23968 1 879.600037 36.0 2 858.885742 36.0
23817 1 771.840027 161.279999 2 737.041382 161.279999
24047 1 825.120056 123.840004 2 805.971008 123.840004
23825 1 851.0 153.0 2 816.570068 153.0
23897 1 898.560059 148.320007 2 875.549988 148.320007
23724 1 540.0 290.880005 2 501.110077 290.880005
23689 1 580.800049 295.200012 2 539.996704 295.200012
23658 1 355.680023 299.52002 2 311.290588 299.52002
23822 1 435.600006 272.400024 2 400.977325 272.400024
23594 1 340.800018 320.400024 2 290.979401 320.400024
23648 1 272.400024 110.400002 2 227.579575 110.400002
23692 1 280.800018 169.200012 2 240.074234 169.200012
23563 1 130.800003 79.200005 2 79.606949 79.200005
23573 1 108.000008 47.52 2 57.352596 47.52
23585 1 188.400009 99.600006 2 138.107483 99.600006
23543 1 115.200005 148.800003 2 62.742676 148.800003
23762 1 1014.000061 272.400024 2 976.936462 272.400024
24026 1 397.440033 138.240021 2 377.734497 138.240021
24024 1 377.280029 141.12001 2 357.56134 141.12001
23945 1 333.504028 210.816025 2 312.341339 210.816025
23839 1 333.504028 139.968018 2 299.876465 139.968018
23988 1 399.16803 174.528015 2 378.81955 174.528015
24013 1 398.880005 165.600006 2 379.088043 165.600006
23994 1 355.968048 214.272018 2 335.703644 214.272018
23924 1 347.328033 228.096024 2 325.42395 228.096024
23943 1 355.200012 198.000015 2 334.017639 198.000015
24054 1 443.52002 41.760002 2 424.832367 41.760002
23982 1 419.040009 220.320007 2 398.59903 220.320007
24021 1 426.240021 191.520004 2 406.512451 191.520004
23588 1 930.240051 316.800018 2 880.140381 316.800018
23710 1 1068.480103 69.120003 2 1028.785278 69.120003
23758 1 1031.040039 50.400002 2 993.648987 50.400002
23874 1 923.040039 162.720001 2 897.243896 162.720001
23905 1 941.760071 138.240021 2 919.282288 138.240021
23772 1 813.600037 230.400009 2 777.203552 230.400009
23320 1 817.920044 197.280014 2 782.359497 197.280014
23809 1 771.0 192.0 2 735.787354 192.0
23829 1 867.456055 250.560028 2 833.25061 250.560028
23942 1 678.240051 236.160004 2 657.051819 236.160004
23870 1 705.024048 222.912018 2 678.795349 222.912018
23808 1 633.600037 277.920013 2 598.358398 277.920013
23617 1 702.0 316.800018 2 654.314026 316.800018
23746 1 715.680054 282.240021 2 677.700012 282.240021
23998 1 882.720032 36.0 2 862.635803 36.0
23805 1 773.452881 161.740829 2 738.738831 161.740829
23901 1 895.104065 146.88002 2 872.433594 146.88002
23784 1 850.176086 152.064011 2 814.389282 152.064011
23452 1 620.352051 88.128006 2 612.869629 88.128006
23703 1 580.320007 295.200012 2 540.21051 295.200012
23963 1 388.800018 228.960007 2 367.967987 228.960007
23991 1 351.360016 230.400009 2 331.081238 230.400009
23624 1 381.600006 313.920013 2 334.45224 313.920013
24062 1 412.992035 67.392006 2 394.552368 67.392006
23910 1 226.080002 236.160004 2 203.809586 236.160004
23916 1 205.632019 235.008026 2 183.566223 235.008026
23949 1 238.46402 228.096024 2 217.446426 228.096024
23913 1 328.320007 233.280014 2 306.112762 233.280014
23904 1 288.0 234.720016 2 265.517181 234.720016
23556 1 231.840012 322.559998 2 180.337906 322.559998
23769 1 116.640007 250.560013 2 79.868073 250.560013
23729 1 158.400009 247.680008 2 119.860374 247.680008
23641 1 93.600006 270.720001 2 48.293758 270.720001
23604 1 204.480011 312.480011 2 156.016922 312.480011
23647 1 272.160004 110.880005 2 227.305359 110.880005
23670 1 295.200012 130.800003 2 251.990494 130.800003
23538 1 86.400002 83.520004 2 33.510384 83.520004
23557 1 131.040009 79.200005 2 79.584175 79.200005
23583 1 188.640015 99.360001 2 138.323914 99.360001
23595 1 207.360016 69.12001 2 157.55986 69.12001
23535 1 115.200005 148.320007 2 62.256508 148.320007
23740 1 1013.76001 272.160004 2 975.554443 272.160004
23978 1 418.176025 221.184021 2 397.665161 221.184021
24004 1 426.81604 191.808014 2 406.852325 191.808014
24030 1 397.440002 223.200012 2 377.852844 223.200012
24000 1 367.027252 223.948837 2 346.988342 223.948837
23964 1 400.204865 201.139221 2 379.381927 201.139221
23398 1 279.936035 217.728027 2 258.829315 217.728027
23735 1 343.87204 105.408012 2 305.501617 105.408012
23995 1 361.152039 221.184021 2 340.920654 221.184021
23966 1 356.659241 199.065628 2 335.92157 199.065628
23709 1 1069.63208 69.12001 2 1029.90332 69.12001
23823 1 864.691345 215.654434 2 830.084656 215.654434
23928 1 679.104065 236.736023 2 657.398987 236.736023
24001 1 628.300903 230.169632 2 608.286926 230.169632
23685 1 777.600098 297.216034 2 736.58374 297.216034
23752 1 757.200012 283.200012 2 719.510498 283.200012
22240 1 879.552063 74.304008 2 858.293762 74.304008
23881 1 922.752075 162.432022 2 897.74115 162.432022
23649 1 580.608093 300.672028 2 535.834656 300.672028
23841 1 613.440063 274.752014 2 580.215881 274.752014
23401 1 879.840027 164.160004 2 856.618896 164.160004
23830 1 846.028931 151.372818 2 812.013489 151.372818
23786 1 632.448059 278.208038 2 596.779419 278.208038
24058 1 501.120056 228.096024 2 482.562866 228.096024
23679 1 418.176025 305.856018 2 376.150299 305.856018
23827 1 434.880005 272.160004 2 400.554901 272.160004
23788 1 813.888062 229.82402 2 778.272461 229.82402
23790 1 777.600098 229.82402 2 742.002747 229.82402
23911 1 916.800049 93.600006 2 894.549072 93.600006
23630 1 224.640015 128.160004 2 178.393845 128.160004
23654 1 687.0 307.0 2 642.405762 307.0
23768 1 717.120056 281.664032 2 680.29657 281.664032
23855 1 732.672058 247.104019 2 703.663757 247.104019
23868 1 705.600037 221.76001 2 679.282043 221.76001
23802 1 766.080017 158.400009 2 730.711243 158.400009
24051 1 823.219299 124.416016 2 804.266052 124.416016
23548 1 230.169632 323.481659 2 178.042358 323.481659
23610 1 203.904022 312.768036 2 155.899673 312.768036
23210 1 217.440002 89.280006 2 169.363953 89.280006
23552 1 172.800018 126.144012 2 120.74752 126.144012
23700 1 279.936035 169.344009 2 239.749298 169.344009
23677 1 293.76001 128.160004 2 251.011871 128.160004
23898 1 226.368027 236.736023 2 203.643768 236.736023
23938 1 238.464035 228.096039 2 217.162064 228.096039
23971 1 388.800049 229.82402 2 368.196075 229.82402
23999 1 399.16803 165.888016 2 379.123932 165.888016
24017 1 388.800018 154.080002 2 369.056763 154.080002
24014 1 406.425659 180.403229 2 386.639221 180.403229
24059 1 406.425659 122.342415 2 387.869904 122.342415
23760 1 1014.336121 273.024017 2 977.193604 273.024017
23745 1 756.0 283.680023 2 718.015686 283.680023
23934 1 879.206543 74.649612 2 857.760559 74.649612
23697 1 682.214478 294.451233 2 641.866211 294.451233
23761 1 628.300903 279.936035 2 591.202026 279.936035
23789 1 868.423828 209.018906 2 832.81665 209.018906
23712 1 580.608032 295.488037 2 540.978943 295.488037
23844 1 609.638489 271.641632 2 577.03363 271.641632
23882 1 922.752136 161.740829 2 897.853638 161.740829
23875 1 943.488159 138.931213 2 917.705505 138.931213
23890 1 897.868896 147.225616 2 873.673096 147.225616
23680 1 367.027252 294.451233 2 325.131195 294.451233
23586 1 323.481659 320.993317 2 273.248932 320.993317
23737 1 711.659607 283.668518 2 673.36676 283.668518
23576 1 151.372818 176.256027 2 100.824989 176.256027
23565 1 99.532814 124.416016 2 48.455181 124.416016
23753 1 159.667221 248.832031 2 122.044037 248.832031
23774 1 763.776062 219.456024 2 727.490601 219.456024
23878 1 709.171326 244.68483 2 683.739807 244.68483
23376 1 705.024109 223.948837 2 678.697266 223.948837
23775 1 217.728027 265.420837 2 181.50798 265.420837
15040 1 719.124573 119.439377 2 708.850098 119.439377
23854 1 457.850952 258.785309 2 428.56723 258.785309
23976 1 418.037811 218.972198 2 397.759735 218.972198
23599 1 205.286423 313.113647 2 155.813385 313.113647
24052 1 824.256104 124.416016 2 805.309631 124.416016
23607 1 186.624023 172.108826 2 138.321091 172.108826
23674 1 293.76004 127.872009 2 250.832047 127.872009
23652 1 271.641632 109.900818 2 227.03064 109.900818
23616 1 219.801636 78.796814 2 172.037689 78.796814
23900 1 226.02243 236.390427 2 203.345657 236.390427
24031 1 397.440033 222.912018 2 377.860291 222.912018
23455 1 393.984039 221.184021 2 371.968079 221.184021
23996 1 355.829803 199.065628 2 335.664856 199.065628
23920 1 333.434937 226.437149 2 311.440033 226.437149
23929 1 300.960022 224.640015 2 279.259827 224.640015
23606 1 211.507233 87.091209 2 163.089584 87.091209
23986 1 400.204865 165.888031 2 379.802704 165.888031
24003 1 387.763245 153.446426 2 367.79361 153.446426
23723 1 1045.094604 68.42881 2 1006.198914 68.42881
23571 1 131.880981 196.577301 2 81.091278 196.577301
23771 1 830.103699 223.948837 2 793.613892 223.948837
23813 1 777.600098 230.169632 2 742.581177 230.169632
23715 1 278.691895 169.20578 2 239.133636 169.20578
22755 1 236.736023 186.624023 2 196.219849 186.624023
23876 1 923.16687 161.740829 2 897.479187 161.740829
23848 1 951.782532 138.931213 2 920.785278 138.931213
23899 1 893.307007 146.810898 2 870.601013 146.810898
23754 1 182.145065 268.738617 2 144.533905 268.738617
23759 1 706.0 280.0 2 668.650024 280.0
23662 1 226.437149 296.110107 2 182.330887 296.110107
23667 1 89.579536 271.724609 2 46.169437 271.724609
23796 1 809.201843 161.243164 2 773.730835 161.243164
23824 1 773.867615 161.740829 2 739.352356 161.740829
24057 1 823.634033 124.416016 2 805.01239 124.416016
23800 1 768.0 159.0 2 732.613892 159.0
23946 1 380.713013 72.161293 2 359.569214 72.161293
23861 1 709.171326 241.367081 2 682.317688 241.367081
23860 1 716.636292 191.103012 2 689.656433 191.103012
23650 1 271.226929 109.486099 2 226.492111 109.486099
23711 1 338.41156 102.021133 2 298.764038 102.021133
23263 1 293.76004 88.128006 2 249.958344 88.128006
23836 1 330.946594 136.85762 2 297.252167 136.85762
23666 1 294.451233 128.563217 2 251.00769 128.563217
23933 1 389.836853 230.169632 2 368.261383 230.169632
23477 1 415.051849 212.004898 2 394.767242 212.004898
24007 1 355.332153 197.074982 2 335.426025 197.074982
23912 1 281.180206 233.902115 2 258.933838 233.902115
23951 1 318.240021 207.360016 2 297.250763 207.360016
23609 1 221.46051 79.626251 2 173.407196 79.626251
24041 1 398.131256 164.229141 2 378.739319 164.229141
23979 1 364.290131 161.243164 2 343.781219 161.243164
24011 1 420.940857 155.52002 2 401.112579 155.52002
24035 1 427.161652 143.078415 2 407.654968 143.078415
23725 1 159.252502 248.832031 2 120.399559 248.832031
23678 1 365.783081 296.110107 2 323.066376 296.110107
23895 1 880.865417 164.229156 2 857.558838 164.229156
23794 1 624.070801 280.682556 2 588.492981 280.682556
22768 1 1067.48938 69.672974 2 1028.609375 69.672974
24056 1 501.645416 229.323624 2 482.99884 229.323624
23591 1 149.299225 179.159073 2 99.402428 179.159073
23528 1 143.327271 146.910446 2 89.300987 146.910446
23779 1 813.382202 222.157257 2 777.381409 222.157257
23821 1 763.0849 223.948837 2 728.438721 223.948837
23799 1 773.867615 191.600662 2 738.477661 191.600662
23566 1 170.201126 125.411354 2 119.248375 125.411354
23687 1 140.341278 259.78067 2 99.338867 259.78067
24064 1 429.981781 222.157257 2 411.660706 222.157257
23992 1 410.572845 217.728027 2 390.294617 217.728027
23751 1 182.742264 268.738617 2 144.979401 268.738617
23766 1 181.647385 268.738586 2 144.701508 268.738586
23665 1 275.904999 114.661812 2 232.139496 114.661812
24039 1 398.131256 221.46051 2 378.712524 221.46051
23925 1 373.248047 223.948837 2 351.437439 223.948837
24009 1 354.734985 197.074982 2 334.83075 197.074982
21604 1 728.580261 247.836716 2 701.545288 247.836716
23914 1 689.762451 241.864746 2 667.689575 241.864746
23815 1 307.556396 170.201126 2 272.689331 170.201126
24033 1 397.135956 164.229156 2 377.620361 164.229156
23849 1 354.734985 154.076813 2 323.798401 154.076813
24044 1 818.15979 116.4534 2 798.906311 116.4534
23572 1 175.575897 103.91227 2 124.83683 103.91227
23919 1 325.472321 232.906799 2 303.474792 232.906799
23921 1 279.936035 233.280029 2 257.941833 233.280029
23932 1 268.738617 235.892776 2 247.111572 235.892776
23917 1 214.990891 232.906799 2 192.937485 232.906799
23287 1 337.41626 101.523476 2 298.202911 101.523476
23675 1 293.621796 126.904335 2 250.711761 126.904335
23732 1 357.696045 88.128006 2 319.264038 88.128006
23691 1 277.696564 158.257187 2 236.917725 158.257187
23747 1 158.257187 247.836716 2 120.316917 247.836716
23668 1 385.192017 295.612457 2 341.818512 295.612457
23820 1 770.384033 155.271194 2 735.715515 155.271194
24061 1 821.145752 125.411354 2 802.679749 125.411354
23705 1 707.678345 283.668549 2 667.706421 283.668549
23852 1 955.584106 138.240021 2 926.121277 138.240021
