176
60.31245 -4.516372 58.86609 0.025847221567746204 0.6309750811472745 -0.027821701716393605 0.7748730999473541
24063 1 470.0 225.0 2 450.446564 225.0
23987 1 362.0 182.0 2 338.754211 182.0
23903 1 444.000031 248.400009 2 417.102692 248.400009
23955 1 285.600006 207.600006 2 260.581665 207.600006
23431 1 768.0 63.600002 2 756.592407 63.600002
23435 1 660.0 46.800003 2 652.380554 46.800003
23892 1 340.800018 22.800001 2 312.220032 22.800001
23908 1 282.0 235.200012 2 257.914948 235.200012
24008 1 380.400024 171.600006 2 357.444855 171.600006
23980 1 361.200012 181.200012 2 338.129639 181.200012
24028 1 410.400024 190.800003 2 387.537628 190.800003
23866 1 738.0 258.0 2 707.10968 258.0
23858 1 612.0 267.600006 2 578.820557 267.600006
24067 1 550.800049 69.600006 2 550.289246 69.600006
24073 1 562.800049 127.200005 2 557.439697 127.200005
24048 1 381.600006 48.0 2 360.985901 48.0
23950 1 270.0 222.000015 2 245.504837 222.000015
23657 1 188.400009 37.200001 2 128.547623 37.200001
23840 1 223.200012 182.400009 2 181.719254 182.400009
23888 1 334.080017 27.360001 2 303.30304 27.360001
23937 1 285.120026 207.360016 2 259.574066 207.360016
24074 1 499.680023 180.0 2 495.464447 180.0
24075 1 488.160034 158.400009 2 483.454498 158.400009
23984 1 373.248047 222.912018 2 349.360535 222.912018
23972 1 380.160004 171.360001 2 357.072998 171.360001
24005 1 368.640015 148.320007 2 345.797577 148.320007
24038 1 414.720032 218.880005 2 392.37027 218.880005
23930 1 328.320007 197.280014 2 304.217407 197.280014
24042 1 385.920013 129.600006 2 362.78891 129.600006
23785 1 876.960022 198.720001 2 831.405518 198.720001
23684 1 839.52002 335.52002 2 784.691284 335.52002
23776 1 650.880005 302.400024 2 606.475342 302.400024
23756 1 764.640015 306.720001 2 717.715576 306.720001
24068 1 735.840027 110.880005 2 725.140747 110.880005
23755 1 587.52002 316.800018 2 538.04303 316.800018
23974 1 324.0 234.720016 2 300.996735 234.720016
22834 1 521.280029 136.800003 2 516.83252 136.800003
21597 1 561.600037 126.720001 2 556.128235 126.720001
23959 1 269.279999 221.76001 2 245.567047 221.76001
23502 1 749.952087 82.944008 2 738.50177 82.944008
24013 1 381.888031 162.432022 2 358.889282 162.432022
24029 1 369.792023 148.608017 2 346.521515 148.608017
23424 1 361.152039 205.632019 2 336.690918 205.632019
24087 1 466.560059 34.560005 2 450.530487 34.560005
24034 1 406.080048 150.336014 2 383.601715 150.336014
24066 1 426.81604 77.76001 2 407.009521 77.76001
24050 1 414.720032 219.456024 2 392.336151 219.456024
24032 1 411.264038 191.808014 2 389.040497 191.808014
23764 1 1138.752075 302.400024 2 1088.485718 302.400024
23317 1 936.576111 188.35202 2 891.195312 188.35202
23749 1 1181.952148 38.016003 2 1132.500244 38.016003
23886 1 988.416077 160.70401 2 957.863403 160.70401
23801 1 831.168091 241.920029 2 786.563477 241.920029
23325 1 877.824097 198.720016 2 832.194153 198.720016
23817 1 824.256104 157.248016 2 779.936707 157.248016
22857 1 725.760071 72.576004 2 715.856873 72.576004
24076 1 751.680054 63.936005 2 740.931641 63.936005
23744 1 587.520081 316.22403 2 540.891602 316.22403
23926 1 395.712036 233.280029 2 370.889252 233.280029
23446 1 336.960022 222.912018 2 313.92807 222.912018
23822 1 400.896027 290.304016 2 358.493896 290.304016
24084 1 551.232056 69.12001 2 550.479065 69.12001
22846 1 521.856079 136.512009 2 517.199158 136.512009
23429 1 489.024048 134.784012 2 484.051086 134.784012
21607 1 561.600037 127.872009 2 557.173462 127.872009
23924 1 321.40802 229.82402 2 296.503113 229.82402
23415 1 269.568024 222.912018 2 245.935883 222.912018
23843 1 148.608017 278.208038 2 107.933418 278.208038
23456 1 408.499268 157.593628 2 385.475159 157.593628
20365 1 692.58252 114.048019 2 681.92334 114.048019
23793 1 941.414551 228.096039 2 896.5047 228.096039
23321 1 935.193726 190.771225 2 889.358154 190.771225
23874 1 989.107361 161.740829 2 958.18335 161.740829
23871 1 1011.916931 132.710419 2 983.408508 132.710419
23741 1 806.630493 313.113647 2 757.676086 313.113647
23808 1 651.110474 302.745636 2 604.754822 302.745636
24091 1 754.790527 114.048019 2 741.471558 114.048019
22825 1 727.833679 116.121613 2 717.880554 116.121613
23805 1 827.117737 158.257187 2 782.848816 158.257187
23790 1 831.513733 244.68483 2 786.743774 244.68483
23812 1 827.366516 199.065628 2 782.334534 199.065628
23911 1 972.518555 82.944016 2 947.367004 82.944016
23320 1 883.353699 205.286423 2 837.954529 205.286423
23470 1 597.196899 39.398407 2 589.799744 39.398407
24058 1 495.590485 232.243225 2 474.722595 232.243225
22824 1 935.193726 159.667221 2 907.170898 159.667221
23897 1 953.85614 145.152023 2 926.393494 145.152023
23901 1 949.708923 143.078415 2 922.842834 143.078415
23356 1 454.118469 279.936035 2 417.408264 279.936035
23863 1 736.542847 256.296997 2 705.87439 256.296997
23923 1 696.729675 244.68483 2 671.731323 244.68483
23648 1 167.961624 82.944016 2 108.208237 82.944016
24021 1 412.646454 190.771225 2 389.221375 190.771225
23916 1 165.888031 238.464035 2 139.544739 238.464035
23452 1 628.300903 82.944016 2 620.226013 82.944016
21051 1 725.760132 72.576012 2 716.023865 72.576012
24090 1 752.716919 64.281609 2 741.442871 64.281609
16536 1 700.876892 39.398407 2 692.322876 39.398407
23921 1 242.611237 238.464035 2 217.046448 238.464035
23910 1 180.403229 240.537628 2 154.08078 240.537628
23447 1 373.248047 223.948837 2 349.795013 223.948837
23670 1 203.21283 109.900818 2 146.881592 109.900818
23420 1 269.568024 221.875229 2 245.557297 221.875229
23762 1 1138.406616 302.745636 2 1087.719849 302.745636
23928 1 689.264709 243.855392 2 663.861206 243.855392
23761 1 646.963318 303.575073 2 600.917419 303.575073
15040 1 734.054504 114.462738 2 722.114441 114.462738
23745 1 803.727478 313.528351 2 754.061462 313.528351
23327 1 935.608459 261.273651 2 890.57196 261.273651
23789 1 948.050049 218.972198 2 902.836121 218.972198
23354 1 455.36261 278.691895 2 419.020691 278.691895
23881 1 987.863159 161.740829 2 957.756836 161.740829
23875 1 1025.187988 134.369293 2 992.194824 134.369293
23873 1 1010.258057 131.880981 2 978.595154 131.880981
16157 1 612.126831 149.299225 2 600.937439 149.299225
22794 1 826.122375 156.764175 2 781.870361 156.764175
24051 1 858.47052 119.439377 2 837.711792 119.439377
23813 1 838.563965 248.832031 2 793.547974 248.832031
23337 1 883.353699 206.530594 2 838.196289 206.530594
24097 1 594.708557 47.278088 2 586.617554 47.278088
23827 1 400.619568 291.133484 2 357.847992 291.133484
22831 1 828.610657 199.065628 2 783.405823 199.065628
23401 1 935.608459 159.252502 2 908.832581 159.252502
23870 1 729.077881 226.437149 2 698.365295 226.437149
18179 1 753.96106 111.974419 2 741.858093 111.974419
15039 1 726.589539 102.021133 2 717.327087 102.021133
23966 1 330.946594 199.065628 2 307.397217 199.065628
23473 1 520.05896 136.85762 2 516.104553 136.85762
24100 1 487.710785 134.369293 2 483.026733 134.369293
23898 1 179.159058 241.367081 2 152.641739 241.367081
23410 1 301.086761 231.413788 2 276.19928 231.413788
23390 1 258.785309 241.367081 2 233.446732 241.367081
23395 1 308.551727 196.577301 2 284.728882 196.577301
23931 1 271.226929 223.948837 2 247.340363 223.948837
24059 1 390.66629 111.974419 2 372.375122 111.974419
23893 1 360.806458 59.719688 2 334.790802 59.719688
23999 1 380.713013 159.252502 2 357.690948 159.252502
24017 1 370.759735 149.299225 2 347.007385 149.299225
23746 1 753.96106 311.040039 2 704.996277 311.040039
22782 1 400.121918 292.626495 2 357.757721 292.626495
24102 1 418.037842 226.93483 2 397.324768 226.93483
23336 1 871.907471 200.060959 2 825.378418 200.060959
23478 1 543.449219 200.060959 2 533.35321 200.060959
24117 1 650.944641 95.551506 2 642.430237 95.551506
18185 1 627.056763 80.621582 2 619.284241 80.621582
22737 1 146.313248 95.551506 2 85.922134 95.551506
23640 1 149.299225 62.705677 2 88.164513 62.705677
23861 1 734.552185 247.836716 2 703.210938 247.836716
23677 1 203.046951 110.48143 2 146.852539 110.48143
24039 1 379.220032 223.948837 2 356.446198 223.948837
23982 1 400.121918 220.96286 2 376.700073 220.96286
23920 1 301.584442 229.920807 2 276.961823 229.920807
23952 1 271.724609 223.948837 2 247.8815 223.948837
24041 1 379.220032 158.257187 2 356.371765 158.257187
23459 1 653.930603 137.355286 2 643.850037 137.355286
23833 1 624.070801 298.59845 2 582.148987 298.59845
24001 1 639.000671 235.892776 2 616.545044 235.892776
23733 1 827.117737 313.528381 2 777.620422 313.528381
23878 1 734.552246 250.822708 2 701.941895 250.822708
23895 1 938.793579 157.659988 2 912.312622 157.659988
23832 1 275.904999 125.411354 2 232.992889 125.411354
23674 1 200.658173 107.495445 2 144.683929 107.495445
24033 1 379.817261 157.659988 2 356.819275 157.659988
23978 1 401.316345 222.157257 2 378.16452 222.157257
24012 1 343.985443 225.740448 2 322.226654 225.740448
22849 1 376.23407 218.574081 2 353.138763 218.574081
24104 1 483.729523 179.159088 2 480.956177 179.159088
23476 1 519.56134 136.160904 2 516.033936 136.160904
17688 1 752.46814 111.078629 2 740.85968 111.078629
24107 1 727.385864 75.246811 2 717.699585 75.246811
17707 1 691.554077 85.996361 2 682.972839 85.996361
23996 1 329.65271 197.074982 2 305.73053 197.074982
22796 1 401.316345 290.237701 2 357.362122 290.237701
23860 1 748.884949 182.742264 2 721.643433 182.742264
23461 1 655.722229 136.160904 2 648.099304 136.160904
22812 1 827.714966 157.659988 2 784.551025 157.659988
23841 1 627.056763 297.404083 2 586.138855 297.404083
23326 1 831.298157 197.074982 2 785.668274 197.074982
23851 1 1024.789917 132.577713 2 993.006348 132.577713
22773 1 945.959961 218.574081 2 900.789734 218.574081
23862 1 313.200012 250.800003 2 281.268616 250.800003
24043 1 418.800018 212.400009 2 396.59256 212.400009
23441 1 659.52002 47.52 2 651.566345 47.52
23831 1 223.200012 182.880005 2 181.525116 182.880005
22827 1 755.136047 100.224007 2 743.435974 100.224007
23990 1 381.600006 162.720001 2 358.456207 162.720001
23433 1 625.200012 76.800003 2 617.352173 76.800003
24085 1 561.600037 127.872009 2 557.173462 127.872009
23846 1 277.920013 276.480011 2 238.742416 276.480011
23842 1 222.912018 183.168015 2 181.475876 183.168015
23765 1 651.456055 302.400024 2 605.373657 302.400024
23329 1 827.712097 198.720016 2 782.501831 198.720016
23991 1 324.864044 235.008026 2 301.633575 235.008026
23988 1 380.160034 171.072021 2 357.489624 171.072021
23740 1 1139.040039 302.400024 2 1091.653076 302.400024
23330 1 827.366516 199.065628 2 782.334534 199.065628
24052 1 860.544128 118.195213 2 839.273621 118.195213
23912 1 241.864746 238.878769 2 217.344467 238.878769
23394 1 164.229156 238.878769 2 139.657501 238.878769
23355 1 613.785706 269.568024 2 579.500977 269.568024
23491 1 654.428223 139.345947 2 644.838989 139.345947
23774 1 813.680725 236.390427 2 768.382446 236.390427
24057 1 859.963562 119.439384 2 837.839783 119.439384
24061 1 856.380432 118.244995 2 835.456299 118.244995
19097 1 691.554077 100.329086 2 682.617615 100.329086
24000 1 343.388214 226.437149 2 320.732544 226.437149
24007 1 328.458313 197.074982 2 305.401978 197.074982
22771 1 870.713135 200.658173 2 824.453308 200.658173
