19
-0.2548521 -0.2982439 17.63484 0.0007723495244651143 -0.007685458470513399 0.005792580181564256 0.9999533905233534
3659 1 708.0 253.0 2 681.653259 253.0
3653 1 986.0 110.0 2 958.931458 110.0
3818 1 709.0 113.0 2 686.003723 113.0
3716 1 441.0 64.0 2 415.403687 64.0
3693 1 961.0 150.0 2 935.107788 150.0
3742 1 712.0 53.0 2 687.602356 53.0
3757 1 711.0 32.0 2 686.62384 32.0
3828 1 777.0 105.0 2 754.408386 105.0
3857 1 688.0 235.0 2 667.319397 235.0
3750 1 767.0 55.0 2 742.780701 55.0
3845 1 718.800049 150.0 2 697.085571 150.0
3831 1 776.400024 105.600006 2 754.119995 105.600006
3649 1 358.0 101.0 2 331.829224 101.0
3656 1 364.800018 86.400002 2 338.503784 86.400002
3713 1 438.0 87.0 2 412.821503 87.0
3791 1 728.400024 99.600006 2 704.72168 99.600006
3848 1 829.0 55.0 2 806.624084 55.0
3250 1 711.600037 52.800003 2 687.211609 52.800003
3732 1 749.0 35.0 2 724.292725 35.0
3803 1 700.800049 99.600006 2 677.976135 99.600006
3611 1 923.0 251.0 2 892.787903 251.0
3491 1 906.000061 289.200012 2 864.238159 289.200012
3869 1 694.800049 240.000015 2 672.515442 240.000015
2755 1 544.800049 188.400009 2 538.395447 188.400009
3521 1 544.800049 284.400024 2 508.854095 284.400024
3712 1 389.0 99.0 2 363.29007 99.0
3604 1 274.800018 60.000004 2 245.514984 60.000004
3807 1 256.800018 164.400009 2 234.031433 164.400009
3772 1 871.200012 33.120003 2 849.640381 33.120003
3731 1 438.000031 86.400002 2 412.701477 86.400002
3785 1 783.360046 36.0 2 759.40625 36.0
1942 1 626.400024 118.080002 2 614.117554 118.080002
3804 1 751.680054 102.240005 2 727.977173 102.240005
3272 1 727.200012 99.360001 2 704.137451 99.360001
3888 1 524.160034 108.000008 2 517.241089 108.000008
3814 1 699.840027 99.360001 2 676.471863 99.360001
3867 1 639.600037 90.0 2 627.20105 90.0
3450 1 1065.600098 296.400024 2 1016.71228 296.400024
3499 1 1035.359985 264.960022 2 994.911621 264.960022
3602 1 920.160034 250.560013 2 889.593506 250.560013
3467 1 943.200012 302.400024 2 897.100342 302.400024
3628 1 1119.600098 74.400002 2 1091.244385 74.400002
3873 1 694.080017 239.040009 2 671.442749 239.040009
3735 1 761.76001 72.0 2 737.726318 72.0
3827 1 676.800049 58.800003 2 653.185181 58.800003
3862 1 670.800049 129.600006 2 658.473633 129.600006
3294 1 708.480042 112.320007 2 685.647339 112.320007
2759 1 544.320007 187.200012 2 537.989502 187.200012
3860 1 563.040039 230.400009 2 544.192993 230.400009
3522 1 544.320007 285.120026 2 507.716827 285.120026
3056 1 498.240021 276.480011 2 466.589539 276.480011
3479 1 616.0 314.0 2 570.914062 314.0
3806 1 361.440002 213.12001 2 339.120514 213.12001
3495 1 381.600006 306.0 2 340.216553 306.0
3673 1 445.200012 45.600002 2 419.043304 45.600002
3805 1 384.480011 168.480011 2 361.083344 168.480011
3718 1 435.600006 118.800003 2 410.390533 118.800003
3830 1 237.600006 204.000015 2 215.705536 204.000015
3475 1 250.800003 301.200012 2 204.720871 301.200012
3485 1 249.12001 260.640015 2 205.262802 260.640015
3149 1 247.680008 105.120003 2 222.017227 105.120003
3087 1 311.040009 80.639999 2 282.521698 80.639999
3065 1 273.600006 59.040001 2 244.154755 59.040001
3678 1 200.400009 122.400002 2 173.200409 122.400002
2015 1 717.120056 103.680008 2 694.100586 103.680008
3453 1 1064.160034 296.640015 2 1015.71167 296.640015
3508 1 1010.880066 264.384033 2 972.628784 264.384033
3561 1 424.800018 280.800018 2 390.950226 280.800018
3563 1 499.392059 276.480042 2 467.278442 276.480042
3603 1 919.296082 250.560028 2 888.156433 250.560028
3616 1 1150.560059 95.040001 2 1121.623169 95.040001
3505 1 888.480042 280.800018 2 849.375366 280.800018
3454 1 1114.560059 279.936035 2 1065.634766 279.936035
3451 1 1108.800049 280.800018 2 1060.533813 280.800018
1511 1 451.008057 191.808014 2 442.538483 191.808014
3567 1 741.312073 274.752014 2 707.817871 274.752014
3042 1 1152.57605 131.328018 2 1121.244263 131.328018
3552 1 973.440063 253.440002 2 938.90155 253.440002
3566 1 990.144104 193.536011 2 956.476807 193.536011
3699 1 295.488037 115.776009 2 270.255432 115.776009
3799 1 256.320007 164.160004 2 233.723831 164.160004
3681 1 238.46402 127.872009 2 212.119904 127.872009
3889 1 548.640015 185.76001 2 542.422791 185.76001
1204 1 673.920105 184.55043 2 657.619629 184.55043
2382 1 623.808044 177.984024 2 617.959839 177.984024
3871 1 649.728088 143.424011 2 637.587097 143.424011
3662 1 709.920044 250.560013 2 684.533569 250.560013
3179 1 965.952087 72.576004 2 939.733948 72.576004
3714 1 464.400024 86.400002 2 439.48764 86.400002
3188 1 437.184052 98.49601 2 411.984589 98.49601
3184 1 445.824036 43.200005 2 419.936493 43.200005
3710 1 444.000031 73.200005 2 418.703522 73.200005
3261 1 898.560059 61.920002 2 873.972168 61.920002
3825 1 715.0 132.0 2 692.833313 132.0
3738 1 711.936096 53.568005 2 687.256836 53.568005
3271 1 675.360046 59.040001 2 652.51123 59.040001
3472 1 1004.400024 291.600006 2 958.465759 291.600006
3447 1 196.99202 278.208038 2 146.777374 278.208038
3174 1 433.728027 120.960014 2 409.019592 120.960014
3000 1 238.464035 279.936035 2 193.095551 279.936035
3615 1 1152.57605 95.040009 2 1123.521729 95.040009
3091 1 1119.744141 74.649612 2 1091.540283 74.649612
3462 1 493.920013 315.360016 2 448.023407 315.360016
3576 1 1150.848145 130.636826 2 1121.019409 130.636826
3142 1 387.763245 257.126434 2 359.388489 257.126434
3822 1 355.968048 207.360016 2 332.989685 207.360016
3341 1 257.126434 126.489616 2 232.172485 126.489616
3705 1 711.244873 250.90564 2 685.571411 250.90564
3526 1 279.360016 218.880005 2 244.257111 218.880005
3874 1 186.624023 245.376022 2 137.572876 245.376022
3614 1 273.024017 58.752007 2 243.656937 58.752007
2799 1 228.096024 60.480007 2 200.919693 60.480007
3192 1 402.624023 84.672005 2 375.427765 84.672005
2385 1 711.244873 53.913609 2 686.484009 53.913609
3840 1 675.993713 58.060806 2 652.516113 58.060806
3470 1 361.152039 314.496033 2 316.506256 314.496033
1955 1 522.547302 203.21283 2 513.923889 203.21283
2422 1 700.876892 273.71524 2 668.829956 273.71524
3503 1 887.500916 279.936035 2 847.568665 279.936035
3557 1 960.076965 196.992035 2 926.272278 196.992035
16 1 449.971252 192.844833 2 441.633911 192.844833
3455 1 1127.209106 221.46051 2 1077.453003 221.46051
3661 1 238.464035 128.563217 2 211.99144 128.563217
525 1 622.080078 204.042267 2 612.685608 204.042267
3560 1 292.377655 250.90564 2 257.147491 250.90564
3027 1 963.875854 257.989075 2 930.788696 257.989075
3542 1 989.107361 194.918427 2 955.794312 194.918427
3165 1 320.993317 119.439377 2 294.265533 119.439377
3849 1 365.783081 241.367081 2 343.633606 241.367081
3759 1 358.318115 213.995544 2 335.66156 213.995544
350 1 624.153687 178.32962 2 617.550842 178.32962
3513 1 811.192444 226.437149 2 775.359131 226.437149
3517 1 278.208038 219.456024 2 242.818375 219.456024
3293 1 383.201324 169.20578 2 360.12442 169.20578
3620 1 240.537628 74.649612 2 211.892075 74.649612
3793 1 191.600662 136.85762 2 168.810745 136.85762
3725 1 385.689667 103.680016 2 360.437012 103.680016
3421 1 136.85762 271.641632 2 79.99791 271.641632
3540 1 315.187256 277.862427 2 279.898102 277.862427
3486 1 248.832031 260.92804 2 205.343216 260.92804
3711 1 433.382446 120.268814 2 408.548279 120.268814
3565 1 423.360046 279.936035 2 390.57962 279.936035
3492 1 381.54245 302.745636 2 341.960815 302.745636
3017 1 541.060425 286.654541 2 503.789551 286.654541
2779 1 520.05896 201.553955 2 511.954254 201.553955
2694 1 740.27533 275.788849 2 707.443298 275.788849
3506 1 1009.843323 263.347229 2 972.267883 263.347229
3562 1 987.863159 194.088989 2 954.636292 194.088989
486 1 624.070801 179.159073 2 617.094238 179.159073
3325 1 561.365112 125.411354 2 554.128296 125.411354
3800 1 860.958862 233.902115 2 837.660278 233.902115
3549 1 292.626495 250.822708 2 256.842773 250.822708
3240 1 383.616058 170.035217 2 360.312988 170.035217
2769 1 386.983612 139.74408 2 361.366608 139.74408
3647 1 306.063416 72.161293 2 277.270966 72.161293
3632 1 238.878769 74.649612 2 211.208649 74.649612
3207 1 438.939728 83.607567 2 414.827789 83.607567
3736 1 967.956604 164.229141 2 942.598755 164.229141
3698 1 713.65033 250.822708 2 687.360474 250.822708
3853 1 704.194641 223.948837 2 683.824585 223.948837
3277 1 739.031128 126.904335 2 715.835449 126.904335
163 1 620.352051 103.680008 2 607.125366 103.680008
3311 1 679.311462 82.114571 2 657.158142 82.114571
172 1 739.031128 97.044495 2 715.23291 97.044495
3760 1 706.682983 111.974419 2 684.647766 111.974419
3134 1 235.892776 125.411354 2 208.83017 125.411354
3414 1 136.85762 271.226929 2 79.919724 271.226929
3525 1 313.528351 278.691895 2 277.773438 278.691895
3484 1 248.832031 261.273651 2 205.116013 261.273651
3313 1 415.5495 216.483871 2 405.405792 216.483871
3808 1 358.318146 214.990891 2 334.145264 214.990891
225 1 671.846497 185.131042 2 655.158203 185.131042
3075 1 1140.646118 92.565521 2 1111.94104 92.565521
3457 1 1066.176147 297.216034 2 1017.827942 297.216034
3199 1 964.473022 71.663628 2 938.743042 71.663628
3727 1 432.967743 119.439377 2 408.081207 119.439377
3195 1 447.897705 82.413177 2 421.702087 82.413177
3554 1 974.625427 254.405899 2 940.30603 254.405899
3569 1 988.360901 194.088989 2 954.577942 194.088989
3035 1 988.95813 193.491806 2 955.038635 193.491806
3111 1 238.878754 74.649612 2 211.307495 74.649612
3781 1 858.47052 188.697632 2 834.959839 188.697632
3247 1 354.734985 211.407715 2 331.506989 211.407715
3318 1 415.051849 217.976868 2 405.526917 217.976868
3843 1 680.804504 83.607567 2 658.207275 83.607567
3702 1 967.458984 164.229156 2 942.531494 164.229156
3189 1 711.659607 251.320358 2 685.528992 251.320358
3756 1 705.88678 229.323624 2 683.497131 229.323624
1948 1 608.256042 77.76001 2 596.731812 77.76001
1538 1 390.566803 121.828178 2 364.484589 121.828178
2370 1 519.56134 118.244995 2 511.747345 118.244995
2400 1 723.802673 154.076813 2 700.744263 154.076813
3776 1 193.491806 136.160904 2 170.476135 136.160904
3821 1 297.404083 171.992722 2 272.583801 171.992722
2969 1 136.160904 272.321808 2 78.811699 272.321808
3548 1 293.820892 250.822708 2 258.262665 250.822708
665 1 634.223145 182.742264 2 627.571716 182.742264
2003 1 519.56134 203.046951 2 510.142639 203.046951
2360 1 670.054993 204.241348 2 653.455017 204.241348
2681 1 836.075684 265.752625 2 802.48291 265.752625
3067 1 782.327942 253.808685 2 753.612671 253.808685
3613 1 1122.232422 139.345947 2 1090.61084 139.345947
3618 1 205.0 32.0 2 175.70842 32.0
3691 1 404.0 134.0 2 378.269989 134.0
3792 1 821.0 23.0 2 797.006592 23.0
3295 1 758.0 153.0 2 753.049438 153.0
3664 1 468.0 72.0 2 442.1138 72.0
3531 1 834.0 215.0 2 799.130615 215.0
3208 1 404.400024 133.200012 2 378.121765 133.200012
3737 1 732.0 34.800003 2 707.484741 34.800003
3122 1 240.000015 74.400002 2 212.630325 74.400002
3721 1 928.800049 135.600006 2 904.008789 135.600006
3801 1 820.800049 24.0 2 796.578552 24.0
3761 1 784.800049 63.600002 2 760.660583 63.600002
3600 1 1152.0 130.800003 2 1120.878418 130.800003
3496 1 835.200012 289.200012 2 794.613098 289.200012
3533 1 318.0 278.400024 2 284.168396 278.400024
3239 1 207.600006 151.200012 2 183.729919 151.200012
3264 1 306.0 164.400009 2 280.518768 164.400009
3282 1 774.720032 99.360001 2 748.125732 99.360001
241 1 544.320007 181.440002 2 538.011047 181.440002
3424 1 1169.280029 289.440002 2 1115.267822 289.440002
3440 1 966.240051 309.600006 2 916.292297 309.600006
3466 1 1003.680054 290.880005 2 958.212463 290.880005
3617 1 1121.76001 139.680008 2 1091.815796 139.680008
3482 1 766.080017 312.480011 2 721.612 312.480011
3488 1 381.600006 302.400024 2 341.696655 302.400024
3162 1 357.120026 99.360001 2 330.325714 99.360001
3621 1 413.280029 28.800001 2 385.741943 28.800001
3432 1 187.200012 334.080017 2 135.736908 334.080017
2320 1 198.720001 122.400002 2 172.92627 122.400002
3438 1 967.680115 311.040039 2 918.063782 311.040039
3417 1 1028.160156 333.504028 2 968.860168 333.504028
3471 1 1007.424072 292.032013 2 961.432007 292.032013
3425 1 314.496033 340.416046 2 261.227264 340.416046
3669 1 389.836853 143.078415 2 363.651611 143.078415
2741 1 138.240021 38.016003 2 110.824783 38.016003
3651 1 200.448013 122.688011 2 173.080872 122.688011
3644 1 324.864044 32.832005 2 296.6745 32.832005
3639 1 406.080048 34.560005 2 378.821808 34.560005
3850 1 829.440063 50.112003 2 806.693726 50.112003
1996 1 653.184082 93.312012 2 639.786499 93.312012
3762 1 489.369659 238.464035 2 468.696625 238.464035
3788 1 410.572845 246.758438 2 386.321625 246.758438
3588 1 908.236938 250.90564 2 878.44751 250.90564
3665 1 321.408051 120.268814 2 294.556763 120.268814
3623 1 311.040039 80.870415 2 281.937378 80.870415
3516 1 277.862427 219.801636 2 241.707321 219.801636
50 1 607.56488 111.974419 2 595.036499 111.974419
3530 1 109.900818 232.243225 2 76.516983 232.243225
2682 1 754.790527 228.096039 2 720.160583 228.096039
2761 1 445.824066 43.545605 2 419.536865 43.545605
3755 1 709.171326 111.974419 2 685.443604 111.974419
3585 1 423.014465 279.936035 2 390.323792 279.936035
3473 1 1009.843323 292.377655 2 963.376892 292.377655
3426 1 1169.51062 290.304047 2 1116.507446 290.304047
3449 1 1125.964966 221.875229 2 1078.204834 221.875229
6 1 405.596222 248.832031 2 380.044189 248.832031
240 1 450.385986 191.600662 2 441.504822 191.600662
3319 1 659.404907 204.042267 2 644.46344 204.042267
3606 1 281.180206 52.254726 2 252.049454 52.254726
3483 1 248.832031 261.273651 2 204.676407 261.273651
3442 1 186.624023 246.343719 2 136.662811 246.343719
3510 1 278.691895 218.972198 2 243.084671 218.972198
3734 1 209.018906 154.275864 2 184.534363 154.275864
3715 1 385.689667 102.021133 2 359.921692 102.021133
3041 1 1152.092285 131.880981 2 1120.442383 131.880981
169 1 709.171326 52.254726 2 686.174072 52.254726
3487 1 363.294769 313.528351 2 318.417572 313.528351
337 1 552.407166 191.103012 2 547.035645 191.103012
3245 1 406.093903 247.836716 2 380.392944 247.836716
3227 1 209.018921 152.285217 2 184.411774 152.285217
1535 1 1158.562012 149.299225 2 1128.408325 149.299225
3854 1 355.332153 223.948837 2 332.117523 223.948837
2670 1 803.229858 217.976868 2 768.746338 217.976868
3740 1 385.192017 101.523476 2 359.820038 101.523476
3095 1 200.060959 62.705677 2 174.260468 62.705677
3263 1 949.543091 113.467415 2 924.318115 113.467415
3546 1 755.454102 223.948837 2 720.587769 223.948837
2017 1 304.570435 71.663635 2 275.784882 71.663635
3527 1 313.528381 277.696564 2 277.582489 277.696564
2707 1 740.52417 274.710571 2 708.002563 274.710571
3550 1 958.501038 197.074982 2 925.828796 197.074982
2995 1 1063.010498 295.612457 2 1015.367798 295.612457
3321 1 415.649078 214.990891 2 407.028107 214.990891
3855 1 143.327271 71.663635 2 131.899094 71.663635
332 1 670.054993 186.325439 2 654.193604 186.325439
3202 1 967.459045 71.663635 2 941.108276 71.663635
3847 1 766.800842 103.91227 2 742.759827 103.91227
3697 1 347.568604 85.996361 2 320.276093 85.996361
463 1 781.133606 214.990891 2 749.938354 214.990891
1579 1 236.48999 125.411354 2 208.802155 125.411354
3558 1 293.820892 261.572266 2 261.669281 261.572266
2712 1 738.135437 272.321808 2 706.484253 272.321808
2680 1 838.464478 265.155426 2 805.174988 265.155426
3076 1 784.716797 254.405899 2 754.496155 254.405899
3088 1 1143.034912 93.16272 2 1114.835449 93.16272
