21
-0.17911379 0.024753261 19.305397034 -0.0004489052359996434 -0.008236776260587771 0.005860757847586286 0.9999488014485411
4037 1 724.0 262.0 2 693.498596 262.0
4020 1 1043.0 99.0 2 1012.323181 99.0
4171 1 800.0 96.0 2 774.557373 96.0
4071 1 362.0 87.0 2 333.217438 87.0
3905 1 768.0 294.0 2 727.293884 294.0
4080 1 992.400024 122.400002 2 963.173279 122.400002
4090 1 417.600006 73.200005 2 389.265228 73.200005
3570 1 727.200012 36.0 2 699.494507 36.0
4122 1 762.0 66.0 2 734.96814 66.0
3628 1 686.400024 44.400002 2 661.144531 44.400002
3630 1 799.200012 96.0 2 774.099365 96.0
4113 1 808.800049 26.400002 2 780.957092 26.400002
4136 1 943.200012 82.800003 2 915.274902 82.800003
4060 1 1011.600037 145.200012 2 982.08667 145.200012
4200 1 698.400024 238.800003 2 675.560913 238.800003
2696 1 544.800049 187.200012 2 538.174622 187.200012
3106 1 619.200012 201.600006 2 609.469604 201.600006
3859 1 536.400024 302.400024 2 493.656494 302.400024
3934 1 483.600006 292.800018 2 445.548309 292.800018
4106 1 460.800018 261.600006 2 433.618805 261.600006
4186 1 403.200012 249.600006 2 378.400238 249.600006
4047 1 326.400024 88.800003 2 295.707001 88.800003
4142 1 361.200012 166.800003 2 334.65979 166.800003
4064 1 202.800003 94.800003 2 172.724823 94.800003
4157 1 218.400009 162.0 2 192.761276 162.0
3604 1 744.480042 89.280006 2 718.605835 89.280006
3559 1 784.800049 57.600002 2 757.224182 57.600002
3631 1 722.880005 103.680008 2 697.209045 103.680008
4236 1 630.720032 76.32 2 617.468994 76.32
3828 1 1175.040039 259.200012 2 1122.605591 259.200012
3825 1 1020.960022 318.240021 2 965.324158 318.240021
3893 1 1121.76001 146.880005 2 1081.818726 146.880005
4019 1 1002.240051 28.800001 2 970.850708 28.800001
3363 1 856.800049 231.840012 2 814.388062 231.840012
3806 1 809.280029 345.600006 2 753.207397 345.600006
4182 1 707.040039 246.240005 2 682.08905 246.240005
4100 1 725.76001 36.0 2 698.848022 36.0
3867 1 535.679993 302.400024 2 493.183838 302.400024
4168 1 403.200012 249.12001 2 378.140259 249.12001
3497 1 375.840027 70.560005 2 346.057373 70.560005
3554 1 417.600006 73.440002 2 389.216492 73.440002
4199 1 110.880005 224.640015 2 87.523094 224.640015
3512 1 201.600006 93.600006 2 172.310272 93.600006
3960 1 226.080002 40.32 2 191.775833 40.32
3472 1 269.279999 66.240005 2 237.476547 66.240005
3996 1 305.279999 37.440002 2 273.334778 37.440002
4040 1 192.960007 120.960007 2 162.641327 120.960007
4138 1 272.160004 161.279999 2 244.723145 161.279999
3606 1 724.032043 103.680008 2 697.807312 103.680008
3984 1 425.088043 279.936035 2 391.288727 279.936035
3841 1 335.232025 330.048035 2 285.889435 330.048035
3964 1 972.864075 260.92804 2 938.386902 260.92804
3796 1 1112.832153 321.40802 2 1054.831055 321.40802
3819 1 1080.000122 317.952026 2 1023.21106 317.952026
3839 1 1137.024048 283.392029 2 1087.739868 283.392029
3791 1 1036.800049 335.232025 2 977.371826 335.232025
3406 1 483.840057 293.76004 2 444.71463 293.76004
4241 1 471.744049 207.360016 2 462.484894 207.360016
3506 1 191.808014 120.960014 2 162.306717 120.960014
2706 1 566.784058 231.552017 2 547.924377 231.552017
3896 1 1062.720093 196.99202 2 1023.182495 196.99202
16 1 447.552032 191.808014 2 438.268829 191.808014
3925 1 722.304077 290.304016 2 684.289795 290.304016
3013 1 224.640015 39.744003 2 191.077454 39.744003
2377 1 627.264038 174.528015 2 620.417419 174.528015
4223 1 653.184082 138.240021 2 640.22345 138.240021
4087 1 257.472015 107.136009 2 229.869553 107.136009
3023 1 269.568024 65.664009 2 237.304398 65.664009
3665 1 786.240051 236.736023 2 744.927368 236.736023
3487 1 365.783081 136.85762 2 335.67215 136.85762
4033 1 1041.984131 98.49601 2 1011.638184 98.49601
4099 1 449.280029 72.576004 2 419.421844 72.576004
3556 1 990.144104 148.608017 2 961.091675 148.608017
3488 1 324.864044 88.128006 2 294.652771 88.128006
3669 1 525.312073 108.864014 2 517.739075 108.864014
3579 1 687.74408 43.200005 2 661.172791 43.200005
4163 1 217.728027 161.740829 2 192.125381 161.740829
3797 1 1113.523315 321.408051 2 1055.998291 321.408051
3851 1 1099.008179 282.009644 2 1053.729614 282.009644
3904 1 1063.756958 196.992035 2 1023.736328 196.992035
4227 1 667.69928 209.433624 2 654.233459 209.433624
1508 1 445.824066 192.844833 2 437.419312 192.844833
1204 1 682.214478 184.55043 2 664.833496 184.55043
1548 1 626.227295 176.256027 2 619.866272 176.256027
3717 1 653.184082 138.931213 2 640.44043 138.931213
4031 1 313.113647 62.208008 2 282.116943 62.208008
4202 1 107.827217 226.02243 2 85.430214 226.02243
4118 1 360.806458 167.961624 2 333.533447 167.961624
4109 1 987.033752 159.667221 2 959.240967 159.667221
4024 1 1040.947388 99.532814 2 1012.469055 99.532814
3543 1 729.077881 258.785309 2 699.600342 258.785309
4088 1 416.793671 87.091209 2 388.389984 87.091209
3481 1 375.736359 69.672974 2 346.258331 69.672974
2011 1 731.980896 93.312012 2 705.929077 93.312012
3599 1 686.361694 43.545605 2 660.689026 43.545605
3919 1 269.568024 292.377655 2 231.642517 292.377655
1949 1 522.547302 203.21283 2 513.888062 203.21283
3847 1 951.782532 302.745636 2 904.492126 302.745636
3434 1 972.518555 261.273651 2 937.435913 261.273651
3774 1 1200.614624 331.776062 2 1140.753662 331.776062
3848 1 1097.349243 281.180206 2 1054.15918 281.180206
240 1 445.409332 191.600662 2 437.415253 191.600662
3862 1 855.982178 233.902115 2 812.606323 233.902115
3978 1 189.11235 59.719688 2 158.307816 59.719688
3447 1 263.761963 54.74305 2 231.315872 54.74305
4103 1 420.526154 69.672974 2 391.869141 69.672974
3594 1 328.458282 209.018906 2 303.129608 209.018906
3635 1 940.585083 77.137932 2 913.624146 77.137932
4078 1 975.42157 72.161293 2 947.454651 72.161293
3147 1 358.318115 92.067856 2 330.131256 92.067856
2772 1 744.007812 77.137932 2 716.487854 77.137932
4173 1 689.264709 69.672974 2 665.007568 69.672974
3811 1 146.810898 306.063416 2 89.672379 306.063416
3986 1 360.806458 266.250275 2 329.766968 266.250275
3359 1 533.894043 304.570435 2 489.602386 304.570435
228 1 554.895447 191.600662 2 548.646179 191.600662
4187 1 340.402252 247.836716 2 315.817413 247.836716
3687 1 665.874573 209.018921 2 651.845703 209.018921
3532 1 421.023834 68.677643 2 392.378204 68.677643
2646 1 856.9776 235.892776 2 811.435669 235.892776
3511 1 1018.220764 56.733707 2 988.088989 56.733707
4043 1 188.117035 119.439384 2 159.684357 119.439384
4097 1 1021.206726 161.243164 2 991.186218 161.243164
3649 1 689.762451 71.663628 2 666.017029 71.663628
171 1 755.454102 86.593552 2 729.888306 86.593552
3826 1 164.229156 280.682556 2 109.374634 280.682556
17 1 358.318146 134.369308 2 329.59021 134.369308
3124 1 519.56134 203.046951 2 509.816986 203.046951
225 1 680.804504 185.131042 2 662.209656 185.131042
3508 1 728.580261 259.78067 2 699.454102 259.78067
3365 1 1048.080566 268.738617 2 1004.749573 268.738617
3840 1 949.543091 301.584442 2 901.298157 301.584442
3838 1 1134.674194 262.766632 2 1086.466309 262.766632
3852 1 1098.842285 280.682556 2 1053.311401 280.682556
3912 1 1063.010498 197.074982 2 1022.651611 197.074982
4012 1 311.736786 75.246811 2 283.088654 75.246811
3464 1 300.987244 89.579544 2 269.966949 89.579544
2738 1 942.37677 78.829994 2 915.38501 78.829994
665 1 444.314514 189.90863 2 437.075684 189.90863
3682 1 408.482697 218.574081 2 404.943787 218.574081
588 1 612.72406 96.745903 2 599.59198 96.745903
4165 1 100.329086 93.16272 2 73.275223 93.16272
2328 1 189.90863 118.244995 2 159.286392 118.244995
1533 1 365.484528 111.078629 2 336.531921 111.078629
4126 1 727.385864 93.16272 2 702.216919 93.16272
4010 1 1021.206787 161.243179 2 991.425842 161.243179
3566 1 1017.623596 143.327271 2 988.415955 143.327271
2783 1 723.802673 229.323624 2 697.078674 229.323624
4196 1 107.495445 225.740448 2 84.916367 225.740448
3014 1 358.318176 265.155426 2 328.356232 265.155426
1998 1 519.56134 200.658173 2 509.73819 200.658173
4238 1 677.221313 204.241348 2 659.658386 204.241348
3409 1 816.965393 268.738617 2 780.941772 268.738617
8 1 544.800049 178.800003 2 538.286987 178.800003
4059 1 409.0 53.0 2 379.929413 53.0
3963 1 226.800003 40.800003 2 192.40387 40.800003
3598 1 761.76001 66.240005 2 734.800171 66.240005
3805 1 1111.680054 321.120026 2 1053.689941 321.120026
3835 1 889.920044 313.920013 2 839.928467 313.920013
4222 1 771.840027 177.12001 2 758.481995 177.12001
4049 1 364.320007 266.400024 2 335.134735 266.400024
3463 1 190.080002 59.040001 2 158.684738 59.040001
3837 1 890.400024 314.400024 2 840.619019 314.400024
3822 1 1021.200012 318.0 2 966.343933 318.0
3918 1 1015.200012 194.400009 2 977.265503 194.400009
3873 1 836.640015 223.200012 2 793.617676 223.200012
3623 1 950.400024 84.960007 2 922.915955 84.960007
4072 1 202.176025 93.312012 2 172.380386 93.312012
3510 1 359.424042 266.11203 2 328.531982 266.11203
4121 1 387.763245 255.052841 2 359.003906 255.052841
4083 1 214.272018 120.960014 2 185.604706 120.960014
3658 1 684.0 182.880005 2 666.239502 182.880005
3879 1 836.352051 222.912018 2 794.061462 222.912018
4042 1 323.481659 87.091209 2 293.630127 87.091209
4233 1 634.521667 184.135712 2 627.985046 184.135712
3159 1 412.992035 110.59201 2 385.07428 110.59201
3610 1 331.444275 217.976868 2 305.109222 217.976868
2667 1 768.960083 293.76004 2 728.894104 293.76004
2017 1 587.641785 225.740448 2 569.735229 225.740448
492 1 367.276093 110.48143 2 338.013916 110.48143
4149 1 329.65271 229.323624 2 304.1427 229.323624
4022 1 283.668518 111.974419 2 253.819946 111.974419
3084 1 358.318176 132.577713 2 330.531158 132.577713
4045 1 422.81543 71.663635 2 394.453552 71.663635
3889 1 786.309204 236.390427 2 744.450378 236.390427
3959 1 970.444946 261.273651 2 934.893677 261.273651
