228
92.60904 -6.914272 67.90371 0.035510407144985566 0.5387757084621497 -0.01726643134757849 0.841523390824061
30133 1 350.0 268.0 2 318.314545 268.0
30155 1 330.0 238.0 2 303.259613 238.0
30287 1 295.200012 132.0 2 274.976868 132.0
30304 1 313.200012 115.200005 2 293.149078 115.200005
29099 1 686.0 104.0 2 682.405273 104.0
30335 1 369.600006 90.0 2 350.012054 90.0
30344 1 384.0 78.0 2 364.821167 78.0
30227 1 298.0 97.0 2 277.295807 97.0
30216 1 321.0 76.0 2 299.707123 76.0
30232 1 306.0 79.200005 2 285.88089 79.200005
30100 1 318.0 293.0 2 278.501251 293.0
30124 1 332.0 270.0 2 297.86322 270.0
30212 1 371.0 233.0 2 349.564331 233.0
30021 1 236.0 336.0 2 182.646271 336.0
30243 1 308.0 34.0 2 287.513214 34.0
29107 1 561.0 153.0 2 552.963501 153.0
29980 1 610.0 119.0 2 602.697021 119.0
30371 1 389.0 30.0 2 370.282959 30.0
30252 1 362.0 41.0 2 341.610657 41.0
30288 1 350.0 61.0 2 329.996887 61.0
30314 1 339.0 39.0 2 319.365814 39.0
30291 1 337.0 87.0 2 317.026855 87.0
30297 1 357.0 66.0 2 337.096985 66.0
30336 1 400.0 50.0 2 380.741577 50.0
30068 1 1078.0 197.0 2 1033.5 197.0
29808 1 910.0 233.0 2 874.42804 233.0
30067 1 1013.0 204.0 2 968.40979 204.0
30091 1 971.0 217.0 2 930.119202 217.0
30363 1 1019.0 106.0 2 1000.181152 106.0
30089 1 860.0 283.0 2 818.805542 283.0
30177 1 664.0 249.0 2 639.717346 249.0
30383 1 749.0 197.0 2 730.554749 197.0
30189 1 595.0 241.0 2 572.451782 241.0
30119 1 531.0 284.0 2 495.402161 284.0
29474 1 404.0 246.0 2 381.672821 246.0
29583 1 574.0 53.0 2 567.007629 53.0
29101 1 535.0 120.0 2 529.450378 120.0
30130 1 175.0 241.0 2 142.538895 241.0
30254 1 268.0 77.0 2 247.626617 77.0
30055 1 928.0 300.0 2 881.5 300.0
26941 1 535.200012 120.000008 2 529.506897 120.000008
30219 1 559.200012 238.800003 2 538.084839 238.800003
29560 1 631.200012 82.800003 2 625.550171 82.800003
30024 1 248.0 328.0 2 195.605759 328.0
29102 1 660.0 126.000008 2 653.504333 126.000008
29476 1 664.0 113.0 2 658.122009 113.0
28652 1 632.400024 105.600006 2 625.533813 105.600006
30236 1 297.600006 97.200005 2 276.960449 97.200005
30224 1 293.0 69.0 2 272.226257 69.0
30397 1 309.0 218.0 2 290.810883 218.0
30401 1 299.0 208.0 2 280.873413 208.0
29562 1 490.0 44.0 2 473.828644 44.0
29584 1 493.200012 38.400002 2 477.142883 38.400002
30358 1 336.0 211.0 2 317.042908 211.0
30405 1 360.0 196.800003 2 341.968109 196.800003
30311 1 385.200012 58.800003 2 365.487732 58.800003
30365 1 388.800018 30.000002 2 370.038513 30.000002
29485 1 361.200012 40.800003 2 341.488525 40.800003
30376 1 401.76001 74.880005 2 383.018494 74.880005
29887 1 579.0 155.0 2 571.179382 155.0
30228 1 338.400024 87.600006 2 317.704437 87.600006
30373 1 423.600006 43.200001 2 404.958923 43.200001
30347 1 402.000031 40.800003 2 382.894867 40.800003
30394 1 374.400024 151.200012 2 356.151031 151.200012
30322 1 328.0 137.0 2 308.506622 137.0
30396 1 355.200012 117.600006 2 336.956848 117.600006
30032 1 1067.0 291.0 2 1017.220947 291.0
30079 1 1012.800049 204.000015 2 968.910217 204.000015
30148 1 980.400024 38.400002 2 952.998352 38.400002
30360 1 1018.800049 105.600006 2 999.924255 105.600006
30140 1 850.0 222.0 2 820.181824 222.0
30038 1 792.0 320.0 2 742.676636 320.0
30063 1 762.0 297.0 2 717.17926 297.0
30377 1 748.800049 196.800003 2 730.232178 196.800003
30157 1 477.0 264.0 2 450.309021 264.0
30117 1 528.0 283.200012 2 492.052673 283.200012
30053 1 614.0 315.0 2 567.098206 315.0
30102 1 564.0 297.600006 2 524.752441 297.600006
30190 1 403.200012 246.000015 2 380.734772 246.000015
30087 1 454.0 313.0 2 412.564758 313.0
30052 1 417.600006 320.400024 2 370.477753 320.400024
30122 1 294.0 254.0 2 259.064941 254.0
30398 1 264.0 212.400009 2 245.826706 212.400009
30093 1 316.800018 292.800018 2 276.274933 292.800018
30180 1 182.400009 218.400009 2 158.606369 218.400009
30366 1 326.0 179.0 2 307.238739 179.0
30081 1 1109.0 271.0 2 1065.591797 271.0
29916 1 185.76001 33.120003 2 172.30278 33.120003
30238 1 296.640015 96.480003 2 276.039093 96.480003
29962 1 294.0 69.600006 2 273.739319 69.600006
29489 1 404.640015 244.800003 2 381.789246 244.800003
30203 1 372.0 232.800003 2 350.287598 232.800003
29129 1 567.337036 124.416016 2 561.088989 124.416016
29806 1 345.600006 282.240021 2 312.76358 282.240021
29484 1 368.640015 89.280006 2 349.098419 89.280006
30337 1 384.0 78.0 2 364.742401 78.0
30343 1 381.600006 77.760002 2 362.411926 77.760002
29205 1 560.160034 171.360001 2 553.067566 171.360001
29886 1 584.400024 175.200012 2 576.524719 175.200012
29498 1 601.920044 135.360001 2 594.84375 135.360001
27607 1 609.600037 118.800003 2 602.116821 118.800003
29103 1 583.200012 118.080002 2 575.859314 118.080002
30345 1 397.440002 36.0 2 378.273804 36.0
30391 1 336.960022 216.000015 2 318.658173 216.000015
30355 1 355.680023 118.080002 2 336.682037 118.080002
30239 1 335.52002 113.760002 2 314.954651 113.760002
30270 1 328.800018 54.000004 2 308.608673 54.000004
30299 1 340.800018 39.600002 2 320.932434 39.600002
30380 1 372.960022 123.840004 2 354.48349 123.840004
30233 1 322.559998 64.800003 2 301.898773 64.800003
30237 1 308.160004 34.560001 2 287.526703 34.560001
30246 1 307.200012 34.800003 2 286.745056 34.800003
30321 1 333.0 100.0 2 313.486328 100.0
30217 1 1018.080017 105.120003 2 996.854187 105.120003
30033 1 792.000061 319.200012 2 742.23291 319.200012
30064 1 762.0 296.400024 2 717.185242 296.400024
30050 1 823.200012 308.400024 2 775.878601 308.400024
30176 1 662.400024 247.680008 2 638.436096 247.680008
25798 1 664.800049 112.800003 2 658.028198 112.800003
30202 1 596.400024 240.000015 2 574.588928 240.000015
30249 1 558.720032 239.040009 2 538.28833 239.040009
30037 1 522.0 324.0 2 472.652863 324.0
30135 1 478.800018 262.800018 2 447.77536 262.800018
30061 1 383.040009 316.800018 2 338.011963 316.800018
30075 1 453.600006 312.0 2 409.405182 312.0
28664 1 522.0 153.600006 2 517.636536 153.600006
30374 1 289.0 222.0 2 270.36142 222.0
30025 1 247.200012 327.600006 2 195.223648 327.600006
30101 1 316.800018 292.320007 2 277.44281 292.320007
29910 1 83.520004 200.160004 2 64.976509 200.160004
30057 1 156.0 282.0 2 109.912659 282.0
28665 1 267.839996 76.32 2 247.281845 76.32
29880 1 267.839996 40.32 2 247.297836 40.32
30331 1 277.0 146.0 2 257.621063 146.0
30223 1 282.240021 125.280006 2 261.444366 125.280006
29747 1 616.320007 318.240021 2 567.866821 318.240021
30072 1 1108.800049 271.200012 2 1064.437866 271.200012
30044 1 1066.800049 290.400024 2 1018.385132 290.400024
29917 1 419.904053 127.872009 2 406.1474 127.872009
28659 1 369.792023 89.85601 2 350.086426 89.85601
29486 1 334.080017 100.800003 2 314.286438 100.800003
30308 1 339.840027 38.880001 2 320.092529 38.880001
28660 1 402.624023 74.304008 2 383.296753 74.304008
28733 1 423.360046 41.472004 2 405.108429 41.472004
29514 1 603.072083 134.784012 2 595.481323 134.784012
29561 1 601.344055 120.960014 2 594.321655 120.960014
27580 1 582.33606 117.504013 2 575.492371 117.504013
30175 1 349.05603 222.912018 2 324.47522 222.912018
28684 1 330.048035 191.808014 2 311.70401 191.808014
30276 1 335.232025 114.048012 2 315.071777 114.048012
30384 1 368.064026 133.056015 2 349.630554 133.056015
30400 1 373.248047 122.688011 2 355.10614 122.688011
30329 1 378.432037 62.208008 2 359.020813 62.208008
30338 1 380.160034 41.472004 2 360.903687 41.472004
30003 1 570.240051 172.800018 2 477.3638 172.800018
29774 1 1013.76001 203.040009 2 969.786682 203.040009
30152 1 1088.640015 67.68 2 1061.819336 67.68
29739 1 792.000061 319.680023 2 739.765747 319.680023
30065 1 762.048096 297.216034 2 717.25647 297.216034
30303 1 746.496094 51.840004 2 726.706177 51.840004
29993 1 663.552063 115.776009 2 657.092773 115.776009
30200 1 613.440002 240.480011 2 591.605408 240.480011
30116 1 531.360046 283.680023 2 494.646912 283.680023
30141 1 483.840027 263.52002 2 454.112152 263.52002
29512 1 558.144043 107.136009 2 550.512329 107.136009
30167 1 266.400024 229.200012 2 241.030075 229.200012
30201 1 285.600006 220.800003 2 263.787872 220.800003
30045 1 220.320007 309.600006 2 171.935379 309.600006
30108 1 248.832031 266.11203 2 210.985977 266.11203
30103 1 324.0 297.600006 2 285.015137 297.600006
30085 1 285.120026 298.944031 2 242.106842 298.944031
30403 1 72.576004 190.080017 2 54.485504 190.080017
30058 1 105.120003 288.0 2 59.267277 288.0
30051 1 155.520004 283.680023 2 108.330658 283.680023
30294 1 305.279999 79.200005 2 285.349152 79.200005
30082 1 1108.800049 270.720001 2 1065.47644 270.720001
30370 1 362.880035 155.52002 2 344.162262 155.52002
25853 1 660.960022 125.280006 2 654.187927 125.280006
30210 1 285.120026 221.184021 2 263.674438 221.184021
25792 1 593.049683 178.32962 2 585.605957 178.32962
30368 1 362.880066 114.048019 2 344.138916 114.048019
28197 1 369.100861 89.16481 2 349.513702 89.16481
30260 1 346.29126 87.091209 2 325.996948 87.091209
29565 1 463.104034 41.472004 2 447.899445 41.472004
29576 1 555.724854 157.593628 2 548.032471 157.593628
29850 1 348.364838 221.875229 2 323.628021 221.875229
27583 1 601.344055 134.784012 2 594.102722 134.784012
26992 1 580.608093 118.195213 2 574.59613 118.195213
30393 1 369.100861 134.784012 2 350.835846 134.784012
29762 1 1109.376099 271.296021 2 1065.081665 271.296021
29920 1 661.478516 248.832031 2 635.853027 248.832031
30207 1 613.440063 240.192017 2 591.908997 240.192017
29918 1 590.400024 197.280014 2 581.705505 197.280014
29426 1 530.841675 284.083252 2 495.064606 284.083252
30137 1 493.516876 265.420837 2 462.719116 265.420837
29400 1 617.932861 319.334442 2 568.964844 319.334442
29123 1 404.352051 244.68483 2 381.980927 244.68483
30121 1 354.585663 279.936035 2 319.480713 279.936035
30083 1 455.040009 312.480011 2 411.863098 312.480011
29928 1 483.148865 51.840008 2 470.936188 51.840008
29149 1 557.798462 105.753616 2 549.273438 105.753616
29574 1 570.240051 62.208008 2 562.652771 62.208008
28692 1 522.720032 152.639999 2 517.369446 152.639999
30362 1 364.608032 86.400009 2 345.787292 86.400009
30166 1 266.400024 228.960007 2 240.908142 228.960007
30153 1 269.568024 231.552017 2 242.792938 231.552017
30095 1 324.0 298.080017 2 283.903625 298.080017
30290 1 110.59201 221.184021 2 90.617409 221.184021
30191 1 174.182419 221.875229 2 151.762909 221.875229
30015 1 117.504013 317.952026 2 63.49926 317.952026
30265 1 305.856018 79.488007 2 285.641418 79.488007
29519 1 267.840027 76.032005 2 247.226105 76.032005
29144 1 294.451233 70.502411 2 274.078033 70.502411
29936 1 306.892853 155.52002 2 285.893463 155.52002
29939 1 172.108826 58.060806 2 159.915909 58.060806
29441 1 846.720032 221.76001 2 818.493591 221.76001
30029 1 980.812927 302.745636 2 930.233704 302.745636
30076 1 1134.0 231.600006 2 1089.812622 231.600006
30080 1 1026.432129 217.728027 2 982.551392 217.728027
30392 1 362.880066 155.52002 2 344.57843 155.52002
27581 1 330.048035 136.512009 2 310.3508 136.512009
28196 1 402.278442 74.649612 2 383.057617 74.649612
30346 1 376.0 82.0 2 356.883148 82.0
30349 1 383.201324 49.766407 2 364.103088 49.766407
24075 1 607.56488 157.593628 2 601.24469 157.593628
28250 1 606.528076 119.23201 2 600.173706 119.23201
30077 1 456.192047 312.768036 2 412.259094 312.768036
30278 1 263.0 123.0 2 242.864929 123.0
29087 1 485.222473 263.761963 2 453.931244 263.761963
29767 1 1022.284973 217.728027 2 978.335327 217.728027
30173 1 661.824036 248.832031 2 637.068237 248.832031
30302 1 758.937683 99.532814 2 739.138306 99.532814
30056 1 141.834259 281.180206 2 95.676033 281.180206
30048 1 106.997772 291.133484 2 59.389294 291.133484
28672 1 485.222473 49.766407 2 472.547241 49.766407
30039 1 221.875229 308.966431 2 172.652527 308.966431
30059 1 236.390427 288.645172 2 190.609955 288.645172
30272 1 101.952011 228.096024 2 81.776619 228.096024
30328 1 109.900818 221.875229 2 90.473129 221.875229
30404 1 82.114571 199.065628 2 64.053833 199.065628
30341 1 1009.843323 76.723213 2 990.649597 76.723213
30186 1 174.182419 223.948837 2 151.041687 223.948837
30128 1 165.600006 225.600006 2 133.122513 225.600006
30208 1 1142.139038 79.626251 2 1120.664795 79.626251
30164 1 1112.279175 57.231369 2 1086.386597 57.231369
30168 1 267.494446 230.169632 2 242.227722 230.169632
29818 1 214.272018 221.184021 2 186.11409 221.184021
30154 1 330.0 237.600006 2 303.231812 237.600006
30350 1 328.458282 191.600662 2 309.363953 191.600662
30193 1 279.936035 207.360031 2 257.605042 207.360031
29135 1 403.10791 243.855392 2 381.686737 243.855392
29537 1 457.850952 189.11235 2 452.525299 189.11235
29188 1 613.785706 78.796814 2 606.302063 78.796814
26355 1 557.383789 106.997772 2 549.426331 106.997772
30174 1 358.318115 223.948837 2 333.720367 223.948837
30211 1 611.712097 238.464035 2 590.270142 238.464035
25796 1 588.902466 196.992035 2 580.825989 196.992035
22834 1 661.478516 124.416016 2 654.585449 124.416016
28701 1 528.768066 153.446426 2 522.370483 153.446426
28198 1 617.932861 58.060806 2 612.098328 58.060806
30229 1 294.451233 93.312012 2 273.76709 93.312012
30324 1 320.993317 59.719688 2 301.52301 59.719688
29937 1 281.180206 124.416016 2 260.787262 124.416016
29522 1 369.100861 103.680016 2 350.358582 103.680016
30334 1 358.732849 107.827217 2 339.421417 107.827217
30084 1 756.864136 294.451233 2 713.81366 294.451233
29783 1 975.42157 216.483871 2 935.989502 216.483871
30359 1 364.290131 113.467415 2 345.561523 113.467415
30298 1 343.388214 87.091209 2 323.495392 87.091209
29580 1 485.222473 151.787537 2 478.541565 151.787537
28693 1 268.738617 77.635597 2 247.774231 77.635597
29763 1 283.668518 298.59845 2 241.398956 298.59845
30046 1 107.495445 289.640503 2 59.320911 289.640503
29752 1 154.275864 283.668518 2 108.033684 283.668518
30183 1 659.404907 248.832031 2 635.822815 248.832031
30195 1 265.752625 223.948837 2 243.509583 223.948837
30165 1 247.836716 217.976868 2 222.158798 217.976868
30118 1 1125.716187 104.50946 2 1090.006714 104.50946
30105 1 321.408051 298.59845 2 282.89975 298.59845
30097 1 313.528351 296.110107 2 273.798187 296.110107
29761 1 191.103012 286.65451 2 145.392563 286.65451
30109 1 164.229156 262.766632 2 126.495789 262.766632
30094 1 343.388214 298.59845 2 302.864899 298.59845
29467 1 179.159073 217.976868 2 156.489349 217.976868
30132 1 165.600006 226.080002 2 133.2854 226.080002
22846 1 659.902588 122.425369 2 653.546021 122.425369
30284 1 101.523476 226.93483 2 81.466515 226.93483
30388 1 71.663628 226.93483 2 53.308609 226.93483
30283 1 110.48143 220.96286 2 90.413284 220.96286
30309 1 319.334442 134.784012 2 299.594818 134.784012
29526 1 335.923248 213.995544 2 317.462128 213.995544
28227 1 328.458313 191.103012 2 308.884094 191.103012
30184 1 281.180206 206.530594 2 257.945007 206.530594
30263 1 316.514374 116.4534 2 296.289978 116.4534
30293 1 293.621796 94.556175 2 273.678833 94.556175
25826 1 619.591797 57.231369 2 612.090942 57.231369
29871 1 403.10791 244.850739 2 382.425629 244.850739
30160 1 353.341492 226.437149 2 326.943512 226.437149
29940 1 390.66629 213.995544 2 375.197174 213.995544
29543 1 558.379089 107.495445 2 549.643188 107.495445
28699 1 570.323059 59.719692 2 564.298279 59.719692
30187 1 574.802002 238.878754 2 551.735657 238.878754
30402 1 432.967773 68.677643 2 414.856812 68.677643
29968 1 402.278442 105.753616 2 385.976105 105.753616
27594 1 600.182922 134.369308 2 592.96582 134.369308
29073 1 974.592163 217.728027 2 933.050476 217.728027
29952 1 390.566803 211.407715 2 372.98764 211.407715
30172 1 659.902588 247.836716 2 635.021057 247.836716
29990 1 268.738617 125.411354 2 248.414307 125.411354
29855 1 577.152039 252.288025 2 551.609131 252.288025
30379 1 746.496094 196.577301 2 728.003906 196.577301
29814 1 492.687439 265.752625 2 462.263458 265.752625
30086 1 283.07135 297.404083 2 241.1595 297.404083
30271 1 1051.066528 104.50946 2 1030.881836 104.50946
30066 1 189.90863 286.654541 2 145.243042 286.654541
30126 1 361.304138 277.696564 2 328.384003 277.696564
29833 1 390.566803 250.822708 2 363.136658 250.822708
29536 1 354.734985 197.074982 2 336.311798 197.074982
30159 1 268.738586 231.413788 2 242.325211 231.413788
29095 1 219.801636 221.875229 2 192.094208 221.875229
30188 1 280.682556 206.032928 2 257.737305 206.032928
30171 1 221.46051 221.46051 2 196.470383 221.46051
29158 1 525.035583 116.951057 2 519.950012 116.951057
28729 1 526.727722 118.244995 2 521.414856 118.244995
25286 1 666.471802 146.910446 2 658.262512 146.910446
30163 1 209.018921 223.948837 2 183.063339 223.948837
30198 1 179.159058 228.925476 2 157.224579 228.925476
30196 1 179.159088 225.740448 2 156.934998 225.740448
30230 1 100.329086 225.740448 2 79.648491 225.740448
30310 1 609.140869 240.073166 2 589.407532 240.073166
30206 1 585.252991 238.878769 2 563.692749 238.878769
29789 1 318.903168 293.820892 2 281.083954 293.820892
29784 1 310.542389 295.612457 2 270.393311 295.612457
30120 1 333.235901 272.321808 2 297.890289 272.321808
26986 1 526.727722 150.493622 2 521.140137 150.493622
29175 1 483.729492 149.299225 2 477.936951 149.299225
26972 1 569.725891 121.828178 2 563.700928 121.828178
29191 1 612.126831 79.626251 2 605.227783 79.626251
30251 1 304.570435 155.271194 2 284.170746 155.271194
28188 1 329.76001 136.800003 2 309.913818 136.800003
30247 1 275.904999 143.327271 2 255.451447 143.327271
24711 1 659.30542 121.828178 2 653.357361 121.828178
29190 1 641.389526 82.413177 2 636.309509 82.413177
26983 1 666.471802 71.663635 2 663.543762 71.663635
28204 1 603.168884 59.719692 2 596.64978 59.719692
30150 1 268.738617 232.906799 2 241.838379 232.906799
30382 1 340.899902 196.577301 2 322.427948 196.577301
29541 1 304.570435 197.074982 2 285.400879 197.074982
28722 1 293.820892 136.160904 2 270.116364 136.160904
30259 1 343.388214 89.579536 2 323.078827 89.579536
29870 1 295.612457 95.551506 2 273.743591 95.551506
30221 1 334.430267 113.467415 2 313.443329 113.467415
30357 1 359.424042 107.136009 2 340.454895 107.136009
29983 1 360.806458 92.067856 2 341.385773 92.067856
29933 1 462.827576 111.974419 2 451.368347 111.974419
28253 1 601.974487 125.411354 2 594.015198 125.411354
27598 1 580.475403 143.327271 2 573.067383 143.327271
28702 1 268.738617 78.829994 2 248.050934 78.829994
30354 1 758.440063 98.537491 2 739.416992 98.537491
29769 1 1109.790894 271.226929 2 1063.243408 271.226929
28189 1 635.0 53.0 2 632.320557 53.0
29902 1 410.400024 102.000008 2 393.46817 102.000008
29906 1 436.800018 31.200001 2 419.906219 31.200001
29961 1 506.400024 199.200012 2 499.496613 199.200012
29913 1 262.800018 122.400002 2 242.686813 122.400002
29115 1 295.200012 70.560005 2 274.68158 70.560005
29475 1 336.960022 216.000015 2 318.658173 216.000015
29963 1 335.52002 31.68 2 315.625275 31.68
29890 1 83.520004 200.160004 2 64.976509 200.160004
29590 1 335.232025 32.832005 2 315.473724 32.832005
29975 1 381.888031 77.76001 2 362.553101 77.76001
29116 1 307.584015 34.560005 2 287.403961 34.560005
29729 1 820.800049 330.048035 2 766.455383 330.048035
29999 1 720.57605 65.664009 2 713.800476 65.664009
29836 1 577.152039 252.288025 2 551.609131 252.288025
29427 1 349.05603 286.848022 2 312.306335 286.848022
27579 1 528.768066 153.792007 2 522.596069 153.792007
29815 1 848.448059 221.184021 2 820.146667 221.184021
29748 1 981.504089 302.400024 2 930.954102 302.400024
28194 1 335.923248 101.606415 2 315.937836 101.606415
28674 1 605.491272 120.268814 2 599.734253 120.268814
29982 1 568.166504 136.85762 2 562.450256 136.85762
29791 1 974.592163 217.728027 2 933.050476 217.728027
28237 1 678.067322 72.576012 2 677.808105 72.576012
27573 1 628.300903 62.208008 2 622.81311 62.208008
29423 1 354.585663 279.936035 2 319.480713 279.936035
29575 1 267.494446 41.472008 2 247.177933 41.472008
29120 1 848.102539 221.875229 2 818.704956 221.875229
29530 1 400.619568 74.649612 2 381.725189 74.649612
29995 1 567.337036 124.416016 2 561.088989 124.416016
29398 1 619.591797 320.993317 2 570.241882 320.993317
29422 1 530.012207 283.668518 2 495.681335 283.668518
29438 1 659.404907 248.832031 2 635.822815 248.832031
29736 1 221.46051 308.551727 2 172.499435 308.551727
29941 1 79.626251 228.925476 2 63.183777 228.925476
26354 1 522.547302 151.787537 2 517.85968 151.787537
25810 1 629.545044 59.719688 2 624.598999 59.719688
29186 1 358.318146 95.551506 2 339.081635 95.551506
26944 1 746.496155 197.074982 2 727.382935 197.074982
29146 1 209.018921 209.018921 2 184.962555 209.018921
28644 1 310.542389 295.612457 2 270.393311 295.612457
29534 1 328.458313 191.103012 2 308.884094 191.103012
28718 1 630.042725 59.719692 2 624.855408 59.719692
29754 1 612.126831 316.514374 2 564.455811 316.514374
29780 1 1110.786255 271.724609 2 1064.020874 271.724609
29162 1 465.813599 139.74408 2 462.472137 139.74408
28724 1 594.808167 179.159088 2 588.275391 179.159088
29955 1 429.981781 118.244995 2 415.534088 118.244995
29193 1 293.820892 136.160904 2 270.116364 136.160904
29567 1 666.471802 146.910446 2 658.262512 146.910446
29865 1 659.30542 247.239532 2 634.328125 247.239532
26952 1 745.301758 197.074982 2 726.446472 197.074982
29861 1 211.407715 222.157257 2 185.024826 222.157257
29828 1 71.663635 225.740448 2 54.490997 225.740448
21623 1 723.802673 100.329086 2 712.278748 100.329086
22237 1 720.219482 82.413177 2 710.702759 82.413177
29950 1 548.226807 168.409531 2 540.629456 168.409531
29539 1 526.727722 118.244995 2 521.414856 118.244995
28711 1 587.641785 193.491806 2 579.017944 193.491806
28241 1 612.72406 78.829994 2 606.219482 78.829994
29160 1 283.07135 218.574081 2 261.722687 218.574081
29553 1 318.903168 118.244995 2 298.662933 118.244995
29947 1 451.480896 121.828178 2 440.866577 121.828178
28716 1 490.895874 265.155426 2 460.036743 265.155426
28245 1 1110.786255 272.321808 2 1065.172852 272.321808
