233
96.750312805 -6.627597332 70.040763855 0.03499161048513226 0.5323329846604474 -0.022016212169868467 0.8455249653557534
29409 1 341.0 92.0 2 319.269318 92.0
29356 1 340.0 74.0 2 316.12085 74.0
25086 1 549.0 122.0 2 543.173401 122.0
23416 1 728.0 73.0 2 727.373901 73.0
29308 1 276.0 40.0 2 251.779938 40.0
29364 1 379.0 27.0 2 355.642212 27.0
29480 1 419.0 78.0 2 399.807159 78.0
29352 1 356.0 51.0 2 332.591156 51.0
29468 1 416.0 29.0 2 396.184967 29.0
29125 1 904.0 333.0 2 846.213745 333.0
29303 1 245.0 77.0 2 219.989746 77.0
28874 1 284.0 101.0 2 259.439941 101.0
29271 1 247.0 48.0 2 221.688583 48.0
28457 1 394.800018 92.400002 2 374.723083 92.400002
27790 1 680.400024 128.400009 2 673.567688 128.400009
27663 1 685.200012 116.400002 2 678.962219 116.400002
29476 1 361.0 224.0 2 342.72818 224.0
26807 1 652.800049 106.800003 2 645.306641 106.800003
29605 1 624.0 121.200005 2 617.285461 121.200005
29183 1 178.800003 248.400009 2 145.688049 248.400009
29178 1 181.0 247.0 2 146.89917 247.0
27745 1 650.400024 82.800003 2 643.691162 82.800003
29600 1 620.400024 82.800003 2 612.405701 82.800003
29293 1 246.0 124.0 2 221.441086 124.0
29506 1 742.800049 69.600006 2 742.735474 69.600006
29290 1 277.200012 40.800003 2 252.54953 40.800003
29489 1 383.0 139.0 2 364.464233 139.0
28911 1 357.120026 60.480003 2 334.019318 60.480003
28976 1 621.600037 187.200012 2 613.589722 187.200012
29425 1 334.0 185.0 2 313.227264 185.0
28023 1 600.0 181.200012 2 591.801086 181.200012
29380 1 345.600006 116.400002 2 323.779907 116.400002
29246 1 638.400024 265.200012 2 610.424744 265.200012
29499 1 639.0 55.0 2 632.499451 55.0
29254 1 564.0 261.600006 2 536.806091 261.600006
29215 1 522.0 274.0 2 490.115021 274.0
29223 1 111.0 225.0 2 79.354622 225.0
28466 1 69.600006 31.200001 2 55.839195 31.200001
25093 1 548.640015 120.960007 2 543.05249 120.960007
28825 1 259.200012 58.800003 2 234.078796 58.800003
29594 1 617.76001 82.080002 2 611.381653 82.080002
28975 1 574.559998 73.440002 2 566.909912 73.440002
27394 1 574.559998 177.12001 2 566.022644 177.12001
27777 1 551.52002 149.76001 2 543.962952 149.76001
28022 1 691.0 81.0 2 690.219849 81.0
28974 1 419.040009 77.760002 2 399.636139 77.760002
29452 1 408.960022 80.639999 2 390.165039 80.639999
28430 1 244.68483 124.416016 2 220.209778 124.416016
28461 1 442.080017 53.280003 2 422.847565 53.280003
29418 1 334.080017 182.880005 2 313.114014 182.880005
29357 1 355.200012 50.400002 2 332.105316 50.400002
29351 1 329.76001 61.920002 2 305.770538 61.920002
28872 1 298.800018 69.600006 2 273.151886 69.600006
29407 1 343.200012 124.800003 2 321.45105 124.800003
25747 1 599.040039 119.520004 2 591.630249 119.520004
29327 1 321.120026 106.560005 2 296.681 106.560005
29168 1 940.800049 237.600006 2 902.875671 237.600006
29260 1 817.920044 231.840012 2 791.249207 231.840012
29141 1 778.0 320.0 2 730.43335 320.0
29242 1 637.920044 264.960022 2 609.9021 264.960022
29272 1 897.0 114.0 2 871.26355 114.0
27681 1 620.640015 138.240005 2 612.188965 138.240005
29257 1 592.800049 264.0 2 564.708618 264.0
29507 1 607.200012 205.200012 2 598.246338 205.200012
29227 1 522.0 273.600006 2 489.836151 273.600006
29174 1 592.800049 286.800018 2 557.453674 286.800018
29461 1 361.200012 223.200012 2 342.522919 223.200012
29165 1 448.800018 301.200012 2 408.652985 301.200012
27664 1 582.0 60.000004 2 574.098206 60.000004
28030 1 535.200012 156.0 2 530.616943 156.0
29447 1 388.0 103.0 2 367.556885 103.0
28842 1 211.680008 54.720001 2 186.672638 54.720001
28034 1 205.920013 110.880005 2 181.788437 110.880005
29211 1 296.640015 120.960007 2 265.149292 120.960007
29511 1 383.040009 139.680008 2 363.761566 139.680008
28997 1 412.992035 124.416016 2 397.6539 124.416016
29526 1 371.52005 222.912018 2 353.523834 222.912018
28595 1 247.104019 139.968018 2 222.363007 139.968018
28817 1 229.920807 116.4534 2 205.115555 116.4534
29435 1 425.0 50.0 2 404.637115 50.0
28826 1 276.480011 40.32 2 252.145447 40.32
28025 1 298.080017 69.120003 2 273.05072 69.120003
27778 1 607.200012 145.200012 2 599.835449 145.200012
28910 1 355.968048 58.752007 2 332.937012 58.752007
27671 1 340.070435 74.649612 2 315.871002 74.649612
29323 1 321.40802 107.136009 2 296.872986 107.136009
29349 1 321.40802 84.672005 2 297.535126 84.672005
29424 1 345.600037 115.776009 2 323.758148 115.776009
29445 1 998.784119 86.400009 2 977.398621 86.400009
29138 1 777.600037 319.680023 2 729.456055 319.680023
29243 1 637.63208 264.384033 2 609.669739 264.384033
28777 1 703.296082 281.664032 2 669.910217 281.664032
29603 1 618.624084 81.216011 2 611.36499 81.216011
29078 1 639.360046 55.296005 2 632.245911 55.296005
27297 1 687.74408 176.256012 2 679.705872 176.256012
28570 1 606.528076 203.904022 2 597.278503 203.904022
29172 1 590.976074 286.848022 2 555.737915 286.848022
28467 1 570.240051 106.560005 2 562.790405 106.560005
29398 1 341.279999 92.160004 2 319.327606 92.160004
29466 1 421.920013 86.400002 2 402.639771 86.400002
29158 1 288.0 310.800018 2 245.554169 310.800018
29193 1 180.0 247.680008 2 146.271622 247.680008
28434 1 245.376022 46.656006 2 220.166809 46.656006
28132 1 212.544022 55.296005 2 187.681396 55.296005
28892 1 295.488037 86.400009 2 271.546997 86.400009
27669 1 324.864044 152.064011 2 303.031799 152.064011
28800 1 612.0 264.960022 2 584.074036 264.960022
29250 1 588.902466 263.347229 2 561.084045 263.347229
29414 1 325.555237 209.433624 2 304.638031 209.433624
29239 1 369.100861 267.494446 2 340.372772 267.494446
29451 1 426.81604 55.296005 2 406.882904 55.296005
27357 1 275.788849 39.398407 2 251.578522 39.398407
29519 1 468.288055 86.400009 2 455.233765 86.400009
29520 1 444.096039 86.400009 2 427.752808 86.400009
29537 1 373.248047 172.108826 2 354.243896 172.108826
28450 1 255.744019 119.23201 2 231.772324 119.23201
29428 1 348.364838 136.85762 2 326.924927 136.85762
28944 1 346.29126 116.121613 2 324.211487 116.121613
29524 1 800.409729 51.840008 2 777.118225 51.840008
29525 1 679.104065 76.032005 2 676.78717 76.032005
28137 1 632.448059 78.796814 2 625.548523 78.796814
22158 1 682.214478 126.489616 2 675.305359 126.489616
27695 1 620.00647 136.85762 2 611.307068 136.85762
29229 1 510.105682 267.494446 2 479.760803 267.494446
28814 1 564.019287 261.273651 2 538.779602 261.273651
29003 1 459.360016 192.960007 2 453.745605 192.960007
29233 1 474.854462 267.494446 2 445.087524 267.494446
27693 1 571.968079 105.408012 2 563.829834 105.408012
29388 1 376.704041 51.840004 2 354.224182 51.840004
28989 1 369.100861 122.342415 2 349.212799 122.342415
28775 1 292.377655 238.464035 2 260.40863 238.464035
29137 1 221.875229 317.260834 2 170.581146 317.260834
29159 1 288.0 309.600006 2 245.024002 309.600006
28425 1 244.68483 78.796814 2 219.34465 78.796814
29307 1 228.096039 114.048019 2 203.440308 114.048019
28421 1 244.68483 47.692806 2 220.225281 47.692806
28478 1 321.408051 107.827217 2 296.518097 107.827217
28019 1 267.840027 103.680008 2 244.080414 103.680008
28742 1 971.136108 252.288025 2 930.648132 252.288025
28506 1 388.177979 102.021133 2 368.248016 102.021133
29437 1 385.689667 95.385612 2 365.817352 95.385612
28057 1 370.759735 121.927696 2 350.119751 121.927696
29405 1 342.720001 125.280006 2 320.993347 125.280006
29527 1 443.750458 87.091209 2 427.464355 87.091209
23397 1 599.270508 120.268814 2 591.417969 120.268814
29244 1 634.521667 265.420837 2 607.368408 265.420837
27626 1 699.218018 281.180206 2 666.559448 281.180206
28451 1 530.012207 111.974419 2 524.37793 111.974419
29441 1 997.816467 87.091209 2 976.456299 87.091209
24535 1 689.264709 151.787537 2 681.010315 151.787537
29155 1 288.230438 311.040039 2 244.787308 311.040039
28059 1 259.200043 60.134407 2 234.760254 60.134407
26847 1 212.004898 56.733707 2 188.60994 56.733707
29228 1 562.360413 266.250275 2 532.237183 266.250275
29383 1 238.464035 230.169632 2 216.866714 230.169632
23972 1 727.488098 72.576004 2 727.360413 72.576004
29577 1 617.932861 80.870415 2 610.872437 80.870415
26344 1 639.498352 57.231369 2 631.839172 57.231369
29012 1 624.56842 164.229141 2 618.226318 164.229141
29458 1 409.536041 77.76001 2 390.120697 77.76001
26824 1 381.54245 55.987209 2 358.586578 55.987209
28607 1 354.585663 60.134407 2 331.012299 60.134407
28056 1 412.646454 124.416016 2 397.337585 124.416016
29245 1 330.946594 251.320358 2 303.52713 251.320358
28847 1 308.551727 69.672974 2 283.825226 69.672974
29486 1 381.888031 139.968018 2 363.374878 139.968018
29013 1 373.248047 171.694107 2 354.153931 171.694107
29394 1 333.434937 154.275864 2 311.340454 154.275864
28807 1 634.521667 266.250275 2 606.667114 266.250275
29547 1 540.463196 119.439384 2 534.892761 119.439384
28491 1 604.661865 204.042267 2 596.118713 204.042267
29143 1 176.670746 291.133484 2 129.670441 291.133484
29146 1 139.345947 291.133484 2 91.549103 291.133484
29150 1 116.4534 280.682556 2 71.817879 280.682556
28767 1 182.145065 250.822708 2 147.40361 250.822708
29559 1 641.986694 200.060959 2 634.228943 200.060959
29255 1 216.483871 213.995544 2 189.07489 213.995544
27279 1 268.738586 104.509453 2 244.499664 104.509453
27710 1 632.033386 79.626251 2 624.861511 79.626251
28452 1 373.248047 223.948837 2 355.995239 223.948837
28801 1 587.243591 261.273651 2 558.834839 261.273651
29249 1 564.351074 262.766632 2 535.786011 262.766632
28838 1 259.78067 152.285217 2 235.035446 152.285217
25091 1 537.477234 155.271194 2 532.089661 155.271194
22821 1 683.790466 125.411354 2 675.372681 125.411354
29483 1 423.014465 84.60289 2 403.976654 84.60289
29544 1 447.897675 121.927696 2 435.979095 121.927696
27728 1 573.309021 107.495445 2 563.826233 107.495445
26903 1 585.252991 59.719692 2 577.309998 59.719692
29573 1 575.424072 62.208008 2 568.003296 62.208008
28934 1 331.444275 101.523476 2 308.816742 101.523476
29214 1 298.59845 122.425369 2 266.93927 122.425369
29076 1 579.778625 156.764175 2 571.388062 156.764175
28755 1 174.182419 250.90564 2 140.578323 250.90564
21566 1 687.970886 150.493622 2 679.585876 150.493622
29261 1 655.722229 283.07135 2 625.843384 283.07135
28798 1 633.028748 265.752625 2 605.289856 265.752625
29144 1 139.74408 290.237701 2 92.394897 290.237701
29312 1 555.393127 247.836716 2 532.279358 247.836716
26886 1 541.060425 121.828178 2 535.733826 121.828178
29387 1 806.215881 164.826355 2 783.20929 164.826355
29008 1 376.23407 222.157257 2 358.610504 222.157257
29561 1 397.733154 197.074982 2 386.074707 197.074982
29256 1 588.238953 262.766632 2 560.100037 262.766632
27314 1 268.738617 104.50946 2 245.120468 104.50946
28585 1 244.850739 77.635597 2 219.55484 77.635597
29169 1 340.402252 290.237701 2 305.61972 290.237701
29173 1 298.59845 268.738617 2 262.695984 268.738617
27375 1 665.874573 83.607567 2 659.693604 83.607567
29252 1 214.990891 214.990891 2 188.734039 214.990891
25116 1 537.477234 154.076813 2 532.564148 154.076813
29050 1 257.989075 150.493622 2 234.333603 150.493622
28836 1 222.157257 139.74408 2 195.960175 139.74408
28547 1 573.309021 68.677643 2 566.299133 68.677643
29540 1 445.409332 87.091209 2 427.695099 87.091209
28528 1 424.009796 83.607567 2 405.503906 83.607567
29022 1 401.316345 100.329086 2 381.698303 100.329086
28581 1 369.067719 121.828178 2 348.739746 121.828178
29453 1 412.065887 232.906799 2 393.828217 232.906799
29579 1 574.802002 176.670746 2 565.625427 176.670746
28115 1 551.809998 128.994537 2 544.443359 128.994537
28499 1 383.400421 139.74408 2 364.647858 139.74408
29287 1 206.032928 110.48143 2 181.851135 110.48143
27296 1 369.067719 265.155426 2 341.764282 265.155426
28064 1 698.720398 280.682556 2 664.178955 280.682556
29291 1 243.0 118.0 2 218.165924 118.0
29469 1 475.0 25.0 2 456.362732 25.0
29493 1 451.0 59.0 2 432.052155 59.0
29269 1 297.0 69.0 2 272.203735 69.0
29482 1 457.0 34.0 2 438.210999 34.0
29200 1 713.0 272.0 2 679.805542 272.0
29110 1 1220.0 243.0 2 1154.310669 243.0
29026 1 582.0 126.000008 2 575.379578 126.000008
29420 1 328.800018 194.400009 2 307.79895 194.400009
29365 1 382.800018 56.400002 2 359.681488 56.400002
29347 1 378.0 26.400002 2 354.76712 26.400002
29495 1 457.200012 33.600002 2 438.156677 33.600002
28563 1 676.800049 123.600006 2 670.000854 123.600006
29332 1 336.0 51.600002 2 311.853333 51.600002
29416 1 348.0 148.800003 2 326.664459 148.800003
29324 1 319.200012 34.800003 2 294.93985 34.800003
29251 1 903.600037 69.600006 2 874.874939 69.600006
29127 1 513.600037 348.0 2 458.481415 348.0
29235 1 459.600006 268.800018 2 430.700928 268.800018
29432 1 387.600006 102.000008 2 367.250366 102.000008
27744 1 645.119995 145.440002 2 637.308472 145.440002
29390 1 375.840027 51.840004 2 353.233978 51.840004
28902 1 378.720001 27.360001 2 355.834137 27.360001
28596 1 650.880005 155.520004 2 642.611572 155.520004
29465 1 364.320007 148.320007 2 344.840363 148.320007
28956 1 347.040009 149.76001 2 325.701263 149.76001
29268 1 895.680054 113.760002 2 870.601868 113.760002
27390 1 711.360046 167.040009 2 701.345459 167.040009
29161 1 447.840027 300.960022 2 407.8815 300.960022
29027 1 617.76001 59.040001 2 611.568054 59.040001
28983 1 387.360016 102.240005 2 367.071045 102.240005
29313 1 240.480011 70.560005 2 216.933823 70.560005
28436 1 254.880005 119.520004 2 230.616547 119.520004
29035 1 682.560059 127.872009 2 675.569519 127.872009
29505 1 442.368042 53.568005 2 423.115723 53.568005
29006 1 456.192047 32.832005 2 437.809082 32.832005
29471 1 440.640045 39.744003 2 422.17218 39.744003
29410 1 333.504028 181.440018 2 312.574951 181.440018
26391 1 616.896057 122.688011 2 609.711121 122.688011
29306 1 276.480042 39.744003 2 251.989578 39.744003
29472 1 364.608032 148.608017 2 344.938141 148.608017
29140 1 777.600098 319.680023 2 730.019165 319.680023
29241 1 903.74408 69.12001 2 877.227295 69.12001
26823 1 625.536072 122.688011 2 617.740356 122.688011
25761 1 542.592041 157.248016 2 535.896912 157.248016
29204 1 164.160019 226.368027 2 132.629517 226.368027
28858 1 292.377655 99.532814 2 267.964325 99.532814
27273 1 294.451233 85.017609 2 269.739197 85.017609
28857 1 333.84964 51.840008 2 310.133057 51.840008
29170 1 941.414551 236.390427 2 903.345947 236.390427
29406 1 997.401733 87.091209 2 977.670654 87.091209
28490 1 503.884857 205.286423 2 497.126251 205.286423
28984 1 617.932861 60.134407 2 612.577942 60.134407
29010 1 516.326477 124.416016 2 511.657745 124.416016
27694 1 441.676849 53.913609 2 423.13858 53.913609
29460 1 425.088074 55.987209 2 404.956085 55.987209
29443 1 356.659241 153.446426 2 336.401276 153.446426
29187 1 163.814423 226.02243 2 132.56366 226.02243
28955 1 340.899902 129.392654 2 319.192627 129.392654
29344 1 801.239136 52.254726 2 777.738403 52.254726
28729 1 221.46051 318.505005 2 170.606873 318.505005
28765 1 181.647385 251.320358 2 147.573502 251.320358
29156 1 286.15683 311.040039 2 244.29335 311.040039
25104 1 572.31366 106.997772 2 563.82605 106.997772
26352 1 617.103455 59.719688 2 612.765564 59.719688
28773 1 291.133484 238.878754 2 258.899475 238.878754
29301 1 258.785309 59.719688 2 234.556946 59.719688
26813 1 338.41156 74.649612 2 315.474976 74.649612
28987 1 468.799591 86.593552 2 454.9888 86.593552
26340 1 331.444275 125.411354 2 309.634094 125.411354
29208 1 656.916626 283.668549 2 625.402588 283.668549
29442 1 961.487 110.48143 2 941.932617 110.48143
29474 1 1042.108643 59.719692 2 1021.944031 59.719692
29224 1 128.397339 235.892776 2 92.731255 235.892776
29133 1 220.96286 316.514374 2 170.566925 316.514374
28172 1 603.168884 203.046951 2 594.119141 203.046951
28880 1 818.15979 86.593552 2 793.160278 86.593552
29201 1 346.374207 280.682556 2 312.13623 280.682556
27785 1 695.734375 80.621582 2 694.079224 80.621582
29011 1 453.869659 185.131042 2 449.07312 185.131042
28973 1 382.206024 194.088989 2 366.269806 194.088989
29219 1 304.570435 235.892776 2 272.444733 235.892776
28102 1 373.248077 170.201126 2 354.113586 170.201126
28353 1 970.445007 253.808685 2 927.063354 253.808685
27254 1 451.480896 300.987244 2 409.841583 300.987244
28375 1 182.742264 250.822708 2 147.370316 250.822708
29220 1 128.994537 236.48999 2 92.906563 236.48999
28920 1 816.965393 85.996361 2 793.900696 85.996361
29298 1 598.391357 247.239532 2 574.611633 247.239532
29300 1 555.393127 247.239532 2 532.620911 247.239532
23924 1 601.974487 200.658173 2 593.202942 200.658173
25769 1 698.720398 118.244995 2 692.217163 118.244995
25144 1 698.720398 78.829994 2 696.794678 78.829994
28100 1 229.323624 114.661812 2 203.761368 114.661812
28797 1 243.656357 75.246811 2 219.608963 75.246811
28785 1 214.990891 218.574081 2 189.396667 218.574081
29358 1 1078.53772 68.080452 2 1053.178223 68.080452
29055 1 114.661812 218.574081 2 83.400414 218.574081
21567 1 684.387695 121.828178 2 675.929565 121.828178
29373 1 329.65271 125.411354 2 308.246918 125.411354
26888 1 297.404083 85.996361 2 273.029907 85.996361
29222 1 286.654541 240.073166 2 254.073578 240.073166
28520 1 440.731354 107.495445 2 427.827606 107.495445
