245
103.912879944 -7.310371399 73.728927612 0.034846943512809564 0.517026543223079 -0.019236330707422082 0.8550433952212738
29730 1 651.0 63.0 2 642.301514 63.0
30142 1 181.200012 73.200005 2 142.290726 73.200005
30308 1 338.400024 138.0 2 316.338593 138.0
30252 1 270.0 261.600006 2 239.383957 261.600006
30280 1 279.600006 234.000015 2 251.574341 234.000015
30318 1 597.600037 148.800003 2 587.59314 148.800003
30264 1 259.200012 148.800003 2 229.124588 148.800003
30319 1 656.400024 159.600006 2 648.503418 159.600006
29723 1 728.400024 102.000008 2 720.085815 102.000008
30237 1 351.600006 28.800001 2 320.054596 28.800001
30274 1 291.600006 100.800003 2 261.947266 100.800003
30373 1 617.76001 59.040001 2 610.101685 59.040001
29691 1 283.668518 116.951057 2 253.653091 116.951057
30271 1 286.559998 149.76001 2 257.541412 149.76001
28107 1 627.840027 178.560013 2 617.986267 178.560013
30155 1 162.720001 92.160004 2 123.988892 92.160004
30266 1 280.800018 116.640007 2 251.324905 116.640007
24002 1 727.200012 102.240005 2 719.366089 102.240005
30371 1 725.76001 115.200005 2 717.468994 115.200005
30407 1 548.640015 99.360001 2 542.50647 99.360001
30376 1 532.800049 116.640007 2 527.642822 116.640007
30187 1 223.200012 95.040001 2 187.933395 95.040001
30197 1 243.360016 43.200001 2 208.173981 43.200001
30153 1 162.432022 91.584007 2 123.829529 91.584007
30374 1 654.912048 186.624023 2 645.161804 186.624023
27474 1 597.888062 176.256012 2 587.875549 176.256012
30226 1 240.192017 131.328018 2 207.686722 131.328018
30257 1 259.200012 148.608017 2 229.207932 148.608017
29585 1 176.256012 86.400009 2 137.745819 86.400009
30196 1 196.99202 167.616013 2 161.43515 167.616013
29156 1 677.376038 193.536011 2 666.895203 193.536011
30072 1 627.264038 304.128021 2 582.924927 304.128021
30048 1 760.320068 311.040039 2 714.546021 311.040039
30330 1 855.360107 81.216011 2 845.84314 81.216011
29813 1 808.704102 165.888031 2 798.140686 165.888031
28697 1 673.920044 32.832005 2 665.609497 32.832005
29258 1 649.728088 38.016003 2 641.121765 38.016003
28129 1 658.368042 158.976013 2 650.264893 158.976013
29732 1 737.856079 172.800018 2 726.771179 172.800018
30284 1 508.032043 259.200012 2 481.639008 259.200012
29139 1 592.704041 88.128006 2 583.129883 88.128006
30338 1 533.952026 115.776009 2 529.079041 115.776009
27003 1 608.256042 108.864014 2 600.368652 108.864014
29720 1 390.528046 38.016003 2 362.728973 38.016003
30249 1 336.960022 43.200005 2 305.787842 43.200005
30133 1 86.400009 231.552017 2 47.009197 231.552017
30148 1 200.448013 51.840004 2 161.416336 51.840004
30256 1 290.304016 100.224007 2 261.567871 100.224007
30195 1 269.568024 50.112003 2 235.242828 50.112003
27363 1 485.222473 186.624023 2 480.348938 186.624023
30227 1 240.537628 132.710419 2 208.178116 132.710419
29653 1 240.537628 126.489616 2 206.796127 126.489616
27763 1 651.110474 128.563217 2 642.038147 128.563217
30262 1 267.494446 180.403229 2 237.988235 180.403229
30151 1 170.035217 143.078415 2 131.173538 143.078415
29990 1 825.292908 331.776062 2 768.390076 331.776062
30069 1 628.300903 304.819244 2 583.627258 304.819244
29742 1 358.732849 101.606415 2 337.581909 101.606415
29659 1 337.996857 43.545605 2 306.193634 43.545605
27386 1 707.097717 66.355209 2 700.290649 66.355209
29146 1 595.123291 89.16481 2 584.601746 89.16481
26434 1 649.036865 39.398407 2 640.634155 39.398407
30213 1 269.568024 51.840008 2 235.019272 51.840008
30307 1 356.659241 136.85762 2 334.720734 136.85762
30229 1 211.507233 244.68483 2 179.456848 244.68483
30287 1 344.217651 263.347229 2 317.982086 263.347229
30398 1 534.988892 116.121613 2 529.7052 116.121613
29175 1 655.25769 186.624023 2 645.650085 186.624023
26420 1 597.196899 147.225616 2 586.585876 147.225616
30351 1 858.47052 109.900818 2 848.282471 109.900818
30093 1 136.85762 97.044495 2 97.460281 97.044495
29513 1 758.937683 311.040039 2 713.612976 311.040039
30291 1 343.388214 263.761963 2 317.953522 263.761963
29815 1 808.704102 166.717468 2 798.319275 166.717468
30024 1 669.358154 303.575073 2 620.043884 303.575073
29184 1 467.80423 191.600662 2 462.440918 191.600662
26927 1 736.542847 171.694107 2 725.720764 171.694107
29811 1 534.988892 209.018906 2 530.057556 209.018906
30352 1 811.192444 84.60289 2 801.710449 84.60289
30322 1 634.521667 206.530594 2 623.829895 206.530594
27779 1 594.708557 89.579529 2 584.082397 89.579529
29796 1 559.87207 109.486099 2 553.925598 109.486099
29751 1 597.196899 49.766407 2 587.074524 49.766407
29638 1 301.086761 54.74305 2 266.075623 54.74305
29128 1 268.738586 52.254726 2 235.181274 52.254726
28709 1 671.846497 161.740829 2 662.834167 161.740829
28711 1 654.428223 186.624023 2 645.400574 186.624023
26439 1 651.939941 129.392654 2 641.543396 129.392654
30104 1 121.927696 159.252502 2 81.570824 159.252502
29098 1 174.182419 84.60289 2 135.58606 84.60289
30258 1 283.668518 116.951057 2 253.653091 116.951057
30204 1 209.018906 166.717468 2 174.897156 166.717468
29985 1 1144.627319 174.182419 2 1083.136963 174.182419
30353 1 722.608276 197.074982 2 712.315674 197.074982
30357 1 812.187805 83.607567 2 802.129211 83.607567
29717 1 328.458313 268.738617 2 300.32196 268.738617
30108 1 110.48143 125.411354 2 69.797287 125.411354
30313 1 633.028748 206.032928 2 622.134644 206.032928
29192 1 665.874573 110.48143 2 657.099854 110.48143
27847 1 653.930603 113.467415 2 644.999268 113.467415
27795 1 662.88855 59.719692 2 655.227722 59.719692
29237 1 558.379089 110.48143 2 552.20697 110.48143
30409 1 722.608276 107.495445 2 714.753479 107.495445
30269 1 283.668549 116.4534 2 253.548569 116.4534
30189 1 301.584442 56.733707 2 266.327026 56.733707
29202 1 671.846497 161.243164 2 663.113037 161.243164
29251 1 650.944641 128.397339 2 641.19696 128.397339
30384 1 453.869659 74.649612 2 435.625916 74.649612
29097 1 176.173096 68.677643 2 137.091705 68.677643
30120 1 146.313248 65.691658 2 106.816734 65.691658
30387 1 597.196899 173.187103 2 587.989624 173.187103
24575 1 555.393127 149.299225 2 549.335754 149.299225
29623 1 209.018921 167.215134 2 174.784424 167.215134
30288 1 343.388214 262.766632 2 318.003693 262.766632
30071 1 546.435181 310.542389 2 501.17511 310.542389
30058 1 630.042725 307.556396 2 583.685364 307.556396
30415 1 803.229858 194.088989 2 790.027222 194.088989
26902 1 734.552246 139.74408 2 725.973694 139.74408
27758 1 93.16272 268.738617 2 53.93589 268.738617
29188 1 680.804504 204.241348 2 671.052063 204.241348
30335 1 634.223145 207.824539 2 622.393982 207.824539
30275 1 304.570435 93.16272 2 276.548157 93.16272
30250 1 283.07135 118.244995 2 253.368576 118.244995
21620 1 723.802673 107.495445 2 716.066528 107.495445
29220 1 730.969055 68.080452 2 726.611572 68.080452
27457 1 705.88678 68.080452 2 699.682495 68.080452
29716 1 326.069519 272.321808 2 298.042297 272.321808
30298 1 379.817261 247.239532 2 357.436798 247.239532
26973 1 558.976318 111.078629 2 552.757751 111.078629
27407 1 594.808167 89.579544 2 584.025085 89.579544
30378 1 451.480896 71.663635 2 433.164001 71.663635
29147 1 268.738617 247.239532 2 240.014969 247.239532
30304 1 311.736786 211.407715 2 290.846588 211.407715
29567 1 150.493622 240.073166 2 113.397095 240.073166
30389 1 232.906799 161.243179 2 200.79071 161.243179
30215 1 211.407715 171.992722 2 177.71701 171.992722
26445 1 648.555847 125.411354 2 639.8797 125.411354
29550 1 132.577713 136.160904 2 92.225571 136.160904
30114 1 139.74408 96.745903 2 100.126907 96.745903
29174 1 268.738617 168.409531 2 238.955414 168.409531
30289 1 343.985443 261.572266 2 319.477203 261.572266
30363 1 809.799072 82.413177 2 800.926147 82.413177
30362 1 723.802673 193.491806 2 712.10498 193.491806
30807 1 292.0 101.0 2 262.187408 101.0
30727 1 271.0 71.0 2 236.504059 71.0
30580 1 135.0 57.0 2 95.031906 57.0
30691 1 176.0 192.0 2 139.976547 192.0
30667 1 208.0 100.0 2 171.210571 100.0
30642 1 209.0 79.0 2 170.954544 79.0
30635 1 202.0 80.0 2 163.767929 80.0
30760 1 289.0 39.0 2 256.338562 39.0
30791 1 254.0 253.0 2 223.581863 253.0
30753 1 240.0 131.0 2 207.27179 131.0
30738 1 241.0 106.0 2 207.159622 106.0
30627 1 128.0 200.0 2 89.403831 200.0
30663 1 172.0 175.0 2 134.881165 175.0
30902 1 334.0 147.0 2 312.714111 147.0
30966 1 457.200012 76.800003 2 439.121643 76.800003
30625 1 180.0 86.0 2 141.385834 86.0
30898 1 364.0 104.0 2 342.652985 104.0
30957 1 323.0 218.0 2 304.587524 218.0
30899 1 306.0 201.0 2 284.662842 201.0
30533 1 133.0 94.0 2 91.613182 94.0
30567 1 154.0 72.0 2 113.652084 72.0
30938 1 419.0 47.0 2 399.785431 47.0
30925 1 411.0 48.0 2 391.040924 48.0
30909 1 423.0 37.0 2 401.913147 37.0
30955 1 335.0 209.0 2 316.460815 209.0
30956 1 340.0 198.0 2 321.550262 198.0
30763 1 205.0 174.0 2 172.559692 174.0
30904 1 339.0 138.0 2 317.781555 138.0
30634 1 185.0 141.0 2 146.738831 141.0
30825 1 282.0 155.0 2 253.00206 155.0
30815 1 259.0 149.0 2 229.392532 149.0
30518 1 948.0 279.0 2 905.561157 279.0
30719 1 844.0 261.0 2 809.196228 261.0
30445 1 828.0 332.0 2 771.537903 332.0
30921 1 725.0 227.0 2 704.755432 227.0
30493 1 627.0 304.0 2 582.422729 304.0
30848 1 560.0 258.0 2 532.74408 258.0
30451 1 548.0 339.0 2 493.931824 339.0
30894 1 358.0 100.0 2 336.441925 100.0
30774 1 337.0 44.0 2 305.330109 44.0
30550 1 267.0 308.0 2 226.230774 308.0
30694 1 234.0 79.0 2 198.083008 79.0
30703 1 237.0 38.0 2 201.54364 38.0
30629 1 117.0 214.0 2 78.437843 214.0
30598 1 108.0 185.0 2 68.510612 185.0
30588 1 108.000008 184.800003 2 68.215469 184.800003
30852 1 309.0 115.0 2 282.02774 115.0
30756 1 240.000015 130.800003 2 207.307083 130.800003
30751 1 253.200012 120.000008 2 220.315506 120.000008
30600 1 135.0 183.0 2 95.622368 183.0
30945 1 315.0 231.0 2 295.910126 231.0
30954 1 334.800018 208.800003 2 316.234192 208.800003
30662 1 171.600006 175.200012 2 134.397339 175.200012
30630 1 165.0 150.0 2 126.448921 150.0
30903 1 306.0 200.400009 2 284.726105 200.400009
27747 1 606.0 36.0 2 596.731018 36.0
30591 1 144.0 130.0 2 104.28376 130.0
30592 1 142.0 102.0 2 102.316483 102.0
30570 1 141.600006 66.0 2 101.318451 66.0
30914 1 319.0 178.0 2 298.05249 178.0
30926 1 407.0 113.0 2 387.0448 113.0
30645 1 184.0 104.0 2 146.002609 104.0
30935 1 418.800018 46.800003 2 399.449005 46.800003
30747 1 236.400009 153.600006 2 203.190247 153.600006
30706 1 196.800003 168.0 2 161.651245 168.0
30701 1 193.200012 160.800003 2 157.525177 160.800003
30885 1 372.0 123.600006 2 350.133118 123.600006
30888 1 354.0 123.600006 2 332.339417 123.600006
30509 1 105.0 101.0 2 61.862385 101.0
30944 1 408.000031 86.400002 2 388.903656 86.400002
30802 1 276.0 142.0 2 245.933258 142.0
30806 1 286.0 119.0 2 256.181122 119.0
30632 1 184.800003 140.400009 2 146.447891 140.400009
30639 1 186.0 106.800003 2 147.887115 106.800003
30686 1 204.000015 117.600006 2 167.883423 117.600006
30317 1 620.0 152.0 2 610.203247 152.0
30572 1 1022.0 215.0 2 981.76355 215.0
30516 1 948.000061 278.400024 2 905.391296 278.400024
30507 1 980.0 270.0 2 936.77655 270.0
30786 1 883.0 245.0 2 852.20929 245.0
30721 1 843.600037 260.400024 2 808.904541 260.400024
30874 1 702.0 231.0 2 679.509155 231.0
30920 1 724.800049 226.800003 2 704.506897 226.800003
30484 1 678.0 308.0 2 632.465454 308.0
30821 1 559.200012 256.800018 2 529.933777 256.800018
30961 1 453.600006 236.400009 2 435.351044 236.400009
30943 1 430.800018 238.800003 2 411.691284 238.800003
30890 1 358.800018 99.600006 2 337.179108 99.600006
30839 1 391.0 38.0 2 362.920044 38.0
30780 1 351.0 29.0 2 319.69693 29.0
30457 1 314.400024 336.0 2 264.368134 336.0
30757 1 288.0 268.0 2 255.315674 268.0
30764 1 304.800018 33.600002 2 272.454895 33.600002
30762 1 289.200012 38.400002 2 256.736023 38.400002
30551 1 135.600006 56.400002 2 94.833252 56.400002
30604 1 64.800003 158.400009 2 25.501902 158.400009
30674 1 169.920013 174.240005 2 133.335785 174.240005
30697 1 192.960007 161.279999 2 157.0914 161.279999
30468 1 77.760002 77.760002 2 30.855661 77.760002
30919 1 423.600006 38.400002 2 403.194244 38.400002
30900 1 319.200012 177.600006 2 297.891418 177.600006
30830 1 284.400024 199.200012 2 255.593689 199.200012
30799 1 259.200012 148.320007 2 229.071869 148.320007
30749 1 234.720016 159.840012 2 201.72261 159.840012
30617 1 162.0 92.0 2 123.092422 92.0
30960 1 334.080017 208.800003 2 315.789185 208.800003
30886 1 371.52002 122.400002 2 349.819672 122.400002
30822 1 285.120026 128.160004 2 255.998703 128.160004
30823 1 276.0 142.800003 2 246.960495 142.800003
30808 1 285.600006 118.800003 2 255.81572 118.800003
30601 1 152.0 104.0 2 112.649345 104.0
30554 1 132.0 94.800003 2 91.25132 94.800003
30577 1 153.600006 72.0 2 113.572342 72.0
30594 1 144.0 129.600006 2 104.351456 129.600006
30587 1 156.0 123.600006 2 116.205795 123.600006
30937 1 407.52002 86.400002 2 388.296417 86.400002
30870 1 330.0 106.0 2 307.13327 106.0
30708 1 213.12001 138.240005 2 178.006897 138.240005
30698 1 195.0 135.0 2 159.215118 135.0
30683 1 203.040009 118.080002 2 166.795532 118.080002
30827 1 285.0 170.0 2 256.08194 170.0
30820 1 288.0 150.0 2 258.694336 150.0
30654 1 187.200012 106.560005 2 149.458054 106.560005
30847 1 930.000061 222.000015 2 902.607605 222.000015
30464 1 808.0 305.0 2 760.338135 305.0
30485 1 759.600037 310.800018 2 714.097351 310.800018
30446 1 828.000061 332.400024 2 772.016785 332.400024
30908 1 724.320007 226.080002 2 703.214905 226.080002
30480 1 678.0 307.200012 2 632.097595 307.200012
30856 1 600.0 243.0 2 574.113708 243.0
30472 1 544.800049 315.600006 2 498.137238 315.600006
30906 1 369.600006 248.400009 2 348.39325 248.400009
30965 1 429.120026 237.600006 2 411.071442 237.600006
30501 1 405.600006 310.800018 2 361.556366 310.800018
30905 1 358.560028 100.800003 2 337.347778 100.800003
30845 1 390.000031 37.200001 2 362.39389 37.200001
30942 1 345.600006 172.800003 2 326.474854 172.800003
30931 1 315.600006 230.400009 2 295.864716 230.400009
30470 1 232.800003 328.800018 2 186.043259 328.800018
30755 1 288.0 267.600006 2 255.301987 267.600006
30624 1 86.400002 231.840012 2 47.702953 231.840012
30676 1 158.400009 232.800003 2 121.91407 232.800003
30682 1 175.200012 192.0 2 138.917023 192.0
30626 1 200.160004 53.280003 2 161.55658 53.280003
30716 1 271.200012 70.800003 2 236.317581 70.800003
30606 1 63.360001 158.400009 2 24.083515 158.400009
30545 1 114.000008 126.000008 2 73.098473 126.000008
30560 1 87.600006 123.600006 2 46.99308 123.600006
30949 1 332.400024 207.600006 2 313.562683 207.600006
30932 1 423.360046 55.296005 2 403.771454 55.296005
30913 1 423.360016 37.440002 2 402.369568 37.440002
30599 1 154.080002 123.840004 2 114.660324 123.840004
30590 1 144.0 129.600006 2 104.226578 129.600006
30814 1 276.480011 142.560013 2 246.844147 142.560013
30817 1 280.800018 116.400002 2 251.281784 116.400002
30542 1 132.480011 95.040001 2 91.491783 95.040001
30613 1 163.200012 92.400002 2 124.205551 92.400002
30724 1 268.800018 49.200001 2 234.198257 49.200001
30730 1 203.904022 133.056015 2 169.565369 133.056015
30684 1 203.904022 117.504013 2 167.679504 117.504013
30651 1 184.896011 101.952011 2 147.007339 101.952011
30643 1 192.960007 80.639999 2 154.926132 80.639999
30621 1 175.680008 89.280006 2 136.942413 89.280006
30517 1 105.120003 100.800003 2 62.541462 100.800003
30521 1 112.320007 74.304008 2 70.174805 74.304008
29793 1 628.992065 179.712021 2 618.617859 179.712021
30818 1 285.600006 170.400009 2 256.208649 170.400009
30735 1 214.272018 172.800018 2 180.146484 172.800018
30717 1 216.000015 167.616013 2 181.144684 167.616013
30623 1 1019.520081 200.448013 2 980.815247 200.448013
30850 1 819.072083 235.008026 2 792.035706 235.008026
30883 1 901.440063 211.680008 2 879.481995 211.680008
30463 1 758.880005 311.040009 2 711.046997 311.040009
30930 1 724.032043 226.368027 2 704.296448 226.368027
30499 1 665.280029 302.400024 2 620.926697 302.400024
30461 1 635.904053 319.680023 2 586.195557 319.680023
27350 1 626.400024 108.000008 2 617.606934 108.000008
30488 1 546.048035 314.496033 2 500.870087 314.496033
30492 1 577.152039 305.856018 2 532.167175 305.856018
30950 1 371.52002 247.680008 2 352.778748 247.680008
30952 1 430.272034 238.46402 2 411.660065 238.46402
30857 1 343.87204 262.656036 2 318.026062 262.656036
30346 1 549.504028 100.224007 2 543.358887 100.224007
30916 1 359.424042 100.224007 2 338.539368 100.224007
30843 1 390.240021 37.440002 2 362.335083 37.440002
30805 1 257.472015 231.552017 2 227.576401 231.552017
30768 1 211.680008 195.840012 2 179.402985 195.840012
30707 1 174.240005 191.520004 2 139.126099 191.520004
30675 1 161.0 219.0 2 124.473808 219.0
30655 1 162.720001 273.600006 2 125.009941 273.600006
30705 1 243.600006 43.200001 2 208.256348 43.200001
30826 1 290.880005 100.800003 2 261.892853 100.800003
30907 1 318.240021 177.12001 2 297.082092 177.12001
30537 1 127.0 49.0 2 85.740143 49.0
30553 1 135.360001 56.160004 2 94.600189 56.160004
30603 1 106.560005 184.320007 2 67.249237 184.320007
30584 1 63.936005 158.976013 2 24.02672 158.976013
30561 1 112.320007 125.280006 2 71.723328 125.280006
30575 1 86.400002 123.840004 2 46.336018 123.840004
30687 1 201.139221 118.195213 2 165.05098 118.195213
30636 1 184.55043 141.004822 2 146.345917 141.004822
30638 1 174.528015 129.600006 2 136.413834 129.600006
30759 1 233.280029 172.800018 2 200.611923 172.800018
30234 1 234.316833 165.888031 2 201.142654 165.888031
30745 1 209.433624 167.961624 2 176.084427 167.961624
30549 1 153.792007 124.416016 2 112.96698 124.416016
30568 1 145.152008 129.600006 2 104.820786 129.600006
30653 1 186.624023 101.606415 2 148.762573 101.606415
30862 1 290.304047 238.464035 2 266.102844 238.464035
30867 1 290.880005 241.920013 2 267.858643 241.920013
30522 1 746.496094 308.966431 2 704.371948 308.966431
30469 1 702.9505 306.892853 2 656.114197 306.892853
30896 1 902.016113 210.816025 2 880.623291 210.816025
30585 1 1020.211365 199.065628 2 980.378784 199.065628
30923 1 723.686523 226.02243 2 703.605103 226.02243
30206 1 843.264099 260.92804 2 808.965149 260.92804
30496 1 188.35202 309.312042 2 143.886765 309.312042
30678 1 162.432022 274.752014 2 126.017136 274.752014
30479 1 667.008057 302.400024 2 621.097778 302.400024
30498 1 627.600037 303.600006 2 583.18866 303.600006
29774 1 470.016052 190.080017 2 464.264893 190.080017
30534 1 131.328018 311.040039 2 89.966125 311.040039
30527 1 95.385612 269.568024 2 53.488422 269.568024
26894 1 707.097717 66.355209 2 700.290649 66.355209
30605 1 105.408012 184.896011 2 66.125984 184.896011
30541 1 112.320007 126.144012 2 71.262489 126.144012
30574 1 86.400009 124.416016 2 46.335827 124.416016
30934 1 371.52005 247.104019 2 352.162262 247.104019
30732 1 269.279999 50.400002 2 234.986389 50.400002
22257 1 771.840027 63.360001 2 771.05658 63.360001
30666 1 157.248016 231.552017 2 120.360832 231.552017
30183 1 165.600006 200.400009 2 130.224747 200.400009
30809 1 255.052841 232.243225 2 225.286209 232.243225
24040 1 597.196899 147.225616 2 586.585876 147.225616
29823 1 566.092896 147.225616 2 557.557007 147.225616
30562 1 138.240021 96.768005 2 97.673088 96.768005
30569 1 171.072021 53.568005 2 130.790131 53.568005
30828 1 285.120026 198.720016 2 256.256195 198.720016
30892 1 319.680023 176.256012 2 298.097137 176.256012
30695 1 169.344009 174.528015 2 133.445251 174.528015
30474 1 77.76001 77.76001 2 31.345579 77.76001
30565 1 136.85762 97.459213 2 96.496719 97.459213
30489 1 546.0 306.0 2 500.836273 306.0
29650 1 505.958466 259.200043 2 479.831512 259.200043
30849 1 812.851318 234.316833 2 785.642334 234.316833
30417 1 801.239136 196.577301 2 788.89386 196.577301
30536 1 209.433624 292.377655 2 168.167664 292.377655
30742 1 230.169632 265.420837 2 196.454056 265.420837
30911 1 724.101196 226.437149 2 703.05249 226.437149
30503 1 671.846497 302.745636 2 628.058228 302.745636
30715 1 161.740829 275.788849 2 126.830757 275.788849
30834 1 328.458282 266.250275 2 300.093872 266.250275
30940 1 430.479431 238.878754 2 411.278351 238.878754
30564 1 94.556175 268.738586 2 54.134758 268.738586
30893 1 360.806458 102.021133 2 339.228455 102.021133
30616 1 106.997772 184.135712 2 66.167786 184.135712
30556 1 87.091209 124.416016 2 46.364826 124.416016
21647 1 722.608276 107.495445 2 714.753479 107.495445
30813 1 303.575073 92.067856 2 273.918152 92.067856
30824 1 290.304047 99.532814 2 261.265747 99.532814
30720 1 300.672028 53.913609 2 265.883057 53.913609
29755 1 595.123291 51.840008 2 586.752808 51.840008
30401 1 534.988892 114.462738 2 530.601685 114.462738
30714 1 243.855392 84.60289 2 208.805298 84.60289
30891 1 355.829803 136.85762 2 334.245514 136.85762
30620 1 118.195213 242.611237 2 79.450554 242.611237
30640 1 118.195213 213.580826 2 80.09716 213.580826
30614 1 89.579529 216.483871 2 50.598103 216.483871
30794 1 253.80867 233.902115 2 223.531799 233.902115
30787 1 211.507233 243.855392 2 180.787674 243.855392
30838 1 284.083252 199.065628 2 255.939117 199.065628
30882 1 318.505005 164.229141 2 296.515015 164.229141
30788 1 283.668518 171.694107 2 253.004807 171.694107
30803 1 285.120026 117.504013 2 255.101273 117.504013
30711 1 251.320358 124.416016 2 216.23587 124.416016
30576 1 134.784012 55.987209 2 94.752571 55.987209
30681 1 169.20578 174.182419 2 132.901566 174.182419
30628 1 184.896011 139.968018 2 146.31543 139.968018
30555 1 153.446426 124.416016 2 112.699806 124.416016
30360 1 544.942139 102.021133 2 540.389709 102.021133
29183 1 271.226929 248.832031 2 243.307327 248.832031
29177 1 489.024048 193.536011 2 483.485199 193.536011
30790 1 720.57605 250.560028 2 690.148926 250.560028
30833 1 325.555237 273.71524 2 297.086456 273.71524
30792 1 291.133484 263.761963 2 260.730164 263.761963
30948 1 453.600006 236.160004 2 434.727448 236.160004
30571 1 122.425369 158.257187 2 82.184753 158.257187
30116 1 111.974419 126.489616 2 70.917633 126.489616
25180 1 594.210938 89.579536 2 583.857483 89.579536
30918 1 395.642944 114.462738 2 375.168121 114.462738
29124 1 174.182419 192.844833 2 136.845276 192.844833
30837 1 279.936035 231.552017 2 251.741425 231.552017
30927 1 380.713013 243.855392 2 360.795135 243.855392
30345 1 371.174438 246.758438 2 351.391785 246.758438
30102 1 119.439377 243.855392 2 79.586678 243.855392
30595 1 104.509453 236.390427 2 64.92498 236.390427
30737 1 167.215134 173.187103 2 133.185928 173.187103
30566 1 154.275864 124.416016 2 113.926155 124.416016
30835 1 268.738617 247.836716 2 240.447479 247.836716
30785 1 212.004898 244.850739 2 181.028046 244.850739
30761 1 217.728027 193.536011 2 185.174179 193.536011
30910 1 355.332153 137.355286 2 334.281799 137.355286
30563 1 140.341278 95.551506 2 99.865341 95.551506
30515 1 104.509453 94.556175 2 61.690353 94.556175
30523 1 111.974419 74.649612 2 69.886757 74.649612
30657 1 192.844833 111.974419 2 155.381729 111.974419
29073 1 176.670746 69.672974 2 137.528458 69.672974
30723 1 161.740829 276.203552 2 127.118042 276.203552
30505 1 587.520081 304.128021 2 543.887024 304.128021
30544 1 1020.960022 214.560013 2 980.046509 214.560013
30743 1 231.413788 266.250275 2 197.807556 266.250275
22900 1 734.552185 143.327255 2 724.569214 143.327255
30829 1 304.570435 92.565521 2 275.717438 92.565521
30917 1 391.163971 98.537491 2 370.509918 98.537491
28144 1 361.901337 100.329086 2 338.453186 100.329086
29200 1 680.804504 206.032928 2 670.763062 206.032928
30744 1 250.822708 121.828178 2 217.415497 121.828178
30710 1 232.906799 80.621582 2 197.799408 80.621582
30734 1 196.577301 196.577301 2 162.42337 196.577301
30693 1 168.409531 189.90863 2 132.478317 189.90863
30125 1 107.495445 185.131042 2 67.416359 185.131042
30098 1 111.974419 124.416016 2 70.837677 124.416016
30602 1 104.50946 238.878769 2 65.160858 238.878769
30871 1 307.556396 232.906799 2 284.744354 232.906799
29594 1 194.088989 107.495445 2 157.34523 107.495445
29077 1 176.256027 85.017609 2 136.998627 85.017609
30869 1 333.235901 143.327271 2 310.368622 143.327271
29687 1 286.65451 149.299225 2 256.222076 149.299225
30508 1 104.50946 95.551506 2 61.358734 95.551506
30754 1 233.902115 161.740829 2 201.191193 161.740829
30713 1 161.243179 275.904999 2 126.181564 275.904999
30589 1 1018.220764 200.060959 2 978.44165 200.060959
