250
106.504829407 -7.471868038 75.101646423 0.0379200446100723 0.5084233027954084 -0.013850564323113707 0.8601604369298265
30070 1 542.0 117.0 2 536.489441 117.0
31276 1 370.800018 112.800003 2 345.416565 112.800003
31356 1 480.000031 169.200012 2 478.718384 169.200012
31260 1 319.0 116.0 2 293.327484 116.0
31232 1 300.0 106.800003 2 272.384033 106.800003
31157 1 196.800003 136.800003 2 158.969589 136.800003
30066 1 674.400024 158.400009 2 665.272339 158.400009
30707 1 655.0 213.0 2 643.216064 213.0
31329 1 416.400024 250.800003 2 394.58252 250.800003
25086 1 579.600037 109.200005 2 572.801697 109.200005
31341 1 454.800018 49.200001 2 436.192841 49.200001
31257 1 324.0 87.600006 2 298.080231 87.600006
31018 1 114.000008 49.200001 2 65.901276 49.200001
28023 1 643.680054 178.560013 2 632.619812 178.560013
31315 1 280.800018 241.920013 2 258.609528 241.920013
30724 1 610.559998 177.12001 2 599.514282 177.12001
26811 1 610.559998 146.880005 2 598.880249 146.880005
31168 1 216.000015 146.400009 2 178.51326 146.400009
31177 1 213.600006 172.800003 2 176.056412 172.800003
31065 1 948.000061 289.200012 2 901.65625 289.200012
30708 1 924.000061 117.600006 2 913.760864 117.600006
31345 1 838.080017 197.280014 2 825.867737 197.280014
30721 1 842.400024 73.440002 2 833.043579 73.440002
30821 1 787.680054 105.120003 2 778.79718 105.120003
31411 1 620.640015 102.240005 2 611.500916 102.240005
31352 1 695.52002 177.12001 2 683.46991 177.12001
27790 1 747.360046 109.440002 2 738.548218 109.440002
31180 1 564.0 279.600006 2 529.183655 279.600006
31294 1 345.600006 260.640015 2 321.715637 260.640015
31350 1 609.119995 82.080002 2 597.16217 82.080002
30732 1 542.880005 115.200005 2 537.493103 115.200005
31249 1 324.0 87.840004 2 298.28064 87.840004
31115 1 696.960022 293.76001 2 656.55719 293.76001
30611 1 174.240005 145.440002 2 135.872299 145.440002
30639 1 210.816025 252.288025 2 174.982086 252.288025
31308 1 281.664032 241.920029 2 258.80722 241.920029
31258 1 298.944031 141.696014 2 273.694733 141.696014
31166 1 214.560013 145.440002 2 177.728546 145.440002
31358 1 1003.968079 150.336014 2 986.987305 150.336014
31280 1 763.200012 234.720016 2 738.207642 234.720016
30975 1 832.320007 322.559998 2 778.67627 322.559998
30068 1 763.776062 171.072021 2 752.717224 171.072021
27663 1 748.22406 96.768005 2 739.935547 96.768005
30711 1 644.544067 179.712021 2 633.204773 179.712021
29035 1 748.22406 108.864014 2 739.223328 108.864014
30069 1 531.360046 213.12001 2 523.721191 213.12001
29553 1 463.104034 196.99202 2 457.197479 196.99202
31368 1 604.800049 81.216011 2 594.692383 81.216011
31369 1 544.320068 115.776009 2 538.924622 115.776009
31256 1 341.279999 115.200005 2 315.323578 115.200005
31186 1 275.040009 289.440002 2 240.674805 289.440002
31070 1 86.400009 281.664032 2 42.556042 281.664032
31242 1 324.864044 88.128006 2 298.738831 88.128006
31277 1 279.936035 181.440018 2 255.278137 181.440018
31037 1 138.240005 60.480003 2 91.833282 60.480003
31012 1 632.160034 321.120026 2 582.033142 321.120026
31150 1 190.080017 202.176025 2 152.894394 202.176025
31172 1 214.272018 146.88002 2 177.472763 146.88002
31145 1 174.528015 145.152008 2 135.97757 145.152008
31253 1 298.59845 141.004822 2 273.463959 141.004822
31132 1 188.640015 184.320007 2 150.406296 184.320007
31272 1 763.0849 234.316833 2 737.822937 234.316833
30748 1 777.600098 201.139221 2 766.329468 201.139221
31195 1 563.328064 279.936035 2 528.43457 279.936035
31050 1 947.635315 290.304047 2 900.929626 290.304047
30965 1 970.444946 311.040039 2 914.893188 311.040039
30166 1 763.0849 172.108826 2 751.147034 172.108826
31322 1 416.793671 250.90564 2 394.429504 250.90564
31373 1 883.353699 194.918427 2 871.519714 194.918427
31414 1 748.569702 201.139221 2 737.32666 201.139221
30686 1 325.555237 89.16481 2 299.753632 89.16481
30739 1 653.184082 211.507233 2 641.367126 211.507233
29064 1 727.833679 58.060806 2 719.907227 58.060806
28596 1 710.208069 145.152008 2 700.154114 145.152008
30710 1 605.491272 80.870415 2 595.198853 80.870415
31307 1 388.800049 72.576004 2 365.491455 72.576004
31106 1 169.344009 107.136009 2 128.212341 107.136009
26917 1 622.080078 103.680016 2 613.694946 103.680016
29010 1 545.356873 114.048019 2 539.831909 114.048019
30546 1 103.680016 72.576012 2 55.534237 72.576012
31306 1 279.936035 242.611237 2 257.736267 242.611237
31331 1 304.819244 217.728027 2 284.081543 217.728027
31175 1 212.544022 172.800018 2 175.056 172.800018
31019 1 1039.680054 280.800018 2 990.282166 280.800018
30150 1 840.960022 161.279999 2 828.801941 161.279999
31053 1 948.672119 290.304016 2 901.210754 290.304016
30974 1 967.956604 313.528351 2 913.69635 313.528351
31379 1 883.353699 194.088989 2 871.653198 194.088989
30795 1 763.914368 236.390427 2 739.809937 236.390427
27297 1 761.426025 171.694107 2 750.534851 171.694107
31297 1 345.876526 263.761963 2 322.092072 263.761963
31371 1 1003.622559 151.372818 2 986.588501 151.372818
31068 1 85.017609 282.009644 2 42.459259 282.009644
31194 1 276.480042 290.304016 2 241.320297 290.304016
30793 1 415.5495 251.320358 2 394.007996 251.320358
30090 1 841.881714 72.576012 2 830.829346 72.576012
30696 1 325.969971 89.579529 2 300.740875 89.579529
31252 1 370.759735 111.974419 2 345.220154 111.974419
31078 1 153.446426 107.827217 2 108.973495 107.827217
29603 1 661.478516 53.913609 2 652.45752 53.913609
30633 1 238.464035 70.502411 2 202.270355 70.502411
31125 1 176.670746 151.787537 2 138.174881 151.787537
31090 1 147.225616 184.55043 2 104.440819 184.55043
27681 1 667.69928 124.416016 2 658.048828 124.416016
30640 1 561.945679 279.936035 2 527.923584 279.936035
31200 1 495.175751 283.668518 2 459.730255 283.668518
30561 1 1040.11792 281.180206 2 988.898438 281.180206
31384 1 890.818665 69.672974 2 879.624939 69.672974
30765 1 842.047668 74.649612 2 831.517944 74.649612
28056 1 328.458313 89.579536 2 303.08667 89.579536
30681 1 302.400024 91.584007 2 275.433746 91.584007
30060 1 298.59845 286.15683 2 266.756958 286.15683
31076 1 126.904335 301.086761 2 84.305344 301.086761
31133 1 141.834259 283.668518 2 102.966835 283.668518
30637 1 238.878754 69.672974 2 201.793137 69.672974
31422 1 621.084778 104.50946 2 613.110352 104.50946
29594 1 661.893188 54.74305 2 652.715088 54.74305
29536 1 570.323059 107.495445 2 564.067383 107.495445
27327 1 606.154846 80.621582 2 595.517456 80.621582
30760 1 445.409332 59.719688 2 424.985382 59.719688
31129 1 173.187103 253.808685 2 134.900787 253.808685
31161 1 191.600662 248.832031 2 154.000656 248.832031
31158 1 191.103012 197.074982 2 154.234543 197.074982
29496 1 212.004898 146.313248 2 175.312698 146.313248
29578 1 644.972656 182.145065 2 632.939392 182.145065
27695 1 666.869873 124.416016 2 657.142273 124.416016
30145 1 620.640015 135.360001 2 612.060364 135.360001
31144 1 174.182419 145.152023 2 135.623993 145.152023
31309 1 346.374207 262.766632 2 323.111267 262.766632
30635 1 561.365112 277.696564 2 526.238525 277.696564
23387 1 692.748413 161.243164 2 682.064636 161.243164
30168 1 841.052307 164.229141 2 829.552429 164.229141
31433 1 758.440063 137.355286 2 748.381958 137.355286
31362 1 1002.793091 151.787537 2 985.748535 151.787537
30726 1 701.70636 206.032928 2 690.414551 206.032928
31398 1 426.398621 111.078629 2 416.892303 111.078629
31339 1 429.981781 71.663635 2 411.147614 71.663635
26361 1 665.874573 125.411354 2 656.590942 125.411354
23397 1 641.389526 103.91227 2 631.401245 103.91227
28138 1 516.575317 170.201126 2 511.163452 170.201126
31397 1 508.811798 139.74408 2 506.821014 139.74408
31396 1 898.781372 68.677643 2 888.798706 68.677643
30629 1 238.878769 71.663628 2 201.905197 71.663628
30169 1 836.075684 197.074982 2 822.732056 197.074982
31131 1 222.157257 297.404083 2 183.654419 297.404083
29547 1 569.725891 107.495445 2 563.18158 107.495445
30086 1 472.97998 186.325439 2 467.185394 186.325439
31290 1 369.067719 89.579544 2 344.298737 89.579544
30642 1 200.658173 272.321808 2 166.413239 272.321808
29511 1 209.018921 104.50946 2 169.934616 104.50946
30632 1 213.995544 146.810898 2 176.306229 146.810898
29562 1 644.972717 179.159088 2 633.627258 179.159088
26393 1 653.930603 131.383316 2 644.126221 131.383316
30011 1 209.433624 176.256027 2 172.937347 176.256027
31116 1 164.229156 164.229156 2 124.032516 164.229156
30656 1 298.59845 286.65451 2 266.610474 286.65451
31314 1 418.037842 250.822708 2 394.815399 250.822708
30814 1 469.39679 207.824539 2 463.439026 207.824539
30626 1 494.479065 283.07135 2 458.128723 283.07135
27723 1 492.687439 194.088989 2 486.690521 194.088989
22821 1 745.301758 100.329086 2 736.592041 100.329086
31386 1 842.047668 71.663635 2 833.322998 71.663635
29048 1 652.139038 207.824539 2 639.841125 207.824539
31381 1 1003.290833 152.285217 2 985.987366 152.285217
31281 1 338.0 102.0 2 313.028809 102.0
31340 1 770.0 65.0 2 769.542114 65.0
31319 1 345.600006 260.400024 2 322.10437 260.400024
31304 1 386.400024 104.400002 2 363.498688 104.400002
31074 1 154.800003 106.800003 2 110.366394 106.800003
31234 1 325.200012 132.0 2 298.772095 132.0
31139 1 174.0 145.200012 2 135.93103 145.200012
31102 1 138.240005 122.400002 2 95.454582 122.400002
31301 1 385.920013 103.680008 2 363.182831 103.680008
28451 1 558.720032 96.480003 2 552.122009 96.480003
30544 1 113.760002 48.960003 2 65.776794 48.960003
31143 1 203.904022 103.680008 2 165.723328 103.680008
31238 1 267.840027 186.624023 2 242.048477 186.624023
28976 1 673.920044 186.624023 2 663.217529 186.624023
31283 1 884.736084 226.368027 2 858.33728 226.368027
31228 1 622.080078 257.472015 2 593.146851 257.472015
30786 1 796.608093 158.976013 2 783.784119 158.976013
27745 1 705.024048 55.296005 2 696.447083 55.296005
31409 1 530.496033 212.544022 2 520.664551 212.544022
31250 1 340.416046 115.776009 2 314.801666 115.776009
30593 1 138.240021 122.688011 2 95.557068 122.688011
30872 1 1124.928101 333.504028 2 1058.766602 333.504028
27778 1 654.428223 131.880981 2 644.020325 131.880981
30135 1 673.920105 186.624023 2 663.139282 186.624023
30620 1 196.992035 136.85762 2 159.690598 136.85762
31189 1 275.788849 290.304047 2 240.492889 290.304047
31041 1 136.85762 60.134407 2 90.646416 60.134407
31167 1 217.728027 82.944016 2 180.20282 82.944016
23968 1 609.638489 145.152023 2 599.01947 145.152023
31188 1 221.875229 138.931213 2 186.092331 138.931213
30995 1 632.448059 321.408051 2 581.876038 321.408051
30138 1 674.334839 186.624023 2 663.226196 186.624023
31420 1 923.16687 116.951057 2 912.819397 116.951057
30041 1 273.71524 293.621796 2 238.685394 293.621796
29461 1 161.740829 278.691895 2 124.663742 278.691895
25760 1 609.638489 159.252502 2 599.217041 159.252502
30808 1 544.942139 111.974419 2 540.633789 111.974419
30729 1 761.426086 170.201126 2 750.386353 170.201126
22158 1 746.496155 107.495445 2 737.998535 107.495445
31135 1 143.327255 283.668549 2 103.386559 283.668549
31088 1 107.495445 271.724609 2 66.462158 271.724609
30809 1 546.435181 110.48143 2 541.213318 110.48143
31337 1 618.098816 217.976868 2 603.306274 217.976868
30156 1 838.464478 193.491806 2 823.768921 193.491806
30049 1 265.155426 300.987244 2 228.987274 300.987244
30012 1 207.824539 103.91227 2 169.257721 103.91227
30630 1 236.48999 71.663635 2 200.679123 71.663635
30057 1 297.404083 286.654541 2 266.376892 286.654541
30627 1 171.992722 254.405899 2 133.379028 254.405899
31221 1 254.405899 146.910446 2 224.726654 146.910446
31069 1 128.994537 132.577713 2 84.691154 132.577713
31392 1 537.477234 118.244995 2 530.310852 118.244995
31324 1 347.568604 261.572266 2 323.30545 261.572266
30161 1 494.479065 193.491806 2 487.37088 193.491806
30738 1 702.303589 204.241348 2 691.625549 204.241348
30756 1 781.133606 197.074982 2 770.470459 197.074982
