258
8.12 -6.04 -135 -0.0434 -0.487 0.0295 0.872 
31137 1 328.0 181.0 2 306.519135 181.0
31087 1 411.0 27.0 2 382.793854 27.0
31156 1 516.0 184.0 2 514.733765 184.0
31126 1 317.0 264.0 2 292.079346 264.0
31003 1 284.400024 85.200005 2 249.552216 85.200005
30549 1 663.600037 111.600006 2 653.15863 111.600006
31159 1 832.800049 192.0 2 819.159119 192.0
31217 1 700.800049 189.600006 2 687.621582 189.600006
31160 1 807.600037 106.800003 2 798.04187 106.800003
31154 1 742.800049 22.800001 2 733.551514 22.800001
31164 1 510.000031 206.400009 2 503.445251 206.400009
31094 1 277.200012 187.200012 2 249.29805 187.200012
31216 1 528.480042 210.240005 2 522.03949 210.240005
29943 1 650.880005 161.279999 2 638.786743 161.279999
30983 1 262.080017 64.800003 2 225.897858 64.800003
31039 1 185.76001 276.480011 2 151.117966 276.480011
31171 1 959.040039 118.080002 2 946.935852 118.080002
31170 1 832.320007 191.520004 2 818.726868 191.520004
31157 1 652.320007 195.840012 2 639.114685 195.840012
29872 1 754.560059 233.280014 2 741.750732 233.280014
27707 1 806.400024 108.000008 2 797.061768 108.000008
31071 1 223.200012 266.400024 2 193.334885 266.400024
29882 1 749.952087 196.99202 2 736.018372 196.99202
30977 1 285.120026 103.680008 2 248.461273 103.680008
31177 1 984.960083 224.640015 2 969.829529 224.640015
31169 1 1162.944092 171.072021 2 1142.79895 171.072021
31053 1 781.056091 279.936035 2 748.020996 279.936035
30996 1 883.008057 286.848022 2 845.667603 286.848022
29327 1 653.184082 195.264023 2 639.339783 195.264023
29881 1 755.136047 233.280029 2 742.162231 233.280029
26854 1 786.240051 63.936005 2 777.070068 63.936005
26862 1 827.712097 155.52002 2 815.226013 155.52002
23980 1 806.976074 108.864014 2 797.406616 108.864014
30552 1 872.640076 177.984024 2 858.333801 177.984024
28644 1 665.28009 62.208008 2 653.576721 62.208008
27794 1 758.592102 60.480007 2 748.940369 60.480007
30656 1 729.216064 174.528015 2 718.054932 174.528015
31047 1 368.064026 41.472004 2 337.261414 41.472004
31102 1 283.392029 200.448013 2 256.86734 200.448013
30982 1 262.656036 65.664009 2 226.263046 65.664009
30932 1 837.734497 306.892853 2 794.746277 306.892853
31072 1 433.382446 288.230438 2 404.158112 288.230438
30490 1 885.427307 288.230438 2 846.888062 288.230438
31179 1 931.046509 182.476822 2 916.765869 182.476822
31060 1 398.131256 290.304047 2 367.803497 290.304047
31198 1 785.894531 64.281609 2 776.884338 64.281609
30533 1 240.537628 255.052841 2 214.039825 255.052841
31010 1 180.403229 234.316833 2 145.300339 234.316833
31006 1 321.408051 93.312012 2 284.083252 93.312012
30459 1 284.083252 103.680016 2 247.88826 103.680016
30477 1 263.347229 66.355209 2 226.248291 66.355209
31190 1 748.569702 178.32962 2 735.674683 178.32962
31107 1 284.083252 199.065628 2 256.65863 199.065628
30908 1 107.827217 147.225616 2 62.356857 147.225616
26857 1 651.110474 159.667221 2 638.554565 159.667221
30575 1 663.552124 111.974419 2 653.935059 111.974419
27831 1 622.080078 124.416016 2 613.189575 124.416016
31017 1 184.55043 273.71524 2 150.845154 273.71524
31218 1 926.899353 226.02243 2 911.646851 226.02243
30621 1 831.098999 191.600662 2 817.52002 191.600662
31205 1 781.332581 62.208008 2 772.673279 62.208008
30943 1 204.042267 74.649612 2 165.426956 74.649612
31002 1 320.993317 92.067856 2 283.521606 92.067856
30464 1 261.273651 64.696327 2 225.44516 64.696327
28662 1 579.778625 126.904335 2 574.450684 126.904335
31068 1 226.437149 233.902115 2 195.697861 233.902115
31059 1 216.483871 276.203552 2 185.566971 276.203552
28651 1 646.963318 84.60289 2 634.788269 84.60289
28717 1 665.874573 59.719692 2 653.770203 59.719692
23438 1 726.589539 171.694107 2 715.522949 171.694107
29869 1 701.70636 236.390427 2 686.565308 236.390427
28668 1 724.101196 209.018906 2 712.290344 209.018906
31090 1 311.040039 243.855392 2 283.85733 243.855392
31063 1 398.131256 291.133484 2 367.572357 291.133484
28715 1 562.360413 233.902115 2 550.998596 233.902115
30928 1 716.63623 323.481659 2 671.575073 323.481659
30920 1 676.82312 323.481659 2 631.823303 323.481659
29873 1 848.517212 226.437149 2 836.373291 226.437149
31021 1 304.570435 301.584442 2 270.55072 301.584442
30451 1 204.241348 75.246811 2 165.133652 75.246811
31245 1 579.281006 134.369308 2 572.305176 134.369308
31099 1 256.794678 271.724609 2 228.594528 271.724609
30521 1 217.976868 277.696564 2 185.514954 277.696564
28746 1 758.440063 59.719692 2 748.829224 59.719692
29316 1 710.664307 59.719692 2 699.721558 59.719692
31042 1 185.131042 274.710571 2 150.877716 274.710571
30639 1 665.874573 59.719692 2 653.770203 59.719692
30627 1 525.533264 209.018921 2 518.944641 209.018921
28721 1 504.631378 209.018921 2 497.931458 209.018921
28227 1 650.944641 155.271194 2 638.155518 155.271194
26962 1 662.88855 119.439384 2 653.753174 119.439384
30596 1 755.454102 232.906799 2 743.74646 232.906799
29877 1 701.70636 232.906799 2 686.123596 232.906799
30479 1 883.85144 286.65451 2 845.042114 286.65451
27339 1 830.103699 191.103012 2 816.767944 191.103012
31136 1 1168.117188 171.992722 2 1147.282837 171.992722
30570 1 925.655212 223.948837 2 909.621582 223.948837
30589 1 609.140869 118.244995 2 602.483215 118.244995
30899 1 132.577713 89.579544 2 85.994125 89.579544
28686 1 727.385864 171.992722 2 715.244202 171.992722
31056 1 214.990891 275.904999 2 184.786697 275.904999
31213 1 544.643616 154.076813 2 544.414917 154.076813
29865 1 261.572266 68.080452 2 226.458084 68.080452
30583 1 523.144531 211.407715 2 516.984192 211.407715
31098 1 275.904999 218.574081 2 248.586609 218.574081
28740 1 659.30542 161.243179 2 646.809692 161.243179
31009 1 179.159088 204.241348 2 141.813629 204.241348
30962 1 182.742264 146.910446 2 144.221573 146.910446
21619 1 756.051331 232.906799 2 744.785095 232.906799
29290 1 713.053162 204.241348 2 699.057129 204.241348
31128 1 372.650879 257.989075 2 350.738159 257.989075
24584 1 824.131775 154.076813 2 810.918396 154.076813
30470 1 885.045837 286.654541 2 845.879211 286.654541
30636 1 920.877686 78.829994 2 911.922302 78.829994
29949 1 924.460876 222.157257 2 908.873108 222.157257
31526 1 216.0 225.0 2 185.295227 225.0
31522 1 312.0 292.0 2 281.175964 292.0
31492 1 300.0 73.0 2 265.948944 73.0
31451 1 237.0 113.0 2 200.998367 113.0
31612 1 1165.0 188.0 2 1143.709839 188.0
31369 1 1080.0 281.0 2 1038.93811 281.0
31307 1 954.0 311.0 2 907.425232 311.0
31373 1 996.0 288.0 2 954.992004 288.0
31623 1 1162.0 171.0 2 1141.716187 171.0
31364 1 556.0 318.0 2 514.684631 318.0
31430 1 262.0 64.0 2 225.178879 64.0
31432 1 219.0 112.0 2 182.263168 112.0
31560 1 273.0 182.0 2 245.352646 182.0
31381 1 162.0 144.0 2 121.84671 144.0
31475 1 175.0 248.0 2 140.070541 248.0
31540 1 262.800018 278.400024 2 233.356354 278.400024
31459 1 254.0 89.0 2 218.236298 89.0
31410 1 234.0 91.0 2 196.23201 91.0
31453 1 170.0 279.0 2 134.136948 279.0
31527 1 362.400024 78.0 2 331.72995 78.0
31618 1 1112.400024 208.800003 2 1091.714966 208.800003
31591 1 1121.0 251.0 2 1097.449097 251.0
31606 1 999.0 251.0 2 977.265625 251.0
31642 1 1161.600098 170.400009 2 1142.816284 170.400009
31350 1 830.0 309.0 2 786.909607 309.0
31645 1 636.0 250.800003 2 617.626465 250.800003
31380 1 645.0 310.0 2 604.807922 310.0
31315 1 721.0 324.0 2 675.041077 324.0
31625 1 374.400024 254.400009 2 354.230652 254.400009
31377 1 445.200012 321.600006 2 404.615204 321.600006
31555 1 435.0 286.0 2 406.38327 286.0
31443 1 218.400009 111.600006 2 182.122543 111.600006
31433 1 262.800018 64.800003 2 226.134384 64.800003
31472 1 207.0 174.0 2 171.915649 174.0
31464 1 202.800003 124.800003 2 167.155426 124.800003
31461 1 276.0 133.200012 2 240.317474 133.200012
31365 1 176.400009 48.0 2 135.133347 48.0
31383 1 162.0 144.0 2 122.092155 144.0
31325 1 130.800003 120.000008 2 85.512558 120.000008
31448 1 254.400009 88.800003 2 218.254608 88.800003
31420 1 257.0 118.0 2 219.71019 118.0
31550 1 228.960007 275.040009 2 199.943802 275.040009
31594 1 279.360016 247.680008 2 256.212921 247.680008
31359 1 1026.0 292.0 2 983.933167 292.0
31390 1 708.480042 302.400024 2 669.209351 302.400024
31631 1 1107.600098 207.600006 2 1087.752319 207.600006
31613 1 1169.280029 187.200012 2 1148.312378 187.200012
31627 1 1153.440063 46.080002 2 1133.435547 46.080002
31336 1 806.400024 308.400024 2 762.138794 308.400024
31499 1 781.920044 280.800018 2 748.180603 280.800018
31384 1 644.400024 309.600006 2 604.546082 309.600006
31376 1 692.640015 308.160004 2 652.054382 308.160004
31517 1 748.800049 278.400024 2 717.717285 278.400024
31641 1 509.76001 254.880005 2 490.546692 254.880005
31357 1 599.0 319.0 2 556.852539 319.0
31622 1 372.960022 254.880005 2 352.633118 254.880005
31378 1 444.960022 321.120026 2 404.504974 321.120026
31542 1 435.600006 285.600006 2 406.250671 285.600006
31637 1 394.560028 131.040009 2 375.130737 131.040009
31511 1 340.800018 124.800003 2 308.812775 124.800003
31610 1 304.0 224.0 2 282.468292 224.0
31428 1 270.720001 313.920013 2 233.854996 313.920013
31473 1 175.200012 247.200012 2 140.196259 247.200012
31392 1 145.200012 226.800003 2 106.025826 226.800003
31479 1 206.400009 174.0 2 171.614563 174.0
31454 1 203.040009 125.280006 2 167.197296 125.280006
31416 1 266.0 150.0 2 228.690552 150.0
31337 1 160.800003 75.600006 2 116.614052 75.600006
31395 1 161.279999 144.0 2 122.209511 144.0
31347 1 703.200012 322.800018 2 659.862061 322.800018
31298 1 956.160034 311.040009 2 908.169312 311.040009
31366 1 849.600037 298.080017 2 808.417847 298.080017
31551 1 434.880005 285.120026 2 405.878052 285.120026
31615 1 1111.104126 209.088013 2 1090.217651 209.088013
31535 1 1032.47998 254.880005 2 1002.704712 254.880005
31604 1 997.056091 250.560028 2 975.17395 250.560028
31619 1 1154.880005 241.920013 2 1134.414673 241.920013
31584 1 1117.440063 250.560013 2 1092.742554 250.560013
31607 1 1141.920044 191.520004 2 1120.239502 191.520004
30917 1 161.279999 76.32 2 117.136078 76.32
31524 1 397.200012 291.600006 2 366.420044 291.600006
31372 1 1078.560059 280.800018 2 1037.546021 280.800018
30947 1 495.360016 318.240021 2 456.425842 318.240021
31579 1 512.640015 272.160004 2 487.187958 272.160004
30564 1 565.05603 235.008026 2 554.718628 235.008026
31335 1 678.240051 322.559998 2 633.79071 322.559998
30940 1 643.680054 309.600006 2 604.240601 309.600006
31580 1 298.944031 160.70401 2 273.499725 160.70401
31562 1 276.480011 187.200012 2 248.876801 187.200012
31445 1 270.720001 120.960007 2 234.523529 120.960007
31407 1 578.0 308.0 2 539.894653 308.0
31441 1 218.880005 112.320007 2 182.55278 112.320007
31388 1 205.200012 72.0 2 165.674103 72.0
31629 1 371.52005 255.744019 2 351.559692 255.744019
31184 1 492.480042 214.272018 2 485.474396 214.272018
31408 1 231.840012 171.360001 2 193.767151 171.360001
31489 1 205.920013 172.800003 2 171.659363 172.800003
31491 1 233.280029 141.696014 2 199.124313 141.696014
31435 1 203.904022 126.144012 2 167.262451 126.144012
31559 1 312.768036 243.648026 2 284.758789 243.648026
31386 1 229.0 313.0 2 189.266998 313.0
31626 1 414.720032 77.76001 2 394.585968 77.76001
31317 1 131.040009 119.520004 2 85.257599 119.520004
31415 1 147.225616 271.641632 2 109.895264 271.641632
31316 1 702.720032 322.559998 2 656.9021 322.559998
31534 1 1031.616089 255.744019 2 1001.706299 255.744019
31131 1 996.480042 250.560013 2 973.921875 250.560013
31333 1 679.104065 323.136017 2 634.566528 323.136017
31494 1 625.536072 293.76004 2 591.583984 293.76004
31635 1 1162.080078 171.360001 2 1142.4552 171.360001
31643 1 1076.400024 243.600006 2 1057.695435 243.600006
31360 1 839.808105 307.584015 2 797.753845 307.584015
31290 1 91.238411 80.870415 2 41.045776 80.870415
31597 1 953.280029 308.160004 2 930.604797 308.160004
29947 1 931.046509 182.476822 2 916.765869 182.476822
31295 1 957.312073 311.040039 2 908.487305 311.040039
31300 1 1028.160156 311.040039 2 980.698975 311.040039
31367 1 1080.000122 281.664032 2 1038.833008 281.664032
31346 1 124.416016 259.200012 2 81.070419 259.200012
31352 1 486.000031 325.200012 2 443.613068 325.200012
31582 1 513.216064 271.296021 2 488.284607 271.296021
31521 1 215.654434 226.02243 2 184.752579 226.02243
31413 1 233.280029 89.85601 2 195.692978 89.85601
31455 1 272.160004 67.68 2 236.332825 67.68
31638 1 393.984039 129.600006 2 374.619507 129.600006
31630 1 371.174438 257.126434 2 351.256531 257.126434
31588 1 331.776031 254.016022 2 307.801758 254.016022
30992 1 178.32962 203.21283 2 141.445358 203.21283
31437 1 203.21283 124.416016 2 166.616425 124.416016
31400 1 186.624023 308.966431 2 148.002655 308.966431
31498 1 184.896011 276.480042 2 151.089493 276.480042
30441 1 931.046509 306.892853 2 886.924316 306.892853
28230 1 806.21582 109.486099 2 795.782104 109.486099
31354 1 122.342415 259.200043 2 80.06292 259.200043
31304 1 99.532814 199.065628 2 52.592373 199.065628
29319 1 709.171326 59.719688 2 699.589905 59.719688
31344 1 114.048019 311.040039 2 70.593361 311.040039
31482 1 626.227295 294.451233 2 591.596008 294.451233
31533 1 216.483871 223.948837 2 186.371887 223.948837
31639 1 370.759735 256.296997 2 351.400177 256.296997
31634 1 393.98407 130.636826 2 374.302094 130.636826
31575 1 337.996857 134.784012 2 311.986694 134.784012
31620 1 510.105682 257.126434 2 489.713287 257.126434
31385 1 161.740829 145.152023 2 121.914383 145.152023
31458 1 151.787537 273.71524 2 116.011238 273.71524
24018 1 651.110474 159.667221 2 638.554565 159.667221
31628 1 414.720062 78.796814 2 394.730499 78.796814
31608 1 304.819244 221.875229 2 283.209473 221.875229
29888 1 702.9505 236.390427 2 687.833008 236.390427
27830 1 707.097717 203.21283 2 693.499695 203.21283
30994 1 177.984024 202.176025 2 141.179504 202.176025
31305 1 136.85762 101.606415 2 90.122787 101.606415
31532 1 611.712097 282.009644 2 581.59967 282.009644
31586 1 512.17926 271.641632 2 487.63916 271.641632
28720 1 561.945679 234.316833 2 551.183105 234.316833
31636 1 1163.289795 172.108826 2 1143.69458 172.108826
31301 1 952.128113 312.768036 2 904.868469 312.768036
31507 1 251.320358 201.553955 2 219.153305 201.553955
31414 1 204.042267 124.416016 2 166.699005 124.416016
31402 1 203.21283 72.576012 2 164.631393 72.576012
30919 1 160.70401 76.032005 2 116.861168 76.032005
31589 1 325.472321 173.187103 2 301.526367 173.187103
31569 1 271.724609 182.145065 2 244.848251 182.145065
30442 1 114.462738 311.040039 2 70.97287 311.040039
31467 1 276.203552 84.60289 2 240.92662 84.60289
31558 1 256.296997 271.226929 2 228.281799 271.226929
31549 1 228.925476 276.203552 2 199.886627 276.203552
31502 1 303.575073 301.086761 2 270.479858 301.086761
28684 1 525.533264 209.018921 2 518.944641 209.018921
31516 1 345.876526 94.556175 2 314.750092 94.556175
31567 1 388.177979 89.579536 2 361.068695 89.579536
31633 1 394.149963 143.327255 2 374.45871 143.327255
31570 1 338.41156 134.369293 2 311.705048 134.369293
31611 1 303.575073 221.46051 2 282.132446 221.46051
31568 1 283.668518 199.065628 2 256.590851 199.065628
31403 1 220.96286 83.607567 2 182.476761 83.607567
31398 1 186.624023 308.551727 2 147.841217 308.551727
31487 1 246.343719 174.182419 2 211.958282 174.182419
31465 1 176.173096 244.850739 2 140.634659 244.850739
31321 1 136.85762 102.021133 2 91.310997 102.021133
31353 1 121.927696 258.785309 2 79.611122 258.785309
31536 1 432.967743 288.645172 2 403.303131 288.645172
31495 1 627.056763 292.626495 2 593.159485 292.626495
31593 1 995.328125 250.90564 2 972.112427 250.90564
30950 1 1077.442749 281.180206 2 1036.74646 281.180206
31444 1 203.046951 125.411354 2 166.772705 125.411354
31520 1 259.78067 209.018921 2 228.851486 209.018921
31553 1 257.126434 265.420837 2 228.377213 265.420837
31079 1 390.566803 89.579544 2 363.094604 89.579544
23453 1 687.970886 114.661812 2 676.567627 114.661812
30972 1 179.159073 182.145065 2 142.245712 182.145065
31379 1 161.243179 143.327271 2 120.941032 143.327271
31418 1 146.810898 271.226929 2 109.503555 271.226929
26405 1 716.636353 132.577713 2 705.524536 132.577713
31326 1 128.397339 158.257187 2 83.149826 158.257187
28676 1 520.05896 211.507233 2 514.40741 211.507233
25812 1 652.139038 175.575897 2 637.94165 175.575897
27759 1 662.888611 139.74408 2 653.145996 139.74408
31477 1 175.575897 243.656357 2 140.697708 243.656357
31328 1 133.919998 102.240005 2 88.929482 102.240005
30597 1 609.140869 118.244995 2 602.483215 118.244995
31148 1 370.262085 256.794678 2 350.906342 256.794678
31192 1 985.374878 223.948837 2 970.470764 223.948837
29950 1 925.655151 223.948837 2 909.923523 223.948837
