264
113.441352844 -8.160421371 79.579063416 0.02841012053227092 0.46772596719405735 -0.03700653836219446 0.8826413772207673
32403 1 542.0 152.0 2 541.268555 152.0
31932 1 539.0 194.0 2 531.542175 194.0
32947 1 538.800049 193.200012 2 531.164185 193.200012
32667 1 140.400009 80.400002 2 83.874748 80.400002
32945 1 548.400024 169.200012 2 546.969543 169.200012
32939 1 696.0 172.800003 2 681.462769 172.800003
33009 1 481.200012 154.800003 2 477.180878 154.800003
33048 1 834.000061 196.800003 2 818.673645 196.800003
32917 1 679.200012 253.200012 2 656.432983 253.200012
33017 1 877.200012 147.600006 2 863.480591 147.600006
25086 1 655.200012 104.400002 2 647.06665 104.400002
32704 1 495.600006 345.600006 2 442.092804 345.600006
32954 1 616.800049 117.600006 2 610.254761 117.600006
32920 1 365.76001 154.080002 2 343.504578 154.080002
32949 1 1028.160034 231.840012 2 1009.824463 231.840012
33051 1 1098.720093 175.680008 2 1079.886353 175.680008
33015 1 1031.040039 178.560013 2 1013.581604 178.560013
31939 1 908.640015 188.640015 2 892.316284 188.640015
32918 1 678.240051 253.440002 2 655.762207 253.440002
32951 1 758.880005 195.840012 2 743.376221 195.840012
31937 1 753.120056 181.440002 2 736.999146 181.440002
32837 1 493.920013 285.120026 2 459.131195 285.120026
32906 1 364.320007 249.12001 2 339.907684 249.12001
32816 1 417.600006 300.960022 2 377.840668 300.960022
32968 1 616.320007 116.640007 2 609.574829 116.640007
32797 1 131.040009 221.76001 2 89.294624 221.76001
32955 1 775.87207 198.720016 2 759.675903 198.720016
32969 1 739.584045 131.328018 2 727.071716 131.328018
33012 1 1033.344116 179.712021 2 1015.737671 179.712021
32817 1 416.448029 302.400024 2 376.847961 302.400024
33021 1 888.192078 229.82402 2 872.144714 229.82402
31954 1 908.928101 188.35202 2 892.68634 188.35202
32926 1 679.104065 254.016022 2 656.677368 254.016022
33011 1 1194.048096 169.344009 2 1174.494263 169.344009
32412 1 1152.57605 165.888016 2 1134.025513 165.888016
32452 1 1135.296143 124.416016 2 1121.269897 124.416016
32500 1 815.616089 38.016003 2 805.531006 38.016003
32822 1 214.272018 164.160019 2 179.629288 164.160019
32396 1 527.040039 255.744019 2 503.49762 255.744019
32967 1 483.840057 188.35202 2 479.576782 188.35202
32432 1 717.120056 34.560005 2 706.343628 34.560005
32520 1 808.704102 212.544022 2 793.767029 212.544022
32898 1 414.720032 34.560005 2 388.498627 34.560005
32855 1 525.312073 283.392029 2 491.872925 283.392029
32333 1 493.516876 284.083252 2 459.225983 284.083252
31974 1 684.288086 192.844833 2 669.84198 192.844833
32285 1 360.806458 311.040039 2 319.629089 311.040039
32932 1 953.85614 255.052841 2 934.13855 255.052841
26816 1 897.868896 145.152023 2 884.684448 145.152023
32303 1 416.793671 302.745636 2 376.508301 302.745636
31940 1 1096.93457 178.32962 2 1077.939941 178.32962
33031 1 1080.345703 111.974419 2 1066.961914 111.974419
30150 1 1032.652954 180.403229 2 1014.879333 180.403229
32506 1 1090.713745 103.680016 2 1075.737061 103.680016
32983 1 868.838501 93.312012 2 857.891602 93.312012
32689 1 184.55043 39.398407 2 130.843781 39.398407
32857 1 524.62085 282.009644 2 491.538788 282.009644
29507 1 754.790527 236.390427 2 737.616699 236.390427
32441 1 721.612915 246.758438 2 704.942017 246.758438
32399 1 526.694458 257.126434 2 502.277679 257.126434
33057 1 829.440125 149.299225 2 815.846924 149.299225
32383 1 350.438446 255.052841 2 325.690643 255.052841
31354 1 736.128113 97.459213 2 723.817322 97.459213
28467 1 694.656128 60.134407 2 680.990234 60.134407
32972 1 483.148865 186.624023 2 479.537476 186.624023
32239 1 172.108826 82.944016 2 119.728264 82.944016
32442 1 814.924927 234.316833 2 800.296936 234.316833
32454 1 659.404907 107.827217 2 650.516113 107.827217
32435 1 655.25769 66.355209 2 643.057678 66.355209
32888 1 1078.272095 263.347229 2 1052.500244 263.347229
32521 1 1089.884277 102.021133 2 1075.509766 102.021133
31384 1 1087.395996 57.231369 2 1072.588867 57.231369
33072 1 776.355957 99.532814 2 763.479736 99.532814
31970 1 1015.23468 59.719688 2 1001.783875 59.719688
32959 1 977.909912 99.532814 2 967.971802 99.532814
32979 1 781.332581 164.229141 2 768.100952 164.229141
28596 1 831.098999 149.299225 2 816.401611 149.299225
31414 1 885.842041 228.925476 2 869.694397 228.925476
30729 1 905.748596 189.11235 2 890.055115 189.11235
30069 1 589.731934 226.437149 2 576.371155 226.437149
32708 1 154.275864 149.299225 2 101.042686 149.299225
32974 1 612.126831 116.951057 2 603.841858 116.951057
32028 1 659.404907 106.997772 2 650.818359 106.997772
30738 1 813.680725 233.902115 2 799.180725 233.902115
32470 1 482.734161 186.624023 2 478.693604 186.624023
32245 1 171.694107 82.114571 2 119.345566 82.114571
31947 1 694.241394 59.719688 2 680.588562 59.719688
32779 1 121.927696 283.668518 2 78.64563 283.668518
32331 1 211.507233 251.320358 2 176.304245 251.320358
32821 1 189.11235 199.065628 2 152.68042 199.065628
25760 1 696.729675 159.252502 2 680.810059 159.252502
31369 1 614.615112 111.974419 2 608.032532 111.974419
32310 1 415.5495 303.575073 2 375.126556 303.575073
32281 1 360.806458 311.040039 2 319.540497 311.040039
32963 1 933.120117 174.182419 2 918.242615 174.182419
32824 1 214.990891 283.668549 2 179.135651 283.668549
32887 1 621.084778 268.738617 2 592.166382 268.738617
23383 1 779.34198 161.243164 2 766.267456 161.243164
23417 1 764.412048 131.383316 2 752.490967 131.383316
32992 1 707.678345 244.850739 2 690.94696 244.850739
33000 1 531.505249 131.383316 2 527.772766 131.383316
32795 1 134.369308 223.948837 2 92.468658 223.948837
31967 1 692.748413 59.719692 2 679.556519 59.719692
31844 1 119.439384 283.668549 2 75.534615 283.668549
32392 1 525.533264 256.794678 2 501.365753 256.794678
29011 1 534.491211 194.088989 2 527.625488 194.088989
32832 1 200.060959 212.004898 2 164.073044 212.004898
32999 1 815.173767 232.906799 2 800.713501 232.906799
33036 1 615.112793 110.48143 2 609.375244 110.48143
33033 1 483.729492 104.50946 2 474.338013 104.50946
32296 1 361.304138 310.542389 2 320.48642 310.542389
32339 1 522.547302 283.668549 2 490.549469 283.668549
30090 1 1015.234741 59.719692 2 1002.149475 59.719692
31387 1 1086.898438 56.733707 2 1072.788452 56.733707
31345 1 1027.178711 229.920807 2 1008.518005 229.920807
31359 1 1104.814331 232.906799 2 1087.140747 232.906799
26900 1 867.129944 93.16272 2 858.328247 93.16272
32903 1 358.318176 250.822708 2 334.838287 250.822708
33027 1 480.146332 103.91227 2 468.912201 103.91227
32387 1 526.727722 257.989075 2 500.491943 257.989075
32430 1 752.46814 232.906799 2 735.271484 232.906799
33003 1 705.88678 243.656357 2 690.032898 243.656357
31308 1 118.244995 283.07135 2 74.586754 283.07135
29547 1 644.972717 103.91227 2 637.805786 103.91227
32455 1 533.894043 132.577713 2 528.020813 132.577713
32869 1 293.820892 171.992722 2 263.133453 171.992722
31331 1 175.575897 232.906799 2 138.138962 232.906799
32796 1 132.577713 225.740448 2 91.919464 225.740448
29012 1 777.550415 161.243179 2 765.699158 161.243179
22814 1 777.550415 100.329086 2 763.7453 100.329086
31422 1 713.053162 93.16272 2 701.300659 93.16272
32810 1 132.577713 268.738617 2 92.992744 268.738617
30726 1 816.965393 232.906799 2 802.738953 232.906799
33046 1 763.217712 232.906799 2 747.08197 232.906799
29062 1 763.217712 197.074982 2 747.140808 197.074982
32698 1 171.992722 78.829994 2 119.149124 78.829994
30809 1 616.307251 107.495445 2 609.976868 107.495445
32803 1 412.065887 304.570435 2 372.430481 304.570435
27723 1 555.393127 197.074982 2 547.352783 197.074982
32469 1 895.79541 143.327271 2 882.094543 143.327271
33055 1 885.045837 225.740448 2 868.972351 225.740448
30708 1 1135.86853 125.411354 2 1121.662476 125.411354
30156 1 1024.789917 229.323624 2 1006.107849 229.323624
32020 1 928.044067 229.323624 2 913.946899 229.323624
32891 1 1153.784424 272.321808 2 1127.42041 272.321808
33271 1 298.0 117.0 2 263.321289 117.0
33385 1 1102.800049 234.000015 2 1084.363892 234.000015
33200 1 1070.0 293.0 2 1027.401611 293.0
33328 1 1161.0 273.0 2 1133.555786 273.0
33388 1 1099.0 176.0 2 1080.579468 176.0
33366 1 1153.0 168.0 2 1133.037476 168.0
32923 1 896.0 260.0 2 873.380676 260.0
33105 1 810.0 337.0 2 756.112854 337.0
33290 1 886.0 276.0 2 852.651062 276.0
33214 1 647.0 305.0 2 605.388123 305.0
33353 1 528.0 255.0 2 504.312103 255.0
33267 1 496.0 285.0 2 460.972076 285.0
33276 1 332.0 97.0 2 297.593414 97.0
33147 1 263.0 106.0 2 214.558624 106.0
33181 1 270.0 100.0 2 225.292831 100.0
33291 1 248.0 156.0 2 214.6763 156.0
33110 1 79.0 33.0 2 25.427778 33.0
33255 1 194.0 199.0 2 157.366608 199.0
33101 1 158.0 53.0 2 103.807098 53.0
32818 1 243.600006 230.400009 2 206.877655 230.400009
33262 1 268.800018 291.600006 2 232.963181 291.600006
33301 1 735.0 278.0 2 702.577209 278.0
32937 1 478.800018 184.800003 2 474.854309 184.800003
33377 1 1139.0 195.0 2 1120.071411 195.0
33131 1 927.0 322.0 2 877.088745 322.0
33123 1 920.0 325.0 2 868.962646 325.0
33195 1 971.0 301.0 2 927.635315 301.0
33225 1 992.0 293.0 2 950.900146 293.0
33373 1 1098.0 175.200012 2 1078.890625 175.200012
33217 1 850.0 288.0 2 808.664124 288.0
33358 1 679.0 254.0 2 656.327515 254.0
32941 1 643.200012 188.400009 2 630.1604 188.400009
33379 1 546.0 244.0 2 527.14624 244.0
33220 1 356.400024 312.0 2 315.167053 312.0
33303 1 461.0 286.0 2 428.832642 286.0
33239 1 418.0 301.0 2 379.197937 301.0
33285 1 247.200012 154.800003 2 213.297699 154.800003
33337 1 307.200012 157.200012 2 280.812439 157.200012
33092 1 141.0 81.0 2 84.694748 81.0
33190 1 876.960022 302.400024 2 833.387024 302.400024
33103 1 158.400009 52.800003 2 104.372841 52.800003
33258 1 243.360016 230.400009 2 206.83519 230.400009
33249 1 194.400009 199.200012 2 157.052185 199.200012
33317 1 732.0 272.400024 2 701.58783 272.400024
33382 1 1143.359985 184.320007 2 1124.638184 184.320007
33152 1 1042.800049 308.400024 2 994.971985 308.400024
33333 1 1160.400024 272.400024 2 1133.634033 272.400024
33134 1 927.600037 321.600006 2 877.960144 321.600006
33224 1 991.200012 292.800018 2 950.049988 292.800018
33369 1 1153.200073 168.0 2 1133.751343 168.0
33160 1 764.640015 316.800018 2 717.999756 316.800018
33176 1 687.600037 316.800018 2 642.586121 316.800018
33350 1 528.0 254.400009 2 504.124268 254.400009
33378 1 546.0 243.600006 2 527.135742 243.600006
33297 1 524.400024 283.200012 2 491.379333 283.200012
33360 1 376.800018 247.200012 2 355.067383 247.200012
33210 1 447.840027 313.920013 2 406.102203 313.920013
33289 1 462.000031 285.600006 2 428.583038 285.600006
33236 1 417.600006 301.200012 2 378.129639 301.200012
33272 1 331.200012 97.200005 2 296.572754 97.200005
33313 1 298.080017 190.080002 2 267.389923 190.080002
33345 1 278.400024 193.200012 2 252.794281 193.200012
33159 1 76.800003 252.000015 2 30.069769 252.000015
33215 1 130.800003 222.000015 2 89.276855 222.000015
33135 1 219.600006 48.0 2 170.026871 48.0
33180 1 270.0 99.600006 2 225.28981 99.600006
33281 1 247.680008 155.520004 2 213.484222 155.520004
33342 1 306.720001 156.960007 2 280.705536 156.960007
33093 1 139.680008 80.639999 2 83.52919 80.639999
33244 1 174.240005 231.840012 2 136.068588 231.840012
33383 1 1138.800049 194.400009 2 1120.244873 194.400009
33211 1 1068.480103 292.320007 2 1026.835938 292.320007
33124 1 1119.744141 316.22403 2 1069.002319 316.22403
33338 1 1159.200073 272.160004 2 1132.877197 272.160004
33140 1 920.160034 321.120026 2 871.076111 321.120026
31956 1 1058.400024 106.560005 2 1044.119629 106.560005
33183 1 877.824097 302.400024 2 833.322144 302.400024
33179 1 686.880005 316.800018 2 642.132019 316.800018
33067 1 652.320007 102.240005 2 643.149353 102.240005
33294 1 460.800018 285.120026 2 427.628113 285.120026
33263 1 213.600006 249.600006 2 177.765961 249.600006
33264 1 269.279999 292.320007 2 233.595169 292.320007
33254 1 192.960007 198.720001 2 156.257294 198.720001
33218 1 135.360001 223.200012 2 94.069458 223.200012
33226 1 128.400009 266.400024 2 87.35218 266.400024
33146 1 262.800018 105.600006 2 214.219696 105.600006
33149 1 224.640015 77.76001 2 176.567261 77.76001
33120 1 250.800003 57.600002 2 199.526886 57.600002
32751 1 226.800003 67.200005 2 178.644623 67.200005
33284 1 298.944031 95.040009 2 264.993439 95.040009
33172 1 270.720001 99.360001 2 225.265182 99.360001
33331 1 307.584015 157.248016 2 280.745758 157.248016
33114 1 172.800003 83.520004 2 120.221924 83.520004
33391 1 1103.040039 233.280014 2 1084.695068 233.280014
33208 1 1069.63208 292.032013 2 1027.696533 292.032013
33309 1 1052.352051 273.024017 2 1020.755859 273.024017
33168 1 73.440002 250.560013 2 27.651655 250.560013
33238 1 998.784119 285.120026 2 959.764893 285.120026
33287 1 461.376038 285.120026 2 427.656281 285.120026
33465 1 402.278442 234.316833 2 383.459839 234.316833
33384 1 546.048035 243.648026 2 527.503296 243.648026
32980 1 557.798462 196.992035 2 550.354614 196.992035
33112 1 172.800018 82.944008 2 119.951004 82.944008
33231 1 837.600037 296.400024 2 797.088806 296.400024
33178 1 151.372818 184.55043 2 106.501511 184.55043
33143 1 86.400009 158.976013 2 37.61729 158.976013
33204 1 233.280029 317.952026 2 191.042068 317.952026
33253 1 193.536011 198.720016 2 156.725464 198.720016
33165 1 165.888016 195.264023 2 119.763992 195.264023
33334 1 306.892853 157.593628 2 280.26059 157.593628
33306 1 361.0 76.0 2 329.254913 76.0
31758 1 136.85762 58.060806 2 80.915573 58.060806
27784 1 659.404907 107.827217 2 650.516113 107.827217
33154 1 151.372818 319.334442 2 103.794464 319.334442
33344 1 1157.06897 271.641632 2 1131.36084 271.641632
33386 1 1104.192139 233.280029 2 1085.72644 233.280029
33341 1 1159.488159 273.024017 2 1133.313232 273.024017
33216 1 833.587341 294.451233 2 792.094238 294.451233
33364 1 841.881714 261.273651 2 820.944824 261.273651
33241 1 271.226929 298.59845 2 232.750412 298.59845
33187 1 966.297729 300.672028 2 922.200928 300.672028
30068 1 905.748596 189.11235 2 890.055115 189.11235
33104 1 159.252502 62.208008 2 105.241783 62.208008
33286 1 298.59845 95.385612 2 264.738983 95.385612
31409 1 586.828857 226.02243 2 573.501038 226.02243
33256 1 217.728027 282.009644 2 181.16507 282.009644
33139 1 215.654434 103.680016 2 166.543579 103.680016
33202 1 192.844833 145.152023 2 150.281357 145.152023
32465 1 532.500549 131.880981 2 528.80188 131.880981
33252 1 192.844833 199.065628 2 155.909851 199.065628
33163 1 165.888031 194.918427 2 119.530762 194.918427
33213 1 136.85762 311.040039 2 95.243774 311.040039
33322 1 308.551727 156.764175 2 280.332733 156.764175
33305 1 223.948837 191.600662 2 192.159836 191.600662
28991 1 808.704102 213.995544 2 793.327148 213.995544
33293 1 1049.241699 273.71524 2 1016.026489 273.71524
33299 1 1047.582886 273.71524 2 1014.829651 273.71524
33259 1 269.568024 292.377655 2 233.20871 292.377655
33275 1 246.343719 154.275864 2 211.828964 154.275864
33292 1 244.850739 149.299225 2 211.591537 149.299225
33310 1 295.612457 170.201126 2 264.154449 170.201126
33324 1 334.430267 128.397339 2 306.501648 128.397339
33197 1 92.067856 261.273651 2 49.050652 261.273651
33128 1 133.919998 162.720001 2 83.467712 162.720001
33157 1 231.413788 69.672974 2 184.075272 69.672974
33375 1 948.050049 253.80867 2 929.088562 253.80867
33357 1 916.697266 259.78067 2 893.587219 259.78067
32325 1 178.32962 282.009644 2 140.047989 282.009644
30086 1 534.988892 194.088989 2 528.121216 194.088989
33246 1 176.670746 233.902115 2 139.009644 233.902115
33171 1 164.229141 194.088989 2 118.554237 194.088989
32375 1 345.600037 257.472015 2 319.587555 257.472015
32911 1 527.523926 256.296997 2 501.757782 256.296997
30728 1 1096.93457 178.32962 2 1077.939941 178.32962
31962 1 1027.67627 231.413788 2 1009.374817 231.413788
33288 1 298.59845 94.556175 2 264.986938 94.556175
33144 1 214.990891 103.91227 2 166.262451 103.91227
32335 1 525.035583 283.668518 2 490.988983 283.668518
33177 1 152.285217 194.088989 2 107.352501 194.088989
29578 1 741.718567 193.491806 2 726.187256 193.491806
33142 1 236.48999 114.661812 2 187.676346 114.661812
33329 1 333.235901 128.994537 2 305.983124 128.994537
33343 1 307.556396 155.271194 2 281.673126 155.271194
31826 1 122.425369 95.551506 2 74.884125 95.551506
33194 1 155.271194 152.285217 2 111.840767 152.285217
32863 1 225.740448 254.405899 2 193.29335 254.405899
33245 1 176.173096 232.906799 2 138.146942 232.906799
33257 1 188.117035 200.060959 2 151.555862 200.060959
27692 1 707.678345 125.411354 2 696.706726 125.411354
21561 1 815.173767 232.906799 2 800.713501 232.906799
27297 1 904.753296 188.117035 2 890.526184 188.117035
33296 1 1048.080566 274.710571 2 1015.055603 274.710571
