267
114.2286 -9.105368 80.42589 0.028477854109631464 0.4533884969245269 -0.04334675927911076 0.8898027540650948
33401 1 1076.0 55.0 2 1060.659302 55.0
34388 1 871.0 183.0 2 854.556763 183.0
34032 1 553.200012 195.600006 2 545.903687 195.600006
33997 1 738.0 174.0 2 723.830505 174.0
34392 1 792.000061 202.800003 2 775.529541 202.800003
34389 1 679.200012 25.200001 2 666.014587 25.200001
34517 1 673.200012 102.000008 2 664.372131 102.000008
33415 1 496.800018 156.0 2 492.367462 156.0
34406 1 464.400024 174.0 2 458.845856 174.0
34001 1 726.0 55.200001 2 710.005493 55.200001
34374 1 1183.200073 181.200012 2 1163.088867 181.200012
33931 1 981.600037 120.000008 2 968.64447 120.000008
34387 1 664.800049 192.0 2 649.502197 192.0
34494 1 885.600037 39.600002 2 874.722107 39.600002
34473 1 823.200012 105.600006 2 808.846924 105.600006
34240 1 493.200012 307.200012 2 452.415283 307.200012
33942 1 516.0 171.600006 2 511.186798 171.600006
34251 1 302.400024 82.800003 2 261.297211 82.800003
34394 1 810.720032 203.040009 2 792.87738 203.040009
34395 1 774.720032 126.720001 2 761.822021 126.720001
34381 1 1098.720093 244.800003 2 1079.03479 244.800003
34168 1 1105.920044 342.720001 2 1049.386719 342.720001
34399 1 959.040039 194.400009 2 941.321228 194.400009
34266 1 967.680054 300.960022 2 926.718933 300.960022
34398 1 1121.76001 105.120003 2 1107.321045 105.120003
34000 1 943.200012 146.880005 2 928.864624 146.880005
34477 1 980.640015 119.520004 2 968.191406 119.520004
34022 1 851.040039 243.360016 2 834.830688 243.360016
33930 1 872.640015 201.600006 2 855.797363 201.600006
34278 1 781.920044 300.960022 2 742.423035 300.960022
34003 1 652.320007 236.160004 2 638.669434 236.160004
34343 1 708.480042 266.400024 2 682.066956 266.400024
34025 1 721.440002 191.520004 2 705.603638 191.520004
34500 1 851.040039 34.560001 2 836.786926 34.560001
34420 1 633.600037 118.080002 2 626.720459 118.080002
32912 1 756.0 151.200012 2 740.50415 151.200012
33998 1 722.880005 148.320007 2 706.932739 148.320007
34338 1 535.679993 266.400024 2 509.22113 266.400024
32928 1 499.680023 188.640015 2 494.713501 188.640015
33411 1 600.480042 231.840012 2 586.640137 231.840012
34391 1 419.040009 230.400009 2 400.870697 230.400009
34211 1 394.560028 329.76001 2 346.098328 329.76001
34407 1 564.480042 171.360001 2 563.245544 171.360001
34195 1 316.800018 345.600006 2 264.220642 345.600006
34229 1 129.600006 203.040009 2 87.045113 203.040009
34247 1 299.52002 80.639999 2 258.436432 80.639999
34421 1 832.896057 195.264023 2 817.583191 195.264023
34410 1 810.432068 203.904022 2 792.622192 203.904022
34155 1 198.720016 76.032005 2 141.759323 76.032005
34320 1 257.472015 236.736023 2 226.926956 236.736023
34044 1 680.832092 107.136009 2 671.736145 107.136009
34199 1 1124.928101 331.776031 2 1072.611572 331.776031
34386 1 1017.792114 177.984024 2 999.015686 177.984024
34297 1 779.328064 300.672028 2 739.689209 300.672028
33510 1 663.552063 191.808014 2 650.869385 191.808014
34004 1 753.408081 257.472015 2 734.835999 257.472015
33915 1 708.480042 266.11203 2 682.210938 266.11203
34415 1 813.888062 167.616013 2 800.08252 167.616013
33964 1 499.392059 190.080017 2 494.7547 190.080017
33424 1 601.344055 231.552017 2 587.446777 231.552017
33963 1 552.960083 196.99202 2 545.603699 196.99202
34243 1 492.480042 307.584015 2 450.342529 307.584015
34336 1 535.680054 267.840027 2 508.927582 267.840027
33904 1 354.240021 259.200012 2 324.818085 259.200012
34417 1 400.896027 238.46402 2 382.322937 238.46402
34418 1 444.096039 217.728027 2 432.554657 217.728027
34208 1 393.984039 330.048035 2 346.228485 330.048035
34280 1 452.736053 307.584015 2 412.125824 307.584015
33879 1 243.648026 216.000015 2 212.58403 216.000015
34256 1 243.648026 304.128021 2 202.239197 304.128021
34325 1 281.664032 155.52002 2 249.053925 155.52002
33927 1 1188.864136 247.104019 2 1168.55957 247.104019
34424 1 740.27533 128.563217 2 725.974976 128.563217
33488 1 1121.817749 105.753616 2 1107.442017 105.753616
34264 1 528.768066 304.819244 2 489.764496 304.819244
34339 1 534.988892 267.494446 2 508.901703 267.494446
33813 1 393.98407 329.702454 2 345.846802 329.702454
32820 1 333.84964 331.776062 2 284.896271 331.776062
32314 1 1018.137756 178.32962 2 998.80896 178.32962
33484 1 958.003357 194.918427 2 939.95105 194.918427
31082 1 721.612915 190.771225 2 705.889648 190.771225
34027 1 1161.216187 97.459213 2 1145.870605 97.459213
34198 1 1123.891357 331.776062 2 1070.716431 331.776062
34444 1 1018.137756 43.545605 2 1006.388184 43.545605
33852 1 201.139221 151.372818 2 160.669128 151.372818
34439 1 883.353699 165.888031 2 869.557495 165.888031
34038 1 987.033752 178.32962 2 969.619751 178.32962
34005 1 941.414551 147.225616 2 926.159058 147.225616
34430 1 400.204865 238.464035 2 381.987366 238.464035
33935 1 848.102539 219.801636 2 831.371826 219.801636
34216 1 99.532814 244.68483 2 54.46505 244.68483
33408 1 1181.952148 182.476822 2 1162.320801 182.476822
33487 1 532.915283 203.21283 2 526.072388 203.21283
33906 1 352.512054 259.200043 2 324.310669 259.200043
34126 1 143.078415 97.459213 2 80.544151 97.459213
31676 1 632.448059 111.974419 2 626.061462 111.974419
34154 1 199.065628 76.723213 2 141.560471 76.723213
33955 1 763.0849 95.385612 2 750.144409 95.385612
33954 1 678.067322 60.134407 2 664.627808 60.134407
33341 1 157.593628 263.347229 2 116.803505 263.347229
34221 1 128.563217 203.21283 2 85.626175 203.21283
34385 1 825.292908 236.390427 2 808.637085 236.390427
34524 1 723.686523 159.667221 2 706.592285 159.667221
34270 1 452.044861 308.966431 2 412.281067 308.966431
33448 1 622.080078 238.878754 2 607.469238 238.878754
34328 1 1179.463867 283.668518 2 1147.775024 283.668518
32925 1 1104.814209 186.624023 2 1085.557495 186.624023
33454 1 1154.580688 52.254726 2 1138.650146 52.254726
33962 1 940.585083 146.810898 2 925.150085 146.810898
33855 1 490.199097 308.551727 2 449.013336 308.551727
33394 1 534.988892 268.738586 2 507.861389 268.738586
34452 1 1022.699646 92.067856 2 1011.423157 92.067856
34354 1 1022.699646 271.226929 2 996.769043 271.226929
34226 1 99.532814 243.855392 2 53.948368 243.855392
34260 1 258.785309 79.626251 2 218.830246 79.626251
33822 1 146.810898 176.670746 2 102.124924 176.670746
34013 1 497.664062 104.509453 2 487.641998 104.509453
34006 1 741.51947 256.296997 2 722.390076 256.296997
33950 1 853.493896 243.855392 2 837.049316 243.855392
33946 1 846.028931 221.46051 2 828.923096 221.46051
34367 1 400.619568 238.878754 2 381.831238 238.878754
33897 1 350.85318 258.785309 2 324.255951 258.785309
32316 1 614.615112 233.902115 2 602.032776 233.902115
34508 1 549.918823 196.577301 2 543.493042 196.577301
34233 1 218.972198 316.016693 2 175.141891 316.016693
32950 1 530.012207 201.553955 2 522.742065 201.553955
33453 1 497.664062 189.11235 2 492.974182 189.11235
34455 1 584.75531 159.252502 2 581.766357 159.252502
34486 1 632.033386 116.951057 2 622.847778 116.951057
34436 1 517.570618 121.927696 2 513.814941 121.927696
34311 1 283.668518 156.764175 2 250.927109 156.764175
26941 1 679.311462 106.997772 2 670.362 106.997772
34510 1 632.033386 111.974419 2 625.66748 111.974419
33435 1 676.82312 59.719688 2 664.543945 59.719688
33877 1 243.855392 216.483871 2 211.215485 216.483871
34228 1 126.904335 201.553955 2 83.70118 201.553955
29103 1 763.914368 94.556175 2 750.950989 94.556175
30428 1 719.124573 52.254726 2 703.945801 52.254726
34431 1 811.192444 164.229141 2 797.596802 164.229141
34422 1 808.704102 204.042267 2 790.591431 204.042267
33527 1 737.538208 113.467415 2 725.034546 113.467415
30496 1 621.084778 238.878769 2 606.391357 238.878769
34287 1 1173.491943 298.59845 2 1136.844604 298.59845
34451 1 940.585144 146.313248 2 925.079651 146.313248
32328 1 1095.856323 241.864746 2 1076.522217 241.864746
33939 1 1179.463867 185.131042 2 1158.652466 185.131042
33989 1 928.641174 62.705677 2 917.432373 62.705677
33885 1 534.491211 268.738617 2 507.773987 268.738617
33405 1 498.659424 104.50946 2 486.850983 104.50946
34237 1 217.976868 316.514374 2 174.641495 316.514374
34296 1 232.906799 265.752625 2 199.772919 265.752625
34230 1 155.271194 304.570435 2 112.732635 304.570435
34249 1 155.271194 262.766632 2 116.413269 262.766632
30487 1 609.140869 232.906799 2 595.417175 232.906799
33011 1 737.538208 188.117035 2 722.526245 188.117035
31626 1 851.005615 241.864746 2 834.506714 241.864746
33013 1 848.019592 220.96286 2 830.992432 220.96286
27607 1 809.799072 100.329086 2 794.690491 100.329086
27580 1 764.412048 95.551506 2 751.292908 95.551506
33972 1 546.435181 134.369308 2 545.329834 134.369308
34261 1 259.78067 80.621582 2 218.993668 80.621582
34445 1 812.187805 164.229156 2 797.167297 164.229156
30426 1 633.028748 110.48143 2 627.537598 110.48143
33425 1 677.818481 59.719692 2 665.179382 59.719692
33433 1 725.594238 56.733707 2 708.376526 56.733707
34225 1 125.411354 203.046951 2 83.071625 203.046951
26977 1 722.608276 161.243164 2 706.477234 161.243164
32994 1 1158.562012 98.537491 2 1145.441895 98.537491
33941 1 955.515076 194.088989 2 938.812744 194.088989
34427 1 931.627197 236.48999 2 913.823975 236.48999
32372 1 956.709473 193.491806 2 938.865234 193.491806
34288 1 261.572266 168.409531 2 225.348343 168.409531
34448 1 480.146332 168.409531 2 475.269226 168.409531
34281 1 275.904999 250.822708 2 246.972397 250.822708
34462 1 476.563141 100.329086 2 462.418457 100.329086
34263 1 261.572266 82.413177 2 222.220261 82.413177
34305 1 311.736786 132.577713 2 280.262451 132.577713
32927 1 870.713135 150.493622 2 855.542603 150.493622
33472 1 465.813599 186.325439 2 460.55835 186.325439
34492 1 415.649078 182.742264 2 405.157043 182.742264
33462 1 498.062256 103.91227 2 486.347015 103.91227
34218 1 103.91227 247.239532 2 56.76749 247.239532
34224 1 125.411354 204.241348 2 80.721199 204.241348
34345 1 1014.040405 268.738617 2 988.078308 268.738617
34235 1 154.076813 304.570435 2 112.190437 304.570435
34277 1 186.325439 265.155426 2 144.28511 265.155426
34241 1 146.910446 254.405899 2 108.513 254.405899
34516 1 723.802673 164.826355 2 706.760742 164.826355
26345 1 723.802673 143.327271 2 707.191467 143.327271
33981 1 551.809998 132.577713 2 548.413635 132.577713
33990 1 401.316345 240.073166 2 383.027161 240.073166
32396 1 634.223145 107.495445 2 627.791016 107.495445
34460 1 673.638123 71.663635 2 660.885681 71.663635
32345 1 652.139038 89.579544 2 644.689026 89.579544
33980 1 852.797241 243.656357 2 836.31366 243.656357
32294 1 186.325439 240.073166 2 141.115326 240.073166
29207 1 766.800842 96.745903 2 753.393311 96.745903
34489 1 795.466309 240.073166 2 778.526062 240.073166
25792 1 795.466309 204.241348 2 778.632568 204.241348
33976 1 490.895874 229.323624 2 476.827606 229.323624
31694 1 548.226807 197.074982 2 542.115479 197.074982
33388 1 347.568604 261.572266 2 320.386292 261.572266
30448 1 569.725891 200.658173 2 562.239868 200.658173
34031 1 734.552246 254.405899 2 715.870056 254.405899
32412 1 938.793579 143.327271 2 923.768982 143.327271
34269 1 1171.700439 300.987244 2 1133.051392 300.987244
33523 1 1160.950806 96.745903 2 1144.677002 96.745903
32304 1 1018.080017 178.560013 2 999.068237 178.560013
34344 1 708.0 266.400024 2 682.508789 266.400024
33423 1 812.160034 99.360001 2 798.730957 99.360001
34411 1 692.640015 43.200001 2 679.634216 43.200001
33996 1 756.0 257.76001 2 737.218445 257.76001
34475 1 534.240051 204.480011 2 527.214783 204.480011
30416 1 723.686523 53.913609 2 708.150391 53.913609
34276 1 824.256104 304.128021 2 783.901855 304.128021
31620 1 857.088074 210.816025 2 840.87085 210.816025
33924 1 772.800049 195.600006 2 756.223633 195.600006
33979 1 1072.466064 54.74305 2 1058.69104 54.74305
34326 1 327.628845 269.568024 2 298.173523 269.568024
32323 1 605.491272 232.243225 2 591.351624 232.243225
33933 1 574.559998 200.160004 2 566.751404 200.160004
33841 1 153.446426 159.667221 2 108.049759 159.667221
33849 1 200.448013 150.336014 2 160.202972 150.336014
34314 1 284.083252 155.52002 2 249.618774 155.52002
33889 1 325.969971 268.738586 2 296.931152 268.738586
31094 1 1015.234741 176.173096 2 996.200562 176.173096
30501 1 868.921509 149.299225 2 854.846252 149.299225
34334 1 349.360199 259.78067 2 322.385284 259.78067
34361 1 976.416931 274.710571 2 955.452026 274.710571
34464 1 508.811798 125.411354 2 503.676758 125.411354
32854 1 185.131042 241.864746 2 140.508331 241.864746
31634 1 852.249695 244.68483 2 835.984863 244.68483
34461 1 806.21582 241.864746 2 788.008301 241.864746
34217 1 104.50946 247.836716 2 57.264709 247.836716
34231 1 116.4534 203.046951 2 72.532349 203.046951
25300 1 842.047668 171.992722 2 826.401001 171.992722
34358 1 1014.040405 268.738617 2 988.078308 268.738617
