272
-7.77 -3.53 -144 -0.0239 -0.436 0.0442 0.899 
33643 1 470.0 38.0 2 452.021667 38.0
33576 1 783.0 163.0 2 764.287903 163.0
33054 1 898.0 211.0 2 877.109497 211.0
32106 1 547.0 168.0 2 542.684021 168.0
33466 1 321.0 206.0 2 300.229126 206.0
33528 1 936.0 226.0 2 916.068787 226.0
33565 1 914.0 192.0 2 894.687012 192.0
33486 1 1105.0 257.0 2 1083.706421 257.0
33520 1 864.0 160.0 2 843.896912 160.0
33043 1 857.0 224.0 2 836.075745 224.0
33485 1 354.0 160.0 2 332.810974 160.0
33464 1 324.0 213.600006 2 301.332092 213.600006
33541 1 932.0 258.0 2 911.724609 258.0
33540 1 939.0 251.0 2 918.782471 251.0
33531 1 970.800049 205.200012 2 951.017822 205.200012
33431 1 933.0 287.0 2 904.174011 287.0
33679 1 925.200012 159.600006 2 907.713196 159.600006
33473 1 836.400024 229.200012 2 814.803833 229.200012
33330 1 666.0 318.0 2 622.305115 318.0
33382 1 742.800049 294.0 2 707.137878 294.0
33572 1 788.400024 28.800001 2 769.56604 28.800001
33538 1 861.0 184.0 2 841.467529 184.0
31647 1 584.400024 193.200012 2 577.191772 193.200012
33440 1 592.0 266.0 2 565.013306 266.0
33389 1 556.800049 285.600006 2 522.49823 285.600006
32117 1 597.600037 168.0 2 596.848083 168.0
33034 1 404.400024 52.800003 2 383.396973 52.800003
33204 1 109.200005 51.600002 2 44.618904 51.600002
33560 1 912.960022 192.960007 2 893.714905 192.960007
32593 1 871.200012 257.76001 2 850.048279 257.76001
33578 1 405.600006 158.400009 2 387.116791 158.400009
33037 1 324.0 214.560013 2 301.833649 214.560013
32590 1 1104.480103 254.880005 2 1083.209351 254.880005
33511 1 1045.440063 252.000015 2 1024.711182 252.000015
31669 1 990.720032 249.12001 2 971.78894 249.12001
33602 1 1080.0 115.200005 2 1065.279541 115.200005
33601 1 1116.0 180.0 2 1094.988159 180.0
33595 1 956.160034 79.200005 2 938.998413 79.200005
33527 1 757.200012 258.0 2 736.856812 258.0
33564 1 781.920044 190.080002 2 762.899719 190.080002
32568 1 835.200012 228.960007 2 814.254822 228.960007
33065 1 709.920044 190.080002 2 692.931702 190.080002
33645 1 898.800049 90.0 2 882.203552 90.0
33512 1 861.600037 184.800003 2 841.239075 184.800003
33604 1 724.320007 96.480003 2 714.706665 96.480003
33004 1 591.840027 266.400024 2 564.074463 266.400024
33320 1 417.600006 316.800018 2 371.958252 316.800018
33058 1 529.920044 184.320007 2 525.074585 184.320007
33490 1 400.800018 66.0 2 380.681671 66.0
33571 1 383.616028 143.424011 2 363.867523 143.424011
33517 1 401.76001 116.640007 2 381.24292 116.640007
32571 1 934.848083 226.368027 2 914.95343 226.368027
32128 1 971.136108 205.632019 2 950.515869 205.632019
32998 1 934.848083 286.848022 2 905.974121 286.848022
32992 1 978.048096 286.848022 2 949.201233 286.848022
33502 1 1036.800049 181.440002 2 1016.285217 181.440002
32577 1 1116.288086 179.712021 2 1095.545654 179.712021
33566 1 964.224121 181.440018 2 944.161926 181.440018
33581 1 956.160034 141.12001 2 937.491516 141.12001
32576 1 895.104065 205.632019 2 873.773804 205.632019
33395 1 780.480042 289.440002 2 747.184753 289.440002
33068 1 635.040039 234.720016 2 619.598022 234.720016
33166 1 635.040039 221.76001 2 622.080017 221.76001
32112 1 698.400024 241.920013 2 681.069336 241.920013
33318 1 698.400024 325.440002 2 653.451294 325.440002
33147 1 839.808105 115.776009 2 824.934204 115.776009
33606 1 725.760071 39.744003 2 710.888733 39.744003
33388 1 555.840027 285.120026 2 521.751892 285.120026
33652 1 383.616028 212.544022 2 367.536407 212.544022
33149 1 461.376038 217.728027 2 447.753601 217.728027
32922 1 418.176025 316.22403 2 372.432556 316.22403
32131 1 530.496033 184.896011 2 524.9422 184.896011
33496 1 400.896027 65.664009 2 380.75116 65.664009
33427 1 264.384033 240.192017 2 238.083862 240.192017
33336 1 138.240021 224.640015 2 95.717827 224.640015
33294 1 196.99202 188.35202 2 145.959579 188.35202
33290 1 169.344009 200.448013 2 117.518227 200.448013
33201 1 108.864014 50.112003 2 44.373661 50.112003
33271 1 141.12001 167.040009 2 88.824074 167.040009
29924 1 668.736084 105.408012 2 661.715393 105.408012
33613 1 416.448029 124.416016 2 398.309906 124.416016
33495 1 383.616058 143.078415 2 363.931549 143.078415
33569 1 383.616028 112.320007 2 363.26416 112.320007
33084 1 635.904053 235.008026 2 620.560852 235.008026
33095 1 634.521667 221.875229 2 623.270264 221.875229
32143 1 670.46405 110.59201 2 663.75238 110.59201
33615 1 1043.020996 141.004822 2 1020.285889 141.004822
32129 1 698.112061 241.920029 2 680.986694 241.920029
32679 1 709.171326 190.771225 2 693.132202 190.771225
33322 1 118.195213 199.065628 2 74.149345 199.065628
33323 1 416.793671 317.260834 2 372.225281 317.260834
33547 1 532.22406 243.648026 2 512.371948 243.648026
32978 1 781.056091 290.304016 2 748.185913 290.304016
31157 1 781.747314 190.771225 2 762.940857 190.771225
32940 1 273.024017 295.488037 2 233.549316 295.488037
33059 1 429.120026 231.840012 2 409.544922 231.840012
33096 1 462.412872 217.728027 2 448.057434 217.728027
32596 1 400.896027 243.648026 2 378.292816 243.648026
33579 1 349.05603 219.456024 2 330.540558 219.456024
33533 1 400.204865 62.208008 2 379.790039 62.208008
32684 1 582.681702 192.844833 2 575.383545 192.844833
33470 1 867.456055 259.200012 2 845.357971 259.200012
32587 1 893.721741 207.360031 2 872.197449 207.360031
32553 1 592.800049 266.400024 2 565.207581 266.400024
32521 1 555.724854 286.15683 2 521.467468 286.15683
32142 1 528.768066 184.55043 2 524.206238 184.55043
32225 1 698.803284 97.459213 2 690.860291 97.459213
33300 1 188.697632 319.334442 2 139.319122 319.334442
33429 1 305.856018 248.832031 2 276.188049 248.832031
33423 1 263.52002 239.040009 2 235.245941 239.040009
32190 1 1045.094604 250.822708 2 1023.406006 250.822708
31159 1 1078.272095 196.992035 2 1057.033813 196.992035
32682 1 641.986633 236.390427 2 626.314026 236.390427
33105 1 634.521667 221.46051 2 620.426636 221.46051
32962 1 323.481659 273.71524 2 288.162415 273.71524
33372 1 320.993317 62.208008 2 283.577515 62.208008
33077 1 872.985718 257.126434 2 851.470032 257.126434
33092 1 872.985718 205.286423 2 852.11554 205.286423
31167 1 846.028931 199.065628 2 826.283875 199.065628
33069 1 424.009796 232.906799 2 405.795288 232.906799
33625 1 408.084534 196.577301 2 397.492615 196.577301
32607 1 400.204865 244.68483 2 377.577057 244.68483
33561 1 348.364838 219.801636 2 330.277069 219.801636
32151 1 783.820923 154.275864 2 763.276855 154.275864
29943 1 783.820923 136.85762 2 764.109131 136.85762
33499 1 400.619568 64.696327 2 381.115814 64.696327
32153 1 527.523926 184.135712 2 523.296875 184.135712
33407 1 286.15683 134.784012 2 256.533295 134.784012
33097 1 526.694458 91.238411 2 514.612488 91.238411
33101 1 416.793671 126.489616 2 398.191315 126.489616
33503 1 910.72522 246.343719 2 889.896973 246.343719
32139 1 892.212219 207.824539 2 869.688965 207.824539
32626 1 669.358154 109.486099 2 663.62262 109.486099
33537 1 429.600006 231.600006 2 410.060059 231.600006
28212 1 624.070801 158.257187 2 619.102234 158.257187
32677 1 641.986694 235.892776 2 626.608032 235.892776
33545 1 836.075623 228.925476 2 815.011108 228.925476
33114 1 459.841614 92.565521 2 445.297943 92.565521
32624 1 928.143494 169.20578 2 910.083069 169.20578
32627 1 398.131256 243.855392 2 376.255402 243.855392
33563 1 348.364838 218.972198 2 329.73349 218.972198
33192 1 134.369293 116.951057 2 65.211182 116.951057
33024 1 313.528351 218.972198 2 290.561829 218.972198
29897 1 689.762451 77.635597 2 681.718506 77.635597
33413 1 286.15683 134.369293 2 255.96936 134.369293
33142 1 782.327942 155.271194 2 763.721069 155.271194
33504 1 383.201324 111.974419 2 363.457733 111.974419
33026 1 400.121918 62.705677 2 380.679108 62.705677
31691 1 525.035583 92.067856 2 513.52063 92.067856
33552 1 383.201324 144.322586 2 363.998688 144.322586
33325 1 126.904335 253.80867 2 83.956635 253.80867
32163 1 934.613159 226.93483 2 914.107422 226.93483
33522 1 934.613159 217.976868 2 914.286194 217.976868
33629 1 415.051849 125.411354 2 397.253693 125.411354
32901 1 139.345947 164.229141 2 86.912262 164.229141
33315 1 119.439377 199.065628 2 74.005562 199.065628
33599 1 550.080017 118.080002 2 545.993164 118.080002
32579 1 873.400452 256.296997 2 851.905029 256.296997
29327 1 781.332581 189.11235 2 762.552612 189.11235
33176 1 970.445007 143.327255 2 951.710022 143.327255
31170 1 1077.442749 196.577301 2 1056.629883 196.577301
31714 1 830.103699 274.710571 2 805.435364 274.710571
33193 1 134.369308 116.4534 2 65.348694 116.4534
33434 1 283.668549 226.93483 2 256.10141 226.93483
32903 1 146.313248 170.201126 2 94.207069 170.201126
33111 1 925.655212 167.215134 2 907.96875 167.215134
33353 1 273.71524 294.451233 2 233.304337 294.451233
33633 1 406.093903 197.074982 2 395.398376 197.074982
32556 1 400.121918 244.850739 2 377.562653 244.850739
33523 1 348.480011 208.800003 2 328.608551 208.800003
33326 1 128.397339 253.808685 2 83.885742 253.808685
32109 1 500.400024 182.400009 2 496.119904 182.400009
28684 1 601.974487 197.074982 2 594.717163 197.074982
33281 1 212.004898 209.018921 2 162.162308 209.018921
32938 1 240.073166 89.579544 2 199.291412 89.579544
33418 1 286.654541 136.160904 2 257.030609 136.160904
27438 1 782.327942 191.103012 2 762.756287 191.103012
33040 1 404.899536 157.659988 2 385.830292 157.659988
33161 1 386.983612 139.74408 2 367.790802 139.74408
33668 1 462.230438 93.16272 2 445.987885 93.16272
33415 1 358.318176 103.91227 2 330.913147 103.91227
33555 1 415.649078 125.411354 2 397.516388 125.411354
33138 1 813.382202 118.244995 2 798.346985 118.244995
26962 1 788.299927 82.413177 2 774.766174 82.413177
32606 1 881.462708 85.996361 2 863.204468 85.996361
33405 1 510.105682 281.180206 2 478.442841 281.180206
32984 1 781.747314 290.304047 2 747.961426 290.304047
33620 1 1042.606201 139.345947 2 1025.174438 139.345947
29889 1 1107.800293 253.808685 2 1087.184204 253.808685
33128 1 1074.954468 197.074982 2 1054.808594 197.074982
33335 1 1060.0 319.0 2 1016.110962 319.0
33575 1 439.0 145.0 2 420.847656 145.0
33548 1 875.0 176.0 2 855.041077 176.0
33476 1 1101.600098 186.0 2 1080.245117 186.0
33530 1 964.800049 182.400009 2 945.351318 182.400009
33501 1 1036.800049 182.400009 2 1016.22168 182.400009
33280 1 670.800049 344.400024 2 618.466492 344.400024
33435 1 556.800049 265.200012 2 530.696777 265.200012
33394 1 357.600006 50.400002 2 324.098755 50.400002
33549 1 375.840027 144.0 2 356.414856 144.0
33057 1 930.240051 169.920013 2 912.146179 169.920013
33479 1 871.200012 257.76001 2 850.048279 257.76001
33277 1 671.040039 344.160004 2 617.888062 344.160004
33480 1 404.640015 53.280003 2 383.168121 53.280003
32821 1 156.960007 61.920002 2 91.347633 61.920002
33194 1 129.600006 101.952011 2 62.19767 101.952011
33459 1 321.40802 205.632019 2 298.858276 205.632019
33329 1 1066.176147 321.40802 2 1022.39032 321.40802
32592 1 940.032104 254.016022 2 919.879211 254.016022
33333 1 1060.992065 319.680023 2 1016.595764 319.680023
33494 1 929.664062 169.344009 2 910.605164 169.344009
33304 1 781.056091 335.232025 2 731.781799 335.232025
33567 1 782.784058 162.432022 2 764.067627 162.432022
33432 1 590.976074 266.11203 2 564.389771 266.11203
33439 1 559.87207 266.11203 2 534.048218 266.11203
32134 1 825.292908 80.870415 2 810.252808 80.870415
33557 1 532.915283 242.611237 2 510.832581 242.611237
33424 1 935.193726 286.15683 2 906.83783 286.15683
33332 1 1065.830566 321.408051 2 1021.603638 321.408051
32502 1 1059.609741 319.334442 2 1016.58252 319.334442
32226 1 964.224121 182.476822 2 944.523254 182.476822
32993 1 586.828857 265.420837 2 560.635254 265.420837
32975 1 323.481659 273.71524 2 289.463348 273.71524
33292 1 138.931213 163.814423 2 87.046219 163.814423
33509 1 947.635315 228.096039 2 927.884216 228.096039
32600 1 938.793579 218.574081 2 918.356079 218.574081
33426 1 304.819244 248.832031 2 275.801056 248.832031
33430 1 267.494446 240.537628 2 241.62381 240.537628
33001 1 935.608459 286.15683 2 906.842957 286.15683
32525 1 781.332581 291.133484 2 747.875366 291.133484
33076 1 1159.557251 176.670746 2 1137.771973 176.670746
32520 1 555.393127 286.65451 2 520.542175 286.65451
33355 1 273.71524 293.621796 2 233.073212 293.621796
32213 1 669.358154 151.787537 2 661.718506 151.787537
26383 1 731.566162 159.252502 2 717.18866 159.252502
33119 1 346.374207 214.990891 2 326.25238 214.990891
33375 1 322.486328 62.705677 2 285.002258 62.705677
33368 1 229.920807 268.738617 2 190.52478 268.738617
32638 1 886.837402 158.257187 2 871.765442 158.257187
33356 1 182.145065 247.836716 2 141.930161 247.836716
33316 1 119.439384 200.060959 2 73.749702 200.060959
32588 1 525.533264 92.565521 2 512.858643 92.565521
33573 1 403.10791 158.257187 2 385.747192 158.257187
31721 1 722.608276 95.551506 2 712.906189 95.551506
32952 1 271.724609 292.626495 2 231.977661 292.626495
28645 1 865.935547 259.78067 2 843.727722 259.78067
30552 1 1160.950806 175.575897 2 1138.261475 175.575897
33437 1 283.07135 225.740448 2 255.01416 225.740448
32945 1 179.159088 247.239532 2 140.855988 247.239532
33348 1 161.243179 225.740448 2 124.227699 225.740448
33301 1 207.824539 171.992722 2 156.110657 171.992722
29296 1 580.475403 193.491806 2 572.983398 193.491806
32807 1 132.577713 114.661812 2 65.015221 114.661812
33195 1 136.160904 75.246811 2 69.015457 75.246811
33122 1 440.731354 179.159088 2 433.849884 179.159088
32646 1 401.316345 243.656357 2 378.179077 243.656357
33132 1 347.568604 214.990891 2 327.595428 214.990891
33362 1 193.491806 279.488159 2 152.912918 279.488159
32173 1 584.058594 128.994537 2 580.118103 128.994537
33125 1 831.298157 82.413177 2 816.06543 82.413177
32897 1 139.74408 164.826355 2 86.9011 164.826355
32085 1 555.393127 286.654541 2 520.230408 286.654541
33159 1 548.226807 214.990891 2 538.755493 214.990891
30564 1 644.972717 236.48999 2 629.734253 236.48999
31249 1 763.217712 197.074982 2 745.557312 197.074982
26862 1 1039.122681 136.160904 2 1022.927063 136.160904
31190 1 928.044067 168.409531 2 908.991638 168.409531
30579 1 1042.705811 247.239532 2 1021.457947 247.239532
