302
137.004653931 -10.159049988 101.109046936 0.02639243003753308 0.3636399204214135 -0.010621439122263873 0.9311050600998763
38269 1 480.0 247.0 2 453.505981 247.0
37622 1 612.0 164.400009 2 605.971924 164.400009
35784 1 620.400024 72.0 2 615.156128 72.0
38326 1 378.0 222.000015 2 356.030945 222.000015
38229 1 350.400024 253.200012 2 321.047211 253.200012
38258 1 354.0 99.600006 2 328.242981 99.600006
38308 1 475.200012 38.400002 2 451.694916 38.400002
34090 1 687.600037 81.600006 2 681.916565 81.600006
38330 1 712.800049 91.200005 2 706.952393 91.200005
38314 1 394.800018 138.0 2 371.96991 138.0
30973 1 666.720032 174.240005 2 661.211243 174.240005
38328 1 384.480011 220.320007 2 362.237732 220.320007
37659 1 568.800049 113.760002 2 557.821716 113.760002
38100 1 108.000008 259.200012 2 65.017967 259.200012
37661 1 787.680054 31.68 2 772.315491 31.68
38337 1 675.360046 106.560005 2 670.164734 106.560005
38350 1 532.800049 190.080002 2 524.19812 190.080002
38306 1 352.800018 230.400009 2 328.479675 230.400009
38215 1 446.400024 264.960022 2 415.479736 264.960022
36383 1 502.560028 162.720001 2 493.410339 162.720001
38324 1 393.120026 168.480011 2 371.020935 168.480011
38174 1 300.960022 87.840004 2 261.45874 87.840004
38182 1 182.880005 184.320007 2 145.181244 184.320007
38138 1 182.880005 105.120003 2 141.483353 105.120003
38248 1 318.240021 162.720001 2 290.719574 162.720001
38112 1 171.360001 63.360001 2 128.452225 63.360001
38107 1 145.440002 129.600006 2 103.304108 129.600006
34088 1 641.088074 174.528015 2 635.165466 174.528015
37673 1 627.264038 157.248016 2 620.682129 157.248016
38180 1 164.160019 191.808014 2 127.271698 191.808014
38171 1 300.672028 88.128006 2 261.553284 88.128006
37627 1 836.352051 212.544022 2 820.227722 212.544022
37517 1 914.112061 321.40802 2 861.098206 321.40802
38323 1 711.936096 238.46402 2 690.592957 238.46402
38335 1 838.080078 158.976013 2 820.919189 158.976013
38348 1 682.560059 81.216011 2 677.087769 81.216011
38284 1 352.512024 229.82402 2 329.248077 229.82402
38290 1 355.968048 209.088013 2 330.644318 209.088013
38299 1 475.200043 38.016003 2 451.584595 38.016003
37618 1 604.800049 69.12001 2 599.517029 69.12001
33504 1 599.616028 174.528015 2 593.512146 174.528015
38338 1 575.424072 153.792007 2 565.554932 153.792007
38256 1 354.240021 100.224007 2 327.819275 100.224007
38189 1 203.904022 231.552017 2 166.987854 231.552017
38144 1 250.560028 98.49601 2 209.616608 98.49601
38134 1 245.376022 131.328018 2 203.345428 131.328018
38240 1 317.952026 162.432022 2 290.718353 162.432022
38165 1 295.488037 122.688011 2 255.478134 122.688011
38111 1 171.072021 63.936005 2 128.806076 63.936005
38125 1 143.424011 127.872009 2 101.692612 127.872009
38325 1 383.616058 219.801636 2 360.556732 219.801636
38115 1 105.753616 259.200043 2 63.65514 259.200043
38285 1 348.364838 178.32962 2 323.106354 178.32962
38046 1 991.180969 327.628845 2 937.010864 327.628845
38374 1 669.772888 213.580826 2 655.33136 213.580826
38297 1 711.244873 238.464035 2 689.956238 238.464035
37017 1 709.171326 199.065628 2 694.045288 199.065628
32601 1 682.214478 80.870415 2 676.853271 80.870415
34566 1 634.521667 74.649612 2 629.357788 74.649612
37027 1 634.521667 126.489616 2 628.137512 126.489616
37613 1 445.824066 265.420837 2 414.549835 265.420837
38268 1 352.512054 99.532814 2 326.97644 99.532814
37591 1 275.788849 271.641632 2 238.509415 271.641632
36985 1 184.55043 103.680016 2 142.773438 103.680016
38190 1 182.476822 184.55043 2 145.92424 184.55043
38119 1 244.68483 130.636826 2 202.388687 130.636826
38106 1 143.078415 128.563217 2 101.334663 128.563217
37614 1 286.15683 231.413788 2 256.211456 231.413788
37528 1 144.322586 111.974419 2 101.867538 111.974419
38265 1 360.806458 174.182419 2 336.077515 174.182419
38376 1 669.358154 213.995544 2 655.187195 213.995544
38188 1 184.135712 184.135712 2 147.292084 184.135712
38309 1 709.171326 238.878754 2 687.266418 238.878754
38220 1 445.409332 266.250275 2 413.362793 266.250275
38170 1 296.110107 124.416016 2 255.907227 124.416016
38389 1 632.033386 124.416016 2 626.227783 124.416016
38148 1 251.320358 99.532814 2 209.222061 99.532814
38195 1 216.483871 261.273651 2 180.757172 261.273651
37636 1 592.220215 54.74305 2 586.572266 54.74305
38222 1 278.691895 221.46051 2 249.309631 221.46051
38383 1 472.780853 146.810898 2 461.6745 146.810898
38264 1 333.434937 243.855392 2 305.609375 243.855392
38175 1 166.717468 191.600662 2 128.356094 191.600662
35786 1 482.734161 181.647385 2 471.375793 181.647385
38362 1 530.012207 144.322586 2 519.050903 144.322586
38208 1 549.918823 278.691895 2 516.894409 278.691895
37552 1 223.948837 119.439384 2 181.2146 119.439384
38272 1 361.304138 74.649612 2 333.199097 74.649612
38098 1 713.65033 310.542389 2 669.156311 310.542389
34054 1 492.687439 191.103012 2 481.553528 191.103012
37637 1 818.15979 161.243164 2 801.056335 161.243164
38364 1 465.813599 197.074982 2 454.018951 197.074982
38213 1 444.911713 265.752625 2 413.064819 265.752625
38133 1 104.50946 259.78067 2 62.105431 259.78067
37593 1 274.710571 271.724609 2 237.255829 271.724609
38199 1 235.892776 209.018921 2 201.007278 209.018921
38185 1 197.074982 194.088989 2 157.943741 194.088989
37644 1 591.224915 56.733707 2 585.567566 56.733707
36387 1 280.682556 220.96286 2 249.496567 220.96286
35208 1 647.958679 83.607567 2 641.90448 83.607567
36998 1 301.584442 86.593552 2 261.331329 86.593552
38147 1 250.822708 98.537491 2 209.095016 98.537491
38123 1 167.215134 59.719692 2 125.999039 59.719692
38320 1 382.206024 223.948837 2 359.780487 223.948837
38288 1 355.332153 209.018921 2 330.381042 209.018921
38126 1 146.313248 250.822708 2 104.561058 250.822708
38173 1 164.229156 191.103012 2 127.374489 191.103012
37051 1 507.617371 164.229156 2 497.278046 164.229156
37640 1 531.505249 146.313248 2 520.11438 146.313248
38226 1 949.543091 200.060959 2 918.900574 200.060959
38276 1 515.978149 236.48999 2 492.950012 236.48999
38300 1 505.228607 243.656357 2 483.543732 243.656357
38385 1 519.56134 197.074982 2 509.51416 197.074982
38187 1 186.325439 182.742264 2 149.171463 182.742264
38137 1 143.327271 161.243179 2 102.184807 161.243179
36419 1 136.160904 128.994537 2 94.221436 128.994537
33097 1 576.892212 154.076813 2 564.690979 154.076813
37572 1 318.903168 286.654541 2 277.662964 286.654541
38295 1 705.88678 240.073166 2 682.144775 240.073166
32083 1 705.88678 197.074982 2 690.245422 197.074982
35802 1 623.473572 68.080452 2 619.421814 68.080452
38367 1 666.471802 171.992722 2 661.093445 171.992722
32629 1 641.389526 175.575897 2 633.392273 175.575897
38251 1 329.65271 243.656357 2 302.859253 243.656357
38140 1 250.822708 100.329086 2 207.592255 100.329086
37526 1 100.329086 139.74408 2 55.859726 139.74408
32624 1 745.301758 182.742264 2 729.850098 182.742264
30996 1 709.469971 175.575897 2 693.799011 175.575897
32698 1 738.135437 125.411354 2 736.923462 125.411354
37538 1 189.90863 100.329086 2 147.734863 100.329086
38127 1 139.74408 111.078629 2 96.481743 111.078629
34617 1 526.727722 161.243179 2 515.506958 161.243179
37669 1 487.312714 175.575897 2 476.086395 175.575897
36983 1 146.910446 250.822708 2 104.237534 250.822708
37555 1 240.073166 128.994537 2 198.19368 128.994537
38368 1 465.813599 197.074982 2 454.11853 197.074982
38252 1 619.890442 265.155426 2 591.947388 265.155426
37045 1 834.881348 211.407715 2 818.905579 211.407715
38267 1 348.0 195.600006 2 324.026367 195.600006
35792 1 649.440002 72.0 2 643.717468 72.0
38235 1 604.800049 263.52002 2 575.112427 263.52002
36396 1 612.0 64.800003 2 606.25238 64.800003
38280 1 362.880035 174.528015 2 338.104218 174.528015
34087 1 663.840027 148.320007 2 657.556152 148.320007
38141 1 246.240005 131.040009 2 204.157654 131.040009
38163 1 388.800049 286.848022 2 348.291321 286.848022
38109 1 107.136009 259.200012 2 64.832443 259.200012
38263 1 353.341492 99.532814 2 326.966034 99.532814
38292 1 388.177979 68.677643 2 362.504517 68.677643
38255 1 360.806458 74.649612 2 332.823883 74.649612
36980 1 144.322586 251.320358 2 104.349243 251.320358
38321 1 707.678345 238.878769 2 685.657593 238.878769
33518 1 576.295044 155.271194 2 566.2771 155.271194
36975 1 143.327255 128.397339 2 100.665199 128.397339
38130 1 243.855392 131.880981 2 201.720398 131.880981
38221 1 948.050049 199.065628 2 916.598389 199.065628
38349 1 718.848083 108.864014 2 712.430115 108.864014
34616 1 691.554077 85.996361 2 685.919983 85.996361
33108 1 612.72406 164.826355 2 605.90918 164.826355
37542 1 140.341278 113.467415 2 97.891586 113.467415
