313
-28 -0.071 -179 -0.0261 -0.374 0.0154 0.927 
38981 1 821.0 248.0 2 795.269592 248.0
39046 1 272.0 179.0 2 251.511673 179.0
39019 1 406.800018 217.200012 2 383.801025 217.200012
39053 1 686.400024 64.800003 2 678.805664 64.800003
39054 1 661.200012 62.400002 2 654.821716 62.400002
38921 1 327.600006 43.200001 2 295.263031 43.200001
39065 1 519.600037 58.800003 2 503.216888 58.800003
37221 1 715.200012 76.800003 2 708.28186 76.800003
39103 1 637.200012 68.400002 2 630.531311 68.400002
39064 1 534.0 86.400002 2 518.96051 86.400002
37222 1 657.600037 146.400009 2 650.324646 146.400009
38983 1 822.000061 247.200012 2 795.602844 247.200012
38912 1 494.400024 271.200012 2 461.17868 271.200012
38856 1 577.200012 297.600006 2 536.842346 297.600006
38846 1 171.600006 208.800003 2 130.47023 208.800003
38955 1 1095.600098 240.000015 2 1064.679565 240.000015
38924 1 341.279999 46.080002 2 309.742371 46.080002
39062 1 370.080017 171.360001 2 353.312469 171.360001
34720 1 646.559998 84.960007 2 639.442871 84.960007
38811 1 146.880005 167.040009 2 101.96405 167.040009
39003 1 784.800049 203.040009 2 759.577515 203.040009
37878 1 624.960022 154.080002 2 618.938049 154.080002
37933 1 593.280029 161.279999 2 585.329407 161.279999
39058 1 403.200012 185.76001 2 386.921448 185.76001
39132 1 656.640015 145.440002 2 649.29718 145.440002
39068 1 629.280029 105.120003 2 624.794556 105.120003
38947 1 1009.440063 207.360016 2 978.698975 207.360016
38966 1 1080.0 177.12001 2 1051.425781 177.12001
38940 1 1009.440063 151.200012 2 978.797913 151.200012
38756 1 817.920044 322.559998 2 770.633118 322.559998
39015 1 678.240051 240.480011 2 654.909119 240.480011
34770 1 685.440002 64.800003 2 678.08905 64.800003
38871 1 577.440002 298.080017 2 536.517639 298.080017
38852 1 457.920013 296.640015 2 417.131897 296.640015
39073 1 463.680023 70.560005 2 447.626221 70.560005
38815 1 168.480011 187.200012 2 123.343887 187.200012
38689 1 148.320007 321.120026 2 90.07695 321.120026
38790 1 115.200005 180.0 2 68.466072 180.0
38836 1 156.960007 139.680008 2 112.522079 139.680008
38805 1 169.344009 186.624023 2 123.815041 186.624023
38812 1 146.88002 167.616013 2 101.751419 167.616013
38789 1 138.240021 196.99202 2 91.661453 196.99202
39001 1 786.240051 203.904022 2 760.664429 203.904022
38538 1 703.296082 96.768005 2 696.104309 96.768005
38991 1 825.98407 191.808014 2 800.108643 191.808014
38920 1 914.112061 266.11203 2 881.639282 266.11203
39017 1 679.104065 241.920029 2 657.049438 241.920029
32106 1 656.640076 143.424011 2 649.079346 143.424011
38762 1 378.432037 317.952026 2 327.428955 317.952026
38446 1 457.920044 295.488037 2 418.68335 295.488037
39072 1 499.392059 51.840004 2 482.818573 51.840004
37921 1 578.880066 174.528015 2 571.633484 174.528015
37224 1 604.800049 139.968018 2 596.829468 139.968018
38927 1 342.144043 46.656006 2 310.200012 46.656006
38526 1 437.184052 153.792007 2 421.569458 153.792007
36523 1 409.536041 131.328018 2 393.376709 131.328018
38737 1 133.056015 63.936005 2 81.715904 63.936005
38791 1 115.776009 179.712021 2 69.616592 179.712021
38839 1 157.248016 139.968018 2 112.829941 139.968018
38918 1 1095.552124 240.192017 2 1064.811401 240.192017
38426 1 167.961624 186.624023 2 123.176743 186.624023
38537 1 785.894531 205.286423 2 760.837158 205.286423
38878 1 576.460876 298.59845 2 535.70105 298.59845
38769 1 955.929749 319.334442 2 905.010925 319.334442
38949 1 1005.696167 151.372818 2 975.138794 151.372818
38488 1 958.501038 155.271194 2 929.580627 155.271194
39036 1 1067.904175 39.398407 2 1047.220459 39.398407
38744 1 132.710419 62.208008 2 81.587746 62.208008
39018 1 680.140869 240.537628 2 657.830933 240.537628
38440 1 726.589539 296.110107 2 685.277771 296.110107
39034 1 250.90564 176.256027 2 229.787964 176.256027
38469 1 912.384155 265.420837 2 880.682434 265.420837
38460 1 858.47052 279.936035 2 824.119812 279.936035
39037 1 279.936035 213.580826 2 258.626373 213.580826
38547 1 719.539307 105.753616 2 712.232605 105.753616
39050 1 1028.505737 64.281609 2 1009.363403 64.281609
39113 1 659.404907 174.182419 2 652.805481 174.182419
32105 1 680.140869 64.281609 2 672.948425 64.281609
37919 1 624.153687 55.987209 2 617.289734 55.987209
39080 1 441.676849 122.342415 2 426.101776 122.342415
38543 1 408.499268 130.636826 2 392.768127 130.636826
32109 1 578.534485 174.182419 2 571.442749 174.182419
38919 1 342.144043 45.619205 2 309.590271 45.619205
39075 1 354.585663 159.667221 2 338.364838 159.667221
38794 1 116.121613 180.403229 2 69.805405 180.403229
38829 1 157.593628 141.004822 2 114.602844 141.004822
38854 1 170.035217 226.02243 2 128.958664 226.02243
38973 1 826.122375 248.832031 2 799.144958 248.832031
36522 1 474.854462 143.078415 2 458.541107 143.078415
38946 1 1094.860962 240.537628 2 1064.37146 240.537628
38483 1 323.481659 92.067856 2 292.537048 92.067856
38782 1 116.951057 179.159058 2 69.823311 179.159058
38923 1 1005.281433 151.787537 2 974.274231 151.787537
38894 1 669.358154 286.15683 2 633.105957 286.15683
39022 1 681.799805 238.878754 2 661.05188 238.878754
39041 1 614.615112 238.878754 2 593.417114 238.878754
38730 1 134.369293 62.208008 2 82.998535 62.208008
38895 1 246.343719 94.556175 2 209.467896 94.556175
39084 1 734.054504 209.018906 2 717.983154 209.018906
38752 1 380.713013 318.505005 2 331.314026 318.505005
38945 1 231.413788 209.018906 2 201.525238 209.018906
38781 1 816.169067 318.505005 2 764.954712 318.505005
39030 1 278.691895 213.995544 2 258.902649 213.995544
32142 1 629.545044 174.182419 2 621.014099 174.182419
38580 1 656.916565 144.322586 2 648.884338 144.322586
39020 1 753.96106 176.670746 2 730.754578 176.670746
36574 1 622.080078 54.74305 2 615.439697 54.74305
37902 1 442.921021 124.416016 2 425.8237 124.416016
38897 1 273.71524 99.532814 2 238.030518 99.532814
39133 1 527.523926 181.647385 2 517.01062 181.647385
34212 1 544.942139 146.810898 2 531.858032 146.810898
38999 1 823.634033 194.088989 2 797.514343 194.088989
38421 1 159.252502 141.834259 2 115.09687 141.834259
38796 1 151.787537 201.553955 2 105.277023 201.553955
38865 1 577.290344 298.59845 2 536.422302 298.59845
38862 1 576.295044 298.59845 2 536.175476 298.59845
37897 1 510.603363 191.103012 2 497.773682 191.103012
38439 1 444.911713 277.696564 2 406.68158 277.696564
38735 1 815.173767 316.514374 2 764.583618 316.514374
38866 1 773.369995 298.59845 2 729.419739 298.59845
38903 1 856.9776 280.682556 2 822.683655 280.682556
39089 1 719.622253 104.50946 2 714.397766 104.50946
39096 1 692.748413 74.649612 2 685.996582 74.649612
38784 1 116.4534 179.159073 2 69.779427 179.159073
32153 1 627.056763 176.173096 2 619.770447 176.173096
38960 1 331.444275 238.878769 2 299.541138 238.878769
39039 1 280.682556 214.990891 2 259.609436 214.990891
35970 1 621.084778 116.4534 2 613.565002 116.4534
37282 1 653.930603 62.705677 2 647.415649 62.705677
37899 1 612.126831 152.285217 2 604.188599 152.285217
39097 1 722.608276 125.411354 2 721.845154 125.411354
38908 1 271.724609 98.537491 2 237.285873 98.537491
38428 1 167.215134 185.131042 2 122.767654 185.131042
38821 1 158.257187 140.341278 2 114.411095 140.341278
38788 1 137.355286 131.383316 2 91.41053 131.383316
37901 1 441.92572 122.425369 2 425.564453 122.425369
38853 1 170.201126 226.93483 2 129.459503 226.93483
38503 1 824.131714 194.088989 2 796.706238 194.088989
38739 1 134.369308 62.705677 2 83.735794 62.705677
39088 1 680.804504 238.878769 2 658.086304 238.878769
38936 1 946.557129 253.808685 2 919.038147 253.808685
36570 1 458.647247 293.820892 2 418.310638 293.820892
38869 1 444.314514 283.07135 2 403.922577 283.07135
37868 1 727.385864 297.404083 2 686.502197 297.404083
37866 1 716.636353 283.07135 2 678.655701 283.07135
39092 1 856.380432 71.663635 2 848.336426 71.663635
39100 1 501.645416 85.996361 2 487.083008 85.996361
38851 1 204.241348 222.157257 2 166.653595 222.157257
34782 1 594.808167 164.826355 2 587.914917 164.826355
38930 1 300.987244 82.413177 2 269.516022 82.413177
37279 1 637.806335 68.080452 2 631.556519 68.080452
37884 1 530.310852 179.159088 2 516.94458 179.159088
39120 1 480.146332 175.575897 2 464.955872 175.575897
32157 1 544.643616 143.327271 2 530.952332 143.327271
37287 1 730.969055 118.244995 2 730.950867 118.244995
39095 1 720.219482 103.91227 2 714.736572 103.91227
39094 1 343.985443 161.243179 2 327.094025 161.243179
38509 1 824.131775 193.491806 2 796.610352 193.491806
39027 1 752.46814 175.575897 2 729.503845 175.575897
38808 1 179.159088 171.992722 2 134.131302 171.992722
38832 1 157.659988 139.74408 2 113.916153 139.74408
38873 1 193.491806 103.91227 2 155.388565 103.91227
38561 1 494.479065 272.321808 2 460.959991 272.321808
38455 1 670.054993 286.654541 2 633.712097 286.654541
38545 1 684.387695 236.48999 2 665.293701 236.48999
38963 1 831.298157 257.989075 2 802.10376 257.989075
38468 1 960.292664 261.572266 2 929.179993 261.572266
36527 1 996.124512 250.822708 2 965.031555 250.822708
38841 1 925.0 300.0 2 883.625732 300.0
38905 1 861.600037 279.600006 2 827.062378 279.600006
38868 1 198.000015 105.600006 2 157.524902 105.600006
38780 1 819.600037 319.200012 2 772.07074 319.200012
38885 1 706.800049 282.0 2 669.704407 282.0
39066 1 748.800049 102.000008 2 748.164185 102.000008
38877 1 742.800049 291.600006 2 705.136536 291.600006
39131 1 660.960022 61.920002 2 655.05249 61.920002
39105 1 620.400024 64.800003 2 613.984131 64.800003
36524 1 594.720032 46.080002 2 589.387146 46.080002
38459 1 860.544067 279.936035 2 825.757812 279.936035
38925 1 991.87207 248.832031 2 961.311462 248.832031
37890 1 993.254517 248.832031 2 961.590515 248.832031
35932 1 623.808044 57.024006 2 616.669922 57.024006
35962 1 786.309204 206.530594 2 761.99115 206.530594
39116 1 659.404907 174.182419 2 652.744812 174.182419
39005 1 788.299927 206.032928 2 763.825867 206.032928
38802 1 116.4534 116.4534 2 69.980713 116.4534
38933 1 333.235901 240.073166 2 304.053375 240.073166
39047 1 351.151794 150.493622 2 334.326508 150.493622
38487 1 833.089722 259.78067 2 804.11615 259.78067
38438 1 171.694107 226.437149 2 130.378738 226.437149
35373 1 441.92572 155.271194 2 427.207397 155.271194
37228 1 995.328125 248.832031 2 961.374329 248.832031
38493 1 945.561707 253.80867 2 917.775513 253.80867
