397
201.932998657 -15.164543152 145.265441895 0.0444619005980698 0.5892858637951438 -0.02497145606918723 0.8063136712894077
52009 1 200.0 143.0 2 197.296402 143.0
51748 1 477.0 107.0 2 476.13089 107.0
52177 1 361.0 161.0 2 357.858215 161.0
52026 1 580.0 78.0 2 574.033569 78.0
52021 1 485.0 189.0 2 481.971191 189.0
51707 1 63.600002 148.800003 2 61.250736 148.800003
51973 1 469.200012 250.800003 2 444.859985 250.800003
51291 1 223.200012 180.0 2 219.84639 180.0
41880 1 452.400024 111.600006 2 451.618256 111.600006
52016 1 434.400024 117.600006 2 434.381866 117.600006
52180 1 547.0 80.0 2 540.765381 80.0
50609 1 460.800018 171.600006 2 458.008148 171.600006
51966 1 351.600006 253.200012 2 324.174652 253.200012
51197 1 292.800018 180.0 2 289.605927 180.0
51578 1 618.0 212.400009 2 608.940063 212.400009
51196 1 613.200012 56.400002 2 606.643005 56.400002
52272 1 370.800018 157.200012 2 367.646301 157.200012
51591 1 650.400024 178.800003 2 647.558594 178.800003
50679 1 584.400024 165.600006 2 579.887634 165.600006
51915 1 742.800049 82.800003 2 707.237427 82.800003
52008 1 92.400002 142.800003 2 89.664612 142.800003
42390 1 505.440033 97.920006 2 504.78894 97.920006
51254 1 552.960022 129.600006 2 549.025269 129.600006
52194 1 322.559998 191.520004 2 319.521851 191.520004
52258 1 87.840004 172.800003 2 85.756279 172.800003
51209 1 233.280029 127.872009 2 231.194244 127.872009
51182 1 345.600006 142.560013 2 342.958466 142.560013
52059 1 339.840027 201.600006 2 334.067505 201.600006
47472 1 396.000031 120.960007 2 395.669373 120.960007
51594 1 720.0 216.000015 2 708.032776 216.000015
43265 1 468.000031 149.76001 2 466.738831 149.76001
51761 1 223.200012 180.0 2 219.895477 180.0
48413 1 385.920013 216.000015 2 376.544098 216.000015
51195 1 581.76001 63.360001 2 575.665344 63.360001
51554 1 417.0 225.0 2 396.039825 225.0
52063 1 672.480042 123.840004 2 671.163818 123.840004
51736 1 593.280029 51.840004 2 587.60437 51.840004
49473 1 465.600006 188.400009 2 462.023865 188.400009
50622 1 446.400024 185.76001 2 442.187592 185.76001
46966 1 553.651306 182.476822 2 550.024719 182.476822
49059 1 483.840027 188.640015 2 480.911865 188.640015
51971 1 485.280029 259.200012 2 461.133026 259.200012
52073 1 590.400024 226.080002 2 577.136475 226.080002
52265 1 601.920044 191.520004 2 595.726196 191.520004
52074 1 698.400024 167.040009 2 694.417358 167.040009
50620 1 648.0 190.080002 2 642.337402 190.080002
51463 1 862.560059 205.920013 2 825.395935 205.920013
51898 1 675.600037 295.200012 2 639.147339 295.200012
51515 1 626.400024 286.800018 2 590.366516 286.800018
51510 1 313.200012 261.600006 2 280.803009 261.600006
51856 1 319.680023 325.440002 2 272.818573 325.440002
52054 1 262.080017 141.12001 2 259.812378 141.12001
51886 1 811.200012 294.0 2 771.081238 294.0
52053 1 124.800003 140.400009 2 120.895668 140.400009
51601 1 200.448013 190.080017 2 195.945282 190.080017
51993 1 505.958466 250.90564 2 484.557098 250.90564
52080 1 611.712036 53.568005 2 605.848816 53.568005
51608 1 191.808014 148.608017 2 190.106567 148.608017
51555 1 537.408081 254.016022 2 514.751221 254.016022
52005 1 535.680054 240.192017 2 516.243408 240.192017
50616 1 612.126831 184.135712 2 607.465393 184.135712
51762 1 599.616028 181.440018 2 593.156372 181.440018
51556 1 416.160004 226.080002 2 395.119049 226.080002
51620 1 720.57605 216.000015 2 708.042786 216.000015
49982 1 582.33606 60.480007 2 576.414612 60.480007
50607 1 552.960083 67.392006 2 547.625244 67.392006
42799 1 465.120026 188.640015 2 459.577545 188.640015
49983 1 444.096039 165.888016 2 442.862274 165.888016
51198 1 319.680023 195.264023 2 316.101074 195.264023
52098 1 580.608032 77.76001 2 574.595093 77.76001
42376 1 437.184052 188.35202 2 433.199615 188.35202
52095 1 698.112061 167.616013 2 694.572327 167.616013
42377 1 476.92804 152.064011 2 475.706146 152.064011
51631 1 371.52005 157.248016 2 368.619751 157.248016
52050 1 654.0 230.400009 2 637.726868 230.400009
51467 1 749.952087 295.488037 2 713.033142 295.488037
52058 1 383.040009 230.400009 2 367.37146 230.400009
51551 1 449.971252 238.464035 2 427.891693 238.464035
50614 1 506.0 97.0 2 505.353943 97.0
52205 1 345.600037 145.152008 2 341.961273 145.152008
51867 1 134.784012 283.392029 2 93.619095 283.392029
51705 1 110.880005 136.800003 2 108.265358 136.800003
52244 1 63.936005 148.608017 2 61.403141 148.608017
51453 1 812.160095 293.76004 2 771.700073 293.76004
52002 1 505.958466 244.68483 2 484.572723 244.68483
47982 1 223.948837 180.403229 2 220.849304 180.403229
51628 1 223.948837 155.52002 2 219.325058 155.52002
48967 1 604.800049 146.88002 2 599.220886 146.88002
50687 1 521.856079 221.184021 2 506.164825 221.184021
51277 1 317.260834 134.784012 2 316.304993 134.784012
51617 1 648.000061 190.080017 2 642.07373 190.080017
52118 1 630.374512 178.32962 2 626.16748 178.32962
52201 1 582.681702 163.814423 2 578.507202 163.814423
51641 1 447.897675 186.624023 2 443.649445 186.624023
52068 1 461.376038 171.072021 2 457.814301 171.072021
49547 1 599.270508 182.476822 2 594.141846 182.476822
51220 1 342.144043 163.814423 2 340.404083 163.814423
52270 1 403.200012 183.600006 2 399.319214 183.600006
51629 1 215.654434 136.85762 2 211.273193 136.85762
51047 1 862.617737 205.286423 2 826.286621 205.286423
51906 1 675.648071 295.488037 2 638.825378 295.488037
51480 1 630.720032 286.848022 2 597.694275 286.848022
51432 1 732.960022 318.240021 2 688.390137 318.240021
51914 1 799.200012 86.400002 2 764.356873 86.400002
48948 1 628.300903 155.52002 2 619.702393 155.52002
51553 1 617.932861 246.758438 2 596.819946 246.758438
51540 1 354.585663 252.979233 2 326.446533 252.979233
50688 1 609.638489 53.913609 2 604.000244 53.913609
32698 1 344.217651 143.078415 2 341.717346 143.078415
42394 1 433.382446 151.372818 2 432.222137 151.372818
51653 1 199.065628 190.771225 2 194.673935 190.771225
51516 1 311.040039 259.200012 2 278.95816 259.200012
51922 1 350.438446 273.71524 2 316.903961 273.71524
51203 1 120.960014 193.536011 2 118.030983 193.536011
51627 1 265.420837 143.078415 2 263.250732 143.078415
51710 1 110.59201 136.512009 2 108.069145 136.512009
52102 1 149.299225 153.446426 2 147.795532 153.446426
51451 1 810.720032 293.76001 2 770.769592 293.76001
52220 1 609.638489 54.74305 2 603.759155 54.74305
52142 1 228.925476 201.553955 2 225.792175 201.553955
52145 1 199.065628 149.299225 2 195.916733 149.299225
51637 1 257.126434 184.55043 2 252.747025 184.55043
51269 1 233.902115 186.624023 2 230.494797 186.624023
51632 1 304.819244 157.593628 2 301.922058 157.593628
44284 1 477.757507 151.787537 2 476.146118 151.787537
52128 1 276.203552 186.624023 2 272.700439 186.624023
52110 1 283.668518 164.229141 2 281.814575 164.229141
52083 1 279.936035 155.52002 2 277.709625 155.52002
43681 1 378.224701 124.416016 2 376.409943 124.416016
50704 1 582.266968 62.208008 2 576.099915 62.208008
51278 1 388.177979 166.717468 2 384.877167 166.717468
51642 1 328.458282 129.392654 2 327.740143 129.392654
51723 1 646.963318 188.697632 2 641.453796 188.697632
52196 1 650.880005 177.12001 2 647.195251 177.12001
51225 1 713.318481 190.771225 2 706.509583 190.771225
51667 1 679.311462 186.624023 2 674.59906 186.624023
52129 1 671.846497 164.229141 2 667.423889 164.229141
51319 1 447.897675 186.624023 2 443.374786 186.624023
51593 1 464.48645 172.108826 2 460.891327 172.108826
51743 1 534.988892 240.537628 2 514.798523 240.537628
51172 1 486.715485 256.794678 2 463.733765 256.794678
51674 1 358.318115 156.764175 2 354.861389 156.764175
52055 1 371.52002 122.400002 2 369.701172 122.400002
52179 1 435.600006 181.200012 2 432.01944 181.200012
51083 1 311.736786 257.989075 2 278.430634 257.989075
52206 1 60.480007 193.536011 2 52.026817 193.536011
51721 1 111.974419 136.85762 2 108.249283 136.85762
50692 1 164.229141 179.159058 2 162.365891 179.159058
52144 1 181.647385 151.787537 2 178.393692 151.787537
51052 1 748.569702 294.451233 2 707.436584 294.451233
52216 1 441.92572 200.060959 2 438.464844 200.060959
51310 1 405.596222 194.088989 2 401.517883 194.088989
51686 1 316.514374 194.088989 2 312.446472 194.088989
40678 1 358.318146 158.257187 2 354.971497 158.257187
51231 1 646.963318 189.11235 2 640.357849 189.11235
51234 1 632.033386 176.670746 2 625.289978 176.670746
51663 1 283.668549 164.229156 2 281.584106 164.229156
42494 1 372.650879 193.491806 2 368.835754 193.491806
51651 1 714.147949 213.995544 2 705.921387 213.995544
51681 1 710.664307 191.103012 2 704.33844 191.103012
44744 1 432.967773 152.285217 2 431.542145 152.285217
52140 1 432.967773 134.369308 2 432.363647 134.369308
51605 1 421.023834 128.397339 2 420.258606 128.397339
52214 1 601.344055 188.697632 2 594.7677 188.697632
52226 1 594.210938 164.229156 2 588.358215 164.229156
51665 1 692.748413 182.145065 2 689.883911 182.145065
47991 1 549.421143 185.131042 2 545.881836 185.131042
51040 1 673.920105 294.451233 2 638.161804 294.451233
51483 1 798.750854 87.091209 2 763.487854 87.091209
50646 1 639.000671 65.691658 2 634.041626 65.691658
48966 1 627.056763 155.271194 2 618.392212 155.271194
52006 1 531.505249 241.864746 2 510.493927 241.864746
51643 1 513.589355 200.060959 2 498.137695 200.060959
52114 1 590.976074 226.02243 2 577.235596 226.02243
51226 1 603.168884 194.088989 2 597.280518 194.088989
52212 1 353.341492 253.80867 2 324.70816 253.80867
51173 1 447.897705 247.239532 2 425.601349 247.239532
49062 1 547.430481 72.576012 2 542.208496 72.576012
52221 1 415.5495 186.624023 2 411.615448 186.624023
51230 1 286.65451 194.088989 2 283.288513 194.088989
51877 1 201.139221 286.15683 2 158.314346 286.15683
52224 1 247.836716 161.243164 2 244.684448 161.243164
51223 1 265.752625 140.341278 2 264.40448 140.341278
52104 1 111.974419 180.403229 2 109.55217 180.403229
52148 1 111.974419 136.85762 2 108.062645 136.85762
51719 1 64.696327 146.810898 2 61.953964 146.810898
52161 1 197.074982 149.299225 2 194.571579 149.299225
51102 1 311.040039 259.200043 2 278.882477 259.200043
51033 1 746.496094 293.621796 2 707.003418 293.621796
47457 1 522.547302 217.976868 2 505.120453 217.976868
51733 1 440.731354 200.658173 2 436.327179 200.658173
48965 1 644.972656 229.920807 2 627.140747 229.920807
50698 1 616.307251 182.742264 2 612.14801 182.742264
52130 1 594.708557 181.647385 2 588.585632 181.647385
51720 1 286.654541 193.491806 2 283.492981 193.491806
51316 1 567.337097 182.145065 2 563.705261 182.145065
47448 1 472.97998 189.90863 2 469.522858 189.90863
51690 1 451.480896 171.992722 2 449.43515 171.992722
51664 1 713.053162 193.491806 2 704.580322 193.491806
51303 1 684.387695 175.575897 2 680.376709 175.575897
47450 1 225.740448 179.159088 2 223.334412 179.159088
51246 1 644.972656 191.103012 2 638.587463 191.103012
51656 1 223.948837 134.369308 2 221.388885 134.369308
51466 1 799.0495 85.996361 2 763.528809 85.996361
48418 1 487.312714 257.989075 2 463.270294 257.989075
51136 1 380.160034 266.11203 2 348.912231 266.11203
52170 1 150.493622 197.074982 2 150.065582 197.074982
51668 1 725.594238 206.032928 2 717.221863 206.032928
51669 1 716.636353 214.990891 2 705.651184 214.990891
51887 1 197.074982 265.155426 2 157.632278 265.155426
52267 1 408.482697 193.491806 2 404.731049 193.491806
52254 1 197.074982 189.90863 2 191.40303 189.90863
51282 1 164.229156 176.173096 2 160.913528 176.173096
51287 1 150.493622 154.076813 2 148.463943 154.076813
51557 1 450.883667 238.878769 2 427.770752 238.878769
44704 1 315.319977 193.491806 2 313.603577 193.491806
52164 1 113.467415 179.159073 2 109.540703 179.159073
50663 1 573.309082 143.327271 2 568.369019 143.327271
51989 1 508.811798 250.822708 2 486.012756 250.822708
50670 1 627.056763 154.076813 2 618.940125 154.076813
51244 1 265.155426 139.74408 2 263.351776 139.74408
50367 1 746.496155 295.612457 2 708.422485 295.612457
51575 1 760.800049 112.800003 2 727.014893 112.800003
51863 1 177.12001 292.320007 2 134.462616 292.320007
50717 1 460.800018 144.0 2 459.444427 144.0
51567 1 233.280014 128.160004 2 230.867874 128.160004
51585 1 254.880005 152.639999 2 251.779907 152.639999
49536 1 365.76001 194.400009 2 362.017975 194.400009
51100 1 407.52002 273.600006 2 374.972015 273.600006
50685 1 59.040001 192.960007 2 51.173336 192.960007
51752 1 402.624023 179.712021 2 398.209381 179.712021
51211 1 400.896027 162.432022 2 398.76651 162.432022
51634 1 651.456055 177.984024 2 648.562378 177.984024
48938 1 627.264038 153.792007 2 618.401917 153.792007
41351 1 359.424042 157.248016 2 355.419525 157.248016
51606 1 302.400024 150.336014 2 300.095703 150.336014
51840 1 751.680054 336.960022 2 701.5578 336.960022
51465 1 800.064087 84.672005 2 762.532104 84.672005
41369 1 283.392029 202.176025 2 280.430725 202.176025
51884 1 252.288025 274.752014 2 214.564682 274.752014
51610 1 200.448013 143.424011 2 197.740417 143.424011
51602 1 167.616013 177.984024 2 165.141342 177.984024
51051 1 815.616089 133.056015 2 780.409363 133.056015
51215 1 476.92807 180.403229 2 473.545746 180.403229
51645 1 632.448059 194.918427 2 624.575623 194.918427
44297 1 358.732849 157.593628 2 355.30307 157.593628
51854 1 348.364838 331.776062 2 301.868835 331.776062
51523 1 398.131256 269.568024 2 366.245331 269.568024
51934 1 406.425659 273.71524 2 374.557922 273.71524
51937 1 261.273651 259.200043 2 231.079712 259.200043
51426 1 319.334442 325.555237 2 272.39267 325.555237
51479 1 276.203552 268.738586 2 240.661179 268.738586
51704 1 43.545605 201.139221 2 41.594395 201.139221
51832 1 161.740829 313.113647 2 109.444046 313.113647
51647 1 221.46051 134.369293 2 220.053177 134.369293
51946 1 714.147949 49.766407 2 685.167236 49.766407
50530 1 398.131256 268.738586 2 366.024689 268.738586
48007 1 502.640717 97.044495 2 502.270691 97.044495
51869 1 136.85762 261.273651 2 89.902817 261.273651
51829 1 161.740829 313.528351 2 109.746506 313.528351
50501 1 408.084534 273.71524 2 375.211609 273.71524
51765 1 358.318146 173.187103 2 355.299744 173.187103
51976 1 671.846497 65.691658 2 652.832214 65.691658
51633 1 328.458313 140.341278 2 326.818848 140.341278
50619 1 552.407166 65.691658 2 545.761963 65.691658
50017 1 582.266968 59.719692 2 576.245056 59.719692
51694 1 644.972656 86.593552 2 639.592346 86.593552
48988 1 558.379089 188.117035 2 554.348206 188.117035
51163 1 355.332153 253.808685 2 326.748077 253.808685
41891 1 429.981781 188.117035 2 426.512817 188.117035
51471 1 244.850739 277.696564 2 206.943939 277.696564
50008 1 173.187103 188.117035 2 170.90535 188.117035
51828 1 161.243164 313.528381 2 112.356865 313.528381
51153 1 406.093903 274.710571 2 374.243988 274.710571
50674 1 637.806335 68.080452 2 630.848206 68.080452
51505 1 397.733154 268.738617 2 366.151764 268.738617
49020 1 648.555847 229.323624 2 633.550659 229.323624
51958 1 713.053162 118.244995 2 693.533325 118.244995
51952 1 705.88678 71.663635 2 676.611511 71.663635
51759 1 598.391357 225.740448 2 584.721558 225.740448
51961 1 358.318176 254.405899 2 327.644684 254.405899
43743 1 530.310852 93.16272 2 524.060242 93.16272
43298 1 480.146332 103.91227 2 478.748627 103.91227
51449 1 200.658173 286.654541 2 158.257187 286.654541
51495 1 286.654541 261.572266 2 253.412308 261.572266
51697 1 197.074982 150.493622 2 194.639511 150.493622
40655 1 386.983612 121.828178 2 386.143951 121.828178
51891 1 867.129944 200.658173 2 830.613403 200.658173
