400
203.5316 -16.26124 145.6544 0.04410073365910364 0.5925303460809203 -0.023701500538072906 0.8039907668227275
52546 1 31.200001 145.200012 2 29.063669 145.200012
52860 1 175.0 140.0 2 172.112778 140.0
52142 1 198.0 178.0 2 194.64389 178.0
53338 1 263.0 196.0 2 258.899017 196.0
53330 1 329.0 136.0 2 327.607849 136.0
53103 1 91.0 193.0 2 87.252617 193.0
53329 1 29.0 192.0 2 24.916857 192.0
52889 1 422.400024 114.000008 2 421.218872 114.000008
49848 1 176.400009 188.400009 2 171.979736 188.400009
53029 1 188.400009 154.800003 2 184.829941 154.800003
53355 1 709.200012 194.400009 2 701.516724 194.400009
52830 1 517.200012 264.0 2 489.653198 264.0
53255 1 214.800003 277.200012 2 173.754501 277.200012
49773 1 319.680023 200.160004 2 315.41507 200.160004
46584 1 383.040009 116.640007 2 381.511078 116.640007
52417 1 364.800018 122.400002 2 363.482574 122.400002
53337 1 454.800018 104.400002 2 453.327972 104.400002
51530 1 571.200012 159.600006 2 566.820618 159.600006
53316 1 493.200012 242.400009 2 471.093109 242.400009
53119 1 351.600006 152.400009 2 348.219238 152.400009
53344 1 450.000031 184.800003 2 444.297058 184.800003
53477 1 255.600006 177.600006 2 252.537827 177.600006
53346 1 421.200012 146.400009 2 418.533356 146.400009
44158 1 493.200012 92.400002 2 492.738708 92.400002
52598 1 460.800018 102.000008 2 460.599091 102.000008
51532 1 28.800001 192.0 2 23.817621 192.0
53569 1 688.320007 197.280014 2 681.120483 197.280014
50814 1 357.120026 216.000015 2 346.924744 216.000015
50375 1 347.040009 191.520004 2 342.800598 191.520004
53476 1 498.240021 223.200012 2 479.674713 223.200012
53484 1 207.360016 148.320007 2 203.954376 148.320007
48823 1 302.400024 188.640015 2 298.249786 188.640015
52053 1 568.800049 53.280003 2 562.271057 53.280003
53356 1 558.720032 47.52 2 552.008362 47.52
53287 1 372.960022 260.640015 2 341.400635 260.640015
52410 1 374.400024 230.400009 2 349.350281 230.400009
52050 1 220.320007 164.160004 2 216.849579 164.160004
52055 1 270.720001 177.12001 2 266.884125 177.12001
53030 1 600.480042 46.080002 2 593.459351 46.080002
50409 1 385.920013 191.520004 2 381.696167 191.520004
52898 1 377.280029 142.560013 2 375.364044 142.560013
53486 1 630.720032 227.520004 2 614.898376 227.520004
50394 1 640.800049 201.600006 2 633.154724 201.600006
52425 1 636.480042 204.480011 2 627.878845 204.480011
52895 1 449.280029 185.76001 2 444.46347 185.76001
53113 1 590.400024 187.200012 2 584.307861 187.200012
52875 1 574.559998 226.080002 2 559.084167 226.080002
47793 1 542.880005 180.0 2 538.126526 180.0
53479 1 365.76001 159.840012 2 361.708221 159.840012
52916 1 662.400024 118.080002 2 660.619568 118.080002
51473 1 637.920044 184.320007 2 632.982483 184.320007
52928 1 689.76001 161.279999 2 685.179626 161.279999
53490 1 665.280029 158.400009 2 659.139465 158.400009
53471 1 600.480042 177.12001 2 595.346008 177.12001
53185 1 872.640015 328.320007 2 816.740173 328.320007
52443 1 717.120056 213.12001 2 704.92395 213.12001
53246 1 626.400024 315.360016 2 581.685364 315.360016
52822 1 447.552032 271.296021 2 418.812134 271.296021
43660 1 493.920013 92.160004 2 492.5466 92.160004
42729 1 443.52002 106.560005 2 441.99704 106.560005
53390 1 263.52002 195.840012 2 259.126282 195.840012
53352 1 167.040009 144.0 2 164.402298 144.0
53208 1 934.560059 207.360016 2 885.280396 207.360016
52054 1 599.616028 43.200005 2 592.297424 43.200005
52824 1 426.81604 260.92804 2 396.694214 260.92804
53286 1 373.248047 260.92804 2 341.481445 260.92804
52407 1 369.792023 229.82402 2 344.592621 229.82402
53393 1 63.936005 150.336014 2 61.330124 150.336014
42775 1 421.63205 112.320007 2 421.021851 112.320007
53528 1 438.912048 108.864014 2 437.646149 108.864014
52068 1 210.816025 124.416016 2 207.193069 124.416016
53495 1 613.440063 70.848007 2 607.271606 70.848007
52926 1 575.424072 226.368027 2 560.102417 226.368027
53258 1 207.360016 279.936035 2 165.942551 279.936035
49896 1 463.104034 177.984024 2 458.940552 177.984024
43632 1 449.280029 184.896011 2 444.891022 184.896011
52166 1 549.504028 184.896011 2 545.247559 184.896011
44194 1 381.888031 186.624023 2 377.250885 186.624023
52613 1 200.448013 176.256012 2 197.209274 176.256012
52473 1 207.360016 148.608017 2 203.77858 148.608017
52936 1 323.136017 157.248016 2 319.945251 157.248016
52464 1 639.360046 184.896011 2 634.014343 184.896011
52946 1 689.472046 162.432022 2 685.432434 162.432022
52945 1 665.28009 157.248016 2 659.558044 157.248016
51469 1 601.344055 177.984024 2 596.237854 177.984024
53383 1 622.080078 191.808014 2 613.301514 191.808014
52887 1 706.752075 193.536011 2 699.646484 193.536011
53244 1 793.1521 86.400009 2 749.187927 86.400009
53302 1 603.072083 252.288025 2 578.065308 252.288025
53296 1 475.200043 267.840027 2 447.58194 267.840027
49891 1 387.072021 191.808014 2 382.416565 191.808014
52826 1 438.912048 264.384033 2 409.698364 264.384033
53380 1 444.096039 107.136009 2 442.590515 107.136009
53262 1 323.136017 292.032013 2 281.447815 292.032013
52448 1 174.528015 188.35202 2 169.281265 188.35202
51478 1 304.128021 131.328018 2 302.131165 131.328018
53391 1 167.616013 145.152008 2 165.908981 145.152008
53333 1 108.864014 143.424011 2 105.09227 143.424011
53199 1 782.784058 324.864044 2 733.970459 324.864044
52313 1 936.576111 207.360016 2 886.139893 207.360016
53401 1 416.793671 147.225616 2 414.918976 147.225616
52467 1 717.465698 213.580826 2 704.346313 213.580826
52937 1 707.097717 190.771225 2 699.934265 190.771225
53046 1 570.240051 159.667221 2 565.873596 159.667221
50839 1 584.75531 111.974419 2 577.279663 111.974419
53049 1 549.504089 66.355209 2 543.803833 66.355209
50825 1 570.240051 51.840008 2 563.47821 51.840008
49322 1 559.87207 47.692806 2 552.848267 47.692806
52071 1 383.616058 157.593628 2 379.866608 157.593628
53533 1 342.144043 172.108826 2 338.719818 172.108826
53415 1 340.070435 153.446426 2 335.613708 153.446426
53494 1 304.819244 130.636826 2 303.877808 130.636826
53576 1 541.209656 184.55043 2 536.944153 184.55043
53234 1 257.126434 294.451233 2 212.687576 294.451233
53275 1 288.230438 279.936035 2 249.86763 279.936035
52490 1 431.308868 182.476822 2 427.815643 182.476822
53502 1 431.308868 161.740829 2 429.772461 161.740829
50348 1 462.412872 178.32962 2 458.410919 178.32962
51537 1 601.344055 178.32962 2 595.779236 178.32962
52570 1 638.668884 184.55043 2 633.803589 184.55043
53057 1 669.772888 182.476822 2 664.864319 182.476822
53200 1 781.747314 325.555237 2 730.070007 325.555237
52749 1 684.288086 329.702454 2 630.554443 329.702454
52444 1 794.188904 87.091209 2 747.118713 87.091209
52844 1 474.854462 259.200043 2 450.029694 259.200043
52404 1 606.154846 253.808685 2 581.439026 253.808685
53303 1 396.057648 246.758438 2 368.477173 246.758438
52912 1 342.144043 234.316833 2 324.031799 234.316833
53405 1 348.364838 190.771225 2 344.28479 190.771225
52841 1 449.971252 250.90564 2 422.724365 250.90564
52402 1 408.499268 244.68483 2 382.127319 244.68483
53411 1 423.014465 196.992035 2 417.626556 196.992035
52605 1 327.628845 136.85762 2 324.872314 136.85762
42181 1 261.273651 190.771225 2 257.059113 190.771225
52556 1 211.507233 184.55043 2 207.222488 184.55043
52907 1 242.611237 138.931213 2 239.823013 138.931213
52080 1 323.481659 157.593628 2 320.070923 157.593628
52550 1 80.870415 132.710419 2 77.387215 132.710419
53392 1 163.814423 149.299225 2 161.269608 149.299225
52367 1 617.932861 315.187256 2 572.142578 315.187256
53295 1 474.854462 267.494446 2 446.475616 267.494446
53236 1 843.955322 49.766407 2 796.702026 49.766407
52738 1 872.985718 329.702454 2 818.770569 329.702454
51540 1 599.685181 47.278088 2 592.217407 47.278088
53545 1 343.388214 196.577301 2 339.568787 196.577301
43649 1 268.738586 184.135712 2 264.006073 184.135712
52479 1 283.668518 154.275864 2 280.374115 154.275864
52960 1 258.785309 154.275864 2 256.919067 154.275864
52083 1 706.682983 189.11235 2 698.365479 189.11235
52171 1 430.479431 181.647385 2 427.840332 181.647385
48804 1 199.065628 176.670746 2 196.748047 176.670746
52964 1 201.553955 151.787537 2 197.601974 151.787537
49782 1 582.266968 179.159058 2 576.662048 179.159058
50822 1 502.640717 121.927696 2 483.845123 121.927696
52947 1 358.318115 186.624023 2 353.465393 186.624023
42767 1 343.388214 186.624023 2 339.875977 186.624023
51489 1 602.173523 179.159058 2 595.667786 179.159058
52977 1 664.381531 159.252502 2 658.481995 159.252502
52857 1 639.000671 229.920807 2 619.910095 229.920807
52494 1 622.080078 191.600662 2 614.087158 191.600662
52333 1 843.540588 49.766407 2 798.094116 49.766407
53501 1 627.056702 59.719688 2 621.795959 59.719688
53421 1 343.388214 233.902115 2 324.237122 233.902115
52030 1 408.482697 243.656357 2 382.080566 243.656357
51582 1 452.874298 194.088989 2 447.528656 194.088989
52029 1 447.897705 268.738617 2 420.603943 268.738617
49781 1 617.103455 149.299225 2 607.444397 149.299225
46596 1 418.037811 149.299225 2 416.08551 149.299225
52984 1 204.042267 199.065628 2 202.107407 199.065628
44641 1 296.110107 191.600662 2 292.522064 191.600662
52568 1 261.273651 191.600662 2 257.141998 191.600662
52370 1 214.560013 276.480011 2 173.310684 276.480011
51913 1 111.974419 313.528351 2 59.929153 313.528351
52474 1 243.855392 139.345947 2 240.033737 139.345947
52555 1 82.114571 134.369293 2 78.065376 134.369293
52951 1 121.927696 151.787537 2 121.151428 151.787537
51955 1 333.434937 298.59845 2 291.043182 298.59845
52773 1 617.103455 316.016693 2 578.791443 316.016693
52317 1 781.332581 325.969971 2 729.572266 325.969971
53210 1 948.050049 196.577301 2 897.278931 196.577301
52811 1 277.696564 268.738617 2 241.878098 268.738617
52973 1 253.808685 182.145065 2 249.818146 182.145065
52505 1 238.878769 185.131042 2 235.009644 185.131042
53066 1 226.93483 155.271194 2 223.324265 155.271194
53038 1 641.986694 173.187103 2 638.030029 173.187103
49801 1 615.112793 149.299225 2 607.14502 149.299225
52957 1 459.841614 185.131042 2 456.501404 185.131042
53413 1 540.463196 59.719692 2 534.036865 59.719692
52516 1 671.846497 182.145065 2 667.530579 182.145065
48811 1 534.491211 182.145065 2 530.015808 182.145065
52500 1 707.678345 212.004898 2 698.464294 212.004898
52522 1 325.472321 128.397339 2 323.344818 128.397339
53353 1 313.528381 125.411354 2 312.854004 125.411354
52972 1 624.070801 191.103012 2 616.173523 191.103012
51497 1 627.056763 59.719692 2 621.724243 59.719692
52592 1 510.603363 244.850739 2 486.455353 244.850739
53408 1 477.757538 268.738617 2 449.828766 268.738617
53513 1 358.318146 188.117035 2 354.282074 188.117035
52090 1 450.883667 194.088989 2 446.457001 194.088989
53063 1 424.009796 197.074982 2 419.996246 197.074982
52557 1 438.939728 265.752625 2 409.182526 265.752625
52521 1 585.252991 110.48143 2 578.022644 110.48143
50864 1 567.337097 56.733707 2 561.698853 56.733707
52167 1 552.407166 179.159073 2 549.538574 179.159073
53439 1 558.379089 137.355286 2 552.610962 137.355286
53373 1 468.799591 98.537491 2 467.715698 98.537491
53067 1 397.135956 185.131042 2 392.940338 185.131042
47747 1 364.290131 119.439384 2 362.151276 119.439384
42743 1 415.051849 185.131042 2 410.669617 185.131042
52573 1 262.766632 191.103012 2 258.496552 191.103012
52362 1 209.018921 280.682556 2 167.086884 280.682556
51384 1 322.486328 292.626495 2 280.797211 292.626495
53237 1 179.159073 283.668549 2 135.705399 283.668549
53422 1 244.850739 137.355286 2 240.931198 137.355286
52061 1 101.523476 185.131042 2 98.681824 185.131042
52906 1 80.621582 134.369308 2 78.010635 134.369308
52502 1 185.131042 182.145065 2 181.818848 182.145065
51544 1 137.355286 173.187103 2 132.792175 173.187103
53443 1 122.425369 152.285217 2 122.238747 152.285217
52775 1 618.098816 316.514374 2 571.570496 316.514374
53156 1 1054.05249 152.285217 2 983.61084 152.285217
51904 1 946.557129 197.074982 2 897.500671 197.074982
52840 1 465.813599 268.738617 2 437.605774 268.738617
52089 1 634.223145 186.325439 2 627.97821 186.325439
52997 1 641.389526 164.826355 2 636.52417 164.826355
52967 1 630.639954 161.243179 2 624.573059 161.243179
53059 1 584.058594 179.159088 2 578.137756 179.159088
52109 1 551.809998 161.243179 2 548.187012 161.243179
50854 1 150.493622 182.742264 2 147.121216 182.742264
53100 1 132.577713 182.742264 2 129.402695 182.742264
53011 1 146.910446 171.992722 2 144.393234 171.992722
52134 1 136.160904 171.992722 2 134.392654 171.992722
52427 1 293.820892 139.74408 2 293.53009 139.74408
53549 1 662.888611 175.575897 2 657.213928 175.575897
52998 1 662.888611 157.659988 2 658.995544 157.659988
53445 1 293.820892 189.90863 2 288.27832 189.90863
48274 1 200.658173 175.575897 2 198.173721 175.575897
53516 1 541.060425 78.829994 2 534.580872 78.829994
49866 1 326.069519 154.076813 2 323.182159 154.076813
52992 1 326.069519 139.74408 2 322.280426 139.74408
52491 1 487.312714 197.074982 2 471.518127 197.074982
53207 1 935.210388 207.824539 2 887.137634 207.824539
49850 1 637.806335 232.906799 2 618.828796 232.906799
52086 1 727.385864 200.658173 2 720.192017 200.658173
52979 1 630.639954 78.829994 2 624.71582 78.829994
53453 1 662.888611 139.74408 2 660.380188 139.74408
52529 1 705.88678 186.325439 2 697.468445 186.325439
52858 1 508.811798 243.656357 2 485.827667 243.656357
51553 1 591.224976 189.90863 2 584.623657 189.90863
52408 1 390.566803 247.239532 2 363.071655 247.239532
52520 1 343.985443 232.906799 2 324.164612 232.906799
52162 1 390.566803 189.90863 2 386.710327 189.90863
44204 1 340.402252 193.491806 2 335.628937 193.491806
52403 1 408.482697 243.656357 2 382.080566 243.656357
48798 1 422.81543 197.074982 2 417.238739 197.074982
52831 1 358.318176 254.405899 2 328.151245 254.405899
45994 1 505.228607 89.579544 2 504.426971 89.579544
49822 1 533.894043 182.742264 2 528.815735 182.742264
53076 1 505.228607 182.742264 2 501.579285 182.742264
52996 1 605.557678 179.159088 2 598.918701 179.159088
51515 1 558.976318 139.74408 2 552.878235 139.74408
52536 1 458.647247 186.325439 2 454.333496 186.325439
42722 1 412.065887 182.742264 2 407.645386 182.742264
51513 1 265.155426 189.90863 2 260.297241 189.90863
52154 1 197.074982 189.90863 2 193.845261 189.90863
52368 1 214.990891 297.404083 2 169.04364 297.404083
53260 1 207.824539 279.488159 2 166.484009 279.488159
51352 1 311.736786 275.904999 2 273.522766 275.904999
53278 1 279.488159 268.738617 2 242.45076 268.738617
52095 1 85.996361 189.90863 2 81.370773 189.90863
52983 1 143.327271 236.48999 2 129.234482 236.48999
53099 1 171.992722 193.491806 2 167.431015 193.491806
52971 1 157.659988 197.074982 2 150.856567 197.074982
53523 1 250.822708 179.159088 2 247.325562 179.159088
52082 1 243.656357 139.74408 2 240.909073 139.74408
45069 1 297.404083 161.243179 2 294.992157 161.243179
52932 1 78.829994 179.159088 2 76.360695 179.159088
52138 1 121.828178 150.493622 2 121.820358 150.493622
52990 1 82.413177 132.577713 2 78.188675 132.577713
53015 1 171.992722 186.325439 2 166.127426 186.325439
52993 1 171.992722 146.910446 2 169.73996 146.910446
53222 1 179.159088 283.07135 2 135.860275 283.07135
53314 1 605.557678 254.405899 2 579.554688 254.405899
53235 1 867.129944 111.078629 2 819.213318 111.078629
53816 1 648.0 231.0 2 630.085144 231.0
53749 1 444.0 274.0 2 414.847382 274.0
51453 1 303.0 132.0 2 301.564972 132.0
53309 1 579.600037 254.400009 2 554.479553 254.400009
53678 1 325.0 294.0 2 280.802002 294.0
53018 1 449.0 124.0 2 448.057159 124.0
52046 1 405.0 113.0 2 404.309509 113.0
53709 1 705.0 33.0 2 667.452148 33.0
53673 1 292.0 297.0 2 247.026352 297.0
53022 1 342.0 157.0 2 338.514404 157.0
53762 1 542.0 260.0 2 514.407837 260.0
53782 1 374.0 231.0 2 348.877899 231.0
53341 1 528.0 149.0 2 521.711182 149.0
53813 1 501.0 199.0 2 482.428619 199.0
53348 1 598.0 88.0 2 591.078552 88.0
53343 1 664.0 119.0 2 662.606445 119.0
53622 1 948.0 90.0 2 897.768921 90.0
53624 1 687.0 330.0 2 636.816406 330.0
53661 1 794.0 87.0 2 748.234009 87.0
53649 1 272.0 299.0 2 225.349243 299.0
52894 1 586.800049 112.800003 2 580.2995 112.800003
44524 1 365.0 123.0 2 363.768372 123.0
49332 1 270.0 193.200012 2 266.007202 193.200012
50806 1 211.507233 184.55043 2 207.222488 184.55043
53750 1 447.600006 271.200012 2 418.838165 271.200012
52890 1 224.400009 182.400009 2 220.74707 182.400009
53798 1 435.600006 222.000015 2 415.809723 222.000015
53729 1 301.0 264.0 2 267.18988 264.0
53775 1 407.0 246.0 2 380.5 246.0
53780 1 391.200012 236.400009 2 365.650177 236.400009
53786 1 374.400024 230.400009 2 349.649139 230.400009
53810 1 488.400024 121.200005 2 469.751099 121.200005
52042 1 551.0 186.0 2 546.587036 186.0
53703 1 695.0 30.0 2 656.76886 30.0
53366 1 663.600037 118.800003 2 659.907593 118.800003
53025 1 532.0 71.0 2 525.549438 71.0
52044 1 384.0 175.200012 2 379.383698 175.200012
53529 1 415.0 188.0 2 410.030121 188.0
53215 1 948.000061 90.0 2 897.652527 90.0
53626 1 984.0 176.0 2 933.934692 176.0
53609 1 782.0 325.0 2 730.470764 325.0
53670 1 627.0 316.0 2 581.958801 316.0
53238 1 793.200012 86.400002 2 747.736023 86.400002
53772 1 541.200012 261.600006 2 514.571594 261.600006
53763 1 517.200012 264.0 2 489.653198 264.0
53599 1 388.0 258.0 2 333.627502 258.0
53748 1 456.0 272.0 2 426.719391 272.0
53666 1 616.0 315.0 2 570.552063 315.0
50886 1 460.800018 102.000008 2 460.599091 102.000008
53796 1 403.200012 212.400009 2 382.835815 212.400009
53768 1 408.000031 244.800003 2 380.778595 244.800003
53710 1 86.400002 277.200012 2 48.917416 277.200012
53793 1 492.480011 241.920013 2 470.571075 241.920013
53688 1 195.840012 277.920013 2 153.960876 277.920013
53728 1 133.919998 272.160004 2 99.28746 272.160004
53087 1 599.040039 155.520004 2 593.397156 155.520004
53807 1 505.200012 122.400002 2 486.417572 122.400002
53774 1 334.080017 214.560013 2 307.491516 214.560013
53560 1 609.119995 131.040009 2 603.264771 131.040009
53694 1 304.800018 284.400024 2 264.338409 284.400024
53713 1 283.200012 276.0 2 245.928604 276.0
52052 1 550.080017 185.76001 2 545.494385 185.76001
53719 1 224.400009 296.400024 2 188.497711 296.400024
52925 1 462.240021 177.12001 2 458.145203 177.12001
53489 1 286.559998 146.880005 2 283.548157 146.880005
53121 1 384.480011 180.0 2 380.02066 180.0
53614 1 936.000061 207.600006 2 885.01886 207.600006
53662 1 844.800049 51.600002 2 799.125793 51.600002
53741 1 371.0 262.0 2 340.677917 262.0
53665 1 427.200012 314.400024 2 381.697449 314.400024
53247 1 260.640015 299.52002 2 214.267502 299.52002
53644 1 237.0 298.0 2 189.569946 298.0
53690 1 333.0 298.0 2 291.863037 298.0
53618 1 126.000008 302.400024 2 75.387505 302.400024
52458 1 174.240005 139.680008 2 171.837524 139.680008
53764 1 472.800018 265.200012 2 445.254395 265.200012
53756 1 463.680023 267.839996 2 435.305573 267.839996
52927 1 552.960022 92.160004 2 546.774963 92.160004
53532 1 466.560028 188.640015 2 461.738678 188.640015
53717 1 264.0 268.800018 2 227.80571 268.800018
53036 1 387.072021 191.808014 2 382.416565 191.808014
52478 1 352.512024 153.792007 2 349.433563 153.792007
51583 1 341.279999 154.080002 2 336.796478 154.080002
52920 1 692.92804 181.440018 2 689.67926 181.440018
53779 1 489.0 258.0 2 463.24057 258.0
53746 1 400.896027 257.472015 2 371.326202 257.472015
53755 1 445.200012 267.600006 2 416.639404 267.600006
53800 1 232.800003 246.000015 2 213.182907 246.000015
53722 1 223.200012 298.080017 2 187.662857 298.080017
53683 1 316.800018 295.200012 2 274.0625 295.200012
53107 1 106.560005 187.200012 2 100.742317 187.200012
53641 1 106.800003 302.400024 2 58.646473 302.400024
53604 1 184.320007 295.200012 2 132.173691 295.200012
52447 1 290.880005 135.360001 2 288.975525 135.360001
53669 1 793.440002 86.400002 2 748.349304 86.400002
53621 1 984.000061 175.200012 2 933.763672 175.200012
53620 1 947.52002 89.280006 2 897.052795 89.280006
53702 1 243.360016 272.160004 2 205.11792 272.160004
53701 1 243.648026 273.024017 2 205.374283 273.024017
53657 1 232.243225 261.273651 2 186.185699 261.273651
53802 1 497.664062 132.710419 2 478.357269 132.710419
50312 1 503.884857 199.065628 2 485.205383 199.065628
53804 1 504.57605 198.720016 2 485.712494 198.720016
52817 1 282.0 266.400024 2 244.909348 266.400024
53721 1 263.52002 267.839996 2 227.8414 267.839996
52882 1 621.600037 58.800003 2 615.456116 58.800003
52923 1 430.272034 162.432022 2 428.98407 162.432022
52930 1 286.15683 184.55043 2 281.419586 184.55043
52943 1 615.859314 209.433624 2 606.255127 209.433624
53808 1 640.742493 230.169632 2 622.381531 230.169632
53402 1 540.864075 184.896011 2 536.455505 184.896011
53781 1 583.0 256.0 2 557.773926 256.0
53769 1 407.808044 245.376022 2 380.832306 245.376022
52602 1 383.616058 176.256027 2 378.811493 176.256027
53635 1 237.600006 296.400024 2 188.777252 296.400024
53731 1 304.128021 262.656036 2 270.546356 262.656036
53617 1 125.280006 302.400024 2 74.628006 302.400024
53663 1 217.728027 297.216034 2 172.131104 297.216034
52121 1 296.524841 132.710419 2 295.452545 132.710419
52934 1 261.273651 153.446426 2 258.846649 153.446426
53418 1 163.814423 149.299225 2 161.269608 149.299225
53708 1 283.392029 276.480042 2 245.71022 276.480042
53718 1 267.494446 273.71524 2 231.361328 273.71524
52434 1 599.040039 38.880001 2 592.754395 38.880001
53120 1 524.62085 182.476822 2 519.846924 182.476822
53507 1 373.248047 186.624023 2 368.452576 186.624023
52956 1 694.241394 181.647385 2 690.935181 181.647385
53069 1 641.986633 171.694107 2 637.779175 171.694107
53963 1 407.52002 244.800003 2 380.526031 244.800003
53805 1 451.008057 224.640015 2 432.198914 224.640015
53771 1 458.400024 270.0 2 431.488068 270.0
52952 1 552.407104 64.696327 2 545.802734 64.696327
48826 1 381.54245 116.121613 2 380.701935 116.121613
53646 1 237.600006 296.640015 2 190.301117 296.640015
53705 1 244.68483 271.641632 2 206.770462 271.641632
53682 1 326.592041 297.216034 2 283.45047 297.216034
53659 1 217.728027 296.524841 2 171.881622 296.524841
53660 1 200.160004 299.52002 2 154.364304 299.52002
53524 1 325.472321 179.159073 2 321.567688 179.159073
52511 1 632.033386 164.229141 2 628.355286 164.229141
52102 1 173.187103 188.117035 2 167.595337 188.117035
53811 1 495.673431 119.439384 2 477.070251 119.439384
52510 1 343.388214 186.624023 2 339.875977 186.624023
52519 1 716.636292 214.990891 2 703.348328 214.990891
52103 1 636.014709 185.131042 2 631.899658 185.131042
53797 1 531.505249 238.878769 2 511.21463 238.878769
51543 1 544.942139 52.254726 2 540.157166 52.254726
49820 1 587.243591 176.670746 2 581.323425 176.670746
43292 1 468.799591 98.537491 2 467.715698 98.537491
53677 1 256.794678 295.612457 2 212.48085 295.612457
53676 1 257.126434 294.451233 2 212.687576 294.451233
53712 1 286.65451 271.724609 2 249.237671 271.724609
53679 1 179.159073 283.668549 2 135.705399 283.668549
53737 1 215.654434 263.347229 2 184.192841 263.347229
53417 1 240.537628 184.55043 2 237.533325 184.55043
52079 1 216.483871 136.85762 2 213.706894 136.85762
52987 1 164.229141 149.299225 2 161.380096 149.299225
51507 1 591.224915 191.103012 2 584.90155 191.103012
53792 1 723.802673 89.579544 2 701.809509 89.579544
51550 1 603.168884 179.159073 2 596.328369 179.159073
53455 1 555.393127 179.159088 2 552.418335 179.159088
53004 1 203.046951 200.060959 2 199.219086 200.060959
53081 1 229.323624 157.659988 2 225.622528 157.659988
51938 1 209.018906 278.691895 2 166.780075 278.691895
53606 1 949.543152 197.074982 2 897.682617 197.074982
53289 1 370.759735 261.273651 2 340.75473 261.273651
48276 1 458.647247 186.325439 2 454.333496 186.325439
53552 1 132.577713 182.742264 2 129.402695 182.742264
53672 1 254.405899 293.820892 2 209.423737 293.820892
53938 1 288.230438 279.936035 2 249.86763 279.936035
53013 1 121.828178 197.074982 2 120.238319 197.074982
53458 1 157.659988 197.074982 2 150.856567 197.074982
51519 1 591.224976 189.90863 2 584.623657 189.90863
53506 1 516.575317 89.579536 2 513.045349 89.579536
53803 1 489.701477 128.397339 2 470.803223 128.397339
52628 1 419.232239 150.493622 2 417.562073 150.493622
52101 1 244.850739 137.355286 2 240.931198 137.355286
52515 1 684.288086 176.670746 2 681.556396 176.670746
52136 1 325.472321 158.257187 2 322.240265 158.257187
52713 1 1053.388916 153.446426 2 983.60968 153.446426
51910 1 865.935547 110.48143 2 818.746643 110.48143
