421
223.699508667 -17.132745743 150.973800659 0.03801410389344506 0.6240863017045826 -0.025605027450677803 0.7800099989738115
55341 1 685.0 163.0 2 682.651489 163.0
57936 1 607.0 213.0 2 594.580444 213.0
58353 1 833.0 92.0 2 822.236511 92.0
53491 1 390.0 96.0 2 389.30246 96.0
57134 1 669.600037 177.600006 2 666.444885 177.600006
57945 1 664.800049 210.000015 2 652.937927 210.000015
58351 1 476.400024 54.000004 2 467.580566 54.000004
57943 1 736.800049 201.600006 2 725.349731 201.600006
57148 1 572.400024 188.400009 2 563.641052 188.400009
57640 1 424.800018 25.200001 2 415.013824 25.200001
58335 1 554.400024 240.000015 2 533.893982 240.000015
53525 1 652.800049 121.200005 2 651.156982 121.200005
57298 1 619.200012 63.600002 2 618.076172 63.600002
57938 1 570.0 106.800003 2 560.438477 106.800003
58354 1 544.800049 213.600006 2 527.927856 213.600006
57952 1 433.200012 54.000004 2 423.586365 54.000004
57942 1 451.200012 37.200001 2 441.572174 37.200001
57528 1 816.000061 234.000015 2 791.262939 234.000015
57875 1 811.200012 283.200012 2 776.007629 283.200012
57901 1 628.800049 267.600006 2 599.09613 267.600006
58378 1 698.400024 202.800003 2 687.062561 202.800003
58256 1 664.800049 309.600006 2 620.462769 309.600006
56659 1 739.200012 103.200005 2 734.98999 103.200005
55444 1 715.200012 104.400002 2 711.765625 104.400002
57948 1 607.200012 212.400009 2 594.826721 212.400009
58222 1 592.800049 332.400024 2 541.683594 332.400024
57838 1 560.400024 333.600006 2 508.556183 333.600006
51188 1 336.0 100.800003 2 335.267456 100.800003
58524 1 358.800018 103.200005 2 357.575012 103.200005
53012 1 354.0 103.200005 2 353.097839 103.200005
58304 1 302.400024 252.000015 2 275.58432 252.000015
57642 1 81.600006 192.0 2 77.110352 192.0
57557 1 313.200012 105.600006 2 311.674194 105.600006
55376 1 684.0 162.720001 2 682.241882 162.720001
50609 1 341.279999 158.400009 2 336.908203 158.400009
58465 1 408.960022 187.200012 2 402.975403 187.200012
53004 1 436.320007 178.560013 2 430.795532 178.560013
55349 1 516.960022 190.080002 2 507.697418 190.080002
56826 1 516.960022 103.680008 2 508.663544 103.680008
57926 1 520.128052 245.376022 2 496.948822 245.376022
58276 1 649.440002 290.880005 2 611.880859 290.880005
58268 1 630.720032 295.200012 2 587.846436 295.200012
50679 1 499.680023 151.200012 2 495.101746 151.200012
58392 1 302.400024 159.840012 2 297.414856 159.840012
54488 1 653.76001 155.520004 2 647.519714 155.520004
58336 1 784.800049 223.200012 2 765.912598 223.200012
58220 1 825.120056 331.200012 2 773.486389 331.200012
58326 1 637.920044 249.12001 2 613.73175 249.12001
58229 1 659.52002 332.640015 2 609.704346 332.640015
57844 1 745.920044 331.200012 2 693.124756 331.200012
53494 1 623.52002 51.840004 2 622.327942 51.840004
57709 1 753.120056 28.800001 2 752.514465 28.800001
57863 1 599.040039 302.400024 2 557.447083 302.400024
56409 1 393.120026 95.040001 2 392.011993 95.040001
58341 1 216.000015 180.0 2 211.077148 180.0
58365 1 312.480011 105.120003 2 311.092163 105.120003
57971 1 269.279999 109.440002 2 267.993225 109.440002
53121 1 243.648026 183.168015 2 238.057922 183.168015
58051 1 216.000015 179.712021 2 210.853455 179.712021
56679 1 546.048035 212.544022 2 528.300354 212.544022
58313 1 506.304047 254.016022 2 481.177856 254.016022
55746 1 452.736053 38.016003 2 442.503296 38.016003
58105 1 202.176025 136.512009 2 197.420853 136.512009
57538 1 207.360016 110.59201 2 202.864929 110.59201
58223 1 326.592041 338.688019 2 274.00293 338.688019
58241 1 354.240021 323.136017 2 308.300812 323.136017
52272 1 222.912018 138.240021 2 218.412506 138.240021
57526 1 779.328064 255.744019 2 753.551575 255.744019
57965 1 786.240051 224.640015 2 766.378113 224.640015
57480 1 824.256104 330.048035 2 773.399109 330.048035
57553 1 872.640076 273.024017 2 835.853638 273.024017
57913 1 639.360046 248.832031 2 615.868347 248.832031
56660 1 696.384094 203.904022 2 685.36499 203.904022
58267 1 630.720032 295.488037 2 590.288452 295.488037
57837 1 746.496094 331.776031 2 693.637634 331.776031
55459 1 687.74408 38.016003 2 687.116882 38.016003
55791 1 684.288086 162.432022 2 682.785889 162.432022
52634 1 516.672058 190.080017 2 507.512726 190.080017
57705 1 618.624084 207.360016 2 607.090515 207.360016
58233 1 362.880035 328.320038 2 313.177185 328.320038
55739 1 489.024048 32.832005 2 479.947083 32.832005
53523 1 589.248047 103.680008 2 581.20343 103.680008
56763 1 516.672058 176.256012 2 507.503326 176.256012
56875 1 494.208038 127.872009 2 483.584747 127.872009
57969 1 357.696045 103.680008 2 357.211121 103.680008
56657 1 409.536041 186.624023 2 403.830811 186.624023
58213 1 300.672028 338.688019 2 246.185944 338.688019
58410 1 81.216011 191.808014 2 76.966164 191.808014
58411 1 158.976013 198.720016 2 155.700317 198.720016
57580 1 312.768036 105.408012 2 311.12558 105.408012
57721 1 195.264023 165.888016 2 190.139252 165.888016
58506 1 65.664009 184.896011 2 60.304672 184.896011
58346 1 57.024006 112.320007 2 52.971657 112.320007
58237 1 356.659241 323.481659 2 309.51123 323.481659
57257 1 752.716919 226.02243 2 735.749695 226.02243
56312 1 240.537628 134.784012 2 235.913086 134.784012
58323 1 520.473694 246.758438 2 496.837921 246.758438
46966 1 460.339264 176.256027 2 454.765045 176.256027
44297 1 203.21283 136.85762 2 198.006851 136.85762
58405 1 588.902466 43.545605 2 579.621765 43.545605
52265 1 516.326477 188.697632 2 507.156342 188.697632
53517 1 651.110474 180.403229 2 649.184692 180.403229
52074 1 653.184082 155.52002 2 647.444092 155.52002
55874 1 630.374512 167.961624 2 628.3797 167.961624
58310 1 775.526489 255.052841 2 750.513916 255.052841
58321 1 850.176147 217.728027 2 824.896606 217.728027
58281 1 870.912109 273.71524 2 834.391724 273.71524
57848 1 642.816101 331.776062 2 591.849487 331.776062
56715 1 679.311462 87.091209 2 678.199951 87.091209
57172 1 738.201721 103.680016 2 734.782227 103.680016
57989 1 709.171326 159.667221 2 707.2771 159.667221
57990 1 698.803284 143.078415 2 696.755249 143.078415
54576 1 574.387268 228.096039 2 557.644287 228.096039
57303 1 335.923248 192.844833 2 330.498016 192.844833
58407 1 429.23526 223.948837 2 406.025757 223.948837
57512 1 447.897675 279.936035 2 415.890106 279.936035
57985 1 561.945679 41.472008 2 553.899597 41.472008
48949 1 514.252869 176.256027 2 505.015137 176.256027
58530 1 456.192078 45.619205 2 445.990326 45.619205
43265 1 383.616058 136.85762 2 381.993683 136.85762
58066 1 340.070435 136.85762 2 337.665375 136.85762
58330 1 226.02243 242.611237 2 204.413193 242.611237
53031 1 296.524841 196.992035 2 289.356934 196.992035
58421 1 157.593628 199.065628 2 152.227066 199.065628
57584 1 207.360031 109.900818 2 202.755127 109.900818
50728 1 269.568024 109.900818 2 267.452606 109.900818
56658 1 41.472008 97.459213 2 38.34914 97.459213
58534 1 138.931213 184.55043 2 134.561676 184.55043
58390 1 442.921021 72.161293 2 435.011993 72.161293
51631 1 204.042267 136.85762 2 200.681412 136.85762
57539 1 273.71524 186.624023 2 267.061584 186.624023
55414 1 684.288086 161.740829 2 682.209106 161.740829
50620 1 584.75531 186.624023 2 575.956604 186.624023
57237 1 617.103455 169.20578 2 609.968506 169.20578
51591 1 592.220215 169.20578 2 587.637085 169.20578
55551 1 569.825378 186.624023 2 561.750305 186.624023
57267 1 641.986633 174.182419 2 637.778564 174.182419
52095 1 654.428223 156.764175 2 648.611267 156.764175
57871 1 870.912109 273.71524 2 834.908264 273.71524
41918 1 358.318115 102.021133 2 356.8992 102.021133
58437 1 311.040039 104.509453 2 310.020355 104.509453
55907 1 268.738586 109.486099 2 266.177826 109.486099
42395 1 156.764175 199.065628 2 152.429855 199.065628
55356 1 806.21582 281.180206 2 772.523254 281.180206
58290 1 793.77417 271.226929 2 761.640503 271.226929
57194 1 739.031128 104.509453 2 734.665466 104.509453
54977 1 617.103455 209.018906 2 606.140442 209.018906
57930 1 674.83252 238.878769 2 651.55011 238.878769
57728 1 696.729675 189.11235 2 685.778503 189.11235
58013 1 724.101196 121.927696 2 720.058105 121.927696
52718 1 542.453857 104.509453 2 533.159912 104.509453
56246 1 507.61734 77.137932 2 497.441315 77.137932
57923 1 783.820923 223.948837 2 765.208679 223.948837
57722 1 179.159058 186.624023 2 174.352936 186.624023
54497 1 437.944397 179.159058 2 432.025024 179.159058
52648 1 512.593994 176.670746 2 503.993561 176.670746
55348 1 520.05896 246.343719 2 496.525269 246.343719
57907 1 497.664062 253.80867 2 471.912445 253.80867
58308 1 773.369995 253.808685 2 748.631775 253.808685
56700 1 782.327942 223.948837 2 763.615723 223.948837
57933 1 800.243835 247.836716 2 776.992126 247.836716
42799 1 343.388214 182.145065 2 337.442291 182.145065
57610 1 343.388214 158.257187 2 339.123383 158.257187
55145 1 641.986694 173.187103 2 637.975281 173.187103
54061 1 630.042725 182.145065 2 625.840759 182.145065
56333 1 543.449219 119.439384 2 526.905945 119.439384
58001 1 271.724609 185.131042 2 265.504852 185.131042
49547 1 513.589355 176.173096 2 503.858459 176.173096
58552 1 95.551506 194.088989 2 92.236473 194.088989
58492 1 677.818481 86.593552 2 676.483215 86.593552
58022 1 223.948837 110.48143 2 219.387527 110.48143
56854 1 62.705677 185.131042 2 58.335434 185.131042
56650 1 803.229858 280.682556 2 770.027344 280.682556
58293 1 447.897675 280.682556 2 414.216614 280.682556
55418 1 489.701477 92.565521 2 480.877838 92.565521
53497 1 585.252991 188.117035 2 576.312134 188.117035
52543 1 555.393127 197.074982 2 538.479797 197.074982
57504 1 397.135956 295.612457 2 356.842957 295.612457
52549 1 695.734375 191.103012 2 683.466248 191.103012
52118 1 564.351074 170.201126 2 557.067688 170.201126
58445 1 740.52417 161.243164 2 734.12146 161.243164
57628 1 710.664307 161.243164 2 706.741638 161.243164
58434 1 441.92572 74.649612 2 432.345551 74.649612
55818 1 683.790466 164.229156 2 681.423767 164.229156
56744 1 364.290131 152.285217 2 359.963379 152.285217
52669 1 241.864746 185.131042 2 236.677231 185.131042
58020 1 214.990891 182.145065 2 209.094437 182.145065
57906 1 498.659424 253.808685 2 472.38208 253.808685
58540 1 508.811798 207.824539 2 491.768005 207.824539
58039 1 480.146332 218.574081 2 462.654388 218.574081
57198 1 748.884949 214.990891 2 733.483582 214.990891
58455 1 738.135437 214.990891 2 725.094299 214.990891
52179 1 293.820892 179.159088 2 289.143066 179.159088
56724 1 519.56134 211.407715 2 503.509094 211.407715
51226 1 519.56134 193.491806 2 510.004089 193.491806
48988 1 462.230438 182.742264 2 456.49411 182.742264
55538 1 444.314514 179.159088 2 441.535919 179.159088
58006 1 189.90863 121.828178 2 184.821472 121.828178
58271 1 623.473572 290.237701 2 584.883789 290.237701
58300 1 469.39679 272.321808 2 438.345093 272.321808
52485 1 236.48999 111.078629 2 233.127884 111.078629
57635 1 738.135437 103.91227 2 735.085999 103.91227
58080 1 419.232239 222.157257 2 404.302338 222.157257
56653 1 842.047668 272.321808 2 809.880066 272.321808
49994 1 508.811798 75.246811 2 499.284821 75.246811
58329 1 673.638123 236.48999 2 650.945435 236.48999
51210 1 627.056763 189.90863 2 617.993652 189.90863
58458 1 781.133606 222.157257 2 763.5 222.157257
50732 1 336.819061 193.491806 2 330.179626 193.491806
54681 1 297.404083 197.074982 2 292.067657 197.074982
55547 1 594.808167 218.574081 2 581.306763 218.574081
58440 1 444.314514 71.663635 2 435.456085 71.663635
42494 1 214.990891 182.742264 2 208.871292 182.742264
41351 1 204.241348 139.74408 2 200.720245 139.74408
57211 1 437.148163 179.159088 2 431.716949 179.159088
52214 1 512.394958 175.575897 2 503.585175 175.575897
57908 1 498.062256 254.405899 2 472.036499 254.405899
58747 1 828.0 209.0 2 804.169189 209.0
58745 1 815.0 215.0 2 791.045654 215.0
58661 1 397.0 295.0 2 355.498413 295.0
58769 1 326.0 239.0 2 304.431305 239.0
58779 1 787.0 186.0 2 768.133484 186.0
58660 1 368.0 287.0 2 325.690277 287.0
57544 1 275.0 177.0 2 269.010895 177.0
58718 1 629.0 268.0 2 599.567993 268.0
58632 1 347.0 316.0 2 299.099701 316.0
56676 1 500.400024 151.200012 2 495.423492 151.200012
58639 1 354.0 323.0 2 307.404022 323.0
58645 1 369.0 307.0 2 323.649475 307.0
58690 1 720.0 282.0 2 685.262939 282.0
58692 1 695.0 282.0 2 660.630554 282.0
58771 1 534.0 246.000015 2 512.722229 246.000015
58766 1 529.0 241.0 2 507.127747 241.0
58732 1 505.200012 254.400009 2 480.161957 254.400009
58713 1 464.0 274.0 2 433.379059 274.0
58611 1 822.000061 326.400024 2 771.000061 326.400024
58649 1 665.0 311.0 2 620.626404 311.0
58684 1 667.0 287.0 2 631.041382 287.0
57147 1 692.400024 39.600002 2 691.727905 39.600002
58711 1 546.0 271.0 2 515.234619 271.0
58672 1 606.0 293.0 2 567.471252 293.0
55527 1 369.600006 196.800003 2 363.013519 196.800003
58647 1 368.400024 307.200012 2 323.496429 307.200012
58664 1 405.600006 295.200012 2 364.424255 295.200012
57219 1 653.76001 185.76001 2 648.24646 185.76001
58394 1 737.280029 200.160004 2 725.951782 200.160004
58712 1 464.400024 273.600006 2 433.680756 273.600006
58786 1 493.920013 207.360016 2 475.789856 207.360016
58727 1 828.000061 243.360016 2 801.901367 243.360016
58739 1 817.920044 200.160004 2 793.676392 200.160004
58751 1 826.0 165.0 2 802.830933 165.0
58659 1 574.0 307.0 2 531.684448 307.0
58697 1 454.46405 279.936035 2 420.586273 279.936035
58704 1 466.560028 273.600006 2 434.765106 273.600006
58685 1 428.400024 288.0 2 392.525848 288.0
58663 1 385.920013 305.279999 2 344.604462 305.279999
56199 1 432.000031 53.280003 2 422.426086 53.280003
56784 1 423.360046 36.288002 2 413.864227 36.288002
58644 1 959.040039 66.240005 2 913.343872 66.240005
58754 1 819.072083 200.448013 2 796.072327 200.448013
58743 1 849.600037 217.440002 2 825.620117 217.440002
58703 1 789.120056 270.720001 2 757.060669 270.720001
58360 1 872.400024 273.600006 2 836.01825 273.600006
58782 1 660.960022 231.840012 2 642.654907 231.840012
58722 1 754.560059 259.200012 2 726.075439 259.200012
58758 1 826.800049 164.400009 2 803.890991 164.400009
58254 1 574.559998 306.720001 2 532.15509 306.720001
58752 1 328.320038 240.192017 2 305.200378 240.192017
58725 1 267.840027 259.200012 2 240.346039 259.200012
58689 1 221.76001 277.920013 2 186.638657 277.920013
58671 1 156.0 294.0 2 117.119347 294.0
51209 1 41.472004 98.49601 2 38.179993 98.49601
58386 1 124.416016 122.688011 2 122.772217 122.688011
52070 1 362.880035 172.800018 2 357.56131 172.800018
57129 1 460.800018 267.839996 2 429.921173 267.839996
58605 1 973.440063 221.76001 2 921.773254 221.76001
58646 1 959.0401 65.664009 2 914.099304 65.664009
58753 1 827.712097 243.648026 2 804.599487 243.648026
58736 1 850.176086 217.728027 2 825.624512 217.728027
58680 1 665.28009 286.848022 2 628.59436 286.848022
58724 1 754.790527 259.200043 2 726.547058 259.200043
58737 1 505.958466 255.052841 2 481.435364 255.052841
58654 1 601.344055 305.856018 2 557.936096 305.856018
58669 1 156.960007 293.76001 2 117.132797 293.76001
58620 1 188.697632 304.819244 2 138.625305 304.819244
57657 1 427.161652 43.545605 2 417.118073 43.545605
57182 1 522.547302 242.611237 2 499.611267 242.611237
58004 1 517.570618 211.507233 2 500.774933 211.507233
58676 1 172.800018 286.848022 2 135.560989 286.848022
58708 1 141.004822 265.420837 2 109.754517 265.420837
58648 1 958.003357 66.355209 2 913.121948 66.355209
56815 1 379.468842 196.992035 2 372.550537 196.992035
57931 1 327.628845 238.464035 2 306.394531 238.464035
58748 1 825.292908 244.68483 2 801.726685 244.68483
58781 1 480.245819 218.972198 2 461.885132 218.972198
55933 1 461.376038 177.984024 2 456.026306 177.984024
58746 1 819.072144 201.139221 2 795.196228 201.139221
58657 1 390.66629 306.063416 2 347.946106 306.063416
58768 1 668.736084 240.192017 2 647.081299 240.192017
58422 1 213.995544 181.647385 2 209.293777 181.647385
58636 1 971.136108 172.800018 2 924.316711 172.800018
58667 1 629.545044 296.110107 2 588.790466 296.110107
57689 1 143.327255 188.117035 2 138.304077 188.117035
53505 1 325.969971 238.878754 2 305.079315 238.878754
58783 1 782.327942 191.103012 2 764.068481 191.103012
55161 1 398.131256 181.647385 2 392.769775 181.647385
53495 1 696.960022 203.040009 2 686.200256 203.040009
58731 1 773.867615 253.80867 2 748.449646 253.80867
54480 1 617.932861 207.360031 2 606.255371 207.360031
58770 1 667.69928 240.537628 2 646.370117 240.537628
58453 1 235.892776 134.369308 2 230.442108 134.369308
58709 1 139.345947 266.250275 2 108.264091 266.250275
58617 1 974.592163 221.875229 2 923.974609 221.875229
55070 1 544.643616 139.74408 2 526.501404 139.74408
58498 1 340.402252 157.659988 2 337.62677 157.659988
52727 1 286.65451 113.467415 2 284.064636 113.467415
58738 1 848.517212 216.483871 2 824.115112 216.483871
58757 1 639.000671 247.836716 2 616.089722 247.836716
57991 1 325.472321 238.878769 2 302.898132 238.878769
48948 1 544.643616 118.244995 2 527.333923 118.244995
51578 1 519.56134 247.836716 2 495.695404 247.836716
58780 1 478.800018 219.600006 2 460.050751 219.600006
54549 1 709.469971 161.243179 2 706.624817 161.243179
53123 1 582.681702 223.948837 2 567.060852 223.948837
53237 1 515.082336 189.11235 2 506.367767 189.11235
52605 1 659.30542 121.828178 2 658.10083 121.828178
57212 1 624.070801 149.299225 2 615.703308 149.299225
58608 1 975.42157 221.46051 2 924.241089 221.46051
