431
231.7587 -18.96992 152.6032 0.036609866747120696 0.6339034448873168 -0.02878380103462898 0.7720088296222717
60656 1 359.0 323.0 2 308.908966 323.0
60728 1 689.0 284.0 2 653.675964 284.0
60739 1 664.0 276.0 2 631.449158 276.0
60697 1 712.0 314.0 2 669.606384 314.0
60436 1 398.0 90.0 2 384.030823 90.0
60850 1 859.0 141.0 2 840.958008 141.0
60625 1 1099.0 190.0 2 1043.594482 190.0
56312 1 631.0 125.0 2 629.721069 125.0
60847 1 859.200012 140.400009 2 840.803223 140.400009
57816 1 651.0 177.0 2 648.34021 177.0
60770 1 484.0 84.0 2 453.751953 84.0
60644 1 375.600006 328.800018 2 324.295441 328.800018
60759 1 607.0 272.0 2 576.045471 272.0
60713 1 454.0 290.0 2 414.989044 290.0
60806 1 546.0 252.0 2 521.295654 252.0
60674 1 416.0 309.0 2 370.129425 309.0
60605 1 1074.0 234.0 2 1017.403137 234.0
60584 1 1083.0 237.0 2 1025.224243 237.0
60547 1 1072.800049 276.0 2 1013.282104 276.0
60823 1 806.400024 237.600006 2 783.804993 237.600006
60830 1 780.000061 235.200012 2 759.810669 235.200012
60837 1 840.0 196.0 2 820.191589 196.0
60666 1 778.0 320.0 2 730.833862 320.0
60722 1 762.0 279.0 2 725.514832 279.0
60826 1 642.0 241.0 2 620.577087 241.0
60692 1 674.0 307.0 2 630.791504 307.0
60664 1 645.0 327.0 2 596.313843 327.0
60762 1 665.0 270.0 2 634.439819 270.0
60711 1 692.0 298.0 2 652.555542 298.0
60839 1 840.000061 152.400009 2 819.957581 152.400009
57359 1 729.600037 93.600006 2 725.329346 93.600006
60024 1 759.600037 24.0 2 759.494995 24.0
60071 1 700.800049 30.000002 2 700.191589 30.000002
56134 1 664.800049 160.800003 2 662.295532 160.800003
60779 1 504.000031 255.600006 2 474.267303 255.600006
60435 1 578.400024 228.000015 2 560.606201 228.000015
59495 1 385.200012 176.400009 2 378.770844 176.400009
60638 1 333.600006 314.400024 2 280.58783 314.400024
46584 1 277.0 99.0 2 275.894043 99.0
60505 1 145.200012 94.800003 2 140.119614 94.800003
60813 1 822.000061 238.800003 2 798.223938 238.800003
60820 1 806.400024 237.600006 2 783.689514 237.600006
60671 1 400.800018 310.800018 2 354.448395 310.800018
60690 1 444.0 317.0 2 399.201233 317.0
60668 1 417.600006 331.200012 2 370.777039 331.200012
60725 1 485.280029 286.559998 2 449.745575 286.559998
60742 1 490.800018 276.0 2 458.578217 276.0
60595 1 1083.600098 237.600006 2 1026.464355 237.600006
60624 1 1116.0 187.200012 2 1060.533569 187.200012
60579 1 1072.800049 318.0 2 1014.887451 318.0
60572 1 1129.200073 266.400024 2 1070.932617 266.400024
60700 1 967.0 231.0 2 924.946045 231.0
60652 1 1131.600098 151.200012 2 1080.974487 151.200012
60662 1 1006.800049 153.600006 2 957.671814 153.600006
60833 1 840.000061 195.600006 2 820.024902 195.600006
60660 1 777.600037 319.680023 2 728.125732 319.680023
60729 1 760.320007 277.920013 2 726.295654 277.920013
60372 1 850.800049 277.200012 2 816.836487 277.200012
59946 1 671.040039 249.12001 2 645.933044 249.12001
60829 1 642.0 240.000015 2 621.152893 240.000015
60422 1 702.0 249.600006 2 678.365723 249.600006
60694 1 646.0 309.0 2 603.071289 309.0
60718 1 652.320007 293.76001 2 614.205933 293.76001
60709 1 691.200012 297.600006 2 651.250427 297.600006
56242 1 665.280029 34.560001 2 664.713257 34.560001
56898 1 701.0 30.0 2 700.326904 30.0
59048 1 578.880005 227.520004 2 561.169861 227.520004
60774 1 397.200012 243.600006 2 367.243408 243.600006
60741 1 362.0 248.0 2 329.66568 248.0
54351 1 600.480042 47.52 2 599.587524 47.52
60765 1 270.720001 254.880005 2 240.360962 254.880005
60452 1 288.0 221.76001 2 271.399048 221.76001
56590 1 210.000015 106.800003 2 209.005432 106.800003
58222 1 120.960007 96.480003 2 116.505058 96.480003
60456 1 110.880005 108.000008 2 105.890892 108.000008
60683 1 442.800018 316.800018 2 397.281311 316.800018
59052 1 412.992035 176.256012 2 405.63205 176.256012
60698 1 587.52002 303.840027 2 545.239319 303.840027
60559 1 1071.600098 267.600006 2 1012.781433 267.600006
60573 1 1083.456055 259.200012 2 1025.240112 259.200012
60669 1 407.808044 323.136017 2 361.168884 323.136017
60672 1 416.160004 308.160004 2 370.115448 308.160004
60235 1 1082.880005 237.600006 2 1025.722168 237.600006
60201 1 1121.472046 309.312042 2 1061.585938 309.312042
60654 1 1131.840088 116.640007 2 1081.401001 116.640007
60623 1 1113.119995 185.76001 2 1057.619263 185.76001
60661 1 1009.1521 152.064011 2 959.82782 152.064011
60811 1 784.512085 236.736023 2 760.101013 236.736023
60831 1 825.98407 195.264023 2 805.928406 195.264023
60817 1 867.600037 200.400009 2 844.714355 200.400009
60663 1 777.600037 319.200012 2 728.56366 319.200012
60365 1 849.600037 276.480011 2 816.018494 276.480011
59948 1 696.960022 249.12001 2 676.536255 249.12001
60695 1 645.600037 307.200012 2 602.88092 307.200012
60845 1 856.800049 184.320007 2 838.061646 184.320007
55397 1 625.536072 77.76001 2 624.576111 77.76001
60498 1 660.096069 38.016003 2 657.778625 38.016003
55881 1 624.960022 44.640003 2 624.162354 44.640003
60458 1 656.640076 108.864014 2 654.733521 108.864014
59943 1 532.800049 249.600006 2 507.258057 249.600006
60838 1 576.0 236.400009 2 556.415894 236.400009
60740 1 508.320007 277.920013 2 475.935181 277.920013
60756 1 410.400024 227.520004 2 379.309631 227.520004
60763 1 373.248047 228.096024 2 342.780548 228.096024
60710 1 468.000031 300.960022 2 428.2677 300.960022
60355 1 475.200012 290.880005 2 438.592957 290.880005
60719 1 453.600006 289.200012 2 416.180206 289.200012
59935 1 271.296021 255.744019 2 240.26355 255.744019
60795 1 237.600006 257.76001 2 210.131836 257.76001
60736 1 850.176086 276.480042 2 816.673218 276.480042
60755 1 855.360046 266.400024 2 824.002686 266.400024
60753 1 840.0 270.0 2 808.55896 270.0
60805 1 820.800049 248.832031 2 795.325073 248.832031
60421 1 820.800049 239.040009 2 797.203003 239.040009
60814 1 808.704102 238.46402 2 785.300903 238.46402
60611 1 1051.200073 237.600006 2 994.757446 237.600006
60553 1 1045.094604 279.936035 2 985.97522 279.936035
60693 1 976.320068 164.160004 2 933.34137 164.160004
60689 1 982.886536 126.489616 2 938.03302 126.489616
60499 1 248.832031 97.459213 2 246.425949 97.459213
60843 1 857.088074 184.896011 2 837.85907 184.896011
60696 1 587.520081 304.128021 2 544.841797 304.128021
57863 1 729.216064 93.312012 2 725.111084 93.312012
60335 1 689.76001 298.080017 2 649.120728 298.080017
60676 1 122.342415 306.892853 2 76.540474 306.892853
59067 1 702.9505 209.433624 2 689.490662 209.433624
60797 1 829.440063 254.016022 2 802.125305 254.016022
60815 1 866.880005 200.160004 2 843.761536 200.160004
60236 1 1082.419312 236.390427 2 1025.013062 236.390427
60769 1 373.248047 228.096039 2 342.94577 228.096039
56295 1 630.720032 43.200005 2 630.598389 43.200005
59933 1 269.568024 255.052841 2 239.753769 255.052841
60790 1 238.46402 257.472015 2 209.700089 257.472015
60771 1 165.888031 261.273651 2 135.757935 261.273651
60727 1 760.320068 278.208038 2 724.859436 278.208038
60569 1 1112.832153 300.672028 2 1054.469116 300.672028
60576 1 1071.359985 275.040009 2 1013.226257 275.040009
52925 1 298.59845 170.035217 2 293.593414 170.035217
57831 1 534.988892 188.697632 2 524.468445 188.697632
60406 1 524.62085 261.273651 2 496.487183 261.273651
60744 1 508.032043 278.208038 2 475.954895 278.208038
60699 1 646.272034 307.584015 2 604.13385 307.584015
60849 1 578.534485 228.096039 2 560.297852 228.096039
59060 1 653.184082 190.080017 2 648.021606 190.080017
53838 1 379.468842 176.256027 2 373.807495 176.256027
60392 1 470.880005 99.360001 2 440.906372 99.360001
55441 1 410.572845 176.256027 2 404.181793 176.256027
60337 1 468.288055 302.400024 2 427.807892 302.400024
60677 1 442.080017 316.800018 2 396.445099 316.800018
59647 1 234.316833 178.32962 2 228.755814 178.32962
60429 1 785.894531 238.464035 2 764.468689 238.464035
60835 1 825.292908 194.918427 2 805.341675 194.918427
59227 1 553.651306 188.697632 2 543.089905 188.697632
60415 1 821.145691 238.878754 2 798.066589 238.878754
60819 1 808.704102 238.464035 2 785.891296 238.464035
60754 1 840.960022 269.279999 2 809.587646 269.279999
60390 1 836.075623 268.738586 2 805.726746 268.738586
60750 1 855.360107 266.11203 2 823.761719 266.11203
60757 1 839.808105 269.568024 2 808.719116 269.568024
60287 1 992.839844 161.740829 2 944.475952 161.740829
60746 1 905.748596 261.273651 2 873.739563 261.273651
60507 1 145.152023 95.385612 2 139.27774 95.385612
60407 1 240.537628 257.126434 2 210.713638 257.126434
60466 1 656.916565 111.974419 2 654.153748 111.974419
60745 1 508.032074 277.862427 2 476.012726 277.862427
60417 1 707.097717 248.832031 2 683.312622 248.832031
55370 1 701.70636 209.018906 2 688.250183 209.018906
60687 1 692.58252 313.113647 2 647.480164 313.113647
60321 1 646.963318 306.892853 2 605.340149 306.892853
60369 1 661.478516 279.936035 2 627.094604 279.936035
60021 1 595.123291 217.728027 2 579.188721 217.728027
60747 1 268.738586 256.296997 2 236.738449 256.296997
59190 1 91.584007 126.144012 2 88.022514 126.144012
57854 1 64.696327 116.951057 2 62.867428 116.951057
60821 1 865.728088 200.448013 2 843.1026 200.448013
60834 1 839.52002 195.840012 2 819.550842 195.840012
57097 1 370.759735 119.439377 2 357.917358 119.439377
60068 1 714.147949 114.462738 2 709.37085 114.462738
59539 1 653.184082 188.697632 2 647.664124 188.697632
60450 1 1082.419312 248.832031 2 1024.581421 248.832031
59042 1 465.813599 300.987244 2 427.643524 300.987244
60707 1 440.432709 291.133484 2 400.19339 291.133484
52928 1 634.521667 151.787537 2 628.330322 151.787537
60470 1 281.180206 179.159058 2 275.062286 179.159058
47793 1 410.572845 174.182419 2 403.836456 174.182419
60477 1 348.364838 62.208008 2 335.767639 62.208008
60705 1 303.575073 283.668518 2 262.814697 283.668518
60250 1 1115.596924 186.624023 2 1058.726196 186.624023
60657 1 1009.262756 152.285217 2 959.19989 152.285217
60658 1 1009.843323 151.372818 2 959.896179 151.372818
60777 1 895.795349 263.761963 2 865.942383 263.761963
60752 1 833.089722 59.719692 2 801.618286 59.719692
60715 1 171.694107 286.15683 2 132.846405 286.15683
60787 1 164.229141 261.273651 2 135.36969 261.273651
60034 1 114.048019 103.680016 2 109.899902 103.680016
60704 1 304.570435 283.668549 2 263.640472 283.668549
59905 1 340.402252 259.78067 2 307.804352 259.78067
59999 1 755.454102 59.719692 2 750.858337 59.719692
42722 1 221.46051 179.159058 2 214.854523 179.159058
60782 1 400.121918 241.864746 2 370.659851 241.864746
51583 1 114.048012 126.144012 2 109.68866 126.144012
56260 1 256.794678 98.537491 2 255.092041 98.537491
60824 1 864.691345 199.065628 2 843.13324 199.065628
59907 1 659.902588 283.668549 2 623.168884 283.668549
59892 1 647.958679 307.556396 2 604.404053 307.556396
58245 1 570.323059 235.892776 2 552.345154 235.892776
58385 1 594.708557 218.972198 2 579.18457 218.972198
51473 1 552.407166 188.117035 2 541.999695 188.117035
60414 1 537.477234 250.822708 2 511.961761 250.822708
60204 1 1074.125 271.641632 2 1015.131714 271.641632
60827 1 671.846497 243.855392 2 650.583252 243.855392
60733 1 848.102539 277.862427 2 814.221436 277.862427
60588 1 1106.0 240.0 2 1048.328491 240.0
59063 1 525.035583 261.273651 2 499.268372 261.273651
60262 1 1065.830566 153.446426 2 1013.723145 153.446426
58283 1 277.696564 179.159073 2 271.896362 179.159073
52612 1 301.200012 94.800003 2 300.277222 94.800003
56201 1 662.88855 161.243164 2 662.044617 161.243164
52946 1 636.014709 152.285217 2 628.903931 152.285217
60816 1 808.704102 238.878754 2 785.702209 238.878754
59981 1 767.39801 209.018921 2 752.586914 209.018921
55880 1 572.31366 178.32962 2 566.965271 178.32962
60400 1 471.785553 247.836716 2 442.888672 247.836716
60792 1 413.061188 218.972198 2 384.616089 218.972198
60716 1 722.304077 292.032013 2 683.881775 292.032013
60229 1 1045.094604 281.180206 2 985.58429 281.180206
60807 1 821.145752 238.878769 2 796.444946 238.878769
60808 1 803.229858 241.864746 2 778.599487 241.864746
60426 1 845.630859 189.90863 2 824.189453 189.90863
60751 1 833.089722 268.738617 2 801.587036 268.738617
60788 1 833.587341 261.273651 2 804.817627 261.273651
60720 1 185.131042 274.710571 2 148.312195 274.710571
60794 1 895.795349 262.766632 2 868.100586 262.766632
60471 1 82.114571 184.135712 2 76.495491 184.135712
60761 1 824.131775 261.572266 2 793.545898 261.572266
59547 1 652.139038 189.90863 2 647.30957 189.90863
60408 1 241.864746 256.794678 2 214.580536 256.794678
42769 1 118.244995 128.994537 2 113.551666 128.994537
55374 1 523.144531 261.572266 2 495.754181 261.572266
60460 1 574.802002 236.390427 2 553.887878 236.390427
60473 1 107.495445 107.495445 2 102.02729 107.495445
53925 1 86.593552 125.411354 2 83.462158 125.411354
52121 1 184.55043 114.048019 2 183.34584 114.048019
48834 1 385.192017 89.579536 2 372.209991 89.579536
60702 1 441.92572 292.626495 2 400.78479 292.626495
56653 1 150.493622 161.243179 2 143.906967 161.243179
60484 1 155.271194 134.369308 2 148.56752 134.369308
60222 1 1103.619995 240.073166 2 1046.292358 240.073166
59606 1 1074.954468 236.48999 2 1017.285156 236.48999
52464 1 555.393127 186.325439 2 543.595825 186.325439
52511 1 548.226807 146.910446 2 536.962891 146.910446
60504 1 691.753052 156.764175 2 689.198425 156.764175
52956 1 636.014709 188.117035 2 629.252869 188.117035
58683 1 680.804504 136.160904 2 678.011719 136.160904
59575 1 766.800842 207.824539 2 752.07959 207.824539
60803 1 827.117737 247.836716 2 801.251343 247.836716
60427 1 862.949524 200.060959 2 841.112366 200.060959
55410 1 623.473572 171.992722 2 618.68512 171.992722
52481 1 564.351074 167.215134 2 559.857361 167.215134
54861 1 603.168884 140.341278 2 592.885986 140.341278
59232 1 582.266968 146.313248 2 570.508972 146.313248
60793 1 465.813599 218.574081 2 437.936951 218.574081
59579 1 336.819061 179.159088 2 331.061798 179.159088
60776 1 834.881348 268.738617 2 805.006836 268.738617
60433 1 570.323059 235.892776 2 552.345154 235.892776
58714 1 727.385864 93.16272 2 724.758667 93.16272
60836 1 853.991577 185.131042 2 834.132446 185.131042
60239 1 1069.920044 316.800018 2 1011.085632 316.800018
60199 1 1139.040039 285.120026 2 1079.096558 285.120026
60245 1 1156.320068 277.920013 2 1098.817139 277.920013
60412 1 696.960022 249.12001 2 676.536255 249.12001
44524 1 256.320007 100.800003 2 253.605835 100.800003
59072 1 34.560001 103.680008 2 33.665565 103.680008
60247 1 1102.464111 255.744019 2 1044.588379 255.744019
60299 1 418.176025 330.048035 2 367.708221 330.048035
55291 1 635.904053 152.064011 2 629.53772 152.064011
59838 1 1194.393799 242.611237 2 1134.720093 242.611237
60237 1 1071.360107 317.952026 2 1013.719727 317.952026
59043 1 907.200073 260.92804 2 875.563599 260.92804
60273 1 872.640076 333.504028 2 819.685242 333.504028
55780 1 660.096069 38.016003 2 657.778625 38.016003
56170 1 663.552063 160.70401 2 662.52417 160.70401
58622 1 532.22406 84.672005 2 519.51532 84.672005
59878 1 557.798462 331.776062 2 507.796967 331.776062
59826 1 823.219299 331.776062 2 771.051208 331.776062
60455 1 85.017609 184.55043 2 78.397232 184.55043
58674 1 64.281609 116.121613 2 62.194546 116.121613
56556 1 663.552124 161.740829 2 661.862488 161.740829
58364 1 149.299225 194.088989 2 142.195175 194.088989
60309 1 706.682983 311.040039 2 661.20105 311.040039
40926 1 248.832031 97.044495 2 245.925369 97.044495
53355 1 701.70636 209.018906 2 688.250183 209.018906
59431 1 1069.977783 318.505005 2 1010.495605 318.505005
60209 1 1072.466064 271.226929 2 1013.645874 271.226929
60378 1 905.748596 261.273651 2 873.739563 261.273651
60302 1 408.084534 323.481659 2 361.167938 323.481659
58799 1 114.462738 126.904335 2 110.154343 126.904335
58630 1 661.893188 221.46051 2 646.218018 221.46051
57842 1 564.848694 166.717468 2 560.621277 166.717468
56247 1 352.346191 185.131042 2 345.559845 185.131042
59525 1 692.748413 158.257187 2 689.088196 158.257187
57495 1 313.528381 194.088989 2 307.00238 194.088989
60318 1 701.70636 316.514374 2 655.605164 316.514374
60440 1 80.621582 185.131042 2 75.233826 185.131042
59466 1 441.92572 292.626495 2 400.78479 292.626495
60223 1 1152.590088 277.696564 2 1093.760376 277.696564
57507 1 621.084778 173.187103 2 616.008606 173.187103
55282 1 594.210938 217.976868 2 579.560791 217.976868
60472 1 349.360199 59.719692 2 337.215759 59.719692
60008 1 394.149963 175.575897 2 388.25473 175.575897
59103 1 691.554077 157.659988 2 689.025879 157.659988
59161 1 240.073166 257.989075 2 211.695404 257.989075
59823 1 1150.201294 290.237701 2 1089.717285 290.237701
59835 1 1153.784424 275.904999 2 1094.653931 275.904999
60230 1 1074.954468 236.48999 2 1017.285156 236.48999
53569 1 673.638123 218.574081 2 656.419373 218.574081
58709 1 139.74408 96.745903 2 137.010544 96.745903
56570 1 655.722229 82.413177 2 654.879395 82.413177
60339 1 680.804504 300.987244 2 639.124023 300.987244
59828 1 1074.954468 272.321808 2 1015.38385 272.321808
59182 1 297.404083 93.16272 2 294.55368 93.16272
59200 1 329.65271 89.579544 2 316.294983 89.579544
59036 1 895.79541 261.572266 2 868.678101 261.572266
59186 1 834.881348 268.738617 2 805.006836 268.738617
53388 1 702.303589 189.90863 2 686.799377 189.90863
53508 1 662.888611 161.243179 2 662.250488 161.243179
53433 1 634.223145 154.076813 2 627.979614 154.076813
54465 1 569.725891 236.48999 2 550.351501 236.48999
60490 1 154.076813 136.160904 2 148.252106 136.160904
54031 1 601.974487 139.74408 2 593.195374 139.74408
54809 1 268.738617 254.405899 2 238.299759 254.405899
