444
244.849807739 -18.988157272 155.143600464 0.029266724154294335 0.6545531192896392 -0.03249653053809386 0.7547500568986175
61829 1 533.0 264.0 2 503.474884 264.0
61943 1 475.0 169.0 2 468.129578 169.0
61944 1 775.0 75.0 2 770.072815 75.0
60550 1 321.0 169.0 2 311.818451 169.0
61941 1 373.0 110.0 2 355.568298 110.0
61946 1 283.200012 169.200012 2 275.494019 169.200012
61889 1 399.600006 217.200012 2 377.516724 217.200012
61637 1 1168.800049 250.800003 2 1113.220581 250.800003
61850 1 736.800049 232.800003 2 711.013123 232.800003
61791 1 920.400024 124.800003 2 882.521179 124.800003
56827 1 628.800049 36.0 2 627.978271 36.0
60649 1 716.400024 81.600006 2 711.408813 81.600006
54835 1 633.600037 159.600006 2 631.22406 159.600006
53471 1 570.0 42.0 2 568.618591 42.0
61952 1 373.200012 108.000008 2 355.278076 108.000008
61951 1 319.680023 168.480011 2 310.645111 168.480011
60208 1 475.200012 168.480011 2 467.542206 168.480011
61839 1 257.76001 243.360016 2 228.856934 243.360016
61766 1 480.960022 296.640015 2 439.609894 296.640015
61901 1 416.160004 204.480011 2 394.756927 204.480011
61886 1 311.040009 230.400009 2 288.009796 230.400009
61689 1 1146.23999 135.360001 2 1096.809326 135.360001
61778 1 972.000061 146.880005 2 932.352722 146.880005
61828 1 910.080017 207.360016 2 879.063843 207.360016
61798 1 869.76001 216.000015 2 834.456238 216.000015
61704 1 874.080017 324.0 2 824.396179 324.0
61843 1 673.920044 254.880005 2 646.747498 254.880005
61675 1 645.119995 326.880005 2 593.811523 326.880005
61769 1 756.0 300.960022 2 713.6474 300.960022
56326 1 671.040039 28.800001 2 670.191833 28.800001
61857 1 555.840027 250.560013 2 530.558777 250.560013
54534 1 594.720032 41.760002 2 593.846802 41.760002
61960 1 606.240051 144.0 2 597.29248 144.0
61940 1 435.456055 212.544022 2 415.922211 212.544022
61770 1 482.112061 295.488037 2 440.339966 295.488037
61885 1 311.040039 231.552017 2 287.645752 231.552017
61679 1 1128.384155 238.46402 2 1076.892822 238.46402
61684 1 1102.464111 236.736023 2 1051.289673 236.736023
61638 1 1169.856079 252.288025 2 1113.321167 252.288025
61620 1 1180.224121 273.024017 2 1121.518921 273.024017
61752 1 1169.856079 101.952011 2 1124.204712 101.952011
61693 1 1147.39209 134.784012 2 1098.57605 134.784012
61987 1 827.712097 207.360016 2 792.383789 207.360016
61817 1 848.448059 266.11203 2 813.886047 266.11203
61804 1 869.184082 216.000015 2 834.990662 216.000015
61678 1 787.968079 330.048035 2 736.583557 330.048035
61851 1 673.920044 255.744019 2 646.069031 255.744019
61384 1 649.728088 264.384033 2 619.588257 264.384033
61849 1 736.128052 231.552017 2 709.700623 231.552017
61672 1 644.544067 328.320038 2 594.58844 328.320038
61745 1 751.680054 316.22403 2 706.822205 316.22403
61711 1 711.936096 328.320038 2 661.758423 328.320038
61461 1 770.688049 67.392006 2 765.298645 67.392006
61813 1 851.904053 181.440018 2 818.725708 181.440018
60215 1 625.536072 105.408012 2 623.848145 105.408012
61835 1 537.408081 252.288025 2 509.035492 252.288025
61729 1 475.200043 321.40802 2 427.506134 321.40802
61026 1 345.600037 195.264023 2 327.822998 195.264023
61673 1 449.280029 333.504028 2 397.315063 333.504028
53976 1 594.432068 72.576004 2 593.395508 72.576004
61909 1 86.400009 39.744003 2 63.506828 39.744003
61377 1 850.176147 180.403229 2 816.789062 180.403229
61751 1 841.881714 315.187256 2 794.474487 315.187256
61696 1 1128.038574 238.464035 2 1076.731079 238.464035
61680 1 787.96814 329.702454 2 737.7547 329.702454
61022 1 537.0625 252.979233 2 508.504272 252.979233
61431 1 284.083252 51.840008 2 261.265106 51.840008
61834 1 673.920105 255.052841 2 646.60083 255.052841
60162 1 624.070801 194.088989 2 618.279663 194.088989
61481 1 626.227295 107.827217 2 624.121094 107.827217
61969 1 777.600098 141.004822 2 769.176025 141.004822
61507 1 373.248047 103.680016 2 355.354218 103.680016
61965 1 746.496094 103.680016 2 739.808411 103.680016
57983 1 663.552124 155.52002 2 662.031433 155.52002
61764 1 481.075256 296.524841 2 440.239502 296.524841
54854 1 595.123291 41.472008 2 593.784119 41.472008
61275 1 449.971252 333.84964 2 397.103058 333.84964
61264 1 406.425659 333.84964 2 349.121521 333.84964
61447 1 398.131256 217.728027 2 376.112762 217.728027
61018 1 344.217651 194.918427 2 326.760071 194.918427
61890 1 313.113647 232.243225 2 290.428619 232.243225
61423 1 215.654434 39.398407 2 191.238144 39.398407
61314 1 1169.51062 101.606415 2 1123.09314 101.606415
61916 1 85.017609 39.398407 2 61.958035 39.398407
61767 1 482.734161 296.110107 2 440.217163 296.110107
61936 1 151.787537 228.925476 2 132.195923 228.925476
58477 1 373.248047 104.509453 2 355.100769 104.509453
53672 1 597.196899 111.974419 2 594.515686 111.974419
61968 1 746.496094 104.509453 2 738.926025 104.509453
61814 1 186.624023 258.785309 2 153.738617 258.785309
61713 1 472.780853 323.481659 2 423.451447 323.481659
61409 1 731.566162 231.413788 2 705.23645 231.413788
61747 1 1104.814209 92.067856 2 1059.435913 92.067856
57557 1 64.696327 166.717468 2 57.554638 166.717468
58339 1 624.56842 194.088989 2 618.051147 194.088989
62014 1 121.927696 176.670746 2 115.026703 176.670746
61878 1 405.596222 209.018906 2 382.697723 209.018906
61317 1 1167.022217 104.509453 2 1120.377808 104.509453
61719 1 1134.674072 84.60289 2 1085.608276 84.60289
61895 1 311.040039 231.413788 2 287.250885 231.413788
61838 1 276.203552 241.367081 2 248.306915 241.367081
61730 1 1137.162354 176.670746 2 1090.213867 176.670746
61748 1 1189.417114 139.345947 2 1140.439087 139.345947
61040 1 534.988892 253.80867 2 507.073029 253.80867
61811 1 848.517212 179.159058 2 816.079102 179.159058
61812 1 846.028931 266.250275 2 812.883362 266.250275
60512 1 1102.325928 236.390427 2 1050.647949 236.390427
61972 1 373.248077 101.523476 2 354.801392 101.523476
60536 1 483.729523 293.820892 2 441.289032 293.820892
61824 1 528.519287 259.78067 2 498.214905 259.78067
61994 1 232.906799 197.074982 2 220.205215 197.074982
61726 1 1137.660156 176.173096 2 1090.731079 176.173096
61485 1 311.736786 232.906799 2 289.667664 232.906799
61840 1 274.710571 241.864746 2 246.669479 241.864746
52621 1 343.388214 194.088989 2 324.760956 194.088989
61862 1 671.846497 256.794678 2 643.997986 256.794678
61976 1 558.379089 191.103012 2 541.659546 191.103012
61480 1 98.537491 188.117035 2 88.841393 188.117035
55332 1 633.028748 161.243164 2 630.393982 161.243164
60591 1 746.496155 104.50946 2 738.668518 104.50946
58415 1 650.944641 268.738617 2 619.204407 268.738617
60988 1 845.03363 265.752625 2 812.348999 265.752625
60516 1 1104.814331 238.878769 2 1055.263916 238.878769
57994 1 698.720398 107.495445 2 692.55127 107.495445
57171 1 716.636353 82.413177 2 711.101807 82.413177
61004 1 652.139038 268.738617 2 621.052856 268.738617
60926 1 1096.453613 121.828178 2 1047.004761 121.828178
61837 1 272.321808 240.073166 2 246.632126 240.073166
52247 1 343.985443 193.491806 2 325.079224 193.491806
53681 1 591.224976 121.828178 2 590.473755 121.828178
60939 1 1168.117188 103.91227 2 1121.025391 103.91227
61499 1 372.650879 100.329086 2 354.543701 100.329086
60222 1 558.976318 240.073166 2 535.672607 240.073166
59766 1 605.557678 189.90863 2 598.532104 189.90863
61490 1 687.970886 222.157257 2 672.875488 222.157257
61989 1 684.387695 204.241348 2 673.489014 204.241348
58818 1 623.473572 193.491806 2 617.884644 193.491806
61724 1 1139.451782 175.575897 2 1091.411621 175.575897
61725 1 1146.618164 136.160904 2 1098.487793 136.160904
60976 1 870.713135 214.990891 2 834.661987 214.990891
55491 1 476.563141 161.243179 2 471.380524 161.243179
61790 1 985.374939 82.413177 2 948.366394 82.413177
60515 1 1160.950806 207.824539 2 1112.331055 207.824539
54163 1 154.076813 168.409531 2 145.690292 168.409531
51187 1 605.557678 143.327271 2 596.804504 143.327271
59793 1 455.064056 189.90863 2 438.436005 189.90863
60996 1 845.630859 265.155426 2 812.295044 265.155426
61349 1 974.625427 200.658173 2 939.268921 200.658173
60245 1 740.400024 24.0 2 738.851929 24.0
53488 1 568.800049 43.200001 2 567.821472 43.200001
61430 1 285.120026 50.400002 2 261.281708 50.400002
61915 1 725.760071 235.008026 2 704.150452 235.008026
61445 1 399.16803 217.728027 2 376.674347 217.728027
61051 1 675.993713 80.870415 2 670.216248 80.870415
58370 1 665.28009 155.52002 2 662.561401 155.52002
56674 1 136.85762 62.208008 2 111.7845 62.208008
61807 1 188.697632 259.200043 2 153.825424 259.200043
60994 1 649.451599 266.250275 2 620.067932 266.250275
50678 1 483.729492 191.103012 2 467.848328 191.103012
55766 1 627.056763 80.621582 2 625.329773 80.621582
61859 1 730.969055 229.323624 2 705.012268 229.323624
61853 1 745.301758 189.90863 2 723.144714 189.90863
54848 1 343.388214 194.088989 2 325.305054 194.088989
52076 1 606.154846 146.313248 2 596.524109 146.313248
61495 1 548.226807 204.241348 2 529.826233 204.241348
