455
133 -6.88 -268 -0.0369 -0.674 0.0355 0.737 
63194 1 522.0 157.0 2 516.807678 157.0
63909 1 392.0 53.0 2 367.847046 53.0
63895 1 524.0 250.0 2 499.090576 250.0
63880 1 350.0 201.0 2 322.844635 201.0
63862 1 333.0 222.0 2 304.401398 222.0
63901 1 369.0 47.0 2 344.576141 47.0
63714 1 1054.0 160.0 2 1007.998718 160.0
63921 1 1054.0 75.0 2 1031.435059 75.0
63568 1 816.0 207.0 2 799.875122 207.0
63798 1 846.0 285.0 2 813.043823 285.0
63865 1 514.0 266.0 2 485.778839 266.0
57120 1 547.0 101.0 2 545.991699 101.0
63577 1 538.0 50.0 2 537.351318 50.0
63565 1 516.0 110.0 2 514.57428 110.0
63785 1 223.0 232.0 2 189.506729 232.0
63807 1 109.0 180.0 2 76.617523 180.0
63885 1 363.600006 217.200012 2 336.848969 217.200012
63873 1 350.400024 200.400009 2 323.092224 200.400009
63670 1 373.200012 319.200012 2 314.565796 319.200012
63629 1 718.800049 97.200005 2 712.284607 97.200005
63920 1 385.200012 132.0 2 362.582581 132.0
63776 1 438.0 257.0 2 402.560638 257.0
63817 1 507.0 282.0 2 475.045197 282.0
63861 1 321.600006 225.600006 2 292.956085 225.600006
63663 1 1043.0 292.0 2 945.245178 292.0
63923 1 1054.800049 74.400002 2 1032.373291 74.400002
63916 1 1077.0 65.0 2 1053.651001 65.0
63388 1 1053.600098 159.600006 2 1007.847778 159.600006
63723 1 1104.0 155.0 2 1058.803833 155.0
63949 1 928.800049 175.200012 2 910.797241 175.200012
63936 1 883.0 220.0 2 863.651794 220.0
63713 1 796.0 320.0 2 749.746155 320.0
63741 1 790.0 313.0 2 747.45105 313.0
63569 1 658.0 230.0 2 642.432678 230.0
63688 1 624.0 332.400024 2 573.176331 332.400024
62739 1 692.400024 74.400002 2 685.905579 74.400002
62345 1 656.400024 76.800003 2 650.157349 76.800003
62381 1 682.0 107.0 2 675.608704 107.0
63575 1 762.0 144.0 2 750.999878 144.0
63584 1 508.800018 195.600006 2 500.734833 195.600006
63825 1 464.0 236.0 2 432.59613 236.0
63843 1 464.0 219.0 2 433.320831 219.0
63711 1 418.0 297.0 2 371.702454 297.0
63727 1 385.200012 283.200012 2 340.986115 283.200012
63199 1 483.600006 54.000004 2 482.666046 54.000004
55158 1 562.0 45.0 2 560.921997 45.0
62394 1 595.200012 168.0 2 593.420166 168.0
63578 1 398.400024 176.400009 2 389.596649 176.400009
63832 1 297.0 230.0 2 265.876068 230.0
63816 1 108.0 60.0 2 75.996536 60.0
63822 1 84.0 142.800003 2 52.271885 142.800003
63777 1 140.400009 220.800003 2 105.277275 220.800003
63757 1 171.600006 273.600006 2 132.11412 273.600006
63770 1 486.720032 290.880005 2 450.453827 290.880005
63754 1 229.200012 278.400024 2 189.546738 278.400024
63747 1 212.400009 280.800018 2 170.983612 280.800018
63906 1 393.600006 61.200001 2 369.325684 61.200001
63786 1 259.200012 224.640015 2 225.852966 224.640015
63495 1 322.559998 224.640015 2 294.514832 224.640015
63662 1 1042.800049 290.400024 2 945.040039 290.400024
63924 1 1054.080078 74.880005 2 1031.662842 74.880005
63917 1 1076.400024 64.800003 2 1053.13562 64.800003
63721 1 1104.0 154.800003 2 1058.695557 154.800003
63948 1 928.800049 175.680008 2 910.709229 175.680008
63946 1 945.600037 136.800003 2 927.433105 136.800003
63730 1 1020.960022 146.880005 2 977.234619 146.880005
63941 1 885.600037 222.000015 2 866.881042 222.000015
63739 1 789.600037 313.200012 2 746.910278 313.200012
63803 1 796.800049 286.800018 2 764.108032 286.800018
63939 1 684.0 234.000015 2 665.020996 234.000015
63580 1 658.080017 228.960007 2 642.848145 228.960007
62712 1 684.0 273.600006 2 653.90033 273.600006
63742 1 691.0 313.0 2 648.549683 313.0
63245 1 862.560059 30.240002 2 860.695679 30.240002
61071 1 691.200012 74.880005 2 685.037659 74.880005
54874 1 655.200012 77.760002 2 649.269226 77.760002
55770 1 633.600037 34.800003 2 632.773499 34.800003
63247 1 684.0 181.440002 2 678.867981 181.440002
58730 1 628.992065 162.432022 2 626.944824 162.432022
63536 1 529.920044 253.440002 2 505.579193 253.440002
63402 1 522.0 313.200012 2 480.062897 313.200012
63752 1 616.800049 309.600006 2 576.968262 309.600006
63130 1 463.200012 236.400009 2 431.750854 236.400009
63405 1 469.200012 316.800018 2 426.5513 316.800018
63693 1 442.800018 326.400024 2 392.50061 326.400024
63765 1 482.400024 292.800018 2 444.838776 292.800018
63708 1 436.800018 292.800018 2 389.906738 292.800018
52971 1 528.480042 48.960003 2 527.635315 48.960003
63201 1 483.840027 54.720001 2 482.499634 54.720001
53525 1 554.400024 79.200005 2 553.302063 79.200005
54720 1 555.724854 47.692806 2 554.494568 47.692806
54289 1 594.720032 168.480011 2 592.62561 168.480011
63249 1 588.960022 116.640007 2 586.950562 116.640007
63475 1 296.640015 230.400009 2 265.086121 230.400009
63455 1 112.800003 55.200001 2 80.154526 55.200001
63806 1 108.000008 180.0 2 75.604301 180.0
63761 1 506.880005 296.640015 2 469.018066 296.640015
63097 1 487.200012 290.400024 2 450.540436 290.400024
63792 1 252.288025 224.640015 2 219.13797 224.640015
63755 1 230.400009 277.920013 2 190.801682 277.920013
63779 1 184.896011 210.816025 2 149.988846 210.816025
63902 1 392.400024 54.000004 2 367.98822 54.000004
63879 1 326.592041 212.544022 2 299.430176 212.544022
63494 1 334.080017 201.600006 2 305.02359 201.600006
63660 1 1042.560059 290.880005 2 944.113464 290.880005
63907 1 1076.0 44.0 2 1051.769409 44.0
63712 1 1052.640015 159.840012 2 1006.369873 159.840012
63717 1 1103.040039 154.080002 2 1057.356323 154.080002
63588 1 943.200012 100.800003 2 925.678711 100.800003
63944 1 931.39209 176.256012 2 913.169434 176.256012
63938 1 882.720032 218.880005 2 863.511902 218.880005
63801 1 848.160034 285.120026 2 815.326538 285.120026
63630 1 684.288086 221.184021 2 671.608826 221.184021
63207 1 732.672058 165.888016 2 722.848999 165.888016
61920 1 587.520081 203.904022 2 580.934509 203.904022
63882 1 349.920013 200.160004 2 323.022614 200.160004
63057 1 469.440033 316.800018 2 426.460968 316.800018
63208 1 483.840057 53.568005 2 482.714996 53.568005
59753 1 589.248047 115.776009 2 587.101685 115.776009
63589 1 398.880005 177.12001 2 390.278198 177.12001
63899 1 383.616028 120.960014 2 359.044983 120.960014
63788 1 262.080017 233.280014 2 228.790497 233.280014
63783 1 241.920029 238.46402 2 208.008972 238.46402
63824 1 295.488037 231.552017 2 264.072266 231.552017
63876 1 298.944031 200.448013 2 271.697449 200.448013
63762 1 269.279999 272.160004 2 231.437271 272.160004
63700 1 108.000008 254.880005 2 58.548996 254.880005
63796 1 110.400002 61.200001 2 77.422066 61.200001
63833 1 120.960007 125.280006 2 89.874176 125.280006
63819 1 83.520004 142.560013 2 51.639008 142.560013
63933 1 1000.512085 82.944008 2 979.727905 82.944008
63758 1 391.910461 85.017609 2 352.604553 85.017609
63905 1 391.680023 53.280003 2 367.394958 53.280003
63396 1 790.560059 312.480011 2 747.752747 312.480011
63784 1 797.76001 286.559998 2 763.959595 286.559998
63729 1 571.968079 314.496033 2 527.851074 314.496033
63787 1 850.176086 285.120026 2 816.840271 285.120026
63556 1 1001.54895 78.796814 2 979.246887 78.796814
63385 1 1047.168091 160.70401 2 1001.346558 160.70401
63403 1 532.22406 314.496033 2 490.042664 314.496033
63867 1 522.547302 265.420837 2 494.445984 265.420837
60566 1 628.300903 163.814423 2 625.986694 163.814423
63463 1 466.800018 256.800018 2 435.679535 256.800018
55178 1 561.600037 45.600002 2 560.648438 45.600002
63750 1 247.104019 279.936035 2 206.689819 279.936035
63889 1 350.784027 200.448013 2 324.300262 200.448013
63732 1 126.144012 278.208038 2 82.8964 278.208038
62357 1 528.768066 49.766407 2 527.759705 49.766407
63826 1 118.195213 143.078415 2 86.831131 143.078415
63932 1 229.82402 114.048012 2 208.579666 114.048012
63869 1 331.776031 202.176025 2 303.929749 202.176025
63157 1 311.040039 209.433624 2 283.655365 209.433624
63763 1 294.451233 76.723213 2 256.679779 76.723213
63607 1 771.379333 215.654434 2 754.942932 215.654434
63555 1 1002.793091 129.392654 2 980.924866 129.392654
63790 1 852.249695 286.15683 2 818.986328 286.15683
63854 1 684.288086 273.71524 2 654.627136 273.71524
63716 1 1069.977783 149.299225 2 1024.165161 149.299225
63743 1 331.776062 273.71524 2 289.571442 273.71524
63603 1 831.098999 174.182419 2 816.179993 174.182419
63051 1 530.841675 313.113647 2 490.599487 313.113647
63852 1 121.927696 194.088989 2 91.80909 194.088989
63811 1 109.486099 196.577301 2 77.39267 196.577301
63756 1 269.568024 273.71524 2 230.022247 273.71524
63535 1 528.768066 252.979233 2 504.060211 252.979233
63760 1 487.710785 288.645172 2 448.896912 288.645172
60612 1 587.243591 206.530594 2 578.926941 206.530594
63625 1 681.799805 236.390427 2 662.883606 236.390427
63220 1 681.799805 218.972198 2 669.969177 218.972198
61076 1 609.638489 52.254726 2 608.753784 52.254726
63808 1 437.944397 246.343719 2 405.677124 246.343719
54535 1 544.942139 179.159058 2 538.733032 179.159058
63748 1 161.740829 277.862427 2 120.713692 277.862427
55204 1 594.708557 169.20578 2 592.224182 169.20578
63746 1 191.808014 278.208038 2 150.258942 278.208038
63473 1 267.494446 221.875229 2 235.24527 221.875229
63613 1 330.946594 164.229141 2 327.042542 164.229141
63158 1 350.784027 221.184021 2 323.543762 221.184021
63827 1 296.524841 230.169632 2 265.168701 230.169632
63878 1 350.438446 201.139221 2 323.240021 201.139221
63474 1 286.800018 222.000015 2 256.085358 222.000015
63072 1 616.896057 309.312042 2 576.272949 309.312042
63737 1 791.424072 312.768036 2 748.592834 312.768036
63940 1 888.192078 222.912018 2 869.347229 222.912018
63926 1 1055.462524 74.649612 2 1033.253906 74.649612
63551 1 537.477173 248.832031 2 514.02417 248.832031
63768 1 137.355286 223.948837 2 100.655365 223.948837
62768 1 612.126831 226.93483 2 599.102722 226.93483
57852 1 588.238953 206.032928 2 579.286011 206.032928
63618 1 731.566223 167.215134 2 720.084717 167.215134
63128 1 465.813599 256.794678 2 435.101624 256.794678
63813 1 131.040009 77.760002 2 98.984665 77.760002
63611 1 624.070801 110.48143 2 621.321228 110.48143
63619 1 561.365112 146.313248 2 550.357849 146.313248
62694 1 104.509453 179.159058 2 72.825027 179.159058
63844 1 116.951057 144.322586 2 86.335541 144.322586
63841 1 474.771545 86.593552 2 444.01001 86.593552
62766 1 308.551727 146.810898 2 299.155273 146.810898
63501 1 346.374207 226.93483 2 319.411011 226.93483
63881 1 328.458282 211.507233 2 301.39917 211.507233
63745 1 192.844833 277.862427 2 151.220749 277.862427
63445 1 261.273651 232.243225 2 228.456909 232.243225
63733 1 330.946594 273.71524 2 287.74762 273.71524
62666 1 241.864746 280.682556 2 202.845993 280.682556
57496 1 630.042725 161.243164 2 626.489258 161.243164
62759 1 851.005615 116.4534 2 835.64978 116.4534
63142 1 701.70636 278.691895 2 670.263794 278.691895
62343 1 686.776428 271.724609 2 658.188416 271.724609
63927 1 1003.290833 128.397339 2 981.337219 128.397339
63726 1 1109.790894 134.369293 2 1065.478394 134.369293
63704 1 1052.559448 159.252502 2 1003.964355 159.252502
63922 1 1077.442749 89.579529 2 1054.982422 89.579529
63842 1 370.262085 247.836716 2 339.567474 247.836716
63122 1 458.647247 247.239532 2 427.335114 247.239532
63767 1 487.312714 290.237701 2 450.183197 290.237701
62326 1 466.560059 257.126434 2 435.267242 257.126434
58327 1 587.641785 207.824539 2 578.323792 207.824539
63229 1 680.804504 240.073166 2 659.834351 240.073166
63766 1 279.488159 179.159088 2 242.332565 179.159088
63751 1 230.169632 277.862427 2 189.883591 277.862427
63397 1 191.103012 280.682556 2 148.456024 280.682556
63744 1 192.844833 263.347229 2 150.846786 263.347229
63836 1 477.757507 87.091209 2 446.819489 87.091209
63472 1 110.48143 170.201126 2 79.527359 170.201126
63835 1 116.4534 143.327255 2 85.461517 143.327255
54802 1 594.808167 168.409531 2 592.103699 168.409531
58739 1 557.383789 191.600662 2 553.402283 191.600662
59766 1 612.72406 143.327271 2 610.455139 143.327271
57104 1 587.641785 114.661812 2 583.964783 114.661812
57170 1 552.407104 82.114571 2 551.410217 82.114571
63239 1 477.757538 155.271194 2 475.718933 155.271194
63764 1 394.149963 98.537491 2 356.544617 98.537491
63734 1 128.994537 286.654541 2 85.827286 286.654541
63143 1 293.820892 232.906799 2 260.771973 232.906799
63447 1 261.273651 231.413788 2 228.105728 231.413788
63883 1 226.93483 203.046951 2 200.139359 203.046951
63160 1 286.15683 184.55043 2 258.01712 184.55043
63815 1 131.880981 77.137932 2 99.871132 77.137932
63738 1 329.65271 275.904999 2 286.882263 275.904999
62665 1 240.073166 279.488159 2 202.0858 279.488159
59731 1 630.639954 161.243179 2 626.381409 161.243179
62334 1 687.970886 272.321808 2 660.572876 272.321808
63562 1 1003.290833 125.411354 2 980.842712 125.411354
63518 1 378.0 22.0 2 352.456757 22.0
54056 1 559.0 128.0 2 557.014526 128.0
63422 1 322.800018 96.0 2 283.078278 96.0
63621 1 682.800049 106.800003 2 676.420349 106.800003
63400 1 486.000031 313.200012 2 444.892548 313.200012
63377 1 439.200012 344.160004 2 386.341553 344.160004
63067 1 315.360016 56.160004 2 273.833221 56.160004
62348 1 851.040039 119.520004 2 835.026428 119.520004
63458 1 112.320007 54.720001 2 79.671959 54.720001
63075 1 314.496033 55.296005 2 273.458832 55.296005
63470 1 711.936096 279.936035 2 680.491089 279.936035
63244 1 696.384094 203.904022 2 687.608826 203.904022
63204 1 864.000061 32.832005 2 862.258972 32.832005
63381 1 625.536072 333.504028 2 575.915161 333.504028
63453 1 112.320007 53.568005 2 79.193695 53.568005
63597 1 399.16803 177.984024 2 390.960358 177.984024
63073 1 617.932861 308.966431 2 577.02948 308.966431
63056 1 792.115295 313.113647 2 749.095032 313.113647
63386 1 1069.977783 149.299225 2 1024.940552 149.299225
63382 1 626.227295 331.776062 2 576.644043 331.776062
63448 1 105.753616 180.403229 2 73.642357 180.403229
63205 1 769.305725 151.372818 2 758.184326 151.372818
62743 1 777.600098 143.078415 2 768.115906 143.078415
63452 1 111.974419 51.840008 2 78.757011 51.840008
53900 1 597.196899 39.398407 2 596.555481 39.398407
63256 1 686.361694 41.472008 2 680.85199 41.472008
62653 1 528.519287 313.528381 2 488.489563 313.528381
63065 1 243.855392 278.691895 2 203.8349 278.691895
62372 1 629.545044 161.740829 2 626.492188 161.740829
63605 1 467.80423 57.231369 2 466.855499 57.231369
53845 1 554.895447 47.278088 2 554.176697 47.278088
63610 1 671.846497 104.509453 2 664.855896 104.509453
63398 1 156.764175 261.273651 2 115.080917 261.273651
63054 1 791.285889 313.528351 2 748.944641 313.528351
63450 1 80.621582 143.327255 2 49.469517 143.327255
63232 1 779.34198 110.48143 2 773.25647 110.48143
63509 1 361.304138 203.046951 2 335.275085 203.046951
63407 1 188.117035 268.738617 2 147.629059 268.738617
63052 1 794.271912 313.528381 2 750.537903 313.528381
57511 1 670.054993 103.91227 2 663.398621 103.91227
62338 1 114.661812 143.327271 2 84.2836 143.327271
63419 1 189.90863 265.155426 2 150.105591 265.155426
57578 1 594.808167 168.409531 2 592.103699 168.409531
51530 1 562.559509 146.910446 2 550.220947 146.910446
63443 1 261.572266 229.323624 2 227.871597 229.323624
51749 1 365.484528 179.159088 2 357.155365 179.159088
63217 1 730.969055 164.826355 2 719.595032 164.826355
