466
263.1403 -21.72636 156.3324 0.02821148523281489 0.6981912707639382 -0.0377501420832694 0.714358445251884
65444 1 578.0 153.0 2 575.569275 153.0
65518 1 364.0 187.0 2 353.163269 187.0
65750 1 685.0 71.0 2 677.291138 71.0
65724 1 556.0 239.0 2 533.969971 239.0
61782 1 537.0 103.0 2 534.792419 103.0
63990 1 458.0 95.0 2 456.991425 95.0
65837 1 403.0 94.0 2 401.486206 94.0
63971 1 572.400024 24.0 2 571.81311 24.0
65068 1 670.800049 22.800001 2 663.933228 22.800001
64678 1 458.400024 94.800003 2 456.817871 94.800003
65763 1 626.400024 60.000004 2 616.983887 60.000004
65745 1 502.800018 147.600006 2 497.352661 147.600006
65744 1 531.600037 174.0 2 527.578979 174.0
65757 1 334.800018 186.0 2 323.702606 186.0
63093 1 610.800049 48.0 2 603.202148 48.0
65755 1 698.400024 186.0 2 684.053467 186.0
64393 1 685.200012 70.800003 2 677.519104 70.800003
65483 1 746.400024 87.600006 2 731.955139 87.600006
65733 1 763.200012 232.800003 2 741.514343 232.800003
65072 1 877.824097 124.416016 2 856.03302 124.416016
65756 1 625.200012 129.600006 2 617.977234 129.600006
65716 1 620.400024 252.000015 2 594.435425 252.000015
65490 1 445.200012 192.0 2 434.084167 192.0
65758 1 421.200012 189.600006 2 410.517578 189.600006
65762 1 600.0 69.600006 2 592.58313 69.600006
65751 1 453.600006 140.400009 2 447.740143 140.400009
65778 1 253.200012 55.200001 2 252.74823 55.200001
56134 1 542.592041 158.976013 2 539.575745 158.976013
63917 1 452.160004 139.680008 2 446.505096 139.680008
65699 1 450.720032 254.880005 2 421.728546 254.880005
65883 1 698.400024 38.880001 2 690.888367 38.880001
65484 1 743.040039 126.720001 2 728.829895 126.720001
64665 1 756.0 122.400002 2 741.577454 122.400002
65486 1 698.400024 185.76001 2 684.216309 185.76001
63921 1 653.76001 95.040001 2 645.707092 95.040001
65858 1 642.240051 83.520004 2 634.302429 83.520004
54361 1 502.560028 106.560005 2 501.220825 106.560005
65664 1 907.200012 220.320007 2 874.571533 220.320007
65770 1 646.559998 214.560013 2 634.375549 214.560013
65723 1 760.320007 228.960007 2 737.814514 228.960007
65066 1 779.040039 123.840004 2 764.656555 123.840004
65082 1 875.888794 121.927696 2 853.812256 121.927696
61781 1 653.76001 44.640003 2 646.058411 44.640003
65774 1 691.200012 116.640007 2 683.662109 116.640007
65773 1 624.960022 129.600006 2 617.671082 129.600006
65684 1 358.560028 247.680008 2 328.528717 247.680008
65512 1 334.080017 185.76001 2 323.3125 185.76001
65777 1 367.200012 115.200005 2 362.670959 115.200005
65779 1 253.440002 56.160004 2 252.620911 56.160004
64721 1 207.360016 152.639999 2 202.297577 152.639999
64338 1 228.096024 143.424011 2 224.386795 143.424011
65752 1 1208.160034 103.680008 2 1174.784546 103.680008
65688 1 1111.680054 37.440002 2 1082.253418 37.440002
64383 1 717.120056 177.984024 2 700.987244 177.984024
65761 1 694.656067 157.248016 2 683.131348 157.248016
65410 1 449.280029 255.744019 2 420.659241 255.744019
65787 1 708.480042 95.040009 2 699.904114 95.040009
65492 1 316.22403 184.896011 2 305.246979 184.896011
65374 1 1042.108643 244.850739 2 1005.243164 244.850739
65708 1 809.280029 236.160004 2 781.642029 236.160004
65411 1 858.816101 191.808014 2 830.708862 191.808014
65788 1 654.912048 231.552017 2 637.046875 231.552017
65071 1 760.320068 228.096024 2 738.909241 228.096024
65610 1 665.28009 333.504028 2 613.681152 333.504028
57359 1 654.912048 44.928005 2 646.760376 44.928005
65786 1 746.496094 88.128006 2 733.049133 88.128006
65727 1 478.656036 236.736023 2 455.965485 236.736023
65496 1 527.040039 198.720016 2 517.714905 198.720016
65428 1 620.352051 250.560028 2 594.955627 250.560028
64314 1 421.63205 190.080017 2 411.210236 190.080017
65859 1 535.680054 100.224007 2 533.393677 100.224007
57512 1 509.76004 32.832005 2 508.928101 32.832005
61349 1 599.270508 70.502411 2 591.884583 70.502411
65520 1 575.424072 143.424011 2 572.772278 143.424011
65794 1 335.232025 50.112003 2 334.510956 50.112003
65783 1 366.336029 115.776009 2 362.478546 115.776009
65085 1 241.920029 191.808014 2 229.446686 191.808014
64680 1 273.024017 162.432022 2 261.520782 162.432022
65487 1 315.187256 184.55043 2 305.171448 184.55043
65152 1 418.867249 41.472008 2 417.634613 41.472008
65796 1 412.646454 41.472008 2 411.716187 41.472008
62667 1 526.694458 199.065628 2 517.223022 199.065628
65452 1 323.481659 47.692806 2 322.170502 47.692806
60504 1 578.534485 153.446426 2 574.964355 153.446426
63961 1 638.668884 172.108826 2 633.526672 172.108826
65626 1 543.283264 321.408051 2 496.967438 321.408051
65814 1 362.880066 176.256027 2 353.000366 176.256027
65355 1 410.572845 282.009644 2 372.974182 282.009644
65670 1 1099.008179 107.827217 2 1066.5 107.827217
65713 1 933.120117 89.16481 2 907.831238 89.16481
65058 1 1018.137756 64.281609 2 992.164551 64.281609
65038 1 912.384155 221.875229 2 879.445801 221.875229
65089 1 655.25769 230.169632 2 637.311951 230.169632
65080 1 644.889709 215.654434 2 631.322815 215.654434
65766 1 756.864136 105.753616 2 741.553589 105.753616
65738 1 476.92807 236.390427 2 455.427795 236.390427
65718 1 620.00647 250.90564 2 595.267761 250.90564
65722 1 553.651306 240.537628 2 531.077332 240.537628
65402 1 373.248047 246.758438 2 343.109833 246.758438
65418 1 449.971252 257.126434 2 421.249512 257.126434
64324 1 420.940857 188.697632 2 410.192261 188.697632
65327 1 342.144043 321.408051 2 288.697205 321.408051
65624 1 356.659241 290.304047 2 312.667206 290.304047
53899 1 474.854462 39.398407 2 474.311035 39.398407
65521 1 580.608093 145.152023 2 576.25238 145.152023
65504 1 396.057648 45.619205 2 394.462646 45.619205
65849 1 242.611237 192.844833 2 229.354019 192.844833
65701 1 255.052841 236.390427 2 225.465042 236.390427
65846 1 271.641632 161.740829 2 260.588226 161.740829
65157 1 599.685181 69.672974 2 591.841064 69.672974
65809 1 487.710785 184.135712 2 480.106934 184.135712
64339 1 278.691895 161.740829 2 266.14978 161.740829
65802 1 644.474976 213.995544 2 629.947754 213.995544
57816 1 522.547302 176.670746 2 517.721619 176.670746
56187 1 515.082336 154.275864 2 511.009583 154.275864
64309 1 206.530594 151.787537 2 201.456863 151.787537
65417 1 447.897675 258.785309 2 420.098755 258.785309
65620 1 368.271423 308.551727 2 319.118134 308.551727
65801 1 408.084534 291.133484 2 367.915222 291.133484
65404 1 806.21582 213.995544 2 778.062805 213.995544
65693 1 1084.907715 74.649612 2 1055.072021 74.649612
62197 1 766.402649 114.462738 2 752.894287 114.462738
65392 1 373.248047 246.343719 2 343.151123 246.343719
62725 1 534.988892 102.021133 2 532.443848 102.021133
64356 1 502.640717 104.509453 2 500.318756 104.509453
59525 1 577.290344 154.275864 2 574.31897 154.275864
65159 1 577.290344 144.322586 2 574.496155 144.322586
64722 1 420.526154 189.11235 2 410.773224 189.11235
65137 1 594.708557 204.042267 2 584.772583 204.042267
65798 1 258.785309 54.74305 2 257.581696 54.74305
65143 1 572.31366 97.044495 2 570.16571 97.044495
62237 1 756.449402 104.509453 2 741.17981 104.509453
65463 1 734.054504 52.254726 2 720.683533 52.254726
65807 1 365.783081 114.462738 2 361.907654 114.462738
65488 1 462.827576 164.229141 2 454.811798 164.229141
65454 1 1020.211365 62.208008 2 993.994751 62.208008
65406 1 447.897675 256.794678 2 419.239288 256.794678
65735 1 474.771545 238.878769 2 452.217194 238.878769
65136 1 653.930603 232.906799 2 635.000488 232.906799
59060 1 525.533264 200.060959 2 516.569946 200.060959
65353 1 409.079895 283.668549 2 369.61853 283.668549
64655 1 1110.786255 158.257187 2 1077.890259 158.257187
65687 1 373.248077 244.850739 2 343.103058 244.850739
58682 1 576.295044 152.285217 2 574.776855 152.285217
65704 1 812.187805 235.892776 2 784.743103 235.892776
65052 1 806.21582 214.990891 2 777.918579 214.990891
65818 1 707.678345 92.565521 2 699.344238 92.565521
65407 1 253.808685 235.892776 2 224.215775 235.892776
65852 1 238.878769 191.103012 2 226.83757 191.103012
65435 1 552.407166 241.864746 2 530.313354 241.864746
64361 1 594.210938 203.046951 2 583.722595 203.046951
65826 1 388.177979 161.243164 2 380.532135 161.243164
64355 1 262.766632 161.243164 2 255.185699 161.243164
64745 1 468.799591 194.088989 2 455.44101 194.088989
53974 1 424.009796 188.117035 2 413.93866 188.117035
56556 1 540.463196 158.257187 2 538.852966 158.257187
63512 1 637.806335 171.992722 2 633.179077 171.992722
65526 1 627.056763 168.409531 2 623.468994 168.409531
54354 1 490.895874 182.742264 2 483.261322 182.742264
63931 1 623.473572 250.822708 2 599.255676 250.822708
63966 1 652.139038 229.323624 2 633.507568 229.323624
51522 1 168.409531 128.994537 2 164.07019 128.994537
65737 1 594.808167 236.48999 2 572.89679 236.48999
61302 1 523.144531 204.241348 2 512.430908 204.241348
54536 1 512.394958 107.495445 2 510.930115 107.495445
65729 1 874.296326 118.244995 2 852.108826 118.244995
65741 1 881.462708 82.413177 2 860.614929 82.413177
63941 1 935.210388 85.996361 2 908.243774 85.996361
65351 1 408.482697 283.07135 2 369.833588 283.07135
65825 1 358.318176 207.824539 2 341.751923 207.824539
65731 1 472.97998 240.073166 2 453.450623 240.073166
65117 1 437.148163 189.90863 2 426.833984 189.90863
64386 1 806.215881 214.990891 2 777.072144 214.990891
65676 1 1100.036743 107.495445 2 1069.499878 107.495445
65689 1 1085.703979 71.663635 2 1058.888184 71.663635
65501 1 716.636353 179.159088 2 699.094849 179.159088
55880 1 386.983612 161.243179 2 380.936096 161.243179
65829 1 365.484528 128.994537 2 361.041412 128.994537
64369 1 594.808167 204.241348 2 585.443848 204.241348
65118 1 254.405899 164.826355 2 244.499435 164.826355
65886 1 655.722229 200.658173 2 647.065247 200.658173
59639 1 533.894043 100.329086 2 530.976196 100.329086
64390 1 501.645416 68.080452 2 500.691284 68.080452
65830 1 680.804504 146.910446 2 670.452637 146.910446
56201 1 541.060425 157.659988 2 539.073242 157.659988
63508 1 670.054993 265.155426 2 640.390259 265.155426
65381 1 1053.455444 250.822708 2 1018.831909 250.822708
64304 1 1039.122681 243.656357 2 1003.962708 243.656357
66100 1 620.0 253.0 2 594.089355 253.0
65069 1 284.0 134.0 2 272.512085 134.0
65067 1 654.0 44.0 2 646.379822 44.0
65977 1 249.0 261.0 2 209.076599 261.0
65997 1 1045.0 245.0 2 1009.718567 245.0
66009 1 930.0 227.0 2 897.092834 227.0
66010 1 1101.0 151.0 2 1068.165649 151.0
66016 1 1098.0 108.0 2 1065.332275 108.0
66114 1 970.0 61.0 2 945.103333 61.0
66089 1 1015.0 54.0 2 988.608459 54.0
66069 1 818.0 200.0 2 790.0 200.0
66035 1 861.0 232.0 2 829.214478 232.0
66067 1 859.0 192.0 2 830.940857 192.0
65968 1 856.0 305.0 2 814.253784 305.0
65988 1 892.0 284.0 2 854.266479 284.0
66126 1 719.0 249.0 2 695.852417 249.0
66163 1 748.0 195.0 2 728.81488 195.0
66154 1 770.0 155.0 2 749.733887 155.0
66133 1 879.0 127.0 2 856.858276 127.0
66139 1 170.0 223.0 2 148.467331 223.0
65980 1 270.0 255.600006 2 230.481705 255.600006
65972 1 356.400024 290.400024 2 315.528534 290.400024
66021 1 436.0 266.0 2 403.513977 266.0
65075 1 769.200012 132.0 2 754.583252 132.0
66107 1 478.0 253.0 2 452.631256 253.0
66063 1 451.0 255.0 2 422.581146 255.0
66146 1 478.800018 241.200012 2 457.609833 241.200012
65956 1 381.0 305.0 2 335.143707 305.0
66027 1 913.0 221.0 2 880.824097 221.0
65947 1 993.0 317.0 2 945.403259 317.0
66015 1 1098.0 108.000008 2 1065.329468 108.000008
66075 1 810.0 238.0 2 782.40271 238.0
66108 1 788.0 205.0 2 762.670044 205.0
66041 1 860.400024 231.600006 2 829.260193 231.600006
66167 1 747.600037 193.200012 2 728.86377 193.200012
65990 1 670.800049 289.200012 2 633.373657 289.200012
65963 1 547.0 308.0 2 503.094727 308.0
65935 1 496.0 327.0 2 445.788116 327.0
66040 1 607.200012 273.600006 2 575.785156 273.600006
66130 1 377.0 210.0 2 354.516998 210.0
65485 1 445.0 193.0 2 433.86203 193.0
65447 1 332.0 50.0 2 331.016144 50.0
66116 1 324.0 237.600006 2 299.247345 237.600006
64669 1 446.0 118.0 2 444.299255 118.0
65882 1 698.400024 36.0 2 690.861084 36.0
65955 1 357.600006 290.400024 2 311.502563 290.400024
65957 1 406.080017 316.800018 2 360.503571 316.800018
65841 1 745.920044 118.080002 2 731.571167 118.080002
66058 1 450.000031 255.600006 2 421.432526 255.600006
65928 1 344.400024 321.600006 2 291.368347 321.600006
64394 1 642.240051 83.520004 2 634.302429 83.520004
66115 1 449.280029 180.0 2 424.4935 180.0
65943 1 387.360016 322.559998 2 339.221893 322.559998
66046 1 1116.0 101.0 2 1085.568237 101.0
66123 1 931.680054 90.720001 2 908.3349 90.720001
66086 1 1015.200012 54.000004 2 988.475769 54.000004
66124 1 787.200012 205.200012 2 763.914917 205.200012
65975 1 849.600037 301.200012 2 809.243225 301.200012
65992 1 892.800049 283.680023 2 855.851685 283.680023
66168 1 658.0 233.0 2 639.666992 233.0
66135 1 764.0 233.0 2 742.018982 233.0
65952 1 630.0 319.200012 2 583.490112 319.200012
66144 1 869.76001 79.200005 2 848.53363 79.200005
66078 1 827.0 177.0 2 799.855286 177.0
66156 1 770.400024 153.600006 2 750.255615 153.600006
63495 1 779.040039 123.840004 2 764.656555 123.840004
66145 1 881.280029 146.880005 2 860.05542 146.880005
65981 1 424.800018 297.600006 2 385.361969 297.600006
54331 1 476.400024 34.800003 2 475.295044 34.800003
66072 1 258.0 235.200012 2 230.315201 235.200012
66068 1 70.800003 237.600006 2 42.753021 237.600006
66011 1 913.200012 220.800003 2 880.367676 220.800003
64744 1 541.440002 181.440002 2 536.227844 181.440002
65944 1 366.0 307.200012 2 318.15097 307.200012
66050 1 449.280029 267.840027 2 419.674438 267.840027
66012 1 1094.400024 181.440002 2 1061.680054 181.440002
66004 1 1102.464111 119.23201 2 1069.01001 119.23201
66057 1 943.200012 63.360001 2 914.47345 63.360001
66103 1 1018.800049 64.800003 2 993.035217 64.800003
66132 1 763.200012 213.12001 2 740.851746 213.12001
65623 1 629.280029 318.240021 2 582.865845 318.240021
66151 1 770.400024 154.080002 2 749.765259 154.080002
66141 1 880.800049 147.600006 2 859.337524 147.600006
66025 1 606.240051 272.160004 2 573.995422 272.160004
65983 1 424.800018 298.080017 2 385.826019 298.080017
65519 1 627.264038 172.800018 2 623.410828 172.800018
65915 1 300.0 314.400024 2 242.756516 314.400024
66018 1 192.0 246.000015 2 159.463104 246.000015
65913 1 167.616013 302.400024 2 106.217125 302.400024
66022 1 439.200012 270.720001 2 406.751953 270.720001
65987 1 416.448029 290.304016 2 378.52887 290.304016
64687 1 655.25769 97.459213 2 647.502258 97.459213
65877 1 306.892853 180.403229 2 295.796173 180.403229
65945 1 372.960022 309.600006 2 325.14978 309.600006
65976 1 394.800018 285.600006 2 354.556061 285.600006
65986 1 395.712036 273.024017 2 357.778564 273.024017
64652 1 912.384155 221.875229 2 879.445801 221.875229
66076 1 1086.566528 74.649612 2 1058.986938 74.649612
66007 1 1103.155396 120.268814 2 1070.161377 120.268814
66066 1 806.976074 212.544022 2 778.830444 212.544022
65985 1 671.040039 289.440002 2 633.046631 289.440002
65964 1 623.52002 308.160004 2 580.250366 308.160004
66153 1 766.080017 162.720001 2 745.533508 162.720001
65847 1 686.361694 72.576012 2 678.849426 72.576012
62695 1 653.184082 49.766407 2 646.356079 49.766407
65102 1 691.200073 115.776009 2 683.520386 115.776009
65458 1 620.352051 203.904022 2 609.958923 203.904022
66033 1 606.528076 273.024017 2 574.672974 273.024017
66093 1 371.52005 209.088013 2 345.424438 209.088013
66044 1 449.971252 269.568024 2 419.394226 269.568024
60458 1 534.988892 99.532814 2 532.408997 99.532814
66056 1 255.744019 235.008026 2 227.005798 235.008026
66038 1 296.524841 246.758438 2 264.853729 246.758438
65960 1 355.968048 290.304016 2 311.248993 290.304016
65993 1 335.52002 259.200012 2 298.695282 259.200012
65931 1 228.096039 294.451233 2 175.7435 294.451233
50886 1 196.800003 60.000004 2 196.028656 60.000004
63940 1 659.404907 201.553955 2 648.518555 201.553955
65362 1 407.52002 277.920013 2 369.686737 277.920013
66036 1 414.720062 255.052841 2 382.993103 255.052841
66030 1 437.944397 271.226929 2 405.91394 271.226929
66032 1 1102.325928 121.927696 2 1070.442383 121.927696
66049 1 1084.907715 74.649612 2 1055.072021 74.649612
66079 1 933.120117 156.764175 2 906.06958 156.764175
66039 1 300.672028 241.920029 2 269.193451 241.920029
66148 1 837.734497 55.987209 2 816.950623 55.987209
66105 1 933.120117 88.128006 2 907.619324 88.128006
66059 1 211.507233 236.390427 2 182.969971 236.390427
66045 1 373.248047 245.376022 2 342.745026 245.376022
65469 1 425.502777 97.044495 2 423.910339 97.044495
66158 1 770.688049 153.792007 2 750.674927 153.792007
66152 1 836.075623 57.231369 2 815.447693 57.231369
65811 1 734.054504 52.254726 2 720.683533 52.254726
65851 1 686.776428 72.161293 2 679.40802 72.161293
64649 1 669.772888 263.347229 2 640.612 263.347229
66104 1 1018.080017 64.800003 2 992.52002 64.800003
65982 1 425.502777 298.59845 2 386.496765 298.59845
65979 1 409.536041 295.488037 2 369.789337 295.488037
64679 1 444.960022 118.080002 2 443.850891 118.080002
66134 1 881.280151 147.225616 2 859.144348 147.225616
66023 1 296.110107 246.343719 2 263.761963 246.343719
66137 1 881.280151 82.944016 2 859.617126 82.944016
66147 1 836.075684 56.733707 2 815.272583 56.733707
65709 1 811.192444 236.390427 2 783.611694 236.390427
65112 1 471.785553 89.579536 2 470.082703 89.579536
65824 1 424.009796 95.551506 2 422.905548 95.551506
65456 1 707.040039 95.040001 2 699.502075 95.040001
63538 1 534.988892 72.161293 2 534.006042 72.161293
64724 1 594.210938 235.892776 2 572.995117 235.892776
66121 1 467.80423 241.367081 2 443.977936 241.367081
61308 1 525.035583 199.065628 2 516.187134 199.065628
65967 1 395.642944 293.621796 2 353.614288 293.621796
65969 1 931.627197 158.257187 2 889.995605 158.257187
66098 1 1019.520081 63.936005 2 993.572021 63.936005
66071 1 664.381531 261.273651 2 636.6745 261.273651
66024 1 254.405899 236.48999 2 222.084625 236.48999
65478 1 400.121918 95.551506 2 398.65155 95.551506
66077 1 447.897705 257.989075 2 420.601379 257.989075
63943 1 716.63623 154.275864 2 703.757263 154.275864
55864 1 512.394958 107.495445 2 510.930115 107.495445
56570 1 534.491211 71.663628 2 533.64917 71.663628
63136 1 532.500549 196.577301 2 524.979126 196.577301
65475 1 419.232239 143.327271 2 415.022522 143.327271
66138 1 880.865417 146.810898 2 859.328369 146.810898
66002 1 1102.464111 150.336014 2 1068.538696 150.336014
64301 1 1042.606201 246.343719 2 1006.725769 246.343719
66117 1 931.627197 86.593552 2 906.938965 86.593552
