467
153 -3.12 -268 -0.0317 -0.701 0.0336 0.712 
65797 1 781.0 124.0 2 766.868958 124.0
63565 1 454.0 97.0 2 452.580231 97.0
65791 1 599.0 24.0 2 598.320007 24.0
65667 1 1140.480103 28.800001 2 1109.618896 28.800001
65772 1 774.0 155.0 2 752.437195 155.0
65446 1 620.400024 91.200005 2 612.486877 91.200005
65379 1 622.800049 61.200001 2 614.202454 61.200001
65109 1 691.200012 46.800003 2 683.298584 46.800003
63956 1 573.600037 153.600006 2 571.076721 153.600006
65358 1 525.600037 175.200012 2 521.369324 175.200012
65794 1 645.0 73.0 2 636.929138 73.0
65640 1 417.600006 274.800018 2 382.639404 274.800018
65709 1 1035.0 47.0 2 1006.413025 47.0
65696 1 819.600037 242.400009 2 789.680237 242.400009
65690 1 828.0 203.0 2 798.33783 203.0
65655 1 875.0 238.0 2 841.673401 238.0
64779 1 650.400024 43.200001 2 642.516113 43.200001
65720 1 617.0 259.0 2 589.186646 259.0
64728 1 435.600006 194.400009 2 423.841217 194.400009
55857 1 493.200012 88.800003 2 492.410828 88.800003
59779 1 535.200012 31.200001 2 534.213684 31.200001
65359 1 498.000031 148.800003 2 491.858978 148.800003
63199 1 423.600006 39.600002 2 422.695831 39.600002
65805 1 370.800018 147.600006 2 364.530518 147.600006
65808 1 303.600006 187.200012 2 292.261688 187.200012
65375 1 318.0 49.200001 2 317.293488 49.200001
65924 1 580.0 24.0 2 579.28125 24.0
53814 1 554.400024 31.200001 2 553.317078 31.200001
65572 1 350.400024 321.600006 2 299.587067 321.600006
65571 1 322.559998 305.279999 2 272.183533 305.279999
65383 1 558.720032 149.76001 2 555.884338 149.76001
65472 1 218.880005 144.0 2 213.777863 144.0
62394 1 537.119995 159.840012 2 534.814209 159.840012
65870 1 518.400024 163.200012 2 513.174316 163.200012
64350 1 745.920044 86.400002 2 731.511169 86.400002
62345 1 606.240051 47.52 2 598.4422 47.52
65061 1 744.480042 126.720001 2 728.993103 126.720001
63575 1 757.440002 122.400002 2 742.544128 122.400002
63629 1 682.559998 72.0 2 674.538147 72.0
65763 1 468.000031 246.000015 2 445.544891 246.000015
64411 1 650.880005 95.040001 2 642.656006 95.040001
65133 1 440.640015 119.520004 2 438.911987 119.520004
65661 1 874.800049 237.600006 2 841.516235 237.600006
65811 1 645.600037 218.400009 2 631.848511 218.400009
65055 1 764.640015 233.280014 2 740.68573 233.280014
65781 1 750.0 197.0 2 730.358154 197.0
64352 1 698.400024 188.400009 2 682.151672 188.400009
65774 1 773.280029 154.080002 2 752.170654 154.080002
65504 1 695.52002 36.0 2 687.466431 36.0
61071 1 651.456055 44.928005 2 643.188477 44.928005
65063 1 688.320007 116.640007 2 680.889954 116.640007
65340 1 548.640015 243.360016 2 525.188599 243.360016
64722 1 519.840027 200.160004 2 510.649689 200.160004
65333 1 616.800049 256.800018 2 589.76178 256.800018
65660 1 603.600037 283.200012 2 568.363281 283.200012
53525 1 498.240021 66.240005 2 496.541351 66.240005
61924 1 620.640015 90.720001 2 612.81958 90.720001
65374 1 472.320007 36.0 2 470.764008 36.0
63201 1 423.360016 40.32 2 422.520691 40.32
65395 1 360.0 116.640007 2 355.754425 116.640007
65060 1 322.559998 188.640015 2 311.292206 188.640015
65830 1 218.880005 61.920002 2 218.180908 61.920002
42306 1 247.680008 57.600002 2 247.074646 57.600002
65394 1 318.240021 48.960003 2 317.136688 48.960003
65839 1 317.952026 50.112003 2 317.128571 50.112003
60632 1 537.408081 183.168015 2 532.135803 183.168015
65876 1 717.120056 180.0 2 700.598022 180.0
65066 1 717.120056 153.792007 2 701.033325 153.792007
65316 1 435.456055 262.656036 2 405.16452 262.656036
65809 1 80.400002 45.600002 2 64.363487 45.600002
65647 1 932.400024 225.600006 2 897.055603 225.600006
65750 1 767.232056 216.000015 2 743.755493 216.000015
65403 1 654.912048 235.008026 2 635.50946 235.008026
65387 1 645.119995 217.440002 2 631.523438 217.440002
65785 1 750.0 196.800003 2 730.197327 196.800003
65769 1 774.144043 153.792007 2 753.388855 153.792007
64422 1 682.560059 70.848007 2 674.710144 70.848007
65880 1 689.472046 117.504013 2 681.098999 117.504013
65816 1 520.128052 200.448013 2 511.262146 200.448013
65645 1 603.072083 283.392029 2 568.245544 283.392029
63584 1 411.264038 191.808014 2 399.832581 191.808014
65600 1 402.624023 312.768036 2 359.321564 312.768036
64793 1 530.496033 101.952011 2 528.645874 101.952011
54874 1 606.528076 48.384003 2 599.031555 48.384003
65836 1 387.072021 91.584007 2 386.037109 91.584007
65409 1 331.776031 50.112003 2 330.193054 50.112003
64794 1 407.808044 43.200005 2 406.926453 43.200005
65456 1 226.368027 195.264023 2 212.858307 195.264023
65302 1 335.52002 256.320007 2 301.506927 256.320007
63585 1 304.128021 186.624023 2 293.220215 186.624023
65412 1 248.832031 57.024006 2 247.19104 57.024006
65461 1 219.456024 145.152008 2 214.866455 145.152008
65706 1 1033.920044 47.52 2 1005.934143 47.52
63605 1 408.499268 43.545605 2 406.944183 43.545605
63975 1 568.166504 99.532814 2 566.366638 99.532814
64976 1 383.616058 290.304047 2 341.775543 290.304047
65592 1 369.100861 298.59845 2 324.727142 298.59845
65885 1 329.702454 51.840008 2 329.114929 51.840008
65421 1 317.260834 49.766407 2 316.886078 49.766407
65670 1 432.000031 273.024017 2 400.292114 273.024017
65027 1 435.456055 263.347229 2 404.141724 263.347229
65296 1 414.720032 267.840027 2 380.426147 267.840027
65289 1 1132.185791 103.680016 2 1095.77063 103.680016
65326 1 821.145691 241.367081 2 791.573975 241.367081
65339 1 765.504089 233.280029 2 740.894958 233.280029
65386 1 653.76001 236.160004 2 634.591919 236.160004
65404 1 644.544067 217.728027 2 630.347473 217.728027
65767 1 889.574524 55.987209 2 867.97229 55.987209
60235 1 644.889709 76.723213 2 637.088318 76.723213
63247 1 634.521667 174.182419 2 629.174561 174.182419
65044 1 616.896057 257.472015 2 589.688354 257.472015
65598 1 401.76001 312.480011 2 358.874786 312.480011
65603 1 371.174438 284.083252 2 329.330322 284.083252
65130 1 449.971252 97.459213 2 448.284088 97.459213
65082 1 352.512054 178.32962 2 342.41214 178.32962
65678 1 226.02243 242.611237 2 194.872604 242.611237
64700 1 669.358154 271.226929 2 636.796448 271.226929
64993 1 1074.954346 253.80867 2 1035.598999 253.80867
60566 1 572.31366 156.764175 2 569.528381 156.764175
65342 1 470.292542 246.343719 2 447.018829 246.343719
65353 1 465.315918 241.367081 2 442.7164 241.367081
65650 1 420.526154 281.180206 2 385.400269 281.180206
64708 1 432.967743 263.761963 2 403.919373 263.761963
65116 1 537.477173 159.252502 2 534.665771 159.252502
64735 1 617.103455 256.296997 2 590.537415 256.296997
65724 1 1042.606201 57.231369 2 1014.382507 57.231369
65687 1 814.924927 217.728027 2 784.364319 217.728027
65325 1 373.248047 243.648026 2 345.04541 243.648026
63974 1 589.731934 206.530594 2 580.571899 206.530594
65433 1 634.521667 174.182419 2 629.595032 174.182419
65087 1 360.806458 116.951057 2 355.131439 116.951057
65089 1 530.012207 102.021133 2 527.589966 102.021133
65085 1 497.664062 105.753616 2 496.174133 105.753616
65883 1 717.465698 180.403229 2 699.833374 180.403229
65576 1 323.481659 306.892853 2 272.007721 306.892853
65084 1 617.932861 174.182419 2 613.620789 174.182419
65119 1 420.526154 97.044495 2 418.506775 97.044495
57187 1 463.200012 40.800003 2 462.230011 40.800003
64376 1 412.646454 192.844833 2 401.554291 192.844833
65418 1 642.816101 217.728027 2 628.016357 217.728027
61460 1 756.449402 104.509453 2 741.200012 104.509453
65338 1 544.942139 251.320358 2 521.335938 251.320358
65850 1 684.288086 72.161293 2 676.700012 72.161293
65656 1 395.642944 263.761963 2 360.693329 263.761963
55204 1 537.477234 158.257187 2 534.437317 158.257187
65354 1 468.633667 246.758438 2 446.413513 246.758438
61446 1 766.402649 114.462738 2 751.855225 114.462738
65623 1 1138.752075 115.776009 2 1104.245605 115.776009
65344 1 885.427307 124.416016 2 862.116699 124.416016
65771 1 769.305725 165.888031 2 747.785828 165.888031
65427 1 304.570435 188.117035 2 293.565796 188.117035
65642 1 265.752625 253.808685 2 230.763916 253.808685
64387 1 465.813599 86.593552 2 464.538605 86.593552
65023 1 815.173767 217.976868 2 784.876465 217.976868
65700 1 950.538391 156.764175 2 921.796387 156.764175
65033 1 432.967773 265.752625 2 403.529602 265.752625
65855 1 301.584442 62.705677 2 300.525543 62.705677
65401 1 705.600037 96.480003 2 696.785339 96.480003
65910 1 716.63623 181.647385 2 698.464233 181.647385
65147 1 644.972656 77.635597 2 638.12384 77.635597
65090 1 395.642944 94.556175 2 393.633789 94.556175
52669 1 498.659424 107.495445 2 495.63681 107.495445
57195 1 531.505249 74.649612 2 529.842285 74.649612
57852 1 520.05896 201.553955 2 510.782959 201.553955
65100 1 379.220032 161.243164 2 373.87619 161.243164
56288 1 355.332153 176.173096 2 345.002808 176.173096
63983 1 413.061188 191.600662 2 401.822113 191.600662
65140 1 656.916626 203.046951 2 644.334351 203.046951
65859 1 444.911713 140.341278 2 439.046906 140.341278
63936 1 1074.954468 253.808685 2 1035.071533 253.808685
52474 1 483.729492 185.131042 2 475.459076 185.131042
64381 1 716.636292 182.145065 2 697.941345 182.145065
64756 1 713.053162 154.076813 2 701.148071 154.076813
65349 1 462.230438 243.656357 2 439.884033 243.656357
64385 1 415.051849 191.103012 2 403.579224 191.103012
65681 1 176.670746 243.855392 2 148.64328 243.855392
65020 1 349.360199 253.808685 2 317.481598 253.808685
65777 1 767.39801 167.215134 2 747.933716 167.215134
65911 1 788.299927 203.046951 2 763.427551 203.046951
63569 1 623.473572 254.405899 2 597.19281 254.405899
65105 1 394.149963 96.745903 2 392.931702 96.745903
65726 1 447.897675 261.273651 2 419.850342 261.273651
65101 1 343.985443 211.407715 2 327.228302 211.407715
65854 1 297.404083 85.996361 2 293.298065 85.996361
65149 1 616.307251 171.992722 2 612.29248 171.992722
59330 1 558.379089 134.369308 2 555.3172 134.369308
59334 1 595.123291 70.502411 2 587.333923 70.502411
65129 1 885.045837 118.244995 2 861.980042 118.244995
65431 1 704.692383 92.565521 2 696.481689 92.565521
63630 1 652.139038 236.48999 2 632.660034 236.48999
63233 1 655.722229 200.658173 2 645.200745 200.658173
65437 1 419.232239 96.745903 2 418.282074 96.745903
65903 1 537.477234 157.659988 2 534.227844 157.659988
65086 1 353.341492 176.670746 2 341.930939 176.670746
65890 1 318.903168 157.659988 2 312.144165 157.659988
65845 1 258.785309 166.717468 2 246.498764 166.717468
63986 1 240.073166 164.826355 2 229.317184 164.826355
52545 1 494.479065 118.244995 2 491.296265 118.244995
55225 1 530.310852 71.663635 2 529.132446 71.663635
57170 1 498.062256 71.663635 2 497.080109 71.663635
64023 1 544.643616 250.822708 2 521.842896 250.822708
65320 1 821.145752 241.864746 2 791.943542 241.864746
63579 1 925.655212 226.93483 2 890.996338 226.93483
65629 1 952.0 232.0 2 915.992554 232.0
65636 1 1131.0 104.0 2 1095.470581 104.0
65688 1 872.0 194.0 2 841.246094 194.0
65745 1 721.0 254.0 2 696.589661 254.0
65597 1 231.600006 266.400024 2 187.585114 266.400024
65727 1 465.600006 260.400024 2 437.93457 260.400024
65563 1 1035.600098 336.0 2 981.502747 336.0
65635 1 1131.600098 103.200005 2 1095.492798 103.200005
65728 1 793.200012 207.600006 2 767.190247 207.600006
65573 1 378.720001 335.52002 2 327.194702 335.52002
65458 1 249.12001 167.040009 2 236.413391 167.040009
65613 1 1075.680054 252.000015 2 1037.252808 252.000015
65742 1 947.52002 86.400002 2 919.55896 86.400002
65743 1 792.000061 205.920013 2 766.973633 205.920013
65591 1 869.76001 315.360016 2 825.565613 315.360016
63240 1 659.52002 204.480011 2 647.473938 204.480011
65135 1 780.480042 123.840004 2 765.915527 123.840004
65631 1 931.680054 226.080002 2 896.718994 226.080002
63963 1 717.120056 179.712021 2 700.385803 179.712021
65560 1 333.504028 324.864044 2 277.839569 324.864044
65014 1 927.936096 224.640015 2 892.600159 224.640015
65632 1 1130.112061 183.168015 2 1094.884521 183.168015
65723 1 1040.256104 57.024006 2 1011.869507 57.024006
64785 1 435.456055 36.288002 2 434.108948 36.288002
65410 1 361.152039 117.504013 2 356.388916 117.504013
65074 1 323.136017 188.35202 2 311.112946 188.35202
65531 1 250.560028 336.960022 2 184.457199 336.960022
63578 1 259.200043 165.888031 2 247.097809 165.888031
65627 1 1138.406616 116.121613 2 1103.209961 116.121613
65127 1 756.864136 105.753616 2 741.412964 105.753616
59753 1 530.841675 101.606415 2 528.159424 101.606415
65463 1 226.02243 194.918427 2 212.813202 194.918427
65547 1 172.108826 313.113647 2 113.595184 313.113647
65590 1 383.201324 311.040039 2 338.727966 311.040039
65652 1 1137.162354 116.951057 2 1102.245972 116.951057
65697 1 1112.279175 67.184647 2 1081.547241 67.184647
65244 1 323.481659 306.063416 2 272.385925 306.063416
65725 1 948.050049 82.114571 2 920.75293 82.114571
65665 1 350.85318 253.80867 2 318.548889 253.80867
64663 1 391.163971 292.626495 2 349.030853 292.626495
64974 1 385.192017 295.612457 2 342.827759 295.612457
60612 1 519.56134 203.046951 2 509.838501 203.046951
65752 1 892.809387 143.327255 2 870.49353 143.327255
63944 1 1146.618042 158.257187 2 1110.906006 158.257187
65692 1 668.860535 271.724609 2 635.166687 271.724609
65718 1 1042.108643 56.733707 2 1014.458984 56.733707
65668 1 1113.772217 65.691658 2 1085.516235 65.691658
52654 1 483.729523 186.325439 2 476.370422 186.325439
53956 1 512.394958 157.659988 2 507.274811 157.659988
65654 1 1135.86853 103.91227 2 1097.969238 103.91227
65643 1 225.740448 243.656357 2 192.486969 243.656357
65730 1 609.140869 247.239532 2 583.180786 247.239532
64707 1 433.564972 265.155426 2 403.772064 265.155426
64393 1 415.649078 189.90863 2 404.837372 189.90863
63257 1 634.223145 175.575897 2 629.877808 175.575897
61920 1 515.978149 207.824539 2 504.371643 207.824539
63938 1 1071.371338 250.822708 2 1033.00415 250.822708
65335 1 949.543152 82.413177 2 922.023254 82.413177
