470
267.999298096 -21.01701355 156.690551758 0.03427916220030774 0.7061603766542499 -0.03341961223110257 0.7064315897528193
59765 1 559.0 28.0 2 558.434753 28.0
65620 1 565.0 173.0 2 561.906128 173.0
66760 1 598.0 43.0 2 589.619995 43.0
66306 1 928.800049 116.400002 2 901.049805 116.400002
66675 1 822.0 211.0 2 791.447083 211.0
66763 1 539.0 33.0 2 538.122131 33.0
65682 1 523.0 107.0 2 520.615601 107.0
65627 1 388.0 48.0 2 387.317322 48.0
65626 1 315.0 56.0 2 314.161285 56.0
66349 1 704.400024 57.600002 2 696.004639 57.600002
55526 1 489.600006 120.000008 2 488.139923 120.000008
66770 1 447.600006 67.200005 2 446.616974 67.200005
54471 1 518.400024 100.800003 2 517.000244 100.800003
65246 1 644.400024 38.400002 2 635.512329 38.400002
66350 1 790.800049 120.000008 2 774.883362 120.000008
63663 1 625.200012 177.600006 2 620.816772 177.600006
66347 1 678.0 67.200005 2 669.170959 67.200005
65945 1 614.400024 57.600002 2 605.504822 57.600002
66659 1 1004.0 45.0 2 971.509583 45.0
66604 1 874.800049 210.000015 2 837.233093 210.000015
66610 1 678.0 296.400024 2 639.082581 296.400024
66299 1 735.600037 271.200012 2 705.100891 271.200012
66620 1 876.0 169.0 2 838.572021 169.0
66857 1 685.200012 115.200005 2 676.723572 115.200005
66633 1 609.600037 280.800018 2 575.404907 280.800018
57295 1 525.312073 34.560005 2 524.813538 34.560005
65350 1 612.0 88.800003 2 603.618469 88.800003
65937 1 614.400024 130.800003 2 605.912354 130.800003
65685 1 387.600006 48.0 2 386.734833 48.0
66878 1 325.200012 51.600002 2 324.029572 51.600002
66765 1 235.200012 61.200001 2 234.519119 61.200001
63671 1 597.600037 43.200001 2 588.199402 43.200001
64162 1 643.680054 38.880001 2 634.998413 38.880001
65661 1 753.120056 77.760002 2 736.100708 77.760002
65254 1 780.000061 128.400009 2 762.767761 128.400009
65628 1 564.480042 174.240005 2 561.516907 174.240005
62892 1 565.05603 157.248016 2 561.934448 157.248016
63721 1 645.119995 93.600006 2 636.156494 93.600006
66548 1 1014.000061 240.000015 2 967.57489 240.000015
66651 1 1002.240051 46.080002 2 969.690979 46.080002
66686 1 786.000061 244.800003 2 757.853333 244.800003
66252 1 862.560059 260.640015 2 825.378357 260.640015
66246 1 874.080017 210.240005 2 835.923889 210.240005
66336 1 761.76001 200.160004 2 738.942749 200.160004
65665 1 699.840027 191.520004 2 682.205627 191.520004
66327 1 792.000061 153.600006 2 766.799805 153.600006
66665 1 843.264099 136.512009 2 812.769165 136.512009
66415 1 688.320007 73.440002 2 679.868835 73.440002
66747 1 531.360046 240.480011 2 510.855927 240.480011
66779 1 579.600037 211.200012 2 568.126587 211.200012
66275 1 609.98407 278.208038 2 577.138611 278.208038
66698 1 433.440002 263.52002 2 406.279053 263.52002
66781 1 446.400024 220.320007 2 428.261536 220.320007
65663 1 411.840027 200.160004 2 399.387573 200.160004
65341 1 527.040039 162.720001 2 525.158691 162.720001
66416 1 410.400024 102.000008 2 408.78125 102.000008
66710 1 298.080017 234.720016 2 272.28241 234.720016
65697 1 322.559998 194.400009 2 310.257751 194.400009
66578 1 203.040009 267.839996 2 163.863007 267.839996
66853 1 240.480011 61.920002 2 239.645355 61.920002
66786 1 164.400009 69.600006 2 163.929825 69.600006
66358 1 505.440033 182.880005 2 500.152954 182.880005
66626 1 391.680023 285.120026 2 355.375732 285.120026
66364 1 641.088074 224.640015 2 625.192627 224.640015
65975 1 319.680023 55.296005 2 318.131714 55.296005
64859 1 227.520004 168.480011 2 214.79567 168.480011
64905 1 171.360001 159.840012 2 165.257751 159.840012
65258 1 404.640015 154.080002 2 398.597015 154.080002
65948 1 763.776062 101.952011 2 747.6203 101.952011
66213 1 943.200012 256.320007 2 899.204102 256.320007
66541 1 1013.76001 240.480011 2 968.472717 240.480011
66657 1 1002.240112 46.656006 2 969.97467 46.656006
65902 1 786.240051 245.376022 2 757.805176 245.376022
66601 1 858.816101 228.096024 2 821.261108 228.096024
66711 1 792.000061 152.639999 2 766.731934 152.639999
66621 1 876.096069 169.344009 2 837.875 169.344009
64581 1 677.376038 67.392006 2 669.342896 67.392006
65956 1 685.440002 115.200005 2 675.923157 115.200005
66749 1 722.304077 183.168015 2 703.10553 183.168015
65903 1 528.768066 259.200012 2 500.682251 259.200012
66359 1 509.76001 207.360016 2 499.161896 207.360016
65957 1 578.880005 210.240005 2 567.997131 210.240005
66680 1 612.0 264.960022 2 583.220398 264.960022
66351 1 385.920013 197.280014 2 373.58194 197.280014
66039 1 521.856079 105.408012 2 519.71875 105.408012
65664 1 486.0 36.0 2 484.724823 36.0
66803 1 563.328064 69.12001 2 556.689026 69.12001
55341 1 528.768066 162.432022 2 525.870056 162.432022
66383 1 376.704041 95.040009 2 375.129333 95.040009
65644 1 397.440033 46.656006 2 396.477325 46.656006
53494 1 461.376038 39.744003 2 460.477173 39.744003
65960 1 342.720001 119.520004 2 338.423645 119.520004
66319 1 433.382446 263.347229 2 406.864777 263.347229
58500 1 642.816101 78.796814 2 633.808655 78.796814
65339 1 402.278442 47.692806 2 402.150024 47.692806
65650 1 319.334442 53.913609 2 317.952026 53.913609
66200 1 349.05603 311.040039 2 302.646881 311.040039
66560 1 354.585663 298.59845 2 311.526489 298.59845
66715 1 445.824066 252.979233 2 421.854156 252.979233
66717 1 793.1521 152.064011 2 768.714539 152.064011
66819 1 505.958466 182.476822 2 500.60495 182.476822
66219 1 945.216064 255.744019 2 901.109131 255.744019
66592 1 928.9729 199.065628 2 890.778748 199.065628
66547 1 1013.99054 240.537628 2 968.918762 240.537628
66297 1 821.145691 213.580826 2 791.220398 213.580826
66598 1 874.368103 210.816025 2 836.497864 210.816025
66341 1 653.184082 248.832031 2 630.46759 248.832031
66597 1 676.800049 296.640015 2 638.165466 296.640015
66027 1 680.140869 68.42881 2 671.695618 68.42881
65285 1 684.288086 116.121613 2 676.591003 116.121613
66370 1 508.032074 207.360031 2 497.463989 207.360031
66218 1 592.704041 321.40802 2 547.312622 321.40802
64498 1 387.072021 198.720016 2 374.798676 198.720016
66239 1 381.54245 290.304047 2 341.691193 290.304047
59865 1 520.473694 103.680016 2 518.346741 103.680016
55090 1 490.752045 36.288002 2 489.072998 36.288002
66885 1 534.988892 136.85762 2 532.847656 136.85762
65923 1 483.148865 149.299225 2 477.753143 149.299225
63706 1 564.019287 157.593628 2 561.657959 157.593628
66426 1 561.600037 146.88002 2 558.735535 146.88002
66867 1 333.504028 51.840004 2 332.396912 51.840004
66806 1 214.272018 188.35202 2 200.865845 188.35202
66637 1 343.87204 257.472015 2 308.769043 257.472015
66738 1 298.59845 221.875229 2 278.558624 221.875229
66581 1 286.848022 278.208038 2 246.17244 278.208038
66571 1 201.139221 269.568024 2 162.736679 269.568024
56409 1 171.072021 70.848007 2 170.220154 70.848007
66656 1 527.040039 273.024017 2 495.201813 273.024017
65251 1 925.655212 110.48143 2 897.771118 110.48143
66031 1 679.311462 69.672974 2 671.028564 69.672974
65630 1 306.063416 52.254726 2 305.036072 52.254726
63723 1 763.914368 97.044495 2 747.215698 97.044495
61165 1 524.62085 186.624023 2 518.671753 186.624023
65645 1 527.523926 161.740829 2 525.18927 161.740829
66026 1 201.553955 169.20578 2 188.682495 169.20578
65580 1 677.818481 298.59845 2 638.617188 298.59845
66650 1 1010.258057 87.091209 2 976.630432 87.091209
65896 1 611.712097 279.936035 2 580.161987 279.936035
66367 1 174.182419 201.553955 2 160.321945 201.553955
65911 1 785.894531 244.68483 2 758.071411 244.68483
66677 1 818.65741 211.507233 2 788.47583 211.507233
66324 1 793.77417 149.299225 2 771.445129 149.299225
64907 1 385.689667 196.577301 2 374.277374 196.577301
66812 1 170.035217 68.42881 2 169.019943 68.42881
61555 1 520.05896 104.509453 2 517.941223 104.509453
66814 1 659.404907 151.787537 2 647.644653 151.787537
65636 1 607.150146 211.507233 2 596.063049 211.507233
65340 1 403.10791 47.278088 2 401.846893 47.278088
66237 1 380.713013 291.133484 2 340.781494 291.133484
66577 1 286.15683 277.862427 2 245.622635 277.862427
65855 1 348.364838 311.040039 2 301.875519 311.040039
65988 1 343.388214 119.439377 2 337.778137 119.439377
62457 1 321.408051 182.476822 2 310.323792 182.476822
66828 1 569.825378 97.044495 2 562.635925 97.044495
66064 1 617.103455 74.649612 2 608.483582 74.649612
59840 1 584.75531 67.184647 2 576.984131 67.184647
65982 1 680.140869 93.312012 2 670.494385 93.312012
66603 1 858.47052 228.096039 2 820.861328 228.096039
65984 1 639.498352 223.948837 2 623.965515 223.948837
62459 1 214.990891 173.187103 2 203.076218 173.187103
63269 1 504.631378 182.145065 2 499.957214 182.145065
66702 1 432.967743 263.761963 2 406.57019 263.761963
66839 1 113.467415 158.257187 2 107.133926 158.257187
66823 1 171.694107 69.672974 2 169.814438 69.672974
66293 1 820.800049 214.272018 2 790.825073 214.272018
64529 1 388.177979 197.074982 2 376.162964 197.074982
66330 1 788.797546 166.717468 2 763.211304 166.717468
66395 1 340.402252 113.467415 2 337.51181 113.467415
66032 1 173.187103 203.046951 2 158.828156 203.046951
66835 1 618.098816 214.990891 2 605.755859 214.990891
65322 1 579.778625 211.507233 2 569.894653 211.507233
41918 1 119.439377 72.161293 2 119.100906 72.161293
58851 1 564.351074 155.271194 2 561.860596 155.271194
66070 1 564.351074 149.299225 2 561.169495 149.299225
66550 1 320.993317 296.110107 2 276.117554 296.110107
66636 1 344.217651 255.052841 2 309.991302 255.052841
66429 1 722.608276 185.131042 2 701.56427 185.131042
65880 1 379.220032 292.626495 2 340.428589 292.626495
66300 1 418.037811 266.250275 2 387.717499 266.250275
66735 1 472.780853 236.390427 2 454.393433 236.390427
66718 1 447.897675 251.320358 2 423.771301 251.320358
64534 1 487.710785 109.486099 2 485.743439 109.486099
54547 1 486.715485 71.663628 2 485.494354 71.663628
66459 1 671.846497 161.243164 2 659.371155 161.243164
66847 1 483.729492 226.93483 2 468.229034 226.93483
58804 1 505.129028 206.530594 2 495.80835 206.530594
61183 1 618.098816 74.649612 2 608.129272 74.649612
65991 1 679.311462 92.067856 2 670.26062 92.067856
55791 1 528.519287 161.243164 2 525.219666 161.243164
65901 1 527.523926 261.273651 2 501.47641 261.273651
66616 1 858.47052 228.925476 2 820.618164 228.925476
66704 1 937.599182 125.411354 2 909.942688 125.411354
66407 1 279.488159 89.579544 2 275.039215 89.579544
65272 1 648.555847 243.656357 2 628.868469 243.656357
66729 1 300.987244 222.157257 2 282.895203 222.157257
66555 1 319.500336 295.612457 2 275.594116 295.612457
65599 1 119.439384 265.752625 2 78.91143 265.752625
55089 1 326.069519 179.159088 2 314.619934 179.159088
66643 1 1012.248779 86.593552 2 977.67749 86.593552
66674 1 816.965393 211.407715 2 787.039734 211.407715
66706 1 432.967773 265.752625 2 407.09436 265.752625
58382 1 569.725891 96.745903 2 562.213196 96.745903
60328 1 616.307251 71.663635 2 607.221436 71.663635
62016 1 609.140869 175.575897 2 604.476624 175.575897
59347 1 566.1427 154.076813 2 562.330627 154.076813
66408 1 383.400421 100.329086 2 381.405945 100.329086
66890 1 351.151794 89.579544 2 348.887604 89.579544
65345 1 641.389526 78.829994 2 632.784729 78.829994
66271 1 402.278442 286.15683 2 366.381073 286.15683
65590 1 379.817261 293.820892 2 341.051636 293.820892
64115 1 612.126831 280.682556 2 579.795044 280.682556
64539 1 579.281006 212.004898 2 569.834229 212.004898
66714 1 447.897675 250.822708 2 424.397125 250.822708
53517 1 465.813599 189.90863 2 456.804779 189.90863
55414 1 526.727722 161.243179 2 525.417664 161.243179
55039 1 505.228607 179.159088 2 499.272491 179.159088
66011 1 361.901337 164.826355 2 355.673309 164.826355
65689 1 652.139038 207.824539 2 639.922729 207.824539
66840 1 241.864746 149.299225 2 228.557053 149.299225
64566 1 870.713135 257.989075 2 833.126221 257.989075
66243 1 856.9776 229.920807 2 819.205872 229.920807
66582 1 971.042236 236.48999 2 928.573608 236.48999
66585 1 930.0 200.0 2 891.436707 200.0
66545 1 328.800018 291.600006 2 284.204315 291.600006
66506 1 308.400024 336.0 2 252.104126 336.0
66649 1 1077.600098 27.6 2 1044.737061 27.6
66605 1 1021.200012 110.400002 2 982.502991 110.400002
64851 1 764.640015 119.520004 2 748.683044 119.520004
66503 1 308.160004 335.52002 2 252.453827 335.52002
66061 1 691.200012 30.240002 2 683.389771 30.240002
65942 1 691.200012 159.840012 2 678.612427 159.840012
66023 1 518.400024 100.800003 2 516.751526 100.800003
56170 1 570.240051 27.360001 2 569.633301 27.360001
65955 1 613.440002 131.040009 2 604.907898 131.040009
63263 1 777.600098 127.872009 2 760.669556 127.872009
66373 1 718.848083 153.792007 2 704.31665 153.792007
66679 1 978.048096 169.344009 2 948.824707 169.344009
66255 1 884.736084 179.712021 2 847.588074 179.712021
66681 1 613.440063 266.11203 2 584.425598 266.11203
65700 1 613.440063 177.984024 2 608.875427 177.984024
66558 1 245.376022 285.120026 2 201.704269 285.120026
66583 1 120.268814 265.420837 2 79.506416 265.420837
65674 1 922.752136 39.398407 2 897.787659 39.398407
66305 1 787.96814 226.02243 2 759.836853 226.02243
65952 1 638.668884 226.02243 2 622.782227 226.02243
65964 1 763.0849 101.606415 2 747.137207 101.606415
66572 1 371.174438 306.892853 2 329.497009 306.892853
66044 1 333.84964 51.840008 2 332.341614 51.840008
65938 1 288.230438 194.918427 2 275.719879 194.918427
65866 1 246.343719 286.15683 2 202.236603 286.15683
66494 1 269.568024 331.776062 2 210.895309 331.776062
66385 1 275.788849 58.060806 2 274.623352 58.060806
66204 1 592.220215 320.993317 2 546.819519 320.993317
66645 1 1000.30481 47.278088 2 968.493347 47.278088
66362 1 721.612915 184.135712 2 701.053711 184.135712
66570 1 370.759735 306.063416 2 329.993958 306.063416
66533 1 348.364838 311.040039 2 302.214417 311.040039
66072 1 641.986633 77.137932 2 633.526855 77.137932
66391 1 512.593994 204.042267 2 504.785675 204.042267
66660 1 525.035583 273.71524 2 493.992798 273.71524
65951 1 650.944641 244.850739 2 629.113281 244.850739
65260 1 639.000671 223.948837 2 623.18158 223.948837
66693 1 976.416931 164.229156 2 947.263489 164.229156
64564 1 525.533264 271.724609 2 494.603821 271.724609
66611 1 1018.220764 83.607567 2 982.428284 83.607567
66557 1 247.836716 286.65451 2 202.942474 286.65451
66332 1 788.299927 167.215134 2 763.116028 167.215134
66540 1 355.332153 316.514374 2 310.841003 316.514374
62952 1 636.014709 83.607567 2 626.63031 83.607567
66372 1 432.967773 256.794678 2 405.711731 256.794678
66269 1 401.316345 286.654541 2 366.169708 286.654541
66214 1 322.486359 297.404083 2 275.455597 297.404083
66624 1 304.570435 265.155426 2 269.349152 265.155426
65869 1 265.155426 283.07135 2 224.962967 283.07135
66590 1 118.244995 265.155426 2 77.73465 265.155426
64145 1 612.72406 279.488159 2 580.954407 279.488159
64836 1 1014.040405 240.073166 2 968.952454 240.073166
66002 1 702.303589 89.579544 2 693.303101 89.579544
65994 1 268.738617 193.491806 2 257.501038 193.491806
66009 1 408.482697 100.329086 2 407.015198 100.329086
64547 1 580.475403 211.407715 2 571.069153 211.407715
65909 1 429.981781 257.989075 2 402.580109 257.989075
64841 1 677.221313 297.404083 2 637.449036 297.404083
57990 1 548.226807 136.160904 2 545.656433 136.160904
66406 1 483.729523 150.493622 2 477.7883 150.493622
66436 1 297.404083 164.826355 2 289.456635 164.826355
66642 1 347.568604 254.405899 2 314.222229 254.405899
62041 1 487.312714 71.663635 2 486.038544 71.663635
65654 1 397.733154 146.910446 2 393.803741 146.910446
66013 1 343.985443 125.411354 2 339.549561 125.411354
66012 1 684.387695 68.080452 2 675.846191 68.080452
66724 1 451.480896 247.239532 2 428.958893 247.239532
61512 1 455.064056 164.826355 2 448.65332 164.826355
66750 1 705.88678 189.90863 2 687.68811 189.90863
65584 1 856.380432 229.323624 2 818.954346 229.323624
