491
283.3383 -23.55164 156.5937 0.030825779891855826 0.6900721660145795 -0.028437210025747915 0.7225243954856866
69139 1 519.0 20.0 2 517.769836 20.0
68663 1 362.0 71.0 2 360.339233 71.0
67982 1 454.0 83.0 2 451.911133 83.0
66592 1 310.0 46.0 2 308.66861 46.0
68572 1 547.200012 150.0 2 544.235291 150.0
69069 1 712.800049 171.600006 2 700.453979 171.600006
55730 1 501.600006 133.200012 2 498.991058 133.200012
68662 1 225.600006 87.600006 2 220.006317 87.600006
68560 1 211.0 106.0 2 205.196747 106.0
68555 1 465.600006 139.200012 2 457.283966 139.200012
68876 1 771.600037 330.0 2 717.732056 330.0
69072 1 830.400024 36.0 2 814.975098 36.0
69019 1 426.000031 232.800003 2 401.628265 232.800003
68948 1 368.400024 271.200012 2 335.074036 271.200012
69064 1 506.400024 94.800003 2 504.400665 94.800003
55881 1 512.400024 24.0 2 511.330505 24.0
54331 1 484.800018 24.0 2 483.287567 24.0
56312 1 505.200012 106.800003 2 503.298676 106.800003
65444 1 586.800049 142.800003 2 582.665283 142.800003
67602 1 358.800018 40.800003 2 357.669586 40.800003
67971 1 232.800003 55.200001 2 231.67128 55.200001
67512 1 198.000015 52.800003 2 195.906769 52.800003
68650 1 76.800003 58.800003 2 76.065987 58.800003
67033 1 127.200005 60.000004 2 126.034935 60.000004
68911 1 868.800049 165.600006 2 828.921631 165.600006
57561 1 501.120026 119.520004 2 498.468353 119.520004
68497 1 804.960022 120.960007 2 775.766479 120.960007
69095 1 282.240021 132.480011 2 274.596924 132.480011
68462 1 368.640015 270.720001 2 335.359283 270.720001
68569 1 211.680008 106.560005 2 204.833328 106.560005
69032 1 652.320007 237.600006 2 628.598511 237.600006
69062 1 705.600037 210.000015 2 690.30304 210.000015
69081 1 766.080017 61.920002 2 751.560486 61.920002
68629 1 642.240051 95.040001 2 629.312256 95.040001
69160 1 658.080017 165.600006 2 652.845154 165.600006
69138 1 475.200012 210.000015 2 459.132904 210.000015
69054 1 584.640015 227.520004 2 563.647766 227.520004
65859 1 540.0 87.840004 2 537.553589 87.840004
55739 1 545.76001 59.040001 2 544.074646 59.040001
68060 1 390.240021 80.639999 2 389.08136 80.639999
65874 1 358.560028 40.32 2 357.514984 40.32
66273 1 397.440002 83.520004 2 394.601288 83.520004
68580 1 433.440002 30.240002 2 432.502014 30.240002
69140 1 429.120026 149.76001 2 420.758026 149.76001
67508 1 233.280014 54.720001 2 232.719315 54.720001
67493 1 181.0 60.0 2 179.629913 60.0
68974 1 751.680054 216.000015 2 723.299988 216.000015
69056 1 321.40802 179.712021 2 300.864563 179.712021
67106 1 283.680023 115.200005 2 277.786041 115.200005
68489 1 806.976074 148.608017 2 774.599854 148.608017
69091 1 711.936096 171.072021 2 700.845581 171.072021
68607 1 191.808014 100.224007 2 185.504974 100.224007
68953 1 368.064026 271.296021 2 335.526123 271.296021
68839 1 1012.320068 249.12001 2 946.777039 249.12001
68442 1 870.912109 196.99202 2 829.629578 196.99202
69079 1 705.600037 208.800003 2 689.704407 208.800003
69098 1 801.792053 39.744003 2 788.27301 39.744003
69068 1 692.640015 126.720001 2 678.885803 126.720001
67506 1 475.200043 210.816025 2 458.996979 210.816025
68010 1 587.520081 143.424011 2 583.106873 143.424011
68919 1 77.76001 255.744019 2 41.459572 255.744019
65777 1 313.920013 97.920006 2 309.082153 97.920006
67546 1 105.408012 69.12001 2 103.520729 69.12001
68873 1 889.920044 306.720001 2 837.656372 306.720001
68926 1 680.140869 284.083252 2 642.271362 284.083252
68470 1 371.174438 269.568024 2 337.937805 269.568024
68604 1 520.473694 167.961624 2 515.199768 167.961624
66294 1 505.958466 91.238411 2 503.712128 91.238411
69150 1 261.273651 128.563217 2 255.176117 128.563217
68936 1 893.721741 128.563217 2 857.406311 128.563217
68841 1 1012.608093 248.832031 2 947.66864 248.832031
68832 1 974.880066 260.640015 2 910.103333 260.640015
68444 1 870.912109 196.992035 2 828.930847 196.992035
68900 1 684.288086 286.848022 2 647.980774 286.848022
69093 1 395.712036 193.536011 2 380.713684 193.536011
68508 1 215.654434 221.875229 2 188.577377 221.875229
67990 1 157.593628 213.580826 2 130.306732 213.580826
67047 1 126.489616 60.134407 2 125.744408 60.134407
69028 1 584.400024 240.000015 2 560.949097 240.000015
69030 1 264.384033 200.448013 2 240.26384 200.448013
66216 1 389.836853 80.870415 2 388.888123 80.870415
69174 1 352.512024 39.744003 2 351.480347 39.744003
67492 1 767.232056 62.208008 2 752.165527 62.208008
68883 1 525.312073 319.680023 2 475.86554 319.680023
68986 1 751.680054 231.552017 2 723.928467 231.552017
68585 1 707.097717 209.433624 2 691.897949 209.433624
67531 1 692.92804 115.776009 2 679.11438 115.776009
60458 1 537.0625 82.944016 2 535.209167 82.944016
67988 1 289.440002 50.400002 2 288.500702 50.400002
56134 1 547.430481 151.372818 2 543.700623 151.372818
60504 1 586.828857 143.078415 2 582.669617 143.078415
64671 1 396.057648 122.342415 2 387.865936 122.342415
68600 1 210.816025 105.408012 2 204.664001 105.408012
69020 1 585.792053 240.192017 2 562.458374 240.192017
69148 1 609.638489 238.464035 2 585.896606 238.464035
67997 1 381.54245 184.55043 2 364.96051 184.55043
68637 1 605.491272 172.108826 2 600.108276 172.108826
69022 1 196.577301 156.764175 2 174.668976 156.764175
68991 1 746.496094 109.486099 2 719.267578 109.486099
68890 1 188.640015 273.600006 2 143.100616 273.600006
66682 1 767.232117 62.208008 2 751.901611 62.208008
69100 1 398.131256 192.844833 2 382.045715 192.844833
68910 1 843.540588 221.46051 2 803.878113 221.46051
68904 1 839.808105 211.507233 2 799.672729 211.507233
68574 1 649.451599 236.390427 2 625.773621 236.390427
65485 1 216.483871 221.46051 2 188.426254 221.46051
69120 1 335.923248 82.114571 2 333.423187 82.114571
67065 1 126.904335 59.719688 2 125.343582 59.719688
68455 1 653.184082 273.71524 2 618.27533 273.71524
68457 1 786.240051 156.960007 2 752.207397 156.960007
48848 1 296.110107 47.278088 2 294.941895 47.278088
67978 1 751.472717 226.437149 2 723.903809 226.437149
68582 1 192.844833 99.532814 2 186.394852 99.532814
65519 1 644.889709 165.888031 2 639.049133 165.888031
67934 1 843.540588 174.182419 2 804.552185 174.182419
68492 1 842.047668 122.425369 2 810.858276 122.425369
68612 1 499.737671 132.710419 2 497.891052 132.710419
68556 1 931.627197 149.299225 2 892.231934 149.299225
69113 1 337.996857 128.563217 2 332.53244 128.563217
59525 1 587.243591 144.322586 2 582.559875 144.322586
67945 1 454.118469 259.200043 2 426.957123 259.200043
69178 1 666.869873 174.182419 2 658.544495 174.182419
68903 1 684.288086 288.645172 2 645.19928 288.645172
68391 1 1012.746399 256.296997 2 946.539124 256.296997
69127 1 767.39801 62.705677 2 751.666321 62.705677
67116 1 706.682983 174.182419 2 696.356995 174.182419
68905 1 845.03363 220.96286 2 804.506775 220.96286
68651 1 79.626251 59.719688 2 78.871231 59.719688
67518 1 398.131256 191.600662 2 382.551361 191.600662
68896 1 325.969971 301.086761 2 284.75885 301.086761
64314 1 161.243164 214.990891 2 135.012146 214.990891
68482 1 659.404907 258.785309 2 628.474243 258.785309
67039 1 841.052307 121.927696 2 810.279114 121.927696
67953 1 779.34198 158.257187 2 755.119995 158.257187
68011 1 786.309204 156.764175 2 753.137207 156.764175
68485 1 214.990891 220.96286 2 188.047653 220.96286
68073 1 472.780853 184.135712 2 462.498779 184.135712
65745 1 468.000031 132.480011 2 459.545593 132.480011
68526 1 744.007812 196.577301 2 715.622498 196.577301
69165 1 707.678345 209.018921 2 691.987488 209.018921
68032 1 191.600662 99.532814 2 185.375931 99.532814
69070 1 198.0 53.0 2 196.051392 53.0
68516 1 286.65451 223.948837 2 259.732819 223.948837
68525 1 283.07135 222.157257 2 256.505463 222.157257
68828 1 1015.234741 256.794678 2 948.370056 256.794678
69045 1 546.435181 232.906799 2 524.590759 232.906799
68656 1 80.621582 59.719692 2 78.883301 59.719692
69129 1 189.90863 100.329086 2 184.298859 100.329086
67092 1 146.910446 68.080452 2 144.331177 68.080452
69126 1 361.304138 191.103012 2 343.887268 191.103012
68472 1 777.550415 157.659988 2 747.285583 157.659988
68518 1 752.46814 111.078629 2 726.093445 111.078629
66182 1 469.39679 218.574081 2 451.624939 218.574081
69133 1 334.430267 122.425369 2 329.552765 122.425369
69125 1 329.65271 78.829994 2 328.200378 78.829994
68040 1 609.140869 238.878769 2 584.11145 238.878769
68467 1 376.23407 265.155426 2 344.614349 265.155426
69128 1 397.733154 85.996361 2 393.326508 85.996361
65490 1 214.990891 222.157257 2 187.68277 222.157257
69121 1 705.88678 171.992722 2 694.936279 171.992722
66233 1 257.989075 68.080452 2 252.725952 68.080452
58746 1 562.559509 85.996361 2 558.745789 85.996361
68453 1 653.930603 274.710571 2 619.057556 274.710571
64356 1 505.129028 92.067856 2 502.698456 92.067856
68645 1 498.659424 107.495445 2 497.180695 107.495445
68933 1 842.047668 173.187103 2 803.463318 173.187103
65758 1 161.243179 214.990891 2 136.009018 214.990891
68908 1 845.630859 218.574081 2 807.206421 218.574081
65772 1 662.88855 164.229156 2 655.373291 164.229156
68609 1 874.296326 118.244995 2 847.440063 118.244995
68042 1 472.97998 182.742264 2 460.836548 182.742264
68646 1 469.39679 132.577713 2 461.268372 132.577713
68915 1 942.37677 139.74408 2 902.034546 139.74408
66184 1 501.645416 168.409531 2 494.827576 168.409531
56170 1 544.942139 151.787537 2 543.354675 151.787537
67555 1 206.530594 149.299225 2 198.357147 149.299225
68613 1 741.718567 197.074982 2 714.90802 197.074982
68514 1 569.725891 254.405899 2 540.700745 254.405899
68389 1 979.402954 265.752625 2 914.271118 265.752625
62251 1 558.0 69.600006 2 556.562805 69.600006
63990 1 458.400024 84.0 2 456.713409 84.0
69169 1 591.600037 151.200012 2 588.17688 151.200012
60971 1 512.400024 24.0 2 511.330505 24.0
68007 1 547.200012 174.240005 2 542.118958 174.240005
69074 1 561.600037 164.160004 2 559.081116 164.160004
67153 1 216.000015 136.800003 2 210.088196 136.800003
68861 1 681.120056 331.200012 2 627.681519 331.200012
69134 1 699.840027 31.68 2 685.267029 31.68
68884 1 276.480011 309.600006 2 229.336487 309.600006
69096 1 506.304047 95.040009 2 504.130035 95.040009
68738 1 1194.048096 235.008026 2 1092.672119 235.008026
68922 1 715.39209 288.576019 2 676.018372 288.576019
68864 1 347.328033 336.960022 2 293.069855 336.960022
67146 1 418.176025 32.832005 2 417.164856 32.832005
68999 1 158.976013 214.272018 2 131.803833 214.272018
68417 1 769.305725 329.702454 2 716.582031 329.702454
65453 1 313.113647 155.52002 2 293.995331 155.52002
67510 1 228.096039 141.004822 2 204.378983 141.004822
68393 1 1011.916931 255.052841 2 946.279236 255.052841
68972 1 796.262512 93.312012 2 767.514465 93.312012
68879 1 524.62085 319.334442 2 475.687592 319.334442
68542 1 263.347229 201.139221 2 240.095413 201.139221
68995 1 752.716919 232.243225 2 723.434204 232.243225
69090 1 692.58252 116.121613 2 678.755798 116.121613
68567 1 605.491272 172.108826 2 600.108276 172.108826
68862 1 354.585663 331.776062 2 301.464996 331.776062
68859 1 682.214478 331.776062 2 628.251709 331.776062
68735 1 1200.614624 242.611237 2 1097.241455 242.611237
68683 1 204.042267 156.764175 2 180.803101 156.764175
68628 1 659.404907 164.229141 2 652.863892 164.229141
68023 1 472.780853 211.507233 2 456.921234 211.507233
68423 1 761.426025 325.969971 2 708.952148 325.969971
68980 1 796.262512 92.067856 2 767.561768 92.067856
65774 1 766.402649 62.208008 2 751.268066 62.208008
68043 1 288.645172 49.766407 2 287.429565 49.766407
68426 1 766.402649 325.969971 2 713.509094 325.969971
68307 1 1124.720825 231.413788 2 1031.609985 231.413788
59060 1 471.785553 212.004898 2 456.345825 212.004898
68033 1 400.121918 191.103012 2 384.01416 191.103012
69055 1 647.958679 235.892776 2 625.091064 235.892776
68955 1 656.916626 259.78067 2 625.88446 259.78067
68630 1 185.131042 56.733707 2 181.02449 56.733707
67101 1 749.482117 226.93483 2 721.98822 226.93483
68897 1 328.458313 301.584442 2 287.038849 301.584442
68474 1 370.262085 268.738617 2 338.032257 268.738617
69114 1 585.252991 164.229156 2 584.490234 164.229156
68766 1 1167.52002 223.948837 2 1075.248413 223.948837
68747 1 1155.57605 232.906799 2 1057.161987 232.906799
68768 1 1173.491943 206.032928 2 1082.640137 206.032928
68966 1 453.869659 259.78067 2 423.734924 259.78067
66708 1 630.639954 175.575897 2 623.423889 175.575897
69124 1 641.389526 164.826355 2 637.668274 164.826355
69117 1 587.641785 240.073166 2 564.195068 240.073166
69024 1 605.557678 236.48999 2 583.598267 236.48999
68471 1 541.060425 261.572266 2 510.024872 261.572266
68899 1 931.627197 150.493622 2 892.64856 150.493622
67559 1 75.246811 71.663635 2 74.245834 71.663635
68388 1 1017.623596 254.405899 2 952.175598 254.405899
68833 1 981.791748 265.155426 2 915.466736 265.155426
69131 1 412.065887 189.90863 2 396.666901 189.90863
65761 1 849.21405 132.577713 2 815.881409 132.577713
65478 1 351.151794 68.080452 2 349.164673 68.080452
58682 1 584.058594 146.910446 2 581.228333 146.910446
69156 1 702.303589 200.658173 2 687.535034 200.658173
66640 1 662.888611 164.826355 2 656.165222 164.826355
68742 1 1157.367676 232.906799 2 1059.348999 232.906799
68749 1 1128.702271 232.906799 2 1034.408569 232.906799
68764 1 1139.451782 211.407715 2 1048.286865 211.407715
69166 1 268.738617 132.577713 2 262.707062 132.577713
69130 1 501.645416 103.91227 2 497.907501 103.91227
