494
142 -3.98 -295 -0.0346 -0.687 0.0271 0.725 
68279 1 369.0 75.0 2 367.228119 75.0
68151 1 371.0 44.0 2 369.883057 44.0
68997 1 915.600037 176.400009 2 866.862732 176.400009
67755 1 224.400009 90.0 2 218.41127 90.0
69020 1 666.0 300.0 2 623.201416 300.0
68708 1 280.800018 100.800003 2 275.299408 100.800003
69197 1 309.600006 193.200012 2 287.333649 193.200012
67603 1 609.600037 151.200012 2 605.209656 151.200012
69033 1 328.800018 296.400024 2 288.042664 296.400024
68160 1 208.800003 108.000008 2 202.448196 108.000008
67126 1 186.0 64.800003 2 185.092606 64.800003
68966 1 955.200012 208.800003 2 902.737671 208.800003
68980 1 1028.400024 147.600006 2 978.270142 147.600006
69120 1 778.800049 103.200005 2 747.185669 103.200005
69215 1 715.200012 64.800003 2 699.49762 64.800003
66795 1 576.0 140.400009 2 573.041016 140.400009
69269 1 368.400024 74.400002 2 366.448914 74.400002
63565 1 465.600006 87.600006 2 463.920837 87.600006
68169 1 430.800018 38.400002 2 430.004486 38.400002
69113 1 236.400009 238.800003 2 204.871658 238.800003
69190 1 309.600006 192.960007 2 287.576172 192.960007
69015 1 698.400024 302.400024 2 655.83197 302.400024
69230 1 882.720032 43.200001 2 867.481323 43.200001
66746 1 283.680023 118.080002 2 277.74295 118.080002
68783 1 256.320007 116.640007 2 250.490112 116.640007
69272 1 597.600037 155.520004 2 594.447449 155.520004
69036 1 329.76001 295.200012 2 289.694061 295.200012
68771 1 239.040009 105.120003 2 233.436676 105.120003
56312 1 185.76001 64.800003 2 184.920074 64.800003
68978 1 947.52002 168.480011 2 897.53418 168.480011
69140 1 668.160034 253.440002 2 640.203491 253.440002
68973 1 744.480042 316.800018 2 693.817078 316.800018
68711 1 658.080017 90.720001 2 644.142944 90.720001
69198 1 590.400024 239.040009 2 567.318604 239.040009
57120 1 501.120026 74.880005 2 500.112 74.880005
66751 1 546.048035 89.85601 2 544.513245 89.85601
68239 1 365.76001 44.640003 2 364.974213 44.640003
68737 1 397.440002 84.960007 2 396.267334 84.960007
67729 1 426.240021 37.440002 2 425.178772 37.440002
69295 1 429.120026 152.639999 2 420.554718 152.639999
68721 1 330.048035 295.488037 2 290.382111 295.488037
69068 1 891.648071 114.048012 2 855.874329 114.048012
68911 1 1035.072144 255.744019 2 962.694824 255.744019
68989 1 1028.160156 146.88002 2 979.238647 146.88002
68951 1 910.656067 247.104019 2 857.948792 247.104019
68150 1 679.104065 209.088013 2 665.09552 209.088013
69023 1 667.008057 300.672028 2 624.483643 300.672028
68961 1 744.768066 316.22403 2 694.743896 316.22403
69079 1 839.808105 85.017609 2 806.16156 85.017609
67140 1 789.696045 57.024006 2 773.296448 57.024006
66668 1 658.368042 91.584007 2 645.256531 91.584007
69274 1 656.640076 32.832005 2 640.16449 32.832005
69305 1 668.736084 169.344009 2 662.594727 169.344009
68743 1 708.480042 127.872009 2 693.62561 127.872009
69087 1 340.416046 262.656036 2 306.345764 262.656036
67730 1 361.152039 43.200005 2 359.677582 43.200005
69271 1 470.016052 134.784012 2 461.545685 134.784012
69201 1 309.312042 193.536011 2 287.672028 193.536011
68644 1 96.768005 224.640015 2 66.248276 224.640015
69245 1 245.376022 69.12001 2 240.073029 69.12001
69294 1 188.35202 103.680008 2 182.067932 103.680008
68956 1 786.240051 330.048035 2 733.612244 330.048035
54040 1 505.958466 114.048019 2 504.651031 114.048019
69248 1 250.90564 130.636826 2 244.980591 130.636826
68798 1 89.16481 64.281609 2 88.088181 64.281609
68950 1 910.310547 246.758438 2 857.252319 246.758438
66687 1 134.784012 64.281609 2 133.92746 64.281609
68987 1 377.395264 321.408051 2 328.337891 321.408051
68639 1 375.321655 265.420837 2 342.829437 265.420837
67141 1 470.707275 219.801636 2 453.165619 219.801636
69088 1 340.070435 263.347229 2 306.24762 263.347229
68651 1 779.673706 103.680016 2 747.784485 103.680016
69157 1 665.625671 250.90564 2 639.459351 250.90564
68153 1 785.894531 242.611237 2 754.54718 242.611237
64793 1 545.356873 87.091209 2 542.848877 87.091209
69298 1 491.443268 76.723213 2 489.83374 76.723213
69297 1 367.027252 43.545605 2 365.415283 43.545605
68963 1 713.318481 321.408051 2 662.046326 321.408051
69304 1 190.771225 103.680016 2 183.886948 103.680016
58730 1 595.123291 147.225616 2 590.324219 147.225616
68206 1 526.694458 172.108826 2 521.749817 172.108826
63194 1 396.057648 126.489616 2 387.185242 126.489616
68974 1 268.738586 325.969971 2 220.971191 325.969971
69101 1 773.867615 201.553955 2 743.532898 201.553955
68778 1 89.579529 64.696327 2 88.221733 64.696327
69047 1 833.587341 159.252502 2 793.36853 159.252502
63975 1 589.731934 74.649612 2 579.188232 74.649612
57195 1 552.407104 62.208008 2 550.014343 62.208008
69128 1 778.844299 104.509453 2 747.388367 104.509453
69109 1 161.740829 233.902115 2 129.974792 233.902115
69114 1 141.834259 216.483871 2 111.038277 216.483871
69092 1 340.899902 261.273651 2 304.589233 261.273651
68736 1 388.177979 199.065628 2 370.512054 199.065628
66704 1 134.369293 64.696327 2 133.662445 64.696327
68572 1 953.026672 209.018906 2 901.212769 209.018906
68154 1 724.101196 218.972198 2 707.627136 218.972198
69149 1 662.88855 250.822708 2 637.268555 250.822708
69164 1 258.785309 213.995544 2 231.512344 213.995544
68984 1 751.472717 325.969971 2 702.249146 325.969971
69024 1 669.358154 301.086761 2 626.257141 301.086761
68255 1 544.942139 87.091209 2 542.246033 87.091209
69249 1 721.612915 176.670746 2 709.102661 176.670746
55204 1 552.407104 154.275864 2 550.283386 154.275864
59731 1 594.708557 146.810898 2 590.000366 146.810898
66719 1 577.290344 141.834259 2 574.196716 141.834259
69030 1 313.528351 301.086761 2 271.712524 301.086761
67608 1 848.517212 146.810898 2 812.503357 146.810898
65840 1 298.59845 54.74305 2 296.842316 54.74305
68777 1 261.273651 74.649612 2 255.175537 74.649612
69082 1 838.563965 84.60289 2 804.654968 84.60289
69313 1 676.82312 179.159058 2 668.51001 179.159058
65077 1 654.428223 169.20578 2 648.92511 169.20578
68674 1 226.437149 209.018906 2 199.002121 209.018906
66673 1 134.369308 65.691658 2 133.274277 65.691658
69046 1 534.491211 289.640503 2 497.774597 289.640503
69192 1 286.65451 209.018921 2 263.646149 209.018921
69032 1 833.089722 158.257187 2 793.348145 158.257187
67154 1 388.177979 200.060959 2 370.468231 200.060959
68969 1 1030.164673 149.299225 2 979.510437 149.299225
69260 1 340.402252 83.607567 2 337.676086 83.607567
68949 1 913.711304 247.836716 2 860.253052 247.836716
69025 1 674.83252 301.584442 2 631.5271 301.584442
69056 1 677.818481 280.682556 2 640.98877 280.682556
69083 1 839.061646 83.607567 2 803.789185 83.607567
49568 1 298.59845 56.733707 2 296.381653 56.733707
69042 1 851.005615 149.299225 2 816.847778 149.299225
67641 1 200.060959 59.719692 2 199.789505 59.719692
60566 1 594.210938 149.299225 2 589.363159 149.299225
69110 1 161.243164 232.906799 2 130.040207 232.906799
68130 1 235.892776 238.878769 2 205.289108 238.878769
68683 1 223.948837 209.018921 2 198.846298 209.018921
69095 1 773.369995 203.046951 2 745.647888 203.046951
69069 1 570.323059 274.710571 2 535.488831 274.710571
69257 1 999.707642 146.910446 2 951.276001 146.910446
69182 1 548.226807 243.656357 2 523.963135 243.656357
69043 1 333.235901 293.820892 2 294.130859 293.820892
69027 1 673.638123 300.987244 2 631.896667 300.987244
69055 1 677.221313 279.488159 2 640.048767 279.488159
64427 1 576.892212 121.828178 2 571.832153 121.828178
67612 1 820.548584 161.243179 2 785.284058 161.243179
67669 1 390.566803 197.074982 2 373.549988 197.074982
68072 1 917.294495 240.073166 2 866.788879 240.073166
68765 1 401.316345 89.579544 2 398.331726 89.579544
65103 1 369.067719 78.829994 2 366.156372 78.829994
67633 1 662.888611 250.822708 2 637.260498 250.822708
68703 1 637.806335 243.656357 2 611.603577 243.656357
69115 1 931.627197 114.661812 2 894.698364 114.661812
67707 1 505.228607 111.078629 2 504.701447 111.078629
57104 1 544.643616 89.579544 2 542.468079 89.579544
64403 1 107.495445 139.74408 2 102.069382 139.74408
69141 1 222.157257 207.824539 2 196.879181 207.824539
68628 1 784.716797 247.239532 2 751.321228 247.239532
69084 1 773.967224 200.658173 2 738.395142 200.658173
68627 1 161.243179 232.906799 2 129.653442 232.906799
65116 1 551.809998 154.076813 2 550.634033 154.076813
67239 1 272.321808 139.74408 2 263.994812 139.74408
67213 1 476.563141 71.663635 2 475.039795 71.663635
68271 1 472.97998 186.325439 2 462.170441 186.325439
68991 1 1031.956299 146.910446 2 980.447388 146.910446
66667 1 100.329086 225.740448 2 69.551346 225.740448
69116 1 784.716797 103.91227 2 754.998413 103.91227
68915 1 1031.956299 254.405899 2 962.032227 254.405899
66226 1 318.0 50.0 2 316.908966 50.0
68167 1 460.0 86.0 2 458.526459 86.0
67611 1 422.400024 142.800003 2 413.484589 142.800003
69044 1 339.840027 292.320007 2 301.089661 292.320007
69316 1 519.840027 27.360001 2 518.633179 27.360001
68724 1 708.480042 126.720001 2 693.363464 126.720001
65878 1 475.200043 32.832005 2 472.89978 32.832005
64794 1 425.088043 38.016003 2 423.974884 38.016003
67600 1 449.280029 164.160004 2 440.32309 164.160004
68675 1 590.976074 255.744019 2 564.990295 255.744019
67637 1 653.76001 93.600006 2 639.607422 93.600006
69238 1 417.600006 243.360016 2 391.851807 243.360016
66322 1 298.944031 53.568005 2 297.236267 53.568005
68744 1 470.292542 218.972198 2 453.0914 218.972198
65885 1 343.388214 47.278088 2 342.161469 47.278088
69308 1 460.339264 87.091209 2 458.826447 87.091209
68117 1 163.814423 232.243225 2 131.783691 232.243225
69014 1 298.080017 300.960022 2 252.01181 300.960022
67682 1 201.553955 59.719688 2 199.968109 59.719688
68745 1 236.390427 238.464035 2 204.946625 238.464035
69144 1 226.02243 207.360031 2 198.226959 207.360031
68970 1 1005.696106 171.072021 2 954.799377 171.072021
66663 1 323.0 114.0 2 317.634033 114.0
68742 1 723.686523 217.728027 2 707.575073 217.728027
42330 1 229.920807 59.719692 2 228.427826 59.719692
68960 1 1005.696167 172.108826 2 953.347534 172.108826
67667 1 477.757538 220.96286 2 462.198303 220.96286
68996 1 1030.164673 149.299225 2 979.060486 149.299225
68701 1 636.014709 241.864746 2 610.901855 241.864746
68142 1 243.656357 236.48999 2 211.670059 236.48999
68625 1 812.187805 217.976868 2 778.214966 217.976868
67574 1 955.515076 209.018921 2 900.95813 209.018921
