538
312.393341064 -25.012413025 159.210723877 0.04725939686754182 0.688398183313261 -0.04031540086732452 0.7226680836121276
74471 1 358.0 99.0 2 356.54071 99.0
74437 1 182.0 90.0 2 161.411484 90.0
74482 1 434.0 58.0 2 432.69162 58.0
73082 1 474.0 113.0 2 471.845825 113.0
74155 1 1016.0 300.0 2 969.333801 300.0
74100 1 848.0 332.0 2 796.43573 332.0
71244 1 502.0 52.0 2 500.874207 52.0
74423 1 189.0 92.0 2 167.310562 92.0
74431 1 254.0 120.0 2 234.351974 120.0
74451 1 262.0 131.0 2 240.996597 131.0
73894 1 289.200012 104.400002 2 267.380859 104.400002
74418 1 273.600006 109.200005 2 252.412949 109.200005
74430 1 182.400009 90.0 2 161.995728 90.0
73131 1 390.000031 81.600006 2 388.856903 81.600006
74541 1 360.0 70.800003 2 358.406769 70.800003
74540 1 516.0 70.800003 2 515.203491 70.800003
74369 1 192.0 122.400002 2 169.830963 122.400002
64783 1 465.600006 120.000008 2 463.681305 120.000008
74479 1 499.0 98.0 2 497.215424 98.0
69821 1 502.800018 120.000008 2 500.209839 120.000008
74154 1 912.0 311.0 2 865.171021 311.0
74202 1 699.600037 304.800018 2 660.49176 304.800018
74312 1 716.400024 268.800018 2 687.740234 268.800018
74302 1 358.0 264.0 2 327.071899 264.0
73895 1 523.0 49.0 2 522.224731 49.0
74469 1 542.400024 180.0 2 539.08429 180.0
74256 1 334.800018 284.400024 2 299.885284 284.400024
74364 1 143.0 131.0 2 120.163086 131.0
73837 1 226.080002 191.520004 2 202.032806 191.520004
73920 1 419.040009 172.800003 2 403.975464 172.800003
74403 1 227.520004 146.880005 2 205.526062 146.880005
73914 1 416.160004 77.760002 2 414.812073 77.760002
74393 1 207.600006 165.600006 2 185.092957 165.600006
68802 1 537.119995 103.680008 2 534.950928 103.680008
69819 1 436.320007 131.040009 2 433.978485 131.040009
73538 1 499.200012 97.200005 2 497.213959 97.200005
74542 1 475.200012 98.400002 2 473.606293 98.400002
53923 1 508.320007 74.880005 2 506.501953 74.880005
74363 1 181.200012 138.0 2 158.620224 138.0
54561 1 499.680023 126.720001 2 497.230774 126.720001
74463 1 1100.160034 230.400009 2 1083.289429 230.400009
73888 1 981.600037 219.600006 2 959.700256 219.600006
74148 1 1015.200012 298.800018 2 967.89093 298.800018
73768 1 832.320007 296.640015 2 792.296692 296.640015
74487 1 639.600037 230.400009 2 625.953735 230.400009
73002 1 720.0 198.720001 2 710.21875 198.720001
74196 1 879.600037 70.800003 2 839.258362 70.800003
74168 1 594.0 314.400024 2 550.230408 314.400024
73904 1 439.200012 192.960007 2 424.630737 192.960007
74254 1 403.200012 300.0 2 367.414093 300.0
73393 1 465.120026 289.440002 2 430.814941 289.440002
73824 1 406.800018 264.0 2 381.581299 264.0
68766 1 523.200012 48.0 2 522.06427 48.0
69705 1 542.880005 180.0 2 539.174622 180.0
73994 1 396.000031 83.520004 2 394.516693 83.520004
72996 1 462.240021 97.920006 2 460.226959 97.920006
74251 1 182.0 238.0 2 146.013779 238.0
74395 1 290.880005 96.480003 2 269.02182 96.480003
74442 1 240.480011 138.240005 2 219.369904 138.240005
71258 1 578.880066 131.328018 2 574.877686 131.328018
69311 1 552.960022 142.560013 2 549.077942 142.560013
72717 1 485.568054 124.416016 2 483.388916 124.416016
74391 1 998.400024 210.000015 2 976.760864 210.000015
73741 1 900.000061 302.400024 2 856.519226 302.400024
74109 1 966.240051 319.680023 2 915.204163 319.680023
74239 1 934.848083 43.200005 2 897.231689 43.200005
73991 1 639.360046 230.400009 2 625.291504 230.400009
72156 1 720.57605 198.720016 2 710.859314 198.720016
74191 1 879.552063 70.848007 2 839.227722 70.848007
74030 1 630.720032 183.168015 2 625.604248 183.168015
74238 1 520.128052 295.488037 2 483.80899 295.488037
74500 1 471.744049 238.46402 2 456.401672 238.46402
74259 1 404.352051 300.672028 2 370.084839 300.672028
73997 1 523.584045 48.384003 2 521.990417 48.384003
74496 1 468.000031 66.240005 2 466.929108 66.240005
67667 1 433.440002 57.600002 2 432.362488 57.600002
73093 1 437.184052 131.328018 2 434.790283 131.328018
74267 1 214.560013 252.000015 2 181.269836 252.000015
74419 1 331.776031 193.536011 2 310.165466 193.536011
74354 1 279.936035 200.448013 2 257.00058 200.448013
74167 1 86.400009 298.944031 2 40.368797 298.944031
74390 1 306.892853 143.078415 2 285.791473 143.078415
73459 1 119.23201 46.656006 2 114.601234 46.656006
73850 1 60.480007 179.712021 2 37.539436 179.712021
73868 1 167.616013 131.328018 2 145.02623 131.328018
74189 1 592.704041 314.496033 2 549.547913 314.496033
74249 1 563.328064 295.488037 2 526.635986 295.488037
74309 1 383.616058 273.71524 2 355.253204 273.71524
73361 1 900.288086 302.400024 2 856.746155 302.400024
73746 1 767.232056 300.672028 2 724.774231 300.672028
73795 1 333.504028 285.120026 2 297.643982 285.120026
72663 1 816.998535 226.02243 2 800.072449 226.02243
73123 1 792.115295 223.948837 2 772.971375 223.948837
71652 1 636.595276 230.169632 2 622.200073 230.169632
74156 1 853.63208 317.952026 2 806.496277 317.952026
70725 1 721.612915 199.065628 2 711.705994 199.065628
71644 1 437.529663 207.360031 2 425.265289 207.360031
74273 1 215.654434 252.979233 2 181.671646 252.979233
73435 1 295.488037 134.784012 2 274.127319 134.784012
73866 1 166.717468 131.880981 2 144.508377 131.880981
71653 1 141.004822 130.636826 2 119.6772 130.636826
74566 1 599.270508 147.225616 2 594.414368 147.225616
73461 1 552.960083 141.696014 2 549.097839 141.696014
60215 1 537.0625 103.680016 2 534.904419 103.680016
74038 1 468.633667 66.355209 2 467.185669 66.355209
54835 1 545.356873 180.403229 2 540.609009 180.403229
73750 1 767.232117 300.672028 2 724.791077 300.672028
72701 1 481.075256 207.360031 2 472.985687 207.360031
73369 1 919.683228 277.696564 2 882.504395 277.696564
69704 1 637.63208 229.82402 2 624.179016 229.82402
71655 1 118.800003 46.800003 2 113.8424 46.800003
72959 1 831.168091 297.216034 2 790.465271 297.216034
74392 1 290.304047 99.532814 2 268.835938 99.532814
73865 1 184.896011 141.696014 2 162.030869 141.696014
74036 1 306.063416 141.834259 2 284.602173 141.834259
74000 1 493.516876 134.784012 2 491.768311 134.784012
74572 1 572.31366 164.229141 2 567.623352 164.229141
74536 1 572.31366 141.834259 2 567.121582 141.834259
72101 1 431.308868 105.753616 2 429.594421 105.753616
66760 1 432.967743 57.231369 2 431.764618 57.231369
74356 1 116.951057 191.600662 2 92.959808 191.600662
74337 1 87.091209 191.600662 2 63.738647 191.600662
74427 1 243.855392 181.647385 2 221.921295 181.647385
74380 1 231.413788 149.299225 2 209.919052 149.299225
74511 1 495.175751 94.556175 2 494.234985 94.556175
74545 1 407.808044 217.728027 2 392.006592 217.728027
74212 1 561.945679 296.524841 2 524.511169 296.524841
74225 1 923.16687 62.208008 2 885.342529 62.208008
74184 1 895.795349 301.584442 2 855.711731 301.584442
71665 1 791.285889 223.948837 2 772.747986 223.948837
74405 1 291.133484 99.532814 2 269.152069 99.532814
73474 1 698.720398 226.93483 2 682.959717 226.93483
74517 1 480.7435 203.046951 2 472.555573 203.046951
54865 1 543.449219 182.145065 2 540.088501 182.145065
55932 1 492.687439 134.369293 2 491.30304 134.369293
73125 1 92.067856 166.717468 2 69.925186 166.717468
66688 1 573.309021 164.229156 2 568.433228 164.229156
74026 1 570.323059 140.341278 2 566.113525 140.341278
74508 1 244.68483 182.476822 2 222.273209 182.476822
73962 1 232.906799 149.299225 2 211.160706 149.299225
74344 1 158.257187 203.046951 2 134.142639 203.046951
74265 1 149.299225 235.892776 2 117.25087 235.892776
73939 1 415.051849 77.635597 2 414.660522 77.635597
69239 1 495.673431 92.565521 2 494.147461 92.565521
72981 1 331.444275 286.65451 2 296.239594 286.65451
74346 1 238.878754 216.483871 2 214.977859 216.483871
72593 1 462.827606 289.640503 2 428.600586 289.640503
72560 1 522.547302 295.612457 2 485.975281 295.612457
74568 1 639.498352 184.135712 2 632.202515 184.135712
72944 1 768.890991 303.575073 2 727.011169 303.575073
74173 1 1057.038574 298.59845 2 1013.275391 298.59845
74019 1 1164.533936 232.906799 2 1144.567993 232.906799
73099 1 791.285889 223.948837 2 772.19751 223.948837
70285 1 630.639954 229.323624 2 618.107056 229.323624
71261 1 118.244995 132.577713 2 95.554489 132.577713
64003 1 580.475403 85.996361 2 578.283813 85.996361
74449 1 104.50946 98.537491 2 84.00708 98.537491
72674 1 698.720398 222.157257 2 683.259827 222.157257
72173 1 723.802673 200.658173 2 714.593506 200.658173
74384 1 191.103012 92.565521 2 169.69577 92.565521
74409 1 168.409531 93.16272 2 147.85878 93.16272
72971 1 157.659988 232.906799 2 123.926147 232.906799
74352 1 134.369308 188.117035 2 110.301376 188.117035
54460 1 492.687439 134.369308 2 491.543701 134.369308
67716 1 569.725891 139.74408 2 566.124878 139.74408
73848 1 207.824539 179.159088 2 182.468811 179.159088
68767 1 182.742264 161.243179 2 168.260239 161.243179
69707 1 167.215134 134.369308 2 144.802811 134.369308
72635 1 236.48999 161.243179 2 214.713898 161.243179
73545 1 232.906799 146.910446 2 212.116821 146.910446
69264 1 304.570435 121.828178 2 284.283905 121.828178
74210 1 111.078629 268.738617 2 70.252518 268.738617
73403 1 383.400421 275.904999 2 354.269409 275.904999
74011 1 437.148163 204.241348 2 423.77478 204.241348
73793 1 561.365112 295.612457 2 524.92572 295.612457
68740 1 594.808167 197.074982 2 589.415771 197.074982
74524 1 641.389526 182.742264 2 632.87439 182.742264
74539 1 1033.150635 292.626495 2 989.646362 292.626495
73081 1 448.0 80.0 2 446.8526 80.0
74130 1 1185.0 317.0 2 1135.5 317.0
74162 1 1217.0 310.0 2 1170.427124 310.0
74086 1 373.0 349.0 2 321.029968 349.0
74443 1 281.0 153.0 2 259.395844 153.0
74444 1 261.600006 130.800003 2 241.003662 130.800003
74434 1 254.400009 120.000008 2 234.290527 120.000008
73089 1 432.000031 104.400002 2 430.116241 104.400002
74300 1 1002.000061 265.200012 2 972.297913 265.200012
74107 1 1047.600098 313.200012 2 995.071777 313.200012
74197 1 926.400024 61.200001 2 888.19751 61.200001
73698 1 848.160034 331.200012 2 795.439514 331.200012
74118 1 642.0 334.800018 2 591.708008 334.800018
74146 1 732.0 325.200012 2 685.74585 325.200012
74466 1 580.800049 24.0 2 562.889771 24.0
72200 1 432.000031 105.120003 2 429.880981 105.120003
74400 1 230.400009 151.200012 2 208.905518 151.200012
74152 1 1015.200012 299.52002 2 968.235596 299.52002
74140 1 640.800049 334.080017 2 591.532593 334.080017
74322 1 407.52002 263.52002 2 381.040649 263.52002
74172 1 429.120026 331.200012 2 383.994202 331.200012
74408 1 596.160034 31.68 2 575.955505 31.68
74226 1 305.279999 275.040009 2 266.15332 275.040009
74394 1 273.600006 109.440002 2 251.858368 109.440002
73934 1 494.208038 146.88002 2 491.791168 146.88002
74327 1 692.92804 50.112003 2 669.618469 50.112003
74136 1 641.088074 335.232025 2 590.554565 335.232025
74174 1 758.592102 321.40802 2 713.55304 321.40802
74101 1 965.952087 321.40802 2 914.533203 321.40802
74289 1 305.856018 274.752014 2 272.022766 274.752014
73817 1 1003.968079 266.11203 2 973.347534 266.11203
74014 1 437.184052 207.360016 2 424.85672 207.360016
73802 1 179.712021 238.46402 2 144.902847 238.46402
72062 1 226.368027 191.808014 2 201.897552 191.808014
66312 1 361.152039 67.392006 2 360.223785 67.392006
74102 1 914.112061 330.048035 2 861.922363 330.048035
74217 1 877.824097 290.304016 2 838.573364 290.304016
73008 1 98.49601 136.512009 2 76.710274 136.512009
74232 1 692.58252 304.819244 2 653.722595 304.819244
73353 1 640.742493 333.84964 2 592.436462 333.84964
74255 1 926.899353 85.017609 2 891.51239 85.017609
74229 1 520.473694 296.524841 2 485.95694 296.524841
74176 1 590.976074 315.187256 2 547.538818 315.187256
73767 1 698.803284 304.819244 2 660.830811 304.819244
74144 1 429.23526 331.776062 2 383.365356 331.776062
74193 1 877.132935 64.281609 2 837.403503 64.281609
74416 1 190.771225 93.312012 2 169.80925 93.312012
74286 1 221.875229 252.979233 2 188.573349 252.979233
73680 1 912.384155 329.702454 2 860.217773 329.702454
73695 1 877.132935 329.702454 2 825.264343 329.702454
70211 1 597.196899 156.764175 2 592.054688 156.764175
73447 1 209.433624 145.152023 2 186.774704 145.152023
73693 1 965.468323 320.993317 2 914.326416 320.993317
74190 1 699.218018 306.063416 2 657.707031 306.063416
73766 1 878.377075 64.696327 2 837.829346 64.696327
73764 1 813.680725 293.621796 2 774.60321 293.621796
74360 1 995.328125 209.018906 2 974.675659 209.018906
73707 1 1052.559448 308.551727 2 1006.578491 308.551727
74303 1 1002.793091 266.250275 2 974.932251 266.250275
73953 1 174.182419 104.509453 2 152.555756 104.509453
73958 1 114.462738 57.231369 2 105.915871 57.231369
74456 1 281.180206 72.161293 2 265.408478 72.161293
74385 1 184.135712 139.345947 2 161.442612 139.345947
73801 1 303.575073 276.203552 2 265.943695 276.203552
74235 1 233.902115 283.668518 2 190.052124 283.668518
73798 1 562.360413 296.110107 2 525.147095 296.110107
73794 1 520.05896 296.110107 2 485.862091 296.110107
74199 1 691.753052 306.063416 2 653.464661 306.063416
74336 1 1146.618042 232.906799 2 1120.358032 232.906799
72048 1 767.39801 304.570435 2 725.841187 304.570435
74222 1 815.173767 292.626495 2 776.512878 292.626495
74159 1 851.005615 313.528381 2 805.889954 313.528381
74126 1 1021.206726 301.584442 2 971.266113 301.584442
74387 1 994.332886 209.018921 2 973.421692 209.018921
74453 1 280.682556 71.663628 2 263.463104 71.663628
74264 1 74.649612 235.892776 2 36.948425 235.892776
69713 1 182.145065 161.243164 2 168.13504 161.243164
73111 1 594.210938 173.187103 2 589.44696 173.187103
65871 1 588.238953 152.285217 2 583.74707 152.285217
74345 1 92.565521 167.215134 2 69.759766 167.215134
73971 1 447.897675 161.243164 2 440.078522 161.243164
73959 1 406.093903 104.50946 2 403.156433 104.50946
74237 1 232.906799 283.668549 2 190.339966 283.668549
74195 1 877.879456 65.691658 2 837.668274 65.691658
74233 1 922.66925 62.705677 2 885.217224 62.705677
72110 1 791.883118 222.157257 2 772.466614 222.157257
74349 1 236.48999 214.990891 2 212.718231 214.990891
74339 1 218.574081 197.074982 2 194.70575 197.074982
72041 1 885.045837 300.987244 2 844.172668 300.987244
70801 1 404.899536 103.91227 2 402.984375 103.91227
74341 1 132.577713 186.325439 2 109.59259 186.325439
71699 1 168.409531 136.160904 2 146.691223 136.160904
64336 1 544.643616 182.742264 2 540.237427 182.742264
74004 1 494.479065 132.577713 2 491.169525 132.577713
73877 1 286.654541 100.329086 2 265.217499 100.329086
69779 1 594.808167 175.575897 2 590.119812 175.575897
74367 1 157.659988 204.241348 2 133.885712 204.241348
68173 1 293.820892 139.74408 2 271.964417 139.74408
72568 1 232.906799 283.07135 2 190.030975 283.07135
72952 1 558.976318 297.404083 2 519.300964 297.404083
72058 1 770.384033 304.570435 2 728.641541 304.570435
