543
145 -17 -324 -0.052 -0.689 0.0341 0.722 
74896 1 193.0 84.0 2 165.23526 84.0
75053 1 338.0 66.0 2 337.063904 66.0
75000 1 328.0 73.0 2 326.764771 73.0
73529 1 539.0 134.0 2 535.028931 134.0
73455 1 482.0 76.0 2 479.970764 76.0
75058 1 433.0 91.0 2 431.854736 91.0
74701 1 940.0 341.0 2 880.296997 341.0
74764 1 798.0 302.0 2 755.12616 302.0
75059 1 516.0 43.0 2 514.714233 43.0
74509 1 494.0 48.0 2 492.780212 48.0
74921 1 263.0 185.0 2 237.390228 185.0
74866 1 130.0 129.0 2 103.012245 129.0
74463 1 66.0 69.600006 2 39.523651 69.600006
73569 1 597.600037 177.600006 2 592.584412 177.600006
73950 1 338.400024 66.0 2 337.120331 66.0
75008 1 390.000031 96.0 2 388.884949 96.0
75060 1 367.200012 63.600002 2 365.801971 63.600002
75080 1 576.0 166.800003 2 572.541443 166.800003
69725 1 552.0 176.400009 2 548.617004 176.400009
72118 1 492.000031 123.600006 2 489.744415 123.600006
73154 1 546.0 138.0 2 541.483643 138.0
74504 1 399.600006 104.400002 2 397.267181 104.400002
74497 1 530.400024 98.400002 2 527.860962 98.400002
74857 1 66.0 109.200005 2 37.993526 109.200005
74500 1 421.200012 100.800003 2 419.114197 100.800003
73452 1 415.200012 68.400002 2 413.842255 68.400002
73042 1 481.200012 76.800003 2 479.641205 76.800003
75057 1 466.800018 93.600006 2 464.747772 93.600006
75003 1 462.000031 63.600002 2 460.246094 63.600002
73145 1 440.400024 103.200005 2 437.671051 103.200005
74849 1 1078.800049 219.600006 2 1050.793335 219.600006
74918 1 1162.800049 230.400009 2 1135.934814 230.400009
74693 1 1102.800049 312.0 2 1040.541504 312.0
75012 1 926.400024 214.800003 2 911.657654 214.800003
74765 1 798.000061 301.200012 2 754.87146 301.200012
74751 1 884.400024 307.200012 2 837.193115 307.200012
74495 1 728.400024 193.200012 2 716.151794 193.200012
74752 1 624.0 325.200012 2 577.602173 325.200012
74780 1 752.400024 295.200012 2 712.118713 295.200012
70751 1 535.200012 176.400009 2 531.814575 176.400009
74858 1 240.000015 244.800003 2 211.247787 244.800003
74846 1 176.400009 207.600006 2 147.415527 207.600006
74772 1 290.400024 318.0 2 249.34317 318.0
74999 1 210.000015 61.200001 2 190.428864 61.200001
74880 1 183.600006 146.400009 2 156.394165 146.400009
75023 1 432.000031 74.880005 2 429.900055 74.880005
73961 1 406.080017 73.440002 2 404.934814 73.440002
74383 1 133.919998 184.320007 2 106.748428 184.320007
73962 1 486.720032 144.0 2 483.664734 144.0
65916 1 466.560028 93.600006 2 464.63681 93.600006
75022 1 455.040009 72.0 2 453.265869 72.0
55857 1 489.600006 92.160004 2 488.122101 92.160004
69210 1 581.76001 146.880005 2 576.771912 146.880005
67774 1 545.76001 136.800003 2 541.124878 136.800003
74923 1 1162.080078 230.400009 2 1134.481445 230.400009
74949 1 858.240051 228.960007 2 835.747742 228.960007
75013 1 639.360046 233.280014 2 623.53363 233.280014
75014 1 610.559998 213.12001 2 601.258484 213.12001
74778 1 583.200012 302.400024 2 545.239563 302.400024
75015 1 442.080017 246.240005 2 422.924072 246.240005
74732 1 391.680023 341.279999 2 340.57431 341.279999
74796 1 334.080017 290.880005 2 298.720001 290.880005
74512 1 460.800018 63.360001 2 459.332031 63.360001
74981 1 210.240005 60.480003 2 190.099228 60.480003
74403 1 219.456024 133.056015 2 192.411118 133.056015
74448 1 65.664009 69.12001 2 39.04211 69.12001
73923 1 145.152023 145.152023 2 117.932167 145.152023
74872 1 100.224007 143.424011 2 72.193771 143.424011
67638 1 570.240051 126.144012 2 565.325195 126.144012
74349 1 523.584045 288.576019 2 488.137695 288.576019
74749 1 884.736084 309.312042 2 836.726257 309.312042
74768 1 290.304016 317.952026 2 249.477631 317.952026
74795 1 692.92804 290.304016 2 657.005615 290.304016
74920 1 1162.944092 231.552017 2 1135.330933 231.552017
74730 1 392.256042 340.416046 2 343.919739 340.416046
74874 1 240.192017 247.104019 2 211.714447 247.104019
74914 1 285.120026 233.280029 2 259.27951 233.280029
74757 1 243.648026 298.944031 2 200.903397 298.944031
74054 1 627.264038 177.984024 2 621.607971 177.984024
74977 1 952.128113 233.280029 2 931.737366 233.280029
74338 1 750.643311 294.451233 2 712.194275 294.451233
74967 1 558.144043 236.736023 2 538.159485 236.736023
74528 1 440.640045 245.376022 2 420.712646 245.376022
73936 1 407.808044 193.536011 2 390.36496 193.536011
74514 1 639.360046 233.280029 2 623.453552 233.280029
73035 1 727.488098 193.536011 2 716.22937 193.536011
74400 1 1083.456055 221.184021 2 1055.349487 221.184021
75062 1 129.600006 127.872009 2 102.703812 127.872009
74524 1 459.648041 62.208008 2 458.346863 62.208008
75037 1 425.088043 55.296005 2 423.789764 55.296005
71217 1 537.408081 177.984024 2 533.35907 177.984024
75063 1 501.120056 183.168015 2 493.584503 183.168015
73022 1 490.752045 93.312012 2 489.010712 93.312012
74597 1 594.432068 141.696014 2 589.033691 141.696014
73952 1 380.160034 171.072021 2 362.267517 171.072021
75032 1 367.027252 223.948837 2 349.368927 223.948837
70318 1 727.833679 194.918427 2 716.406616 194.918427
74747 1 885.427307 308.966431 2 836.353577 308.966431
74771 1 387.763245 308.966431 2 348.248077 308.966431
74797 1 333.84964 292.377655 2 299.096771 292.377655
74885 1 1161.216187 232.243225 2 1133.96875 232.243225
74775 1 290.304047 317.260834 2 249.433441 317.260834
74269 1 991.180969 315.187256 2 936.320618 315.187256
74947 1 858.47052 228.096039 2 836.539612 228.096039
74250 1 1103.155396 313.113647 2 1042.167603 313.113647
74443 1 250.90564 196.992035 2 224.301437 196.992035
73148 1 827.366516 223.948837 2 804.403076 223.948837
74966 1 951.782532 234.316833 2 931.371033 234.316833
74976 1 1055.462524 230.169632 2 1034.407104 230.169632
74955 1 557.798462 238.464035 2 539.455322 238.464035
74837 1 182.476822 155.52002 2 153.150192 155.52002
74412 1 219.801636 132.710419 2 192.277847 132.710419
74887 1 184.55043 147.225616 2 156.655167 147.225616
75035 1 319.334442 68.42881 2 317.524506 68.42881
74817 1 101.606415 240.537628 2 71.048912 240.537628
66795 1 564.019287 157.593628 2 560.015137 157.593628
54289 1 537.0625 176.256027 2 532.940308 176.256027
72137 1 423.014465 101.606415 2 420.620453 101.606415
74539 1 460.339264 62.208008 2 458.732758 62.208008
74861 1 99.532814 145.152023 2 72.473518 145.152023
71731 1 489.369659 91.238411 2 487.741547 91.238411
74770 1 288.645172 311.040039 2 247.396011 311.040039
74405 1 129.392654 204.042267 2 99.71032 204.042267
75034 1 776.355957 226.437149 2 756.802551 226.437149
75038 1 440.432709 246.343719 2 422.03717 246.343719
74991 1 950.538391 233.902115 2 930.856384 233.902115
74821 1 102.021133 238.878754 2 71.5242 238.878754
74354 1 94.556175 196.577301 2 62.846653 196.577301
74995 1 209.018906 59.719688 2 189.522278 59.719688
74906 1 803.727478 139.345947 2 778.677673 139.345947
74581 1 363.294769 223.948837 2 346.203278 223.948837
73984 1 395.642944 102.021133 2 392.660248 102.021133
63967 1 400.619568 62.208008 2 399.237671 62.208008
74047 1 184.135712 146.810898 2 156.45491 146.810898
74924 1 89.579529 77.137932 2 63.816532 77.137932
74439 1 72.161293 69.672974 2 45.402939 69.672974
74827 1 181.647385 156.764175 2 152.346161 156.764175
75040 1 495.175751 179.159058 2 488.177338 179.159058
54040 1 485.222473 129.392654 2 483.021423 129.392654
74026 1 455.36261 87.091209 2 453.645935 87.091209
73488 1 423.014465 102.021133 2 420.234467 102.021133
74875 1 99.532814 144.322586 2 72.269958 144.322586
73559 1 487.710785 89.579529 2 485.931396 89.579529
57195 1 539.965515 74.649612 2 537.258179 74.649612
74963 1 358.318115 164.229141 2 338.026215 164.229141
74348 1 333.434937 291.133484 2 298.487335 291.133484
74789 1 574.802002 303.575073 2 540.049377 303.575073
74790 1 522.547302 288.645172 2 486.731079 288.645172
74337 1 751.472717 296.110107 2 712.668396 296.110107
74931 1 1161.547974 232.906799 2 1133.833618 232.906799
72655 1 919.683228 203.046951 2 900.520447 203.046951
71271 1 827.714966 222.157257 2 804.739807 222.157257
68719 1 462.827606 206.032928 2 454.043579 206.032928
73497 1 209.018921 107.495445 2 183.436401 107.495445
74811 1 101.523476 238.878769 2 70.62471 238.878769
74416 1 179.159073 92.565521 2 151.633774 92.565521
66734 1 388.177979 80.621582 2 386.515961 80.621582
72672 1 543.449219 134.369308 2 538.11145 134.369308
73979 1 101.523476 89.579536 2 75.898293 89.579536
74848 1 179.159073 155.271194 2 151.569031 155.271194
74404 1 122.425369 143.327255 2 94.721962 143.327255
74903 1 101.523476 146.313248 2 73.516693 146.313248
73146 1 588.238953 170.201126 2 583.138062 170.201126
75048 1 453.869659 86.593552 2 453.362671 86.593552
74548 1 447.897675 68.677643 2 445.873352 68.677643
73946 1 406.093903 74.649612 2 405.449646 74.649612
69848 1 498.659424 74.649612 2 496.842804 74.649612
74869 1 128.397339 203.046951 2 99.460609 203.046951
74335 1 289.640503 316.514374 2 249.260818 316.514374
74798 1 334.430267 295.612457 2 300.433746 295.612457
74350 1 752.46814 295.612457 2 712.232666 295.612457
74761 1 886.837402 310.542389 2 837.554932 310.542389
74265 1 1012.248779 313.528381 2 956.436401 313.528381
74809 1 118.244995 229.323624 2 85.825745 229.323624
74586 1 193.491806 168.409531 2 163.976913 168.409531
69810 1 630.639954 232.906799 2 613.673889 232.906799
70759 1 730.969055 197.074982 2 721.960022 197.074982
74902 1 1096.453613 225.740448 2 1070.310791 225.740448
74929 1 114.661812 111.078629 2 87.27504 111.078629
74868 1 179.159088 93.16272 2 150.817383 93.16272
55204 1 537.477234 179.159088 2 533.231201 179.159088
75072 1 498.062256 179.159088 2 489.821503 179.159088
68194 1 544.643616 136.160904 2 539.852173 136.160904
52545 1 483.729523 125.411354 2 481.784393 125.411354
69271 1 211.407715 107.495445 2 185.255356 107.495445
75069 1 340.402252 150.493622 2 321.036377 150.493622
71785 1 394.149963 103.91227 2 391.759521 103.91227
74569 1 365.484528 103.91227 2 362.743683 103.91227
73567 1 121.828178 143.327271 2 93.596779 143.327271
67213 1 455.064056 85.996361 2 454.621765 85.996361
69850 1 487.312714 89.579544 2 486.55484 89.579544
69267 1 200.658173 125.411354 2 173.282059 125.411354
74824 1 128.994537 200.658173 2 99.480286 200.658173
74356 1 333.235901 293.820892 2 298.982452 293.820892
69219 1 465.813599 200.658173 2 455.76825 200.658173
68279 1 324.0 88.0 2 321.934021 88.0
73551 1 403.0 95.0 2 401.215424 95.0
73105 1 465.0 109.0 2 462.798523 109.0
73103 1 440.0 76.0 2 438.042053 76.0
74901 1 197.0 116.0 2 170.102722 116.0
74573 1 508.0 66.0 2 506.986755 66.0
72729 1 564.480042 177.12001 2 561.871826 177.12001
74057 1 564.0 157.200012 2 559.813232 157.200012
74971 1 513.600037 242.400009 2 493.310425 242.400009
74989 1 691.0 234.0 2 673.129761 234.0
74515 1 679.680054 184.320007 2 670.747925 184.320007
70266 1 592.704041 152.064011 2 587.451294 152.064011
74328 1 244.800003 299.52002 2 200.471863 299.52002
74452 1 70.502411 70.502411 2 44.877453 70.502411
74934 1 158.400009 93.600006 2 133.434677 93.600006
74016 1 485.222473 130.636826 2 483.49408 130.636826
74791 1 524.62085 288.230438 2 490.015625 288.230438
73990 1 554.895447 199.065628 2 549.813599 199.065628
69262 1 313.528381 86.593552 2 311.348816 86.593552
74591 1 371.174438 70.502411 2 369.278107 70.502411
71738 1 591.224915 152.285217 2 585.927551 152.285217
65116 1 537.477234 179.159073 2 532.935974 179.159073
74937 1 221.875229 95.385612 2 195.709381 95.385612
74050 1 562.559509 136.160904 2 558.615173 136.160904
74428 1 189.90863 75.246811 2 162.958374 75.246811
71256 1 394.149963 101.523476 2 391.938599 101.523476
