545
316.2406 -26.78025 158.9387 0.05136656782815013 0.6881683346611155 -0.037933164770423036 0.7227357012696985
75554 1 172.0 132.0 2 141.593597 132.0
75256 1 325.0 75.0 2 324.283173 75.0
75699 1 359.0 212.0 2 339.983765 212.0
74755 1 387.0 98.0 2 386.008087 98.0
73423 1 377.0 77.0 2 375.97467 77.0
69548 1 400.0 97.0 2 398.394135 97.0
74753 1 529.0 100.0 2 526.236206 100.0
73372 1 463.0 111.0 2 460.794708 111.0
73371 1 437.0 78.0 2 435.864777 78.0
73421 1 426.0 130.0 2 423.503052 130.0
75362 1 1100.0 355.0 2 1029.371094 355.0
75421 1 780.0 320.0 2 732.146179 320.0
75489 1 190.0 258.0 2 158.012543 258.0
75594 1 299.0 240.0 2 273.097443 240.0
75523 1 120.0 191.0 2 88.954178 191.0
75659 1 173.0 53.0 2 152.428207 53.0
75694 1 363.600006 187.200012 2 344.740082 187.200012
74751 1 733.200012 195.600006 2 720.76355 195.600006
75261 1 307.200012 72.0 2 305.584869 72.0
75612 1 556.800049 26.400002 2 533.058777 26.400002
75711 1 345.600006 196.800003 2 325.860657 196.800003
75521 1 139.200012 141.600006 2 108.549751 141.600006
75156 1 144.0 110.400002 2 114.73291 110.400002
75314 1 364.800018 64.800003 2 363.527893 64.800003
74759 1 396.000031 103.200005 2 393.557678 103.200005
74188 1 579.600037 147.600006 2 574.801147 147.600006
73721 1 451.200012 96.0 2 448.875122 96.0
75376 1 948.000061 339.600006 2 890.277283 339.600006
75397 1 836.400024 327.600006 2 783.994934 327.600006
75392 1 904.800049 326.400024 2 852.564026 326.400024
75706 1 768.0 229.200012 2 749.316589 229.200012
75665 1 725.760071 229.82402 2 706.382263 229.82402
75513 1 621.600037 280.800018 2 590.787598 280.800018
75548 1 597.600037 279.600006 2 566.210083 279.600006
75260 1 438.000031 230.400009 2 423.235596 230.400009
75702 1 427.200012 254.400009 2 406.675659 254.400009
75480 1 340.800018 294.0 2 307.232086 294.0
75312 1 513.600037 45.600002 2 512.740662 45.600002
68682 1 444.000031 55.200001 2 442.558197 55.200001
75179 1 219.600006 188.400009 2 192.408096 188.400009
75552 1 120.000008 190.800003 2 89.054718 190.800003
75661 1 172.800003 52.800003 2 152.768768 52.800003
75136 1 86.400002 144.0 2 56.701958 144.0
75270 1 610.559998 217.440002 2 600.461548 217.440002
75697 1 345.600006 197.280014 2 325.960205 197.280014
75535 1 106.560005 87.840004 2 76.194542 87.840004
75259 1 457.920013 64.800003 2 457.089569 64.800003
75525 1 171.360001 131.040009 2 140.792892 131.040009
75537 1 139.680008 141.12001 2 108.876572 141.12001
68679 1 535.679993 133.919998 2 531.757141 133.919998
75278 1 429.120026 77.760002 2 428.077148 77.760002
74211 1 404.640015 76.32 2 403.017456 76.32
68060 1 367.200012 105.120003 2 365.128967 105.120003
74778 1 483.840027 145.440002 2 481.41098 145.440002
75332 1 574.559998 168.480011 2 570.57074 168.480011
74256 1 561.600037 159.840012 2 557.611816 159.840012
75360 1 1095.840088 345.600006 2 1025.729614 345.600006
75268 1 944.640015 218.880005 2 929.018188 218.880005
75377 1 947.52002 339.840027 2 889.876465 339.840027
75649 1 794.880005 233.280014 2 773.811523 233.280014
75606 1 882.720032 236.160004 2 858.541504 236.160004
75426 1 779.040039 319.680023 2 731.50592 319.680023
75383 1 904.320007 326.880005 2 851.365906 326.880005
75269 1 642.240051 239.040009 2 624.538452 239.040009
75658 1 731.52002 237.600006 2 711.394592 237.600006
74261 1 731.52002 195.840012 2 720.128662 195.840012
75432 1 486.720032 319.680023 2 440.180573 319.680023
75414 1 566.092896 329.702454 2 518.964661 329.702454
75692 1 345.600006 239.040009 2 326.015686 239.040009
75282 1 437.76001 230.400009 2 422.886505 230.400009
75671 1 426.240021 253.440002 2 404.896881 253.440002
75406 1 344.160004 336.960022 2 292.499146 336.960022
65167 1 488.160034 95.040001 2 486.565186 95.040001
72041 1 514.080017 46.080002 2 512.642761 46.080002
70064 1 535.680054 179.712021 2 531.617859 179.712021
75113 1 190.080002 257.76001 2 157.825729 257.76001
75197 1 298.080017 239.040009 2 272.908783 239.040009
75408 1 226.080002 338.400024 2 176.804642 338.400024
75051 1 288.0 311.040009 2 247.57869 311.040009
75466 1 249.12001 285.120026 2 214.230591 285.120026
75439 1 99.360001 253.440002 2 60.517899 253.440002
75638 1 172.800003 53.280003 2 152.939377 53.280003
75530 1 188.640015 169.920013 2 159.391479 169.920013
74662 1 170.035217 130.636826 2 139.661255 130.636826
75151 1 138.240005 74.880005 2 107.8339 74.880005
75559 1 128.160004 145.440002 2 97.961136 145.440002
74224 1 489.024048 95.040009 2 486.894684 95.040009
75700 1 359.424042 212.544022 2 340.841522 212.544022
73332 1 419.904053 103.680008 2 418.046906 103.680008
74217 1 404.352051 76.032005 2 403.198853 76.032005
75428 1 565.05603 330.048035 2 517.820007 330.048035
75447 1 286.848022 312.768036 2 247.195496 312.768036
75417 1 343.87204 336.960022 2 293.410889 336.960022
75475 1 335.232025 286.848022 2 302.754822 286.848022
75004 1 948.672119 340.416046 2 890.745667 340.416046
75384 1 164.160019 328.320038 2 111.337196 328.320038
75474 1 146.88002 269.568024 2 114.927513 269.568024
75390 1 91.584007 330.048035 2 43.99799 330.048035
75429 1 1197.50415 295.488037 2 1151.315552 295.488037
75207 1 883.353699 236.390427 2 859.009399 236.390427
75681 1 905.472107 191.808014 2 885.942993 191.808014
75656 1 796.608093 233.280029 2 776.840698 233.280029
74304 1 627.264038 179.712021 2 621.251343 179.712021
75660 1 426.81604 254.016022 2 406.160248 254.016022
75607 1 1010.880066 240.192017 2 987.145508 240.192017
75127 1 190.080017 257.472015 2 157.67511 257.472015
73811 1 139.968018 141.696014 2 109.403473 141.696014
75137 1 127.872009 145.152008 2 97.797546 145.152008
75600 1 528.768066 248.832031 2 505.415466 248.832031
75674 1 732.672058 236.736023 2 712.280396 236.736023
74828 1 349.05603 67.392006 2 347.949615 67.392006
74177 1 86.593552 143.327255 2 55.569168 143.327255
75317 1 495.936035 186.624023 2 489.334656 186.624023
69669 1 544.320068 138.240021 2 540.09375 138.240021
74766 1 457.920044 63.936005 2 456.95816 63.936005
75708 1 364.608032 186.624023 2 345.1492 186.624023
75453 1 290.304047 319.334442 2 250.155472 319.334442
75462 1 203.21283 290.304047 2 166.244232 290.304047
75423 1 1196.467407 294.451233 2 1152.118286 294.451233
75435 1 508.032074 308.966431 2 465.955414 308.966431
75394 1 798.336121 331.776062 2 747.825684 331.776062
75015 1 163.814423 327.628845 2 111.653259 327.628845
75467 1 145.152023 269.568024 2 113.763046 269.568024
75464 1 114.048019 282.009644 2 79.274208 282.009644
75599 1 850.176147 230.169632 2 824.584045 230.169632
75713 1 906.16333 190.771225 2 886.530945 190.771225
75597 1 207.360031 111.974419 2 184.071564 111.974419
75654 1 796.262512 232.243225 2 776.448853 232.243225
75096 1 186.624023 207.360031 2 155.666031 207.360031
75637 1 1034.726562 238.464035 2 1012.535217 238.464035
75271 1 425.088074 255.052841 2 405.951141 255.052841
75685 1 534.988892 246.758438 2 515.064209 246.758438
75227 1 505.958466 250.90564 2 485.683289 250.90564
75094 1 121.927696 154.275864 2 91.503326 154.275864
75143 1 128.563217 145.152023 2 97.74884 145.152023
74235 1 391.910461 103.680016 2 389.641602 103.680016
74770 1 638.668884 238.464035 2 621.784241 238.464035
70176 1 638.668884 196.992035 2 630.102356 196.992035
75664 1 731.980896 238.464035 2 711.436035 238.464035
75639 1 308.966431 153.446426 2 288.734192 153.446426
75567 1 103.680016 87.091209 2 75.121597 87.091209
75555 1 153.446426 91.238411 2 123.577148 91.238411
75667 1 174.182419 53.913609 2 153.648224 53.913609
75704 1 346.29126 196.992035 2 326.940857 196.992035
69153 1 468.633667 91.238411 2 466.735931 91.238411
72063 1 418.867249 103.680016 2 417.203644 103.680016
74788 1 400.204865 64.281609 2 399.013428 64.281609
71540 1 590.976074 153.446426 2 585.546082 153.446426
65451 1 561.945679 159.667221 2 558.654724 159.667221
74850 1 593.049683 143.078415 2 586.305481 143.078415
66171 1 534.988892 180.403229 2 530.91333 180.403229
73753 1 543.283264 138.931213 2 538.937439 138.931213
72017 1 485.222473 93.312012 2 483.998138 93.312012
75632 1 344.217651 172.108826 2 325.928345 172.108826
75433 1 1191.905396 293.621796 2 1147.274292 293.621796
75403 1 930.631836 313.528351 2 882.223267 313.528351
75052 1 286.15683 313.528351 2 247.011597 313.528351
75545 1 681.799805 271.226929 2 653.813843 271.226929
75200 1 883.353699 233.902115 2 859.232727 233.902115
73415 1 848.517212 228.925476 2 822.899658 228.925476
73313 1 878.377075 209.018906 2 854.260193 209.018906
71515 1 846.028931 194.088989 2 821.045227 194.088989
75288 1 788.299927 232.906799 2 768.030334 232.906799
75281 1 425.502777 253.80867 2 403.734528 253.80867
75630 1 1035.141235 238.878754 2 1011.897339 238.878754
72411 1 637.01001 238.878754 2 619.593994 238.878754
75483 1 1122.232422 231.413788 2 1092.540771 231.413788
75192 1 104.509453 87.091209 2 75.400238 87.091209
75604 1 216.483871 111.974419 2 188.134598 111.974419
75633 1 206.530594 64.696327 2 183.784424 64.696327
75652 1 308.551727 154.275864 2 288.920105 154.275864
75502 1 87.091209 144.322586 2 55.45966 144.322586
74832 1 345.876526 228.925476 2 326.465027 228.925476
71507 1 390.66629 213.995544 2 374.281494 213.995544
75689 1 345.876526 196.577301 2 326.341705 196.577301
66247 1 579.778625 149.299225 2 575.389404 149.299225
56134 1 534.988892 179.159058 2 530.85675 179.159058
75294 1 492.687439 181.647385 2 484.91153 181.647385
74269 1 482.734161 131.880981 2 480.824554 131.880981
75585 1 159.252502 102.021133 2 130.273193 102.021133
75251 1 174.182419 54.74305 2 153.750946 54.74305
75491 1 141.834259 64.696327 2 110.053635 64.696327
75684 1 343.388214 171.694107 2 324.879395 171.694107
72051 1 452.874298 89.579529 2 451.340668 89.579529
75469 1 144.322586 268.738586 2 111.24865 268.738586
74605 1 507.617371 307.556396 2 465.392731 307.556396
75613 1 883.85144 149.299225 2 861.080933 149.299225
75588 1 913.711304 98.537491 2 894.02063 98.537491
75615 1 886.837402 235.892776 2 863.072571 235.892776
71988 1 848.019592 229.920807 2 821.937988 229.920807
73325 1 877.879456 209.018921 2 854.711914 209.018921
75103 1 122.425369 155.271194 2 91.573372 155.271194
75553 1 149.299225 119.439384 2 119.297707 119.439384
75185 1 1122.730225 209.018921 2 1097.814697 209.018921
75623 1 1033.150635 238.878769 2 1011.864563 238.878769
74830 1 997.318848 220.96286 2 980.8255 220.96286
74779 1 412.065857 250.822708 2 390.972168 250.822708
69557 1 456.855652 206.032928 2 445.975983 206.032928
74233 1 319.500336 74.649612 2 318.831207 74.649612
73829 1 283.668549 80.621582 2 281.313965 80.621582
75707 1 331.444275 164.229156 2 312.392151 164.229156
75672 1 313.528381 152.285217 2 295.02594 152.285217
71139 1 391.163971 104.50946 2 388.718597 104.50946
74842 1 370.262085 80.621582 2 367.024536 80.621582
75669 1 238.878769 104.50946 2 218.441269 104.50946
56556 1 534.491211 179.159073 2 530.745789 179.159073
72073 1 483.729492 131.383316 2 480.668518 131.383316
75673 1 346.374207 229.920807 2 327.081512 229.920807
75709 1 343.388214 197.074982 2 327.104706 197.074982
74675 1 122.425369 83.607567 2 92.764542 83.607567
75486 1 140.341278 68.677643 2 110.053047 68.677643
70622 1 591.224915 152.285217 2 584.136108 152.285217
74807 1 444.911713 71.663628 2 443.42099 71.663628
69602 1 486.715485 92.565521 2 485.391724 92.565521
63538 1 534.491211 77.635597 2 532.992371 77.635597
72499 1 495.673431 74.649612 2 494.476959 74.649612
75479 1 161.243164 259.78067 2 128.759415 259.78067
75448 1 286.65451 313.528381 2 247.018661 313.528381
74701 1 206.032928 203.046951 2 176.118179 203.046951
75458 1 689.762451 110.48143 2 674.463257 110.48143
75636 1 885.045837 150.493622 2 861.528992 150.493622
74836 1 136.160904 168.409531 2 103.346992 168.409531
68555 1 164.826355 125.411354 2 134.943344 125.411354
75117 1 1160.950806 232.906799 2 1129.49585 232.906799
58746 1 551.809998 89.579544 2 547.612244 89.579544
75653 1 913.711304 96.745903 2 890.152039 96.745903
75686 1 945.959961 75.246811 2 922.875183 75.246811
75146 1 121.828178 93.16272 2 91.672203 93.16272
75680 1 336.819061 168.409531 2 314.898468 168.409531
75687 1 311.736786 154.076813 2 292.999451 154.076813
65474 1 326.069519 118.244995 2 314.722198 118.244995
69609 1 286.654541 103.91227 2 284.763336 103.91227
64744 1 444.314514 232.906799 2 429.822266 232.906799
75247 1 412.065887 250.822708 2 390.564148 250.822708
75330 1 415.649078 78.829994 2 413.692017 78.829994
66653 1 533.894043 179.159088 2 530.776001 179.159088
66709 1 541.060425 136.160904 2 535.562317 136.160904
72077 1 483.729523 128.994537 2 480.068756 128.994537
71575 1 390.566803 103.91227 2 388.697479 103.91227
67093 1 369.067719 82.413177 2 366.37619 82.413177
75701 1 741.718567 222.157257 2 724.202515 222.157257
72938 1 734.552246 197.074982 2 724.708923 197.074982
75676 1 343.985443 171.992722 2 325.802368 171.992722
70553 1 587.641785 171.992722 2 582.131897 171.992722
65521 1 591.224976 143.327271 2 587.235291 143.327271
68106 1 562.559509 136.160904 2 557.618713 136.160904
75304 1 501.645416 111.078629 2 499.06723 111.078629
74707 1 179.159088 121.828178 2 151.018311 121.828178
72511 1 146.910446 121.828178 2 117.178558 121.828178
75520 1 143.327271 68.080452 2 111.926804 68.080452
75662 1 229.323624 100.329086 2 208.018982 100.329086
75465 1 118.244995 283.07135 2 82.498817 283.07135
74785 1 426.398621 254.405899 2 405.101318 254.405899
67127 1 641.389526 179.159088 2 628.943359 179.159088
75820 1 365.0 66.0 2 364.134888 66.0
75715 1 612.0 218.0 2 602.596008 218.0
68663 1 320.400024 90.0 2 318.531067 90.0
75803 1 610.800049 170.400009 2 605.423218 170.400009
71508 1 466.800018 150.0 2 464.313446 150.0
75728 1 517.200012 127.200005 2 514.692749 127.200005
75262 1 386.400024 97.200005 2 384.53006 97.200005
75718 1 362.400024 97.200005 2 360.847565 97.200005
75800 1 421.0 102.0 2 419.098694 102.0
75838 1 519.600037 81.600006 2 517.497986 81.600006
74829 1 463.200012 96.0 2 462.126129 96.0
75822 1 459.0 65.0 2 457.800842 65.0
73722 1 480.0 78.0 2 478.497528 78.0
75716 1 668.400024 189.600006 2 660.438965 189.600006
75725 1 532.800049 178.800003 2 529.481567 178.800003
75741 1 591.600037 144.0 2 586.323242 144.0
56312 1 489.600006 125.280006 2 487.013489 125.280006
74816 1 400.320007 97.920006 2 397.991608 97.920006
75722 1 945.600037 219.600006 2 930.065979 219.600006
75737 1 627.600037 180.0 2 621.478455 180.0
75738 1 499.680023 221.76001 2 489.016174 221.76001
74781 1 457.920013 64.800003 2 457.089569 64.800003
75264 1 401.76001 63.360001 2 399.843048 63.360001
75060 1 203.040009 289.440002 2 166.51297 289.440002
75756 1 483.840057 146.88002 2 481.061249 146.88002
75764 1 387.072021 67.392006 2 385.287689 67.392006
75805 1 460.800018 60.480003 2 459.819916 60.480003
75743 1 288.0 311.040009 2 247.57869 311.040009
73403 1 699.840088 196.99202 2 687.275452 196.99202
75769 1 454.118469 201.139221 2 442.571716 201.139221
75289 1 317.260834 70.502411 2 315.004028 70.502411
75761 1 706.752075 143.424011 2 691.701965 143.424011
75763 1 390.528046 214.272018 2 374.260345 214.272018
74181 1 138.240021 74.304008 2 107.697739 74.304008
75840 1 563.328064 160.70401 2 558.949829 160.70401
75807 1 186.624023 207.360031 2 155.666031 207.360031
74594 1 779.328064 319.680023 2 731.791016 319.680023
75774 1 674.334839 186.624023 2 665.888489 186.624023
75808 1 686.776428 223.948837 2 671.210693 223.948837
75770 1 707.097717 143.078415 2 691.265503 143.078415
75772 1 383.201324 67.184647 2 381.538025 67.184647
75781 1 360.806458 67.184647 2 359.041016 67.184647
75780 1 724.101196 236.390427 2 704.134949 236.390427
74231 1 734.054504 199.065628 2 723.427734 199.065628
75315 1 311.040009 152.639999 2 291.631592 152.639999
75782 1 485.222473 92.067856 2 483.946869 92.067856
75784 1 713.65033 176.173096 2 704.296387 176.173096
66263 1 320.993317 74.649612 2 319.164917 74.649612
72999 1 639.360046 196.99202 2 630.47113 196.99202
75323 1 308.551727 154.275864 2 288.920105 154.275864
75703 1 313.528381 152.285217 2 295.02594 152.285217
75574 1 158.257187 101.523476 2 129.321808 101.523476
74796 1 458.265656 64.281609 2 456.867035 64.281609
75605 1 877.879456 209.018921 2 854.711914 209.018921
75643 1 913.711304 98.537491 2 894.02063 98.537491
75844 1 836.075684 149.299225 2 808.746582 149.299225
75793 1 713.053162 175.575897 2 704.685852 175.575897
74834 1 346.374207 229.920807 2 327.081512 229.920807
75581 1 179.159088 121.828178 2 151.018311 121.828178
75794 1 788.299927 150.493622 2 769.086853 150.493622
75698 1 343.985443 171.992722 2 325.802368 171.992722
75836 1 741.718567 222.157257 2 724.202515 222.157257
72418 1 732.672058 196.99202 2 721.319153 196.99202
75799 1 214.990891 200.658173 2 184.587524 200.658173
75241 1 412.065887 250.822708 2 390.564148 250.822708
