546
318.547271729 -25.675302505 159.455993652 0.05137740359090164 0.6909404541228641 -0.0332930657714402 0.7203146694523765
74978 1 324.0 74.0 2 323.408783 74.0
74472 1 385.0 96.0 2 383.215149 96.0
75546 1 364.0 65.0 2 363.116089 65.0
69190 1 399.0 96.0 2 397.607117 96.0
73130 1 424.0 129.0 2 421.633148 129.0
71244 1 492.0 49.0 2 490.485779 49.0
74482 1 423.0 56.0 2 421.884247 56.0
75246 1 106.800003 138.0 2 74.074821 138.0
75450 1 610.800049 217.200012 2 601.131592 217.200012
68279 1 319.200012 88.800003 2 317.073059 88.800003
74982 1 306.0 72.0 2 304.494141 72.0
75527 1 612.0 169.200012 2 605.369324 169.200012
71146 1 465.600006 148.800003 2 463.494263 148.800003
74984 1 385.200012 96.0 2 383.169922 96.0
75453 1 361.200012 96.0 2 359.611023 96.0
75035 1 364.800018 64.800003 2 363.131165 64.800003
74473 1 420.000031 100.800003 2 417.861633 100.800003
75063 1 574.800049 168.0 2 570.628052 168.0
75562 1 518.400024 78.0 2 516.687683 78.0
75433 1 349.200012 212.400009 2 329.189636 212.400009
75446 1 333.600006 196.800003 2 313.713959 196.800003
74029 1 492.000031 93.600006 2 490.175598 93.600006
73431 1 478.800018 76.800003 2 476.997345 76.800003
75054 1 436.800018 76.800003 2 435.110657 76.800003
75148 1 798.000061 333.600006 2 745.79248 333.600006
75381 1 499.200012 253.200012 2 478.110474 253.200012
75209 1 320.400024 302.400024 2 285.155457 302.400024
73895 1 513.600037 44.400002 2 512.319336 44.400002
74469 1 532.800049 177.600006 2 529.070984 177.600006
75471 1 591.600037 142.800003 2 585.973206 142.800003
67667 1 423.600006 56.400002 2 422.008057 56.400002
75324 1 282.0 242.400009 2 254.048203 242.400009
75217 1 160.800003 261.600006 2 126.251236 261.600006
70213 1 253.200012 78.0 2 252.116837 78.0
75283 1 140.400009 127.200005 2 108.859215 127.200005
75428 1 354.240021 185.76001 2 334.210938 185.76001
73538 1 488.160034 93.600006 2 486.042572 93.600006
75001 1 429.120026 76.32 2 427.48407 76.32
75000 1 483.840027 145.440002 2 479.999023 145.440002
54561 1 488.160034 123.840004 2 486.073334 123.840004
73901 1 578.880005 146.880005 2 573.745117 146.880005
73987 1 561.600037 158.400009 2 557.465881 158.400009
75431 1 334.080017 197.280014 2 314.017731 197.280014
75456 1 956.160034 218.880005 2 939.970215 218.880005
75118 1 940.320007 342.720001 2 882.038086 342.720001
75389 1 737.280029 239.040009 2 715.902954 239.040009
75239 1 622.080017 286.559998 2 589.637634 286.559998
75141 1 558.720032 345.600006 2 508.084839 345.600006
75437 1 419.040009 256.320007 2 397.041168 256.320007
68766 1 513.216064 44.928005 2 512.417786 44.928005
69705 1 534.240051 178.560013 2 530.373596 178.560013
74980 1 457.920013 63.360001 2 456.544098 63.360001
75171 1 259.200012 322.559998 2 214.202209 322.559998
74832 1 159.840012 262.080017 2 126.05761 262.080017
75288 1 95.040001 141.12001 2 62.577518 141.12001
75250 1 141.12001 126.720001 2 108.969826 126.720001
75264 1 106.560005 138.240005 2 74.279144 138.240005
75040 1 494.208038 184.896011 2 487.331055 184.896011
54044 1 468.288055 72.576004 2 466.693573 72.576004
75337 1 1029.888062 241.920029 2 1005.842468 241.920029
75336 1 898.560059 238.46402 2 872.975098 238.46402
75153 1 798.33606 333.504028 2 745.399719 333.504028
75407 1 737.856079 238.46402 2 716.965576 238.46402
73002 1 737.856079 196.99202 2 725.417114 196.99202
74488 1 679.104065 184.896011 2 670.877258 184.896011
74030 1 627.264038 179.712021 2 621.427979 179.712021
75353 1 590.976074 252.288025 2 570.213135 252.288025
74992 1 609.98407 217.728027 2 599.776611 217.728027
75173 1 499.392059 319.680023 2 453.322754 319.680023
69311 1 542.592041 138.240021 2 538.209412 138.240021
70211 1 590.976074 152.064011 2 585.782959 152.064011
73113 1 561.600037 158.976013 2 557.435791 158.976013
75491 1 385.344025 65.664009 2 384.17215 65.664009
72200 1 418.176025 101.952011 2 416.505402 101.952011
75531 1 457.920044 62.208008 2 456.442841 62.208008
74918 1 281.664032 241.920029 2 253.84024 241.920029
75472 1 259.200012 323.136017 2 214.114349 323.136017
75203 1 114.048012 276.480042 2 74.931549 276.480042
74857 1 95.040009 141.696014 2 62.266296 141.696014
75258 1 107.136009 138.240021 2 74.807419 138.240021
75429 1 333.84964 196.992035 2 314.009186 196.992035
74767 1 499.737671 319.334442 2 453.534332 319.334442
75191 1 170.035217 298.59845 2 130.663498 298.59845
75196 1 111.974419 275.788849 2 74.560425 275.788849
75413 1 918.604919 190.771225 2 898.179871 190.771225
74893 1 221.875229 244.68483 2 192.661606 244.68483
74379 1 141.004822 126.489616 2 108.839111 126.489616
74993 1 416.793671 257.126434 2 396.624207 257.126434
75496 1 449.971252 201.139221 2 438.261871 201.139221
75385 1 804.556885 234.316833 2 782.983643 234.316833
74945 1 549.504089 246.758438 2 530.504333 246.758438
74487 1 640.742493 240.537628 2 623.328125 240.537628
75398 1 153.446426 47.692806 2 132.552322 47.692806
75010 1 315.187256 70.502411 2 313.569366 70.502411
75488 1 711.244873 141.004822 2 695.433105 141.004822
72156 1 736.128113 194.918427 2 725.876526 194.918427
75490 1 381.54245 215.654434 2 365.654175 215.654434
73894 1 105.753616 66.355209 2 73.000381 66.355209
54835 1 534.988892 178.32962 2 530.302063 178.32962
73461 1 543.283264 136.85762 2 538.452576 136.85762
65081 1 561.945679 159.667221 2 558.153992 159.667221
74566 1 590.976074 141.004822 2 585.695679 141.004822
65871 1 579.778625 149.299225 2 575.839966 149.299225
74496 1 458.265656 62.208008 2 456.037598 62.208008
75565 1 400.204865 62.208008 2 398.131531 62.208008
74511 1 487.296082 93.312012 2 485.68277 93.312012
75535 1 157.593628 209.433624 2 124.346054 209.433624
75143 1 798.336121 333.84964 2 745.136597 333.84964
74847 1 159.252502 263.761963 2 125.660179 263.761963
75448 1 918.190186 189.11235 2 898.005615 189.11235
75501 1 676.82312 184.135712 2 667.601868 184.135712
75335 1 893.307007 209.018906 2 867.800537 209.018906
75427 1 418.037811 256.296997 2 396.032196 256.296997
74864 1 94.556175 141.834259 2 61.861023 141.834259
75009 1 794.271912 232.906799 2 774.916748 232.906799
75364 1 186.624023 59.719688 2 162.716568 59.719688
73991 1 639.498352 241.367081 2 621.138977 241.367081
75008 1 335.923248 231.413788 2 316.127533 231.413788
75315 1 129.392654 97.044495 2 98.206421 97.044495
75507 1 358.318115 67.184647 2 357.5513 67.184647
75037 1 296.110107 151.787537 2 274.042023 151.787537
75016 1 490.199097 181.647385 2 482.34729 181.647385
75363 1 333.434937 171.694107 2 313.860931 171.694107
72101 1 418.037811 102.021133 2 416.013275 102.021133
74038 1 457.850952 62.208008 2 455.57962 62.208008
73939 1 403.10791 74.649612 2 401.93338 74.649612
75021 1 485.222473 89.579529 2 483.37735 89.579529
75014 1 450.883667 212.004898 2 440.329987 212.004898
75510 1 716.636292 176.173096 2 706.534607 176.173096
75354 1 1054.05249 241.864746 2 1031.286133 241.864746
73548 1 283.668549 80.621582 2 280.511353 80.621582
75344 1 895.795349 152.285217 2 870.201904 152.285217
74543 1 1012.248779 220.96286 2 993.80249 220.96286
75486 1 650.944641 232.906799 2 634.062012 232.906799
73959 1 391.163971 101.523476 2 388.363037 101.523476
71644 1 382.206024 214.990891 2 367.117615 214.990891
75421 1 334.430267 197.074982 2 314.549194 197.074982
66753 1 588.238953 152.285217 2 583.414124 152.285217
54865 1 534.491211 179.159073 2 529.985657 179.159073
55932 1 483.729492 131.383316 2 480.306244 131.383316
69239 1 483.729492 89.579536 2 482.899902 89.579536
74821 1 158.257187 262.766632 2 125.411354 262.766632
74419 1 179.159073 203.046951 2 147.028915 203.046951
75018 1 641.986694 179.159073 2 628.868713 179.159073
73029 1 892.809387 209.018921 2 867.027466 209.018921
75340 1 1051.066528 95.551506 2 1028.116943 95.551506
75419 1 297.404083 150.493622 2 277.167908 150.493622
75367 1 899.378601 146.910446 2 875.989197 146.910446
75519 1 716.636353 175.575897 2 706.49469 175.575897
75058 1 383.400421 214.990891 2 367.390411 214.990891
75327 1 186.325439 107.495445 2 159.404541 107.495445
64336 1 533.894043 179.159088 2 530.370422 179.159088
54460 1 483.729523 128.994537 2 479.639343 128.994537
75186 1 1103.619995 236.48999 2 1060.021729 236.48999
75517 1 791.883118 150.493622 2 770.951294 150.493622
73484 1 390.566803 103.91227 2 387.63147 103.91227
69244 1 283.07135 100.329086 2 280.874054 100.329086
75050 1 684.387695 189.90863 2 674.986023 189.90863
75061 1 415.649078 78.829994 2 413.382477 78.829994
70725 1 741.718567 197.074982 2 730.687317 197.074982
73117 1 498.062256 107.495445 2 495.79422 107.495445
73111 1 587.641785 171.992722 2 582.261414 171.992722
67716 1 562.559509 136.160904 2 557.534424 136.160904
75198 1 107.495445 268.738617 2 72.153419 268.738617
74517 1 451.480896 211.407715 2 441.486359 211.407715
75025 1 587.641785 197.074982 2 581.736572 197.074982
69238 1 641.389526 179.159088 2 629.2901 179.159088
71665 1 859.963562 229.323624 2 833.498413 229.323624
73131 1 378.0 80.0 2 376.483215 80.0
74476 1 396.0 106.0 2 393.738312 106.0
68294 1 535.200012 132.0 2 530.713989 132.0
74474 1 418.0 106.0 2 415.909241 106.0
73914 1 404.400024 74.400002 2 402.765106 74.400002
53923 1 498.000031 69.600006 2 496.301819 69.600006
67715 1 364.320007 103.680008 2 362.417786 103.680008
72711 1 563.040039 178.560013 2 559.844482 178.560013
75435 1 352.800018 217.440002 2 333.175873 217.440002
74772 1 889.920044 300.960022 2 845.837708 300.960022
74773 1 504.000031 318.240021 2 460.187012 318.240021
72649 1 447.840027 201.600006 2 436.633514 201.600006
74986 1 400.320007 61.920002 2 398.716614 61.920002
75445 1 352.512024 217.728027 2 333.565857 217.728027
75175 1 506.0 319.0 2 461.522034 319.0
75006 1 590.400024 142.560013 2 585.377808 142.560013
75185 1 141.696014 311.040039 2 100.88649 311.040039
74973 1 153.792007 46.656006 2 131.785995 46.656006
73432 1 721.440002 201.600006 2 709.10907 201.600006
75284 1 122.688011 84.672005 2 91.122452 84.672005
75383 1 288.576019 153.792007 2 269.515778 153.792007
75494 1 452.044861 87.091209 2 450.645966 87.091209
75412 1 334.430267 170.201126 2 313.839996 170.201126
74418 1 89.85601 72.576004 2 58.075607 72.576004
75022 1 737.538208 197.074982 2 726.648499 197.074982
63207 1 531.505249 74.649612 2 530.149841 74.649612
75013 1 418.037842 256.794678 2 395.983002 256.794678
64003 1 573.309082 78.829994 2 568.621765 78.829994
68173 1 119.439384 116.4534 2 87.108627 116.4534
65156 1 589.731934 151.787537 2 584.252869 151.787537
75423 1 415.649078 257.989075 2 395.805115 257.989075
