606
372.182159424 -31.530315399 164.831237793 0.049068537157617144 0.6210426390822565 -0.030895721353212814 0.7816289231502518
86917 1 504.0 65.0 2 501.561981 65.0
87121 1 477.0 77.0 2 473.978607 77.0
86091 1 642.0 171.0 2 634.309692 171.0
87028 1 380.0 86.0 2 376.597046 86.0
85675 1 384.0 139.0 2 381.032471 139.0
85254 1 416.0 80.0 2 412.820343 80.0
87948 1 393.0 59.0 2 390.873383 59.0
87950 1 535.0 124.0 2 531.605225 124.0
87940 1 771.0 144.0 2 766.546753 144.0
84262 1 513.0 154.0 2 509.601379 154.0
87447 1 419.0 44.0 2 417.44577 44.0
85253 1 405.0 168.0 2 401.436066 168.0
86481 1 293.0 140.0 2 289.44809 140.0
86486 1 481.200012 100.800003 2 478.152618 100.800003
87944 1 600.0 213.600006 2 590.194641 213.600006
83371 1 608.400024 195.600006 2 601.618652 195.600006
87553 1 366.0 69.600006 2 362.470459 69.600006
87831 1 851.904053 260.92804 2 818.827332 260.92804
83808 1 484.800018 121.200005 2 481.448883 121.200005
86097 1 673.200012 163.200012 2 661.424561 163.200012
87883 1 783.0 245.0 2 758.646912 245.0
86576 1 385.200012 139.200012 2 381.691223 139.200012
86087 1 361.200012 103.200005 2 358.130615 103.200005
86099 1 730.800049 172.800003 2 722.260986 172.800003
86607 1 512.400024 64.800003 2 508.92984 64.800003
86575 1 420.000031 88.800003 2 417.888336 88.800003
85684 1 567.600037 138.0 2 563.476318 138.0
87759 1 981.600037 258.0 2 942.316833 258.0
87779 1 865.200012 280.800018 2 827.479187 280.800018
87776 1 826.800049 285.600006 2 788.463623 285.600006
87866 1 695.0 261.0 2 668.556641 261.0
87026 1 742.800049 192.0 2 733.086914 192.0
87610 1 643.200012 160.800003 2 634.713318 160.800003
87854 1 559.200012 268.800018 2 530.837524 268.800018
87958 1 462.000031 190.800003 2 456.743286 190.800003
79168 1 420.000031 45.600002 2 418.114532 45.600002
87971 1 211.200012 66.0 2 208.556137 66.0
87451 1 200.400009 165.600006 2 198.172226 165.600006
86489 1 295.200012 160.800003 2 292.401337 160.800003
88082 1 292.800018 139.200012 2 288.968781 139.200012
87452 1 70.800003 78.0 2 70.684036 78.0
83301 1 127.200005 70.800003 2 125.242233 70.800003
87928 1 735.600037 230.400009 2 715.871338 230.400009
85777 1 561.600037 95.040001 2 558.978394 95.040001
71809 1 542.880005 84.960007 2 540.08551 84.960007
84778 1 724.320007 156.960007 2 719.577393 156.960007
85817 1 300.960022 97.920006 2 297.852936 97.920006
87456 1 162.720001 95.040001 2 161.118118 95.040001
87983 1 141.12001 89.280006 2 139.144806 89.280006
88147 1 150.0 81.600006 2 147.372498 81.600006
87980 1 747.360046 146.880005 2 742.107788 146.880005
86199 1 370.080017 133.919998 2 367.036133 133.919998
87751 1 1101.600098 243.360016 2 1062.941406 243.360016
87559 1 670.800049 207.600006 2 659.235901 207.600006
88081 1 884.400024 170.400009 2 873.050354 170.400009
86570 1 662.400024 103.680008 2 649.679199 103.680008
86096 1 669.600037 167.040009 2 658.204773 167.040009
86499 1 727.200012 115.200005 2 716.062012 115.200005
87965 1 564.480042 200.160004 2 558.203308 200.160004
86886 1 560.160034 267.839996 2 530.45636 267.839996
86910 1 364.608032 236.736023 2 342.780304 236.736023
77304 1 482.734161 104.509453 2 478.880066 104.509453
87642 1 540.0 30.240002 2 537.933716 30.240002
87966 1 489.600006 36.0 2 487.73938 36.0
88144 1 566.0 28.0 2 564.168762 28.0
87550 1 455.040009 74.880005 2 452.43045 74.880005
84272 1 462.000031 44.400002 2 460.843994 44.400002
87107 1 403.200012 129.600006 2 400.241699 129.600006
82149 1 185.76001 51.840004 2 182.825012 51.840004
87992 1 126.720001 70.560005 2 124.956993 70.560005
86909 1 156.960007 145.440002 2 154.80954 145.440002
87647 1 508.032043 134.784012 2 504.451813 134.784012
87110 1 162.432022 95.040009 2 160.948975 95.040009
87496 1 141.696014 93.312012 2 140.056259 93.312012
87984 1 165.888016 76.032005 2 163.913422 76.032005
81692 1 568.512024 138.240021 2 564.48407 138.240021
87893 1 1093.200073 214.800003 2 1070.370483 214.800003
87749 1 1102.464111 243.648026 2 1064.089355 243.648026
87747 1 936.576111 262.656036 2 895.251099 262.656036
87791 1 825.120056 285.120026 2 787.334961 285.120026
87425 1 695.52002 233.280014 2 676.509094 233.280014
87820 1 686.880005 283.680023 2 653.046021 283.680023
87996 1 884.736084 171.072021 2 872.534058 171.072021
87465 1 730.944092 51.840004 2 712.193787 51.840004
87490 1 748.22406 146.88002 2 743.406128 146.88002
87731 1 451.200012 308.400024 2 410.782806 308.400024
87286 1 433.728027 311.040039 2 392.32251 311.040039
87872 1 420.480011 264.960022 2 394.842102 264.960022
85715 1 490.752045 36.288002 2 488.447144 36.288002
81084 1 578.534485 161.740829 2 576.546997 161.740829
85829 1 371.52005 100.224007 2 368.243378 100.224007
80191 1 336.960022 74.880005 2 333.904572 74.880005
80170 1 433.200012 79.200005 2 429.662506 79.200005
82728 1 195.264023 69.12001 2 193.220932 69.12001
82741 1 226.368027 46.656006 2 223.531326 46.656006
67675 1 184.896011 51.840004 2 182.817596 51.840004
86966 1 305.856018 88.128006 2 302.762573 88.128006
83880 1 254.016022 44.928005 2 250.830765 44.928005
86508 1 295.200012 161.279999 2 292.05188 161.279999
88062 1 257.472015 162.432022 2 254.659012 162.432022
86532 1 290.304016 138.240021 2 287.025452 138.240021
87991 1 59.040001 92.160004 2 57.977322 92.160004
88005 1 51.840004 122.688011 2 50.340824 122.688011
86960 1 157.248016 145.152008 2 155.215881 145.152008
87755 1 980.812927 257.126434 2 941.458984 257.126434
86954 1 640.742493 47.692806 2 628.455017 47.692806
88003 1 60.134407 93.312012 2 59.741573 93.312012
87887 1 283.392029 226.368027 2 260.331268 226.368027
86519 1 293.76004 160.70401 2 290.874939 160.70401
86535 1 257.126434 161.740829 2 254.542847 161.740829
88010 1 931.046509 157.593628 2 921.158875 157.593628
87296 1 659.404907 306.063416 2 618.606384 306.063416
86617 1 163.814423 70.502411 2 161.969238 70.502411
87915 1 724.800049 230.400009 2 706.087891 230.400009
88012 1 754.790527 194.918427 2 744.092712 194.918427
86867 1 825.98407 285.120026 2 787.57428 285.120026
87566 1 141.696014 155.52002 2 137.948975 155.52002
86971 1 155.52002 145.152023 2 153.526749 145.152023
85739 1 429.23526 165.888031 2 427.045898 165.888031
87989 1 565.05603 200.448013 2 557.799072 200.448013
87885 1 1088.640137 216.000015 2 1064.732544 216.000015
86156 1 306.892853 87.091209 2 303.641754 87.091209
86978 1 296.524841 66.355209 2 293.242432 66.355209
86919 1 359.424042 162.432022 2 356.51236 162.432022
81678 1 335.923248 74.649612 2 332.899109 74.649612
88014 1 767.232117 141.004822 2 761.128845 141.004822
84869 1 514.252869 66.355209 2 511.409912 66.355209
88115 1 497.664062 39.398407 2 496.079498 39.398407
86935 1 698.112061 69.12001 2 684.72998 69.12001
77837 1 419.904053 46.656006 2 418.077484 46.656006
82682 1 508.032074 134.784012 2 504.190308 134.784012
86448 1 744.480042 292.320007 2 706.840332 292.320007
87355 1 696.729675 291.133484 2 660.814514 291.133484
87919 1 738.201721 230.169632 2 718.11969 230.169632
87515 1 121.927696 171.694107 2 119.466255 171.694107
87146 1 204.042267 54.74305 2 201.138107 54.74305
86968 1 291.133484 159.252502 2 288.177032 159.252502
88018 1 313.528351 131.880981 2 309.99585 131.880981
87575 1 286.15683 146.810898 2 282.780518 146.810898
82749 1 567.337036 139.345947 2 565.214905 139.345947
87826 1 278.691895 266.250275 2 247.035202 266.250275
88096 1 164.229141 77.137932 2 162.351303 77.137932
86976 1 248.832031 145.152023 2 246.732346 145.152023
87055 1 380.713013 109.486099 2 378.141724 109.486099
86136 1 395.712036 62.208008 2 393.510101 62.208008
88090 1 336.960022 63.936005 2 334.757202 63.936005
85286 1 455.36261 181.647385 2 450.029236 181.647385
87118 1 405.596222 131.880981 2 402.343842 131.880981
88136 1 260.640015 50.400002 2 258.662659 50.400002
84258 1 669.772888 207.360031 2 658.7995 207.360031
87098 1 634.521667 196.577301 2 627.517273 196.577301
87497 1 467.80423 233.902115 2 452.999634 233.902115
86982 1 470.707275 188.697632 2 466.205017 188.697632
85291 1 426.398621 89.579544 2 423.091278 89.579544
84312 1 456.192078 78.796814 2 452.644196 78.796814
79686 1 425.502777 47.278088 2 423.526062 47.278088
85328 1 520.05896 134.369293 2 516.82666 134.369293
88023 1 885.842041 136.85762 2 880.174438 136.85762
88114 1 716.63623 159.252502 2 708.408447 159.252502
86132 1 698.803284 118.195213 2 686.03656 118.195213
87918 1 879.206543 91.238411 2 859.882263 91.238411
88063 1 70.848007 77.76001 2 70.76767 77.76001
87570 1 191.600662 196.577301 2 188.882782 196.577301
86445 1 935.608459 263.761963 2 894.351624 263.761963
86438 1 333.235901 304.570435 2 294.411133 304.570435
86979 1 209.018906 82.114571 2 205.762619 82.114571
87524 1 253.808685 77.635597 2 250.32605 77.635597
84374 1 206.032928 56.733707 2 202.444016 56.733707
87514 1 248.832031 144.322586 2 246.036331 144.322586
85257 1 738.135437 293.820892 2 702.557617 293.820892
88031 1 928.641174 158.257187 2 914.661316 158.257187
85755 1 388.177979 122.425369 2 384.48288 122.425369
88127 1 352.346191 146.313248 2 349.542725 146.313248
88020 1 156.764175 174.182419 2 154.470444 174.182419
87526 1 155.271194 146.313248 2 151.937653 146.313248
87900 1 691.753052 233.902115 2 670.639832 233.902115
86993 1 158.257187 92.565521 2 155.796661 92.565521
88140 1 164.229141 69.672974 2 162.33461 69.672974
87920 1 358.318115 236.390427 2 336.742249 236.390427
85321 1 483.729523 107.495445 2 480.69516 107.495445
86152 1 318.505005 109.486099 2 315.345154 109.486099
88027 1 333.434937 74.649612 2 330.611572 74.649612
85292 1 507.617371 134.369308 2 503.558899 134.369308
87582 1 716.636292 158.257187 2 708.252869 158.257187
87520 1 748.884949 146.910446 2 743.078308 146.910446
87508 1 468.799591 232.906799 2 454.713684 232.906799
85764 1 471.785553 188.117035 2 467.019989 188.117035
77409 1 668.860535 206.032928 2 657.58844 206.032928
86596 1 398.131256 64.696327 2 396.090271 64.696327
87376 1 821.145691 87.091209 2 792.12854 87.091209
61154 1 59.719688 92.067856 2 58.883949 92.067856
87075 1 310.542389 131.383316 2 307.829834 131.383316
80619 1 567.337097 140.341278 2 565.573364 140.341278
84811 1 662.88855 104.50946 2 650.364319 104.50946
86169 1 994.332886 194.088989 2 980.527527 194.088989
84359 1 157.659988 93.16272 2 155.369965 93.16272
82755 1 164.826355 68.080452 2 162.885635 68.080452
87396 1 683.790466 247.836716 2 660.769531 247.836716
87498 1 868.423828 223.948837 2 849.34729 223.948837
87370 1 666.471802 268.738617 2 637.653931 268.738617
86075 1 630.639954 268.738617 2 599.920715 268.738617
86171 1 670.054993 168.409531 2 659.816162 168.409531
65341 1 639.000671 164.229156 2 630.16925 164.229156
86225 1 465.813599 150.493622 2 461.911194 150.493622
77764 1 636.014709 194.088989 2 627.487305 194.088989
87924 1 740.52417 232.906799 2 720.934082 232.906799
79671 1 523.144531 75.246811 2 520.223206 75.246811
76477 1 684.387695 136.160904 2 675.655151 136.160904
87867 1 573.309021 247.836716 2 549.883911 247.836716
86179 1 558.976318 197.074982 2 554.663818 197.074982
87529 1 469.39679 232.906799 2 455.3461 232.906799
86545 1 475.269196 189.11235 2 470.447876 189.11235
87330 1 862.617737 279.936035 2 825.2724 279.936035
81103 1 329.65271 71.663635 2 326.549042 71.663635
88102 1 293.820892 89.579544 2 290.431946 89.579544
87844 1 821.145752 86.593552 2 791.951599 86.593552
88032 1 158.257187 176.173096 2 155.883072 176.173096
87542 1 200.658173 118.244995 2 198.202576 118.244995
87020 1 189.90863 193.491806 2 186.741104 193.491806
87545 1 89.579544 193.491806 2 86.42981 193.491806
86443 1 313.528351 293.621796 2 275.039429 293.621796
87523 1 333.235901 214.990891 2 316.118134 214.990891
87401 1 505.228607 250.822708 2 484.335968 250.822708
87319 1 934.613159 262.766632 2 894.119385 262.766632
85262 1 924.460876 261.572266 2 884.68689 261.572266
86539 1 996.124512 193.491806 2 982.649597 193.491806
87771 1 1012.746399 251.320358 2 971.573425 251.320358
87879 1 1074.954468 212.004898 2 1052.519165 212.004898
85322 1 550.0 181.0 2 547.182373 181.0
86904 1 553.0 154.0 2 549.884338 154.0
86905 1 630.0 196.0 2 624.739685 196.0
87548 1 763.0 191.0 2 752.690063 191.0
87852 1 626.0 269.0 2 596.685059 269.0
87808 1 581.0 288.0 2 544.80426 288.0
86094 1 300.0 97.200005 2 297.465637 97.200005
87091 1 542.400024 66.0 2 539.727844 66.0
87360 1 868.800049 265.200012 2 833.480408 265.200012
87640 1 398.400024 96.0 2 395.385742 96.0
87684 1 1164.0 313.200012 2 1098.215942 313.200012
87888 1 508.800018 243.600006 2 485.712219 243.600006
82737 1 246.000015 48.0 2 242.738098 48.0
86116 1 502.560028 64.800003 2 499.36731 64.800003
83364 1 476.640015 76.32 2 473.186188 76.32
83293 1 499.680023 132.480011 2 496.91156 132.480011
87040 1 432.000031 79.200005 2 428.028717 79.200005
86117 1 391.680023 138.240005 2 388.605652 138.240005
87933 1 856.800049 92.160004 2 837.642334 92.160004
87259 1 934.560059 315.360016 2 883.309937 315.360016
87906 1 936.000061 48.960003 2 914.813721 48.960003
87773 1 882.720032 279.360016 2 842.560364 279.360016
87351 1 864.000061 280.800018 2 827.608032 280.800018
87889 1 682.559998 243.360016 2 660.060486 243.360016
86491 1 724.320007 192.960007 2 714.469482 192.960007
87596 1 521.280029 188.640015 2 518.209717 188.640015
87756 1 597.600037 293.76001 2 558.5625 293.76001
87806 1 576.0 286.559998 2 540.313354 286.559998
87423 1 364.320007 236.160004 2 341.886688 236.160004
85695 1 354.240021 119.520004 2 351.662872 119.520004
87025 1 433.440002 123.840004 2 430.793671 123.840004
86630 1 403.200012 129.600006 2 399.421173 129.600006
83300 1 211.680008 66.240005 2 208.485748 66.240005
82730 1 539.136047 124.416016 2 536.273376 124.416016
87932 1 857.088074 91.584007 2 838.509521 91.584007
87750 1 1131.840088 238.46402 2 1094.065186 238.46402
87390 1 912.384094 228.096024 2 885.231445 228.096024
87772 1 883.008057 279.936035 2 844.117249 279.936035
87765 1 858.816101 283.392029 2 820.371338 283.392029
87339 1 738.135437 293.820892 2 702.557617 293.820892
84751 1 770.688049 36.288002 2 750.179321 36.288002
84861 1 622.080078 32.832005 2 609.283936 32.832005
87725 1 476.92804 302.400024 2 434.448669 302.400024
87268 1 387.072021 328.320038 2 341.020264 328.320038
77367 1 335.232025 69.12001 2 332.858612 69.12001
85693 1 402.624023 129.600006 2 399.646484 129.600006
87821 1 285.120026 276.480042 2 251.858734 276.480042
87704 1 89.85601 330.048035 2 35.948013 330.048035
86828 1 503.884857 319.334442 2 457.747253 319.334442
87730 1 476.92807 302.745636 2 434.825592 302.745636
87263 1 439.603271 325.555237 2 393.926605 325.555237
87788 1 881.280151 279.936035 2 843.310852 279.936035
87767 1 1076.198608 238.464035 2 1039.119751 238.464035
81638 1 226.02243 45.619205 2 223.342896 45.619205
87923 1 841.881714 199.065628 2 822.531738 199.065628
87507 1 141.004822 93.312012 2 139.812012 93.312012
87901 1 769.305725 39.398407 2 747.202515 39.398407
87044 1 358.732849 161.740829 2 355.482849 161.740829
86632 1 620.00647 157.593628 2 613.117554 157.593628
84278 1 696.729675 70.502411 2 685.187073 70.502411
82229 1 691.753052 99.532814 2 679.927368 99.532814
85353 1 641.986633 47.278088 2 628.92157 47.278088
87741 1 442.921021 308.551727 2 397.993011 308.551727
87712 1 437.944397 325.969971 2 392.536865 325.969971
85726 1 432.967743 263.761963 2 406.837769 263.761963
87874 1 1074.954346 213.995544 2 1051.74292 213.995544
87769 1 353.341492 303.575073 2 313.633484 303.575073
86878 1 818.65741 281.180206 2 781.906067 281.180206
68822 1 99.532814 74.649612 2 96.652664 74.649612
87733 1 1050.071167 246.343719 2 1012.647644 246.343719
87834 1 818.65741 64.696327 2 789.52417 64.696327
86999 1 154.275864 144.322586 2 153.538696 144.322586
83878 1 619.591797 156.764175 2 612.031189 156.764175
87400 1 507.61734 248.832031 2 485.325775 248.832031
86658 1 472.780853 77.137932 2 470.242615 77.137932
87728 1 475.269196 301.086761 2 435.006134 301.086761
85304 1 836.075684 232.906799 2 806.78772 232.906799
86643 1 209.018921 83.607567 2 206.205978 83.607567
81642 1 618.098816 158.257187 2 611.153625 158.257187
87743 1 1080.926392 235.892776 2 1045.32373 235.892776
86997 1 200.060959 164.229156 2 197.824203 164.229156
87003 1 247.836716 146.313248 2 245.381927 146.313248
87870 1 1048.080566 220.96286 2 1022.602295 220.96286
87006 1 295.612457 65.691658 2 293.08609 65.691658
87100 1 388.177979 122.425369 2 384.48288 122.425369
87927 1 874.893494 68.677643 2 855.972473 68.677643
84353 1 507.617371 176.173096 2 501.237122 176.173096
69821 1 59.719692 92.565521 2 58.696011 92.565521
87737 1 220.96286 283.668549 2 182.893173 283.668549
86472 1 424.009796 265.752625 2 399.65625 265.752625
86464 1 562.559509 268.738617 2 535.211426 268.738617
86062 1 976.416931 256.794678 2 937.314758 256.794678
87876 1 573.309082 247.239532 2 549.36261 247.239532
87925 1 773.967224 225.740448 2 752.109802 225.740448
55341 1 637.806335 164.826355 2 629.697937 164.826355
84899 1 404.899536 89.579544 2 401.159363 89.579544
83851 1 505.228607 175.575897 2 500.444885 175.575897
84854 1 526.727722 125.411354 2 523.311829 125.411354
83302 1 505.228607 132.577713 2 502.196014 132.577713
85782 1 537.477234 121.828178 2 535.044128 121.828178
87922 1 426.398621 243.656357 2 405.552765 243.656357
78266 1 695.137207 103.91227 2 682.223022 103.91227
84873 1 637.806335 193.491806 2 633.446167 193.491806
87576 1 179.159088 179.159088 2 176.168655 179.159088
86548 1 290.237701 161.243179 2 287.078491 161.243179
87004 1 200.658173 161.243179 2 198.350388 161.243179
87796 1 863.546753 279.488159 2 827.108582 279.488159
87398 1 1074.954468 211.407715 2 1051.860718 211.407715
