623
384.9855 -34.34893 168.7309 0.039707114587966094 0.5876883597300994 -0.03567121096439941 0.8073247807401781
85978 1 335.0 65.0 2 331.273834 65.0
89920 1 531.0 129.0 2 526.985413 129.0
90770 1 545.0 116.0 2 540.857605 116.0
90781 1 373.0 42.0 2 369.0271 42.0
87419 1 542.0 145.0 2 537.79364 145.0
90932 1 474.0 57.0 2 469.411652 57.0
83562 1 576.0 46.0 2 572.615417 46.0
90679 1 1212.0 288.0 2 1176.334595 288.0
90328 1 256.800018 22.800001 2 253.086502 22.800001
85414 1 326.400024 76.800003 2 322.272125 76.800003
88316 1 373.200012 42.0 2 369.174866 42.0
86447 1 520.800049 54.000004 2 516.919434 54.000004
87841 1 460.800018 91.200005 2 456.871277 91.200005
88406 1 186.0 76.800003 2 183.377548 76.800003
86956 1 207.600006 40.800003 2 205.07196 40.800003
85902 1 222.000015 32.400002 2 219.456528 32.400002
90487 1 531.600037 84.0 2 527.82196 84.0
90934 1 555.600037 117.600006 2 550.800964 117.600006
90319 1 897.600037 180.0 2 882.26532 180.0
89280 1 420.000031 31.200001 2 416.451477 31.200001
85553 1 615.600037 73.200005 2 611.895874 73.200005
90729 1 1012.800049 243.600006 2 990.07135 243.600006
89826 1 1003.200012 105.600006 2 996.909912 105.600006
90710 1 771.600037 247.200012 2 747.082336 247.200012
90753 1 867.600037 240.000015 2 846.775024 240.000015
90313 1 706.800049 195.600006 2 694.840759 195.600006
84545 1 439.200012 156.0 2 434.749054 156.0
86769 1 236.400009 152.400009 2 234.138687 152.400009
89952 1 236.400009 134.400009 2 234.220474 134.400009
85806 1 315.600006 122.400002 2 311.757751 122.400002
89384 1 140.400009 57.600002 2 138.080185 57.600002
88769 1 522.720032 80.639999 2 519.035583 80.639999
87464 1 192.960007 64.800003 2 190.457733 64.800003
89821 1 185.76001 70.560005 2 183.826233 70.560005
90340 1 1065.600098 120.960007 2 1059.199219 120.960007
85522 1 400.320007 116.640007 2 396.351898 116.640007
87856 1 339.840027 41.760002 2 336.118713 41.760002
90472 1 334.080017 36.0 2 331.534576 36.0
89818 1 967.680054 169.920013 2 951.979858 169.920013
88399 1 989.280029 149.76001 2 972.486328 149.76001
90320 1 881.280029 164.160004 2 867.432617 164.160004
83554 1 587.52002 126.720001 2 583.302734 126.720001
78831 1 594.720032 110.880005 2 591.367676 110.880005
88899 1 587.52002 84.960007 2 584.721497 84.960007
88774 1 924.480042 146.880005 2 910.551392 146.880005
90776 1 1002.240051 122.400002 2 995.977844 122.400002
89993 1 879.840027 195.840012 2 864.048645 195.840012
90643 1 885.600037 300.960022 2 842.461914 300.960022
89264 1 766.080017 200.160004 2 753.494019 200.160004
86233 1 707.040039 195.840012 2 695.546631 195.840012
90639 1 655.200012 303.840027 2 612.917053 303.840027
90619 1 737.280029 312.480011 2 691.665222 312.480011
90625 1 699.840027 312.480011 2 654.19165 312.480011
90938 1 737.280029 185.76001 2 725.905518 185.76001
89949 1 561.600037 41.760002 2 557.775696 41.760002
89813 1 540.0 178.560013 2 533.851929 178.560013
85127 1 326.880005 77.760002 2 323.356171 77.760002
81410 1 221.76001 31.68 2 219.220078 31.68
86867 1 321.120026 92.160004 2 317.558929 92.160004
86288 1 200.160004 132.480011 2 197.556076 132.480011
90904 1 315.360016 122.400002 2 311.385071 122.400002
86770 1 116.640007 61.920002 2 115.117165 61.920002
90905 1 594.432068 110.59201 2 591.297974 110.59201
90434 1 326.592041 36.288002 2 323.155579 36.288002
90596 1 1119.744141 338.688019 2 1065.315186 338.688019
90620 1 936.576111 312.768036 2 889.980957 312.768036
90800 1 1073.088135 95.040009 2 1067.425903 95.040009
90824 1 1066.176147 119.23201 2 1059.909546 119.23201
89417 1 921.024109 124.416016 2 916.19635 124.416016
90799 1 1003.968079 122.688011 2 996.82135 122.688011
90640 1 825.98407 302.400024 2 781.447205 302.400024
90323 1 677.376038 243.648026 2 654.472473 243.648026
90637 1 654.912048 304.128021 2 612.421509 304.128021
90629 1 737.856079 312.768036 2 692.079407 312.768036
87831 1 881.28009 76.032005 2 858.57074 76.032005
90429 1 872.640076 43.200005 2 847.345276 43.200005
88401 1 881.28009 162.432022 2 866.542358 162.432022
87255 1 874.368103 127.872009 2 866.927979 127.872009
80347 1 634.176086 152.064011 2 631.296997 152.064011
86924 1 729.216064 145.152008 2 718.204224 145.152008
89294 1 616.896057 196.99202 2 610.864319 196.99202
90634 1 558.144043 311.040039 2 515.540039 311.040039
90681 1 597.196899 286.15683 2 561.703613 286.15683
78899 1 523.584045 81.216011 2 520.041931 81.216011
87264 1 589.248047 107.136009 2 586.041687 107.136009
87257 1 513.216064 179.712021 2 506.163605 179.712021
82573 1 544.320068 115.776009 2 541.301575 115.776009
85423 1 568.512024 181.440018 2 564.921875 181.440018
89410 1 554.688049 119.23201 2 550.328735 119.23201
90351 1 421.63205 38.016003 2 418.025635 38.016003
86246 1 388.800049 150.336014 2 385.062714 150.336014
87875 1 433.728027 176.256012 2 429.92572 176.256012
90655 1 196.99202 266.11203 2 158.632446 266.11203
90694 1 298.944031 236.736023 2 269.453644 236.736023
89314 1 131.328018 190.080017 2 127.619652 190.080017
80960 1 226.368027 32.832005 2 223.585724 32.832005
90910 1 321.40802 32.832005 2 317.687927 32.832005
90372 1 236.736023 134.784012 2 234.161453 134.784012
88785 1 300.672028 183.168015 2 285.348633 183.168015
90367 1 46.656006 107.136009 2 45.876362 107.136009
89822 1 51.840004 148.608017 2 48.410187 148.608017
90641 1 655.25769 304.819244 2 612.514404 304.819244
90823 1 1001.54895 105.753616 2 995.942261 105.753616
90612 1 406.425659 321.408051 2 357.219818 321.408051
90942 1 1107.302612 207.360031 2 1085.957397 207.360031
90622 1 738.201721 313.113647 2 692.073547 313.113647
90621 1 702.9505 313.113647 2 656.334656 313.113647
90831 1 105.753616 68.42881 2 103.583176 68.42881
89863 1 199.065628 132.710419 2 196.434357 132.710419
90688 1 252.979233 244.68483 2 220.341248 244.68483
90704 1 377.395264 232.243225 2 353.041504 232.243225
88816 1 273.71524 153.446426 2 270.700745 153.446426
86825 1 157.593628 188.697632 2 153.782898 188.697632
89263 1 800.409729 223.948837 2 779.023865 223.948837
90718 1 765.158508 246.758438 2 741.759766 246.758438
84647 1 717.465698 151.372818 2 706.699341 151.372818
89376 1 729.907288 145.152023 2 717.664429 145.152023
89450 1 1001.54895 122.342415 2 994.813721 122.342415
82015 1 621.084778 119.439384 2 616.529785 119.439384
89824 1 879.206543 58.060806 2 855.396606 58.060806
86918 1 586.828857 126.489616 2 582.805847 126.489616
86962 1 553.651306 118.195213 2 549.296082 118.195213
90820 1 433.382446 43.545605 2 430.012115 43.545605
82583 1 543.283264 116.121613 2 539.769897 116.121613
90482 1 499.737671 136.85762 2 496.141327 136.85762
90826 1 373.248047 78.796814 2 369.161163 78.796814
88446 1 348.364838 91.238411 2 344.311523 91.238411
85078 1 620.00647 76.723213 2 616.408508 76.723213
90756 1 1173.657715 196.992035 2 1152.846924 196.992035
90715 1 868.423828 243.855392 2 843.035645 243.855392
87862 1 87.091209 176.670746 2 83.575005 176.670746
88836 1 236.390427 149.299225 2 233.639694 149.299225
90380 1 1065.001099 119.439377 2 1059.408203 119.439377
89764 1 704.194641 313.528351 2 657.433838 313.528351
90736 1 923.16687 236.390427 2 900.689026 236.390427
90965 1 913.213562 196.577301 2 897.934082 196.577301
90906 1 980.398193 171.694107 2 962.8302 171.694107
89277 1 920.678528 124.416016 2 916.473633 124.416016
87332 1 343.388214 114.462738 2 338.329895 114.462738
86806 1 159.252502 189.11235 2 155.340668 189.11235
90907 1 806.630493 228.096039 2 785.890015 228.096039
89871 1 798.750854 223.948837 2 777.779236 223.948837
89396 1 726.589539 196.577301 2 714.128967 196.577301
81947 1 552.407104 116.951057 2 548.444702 116.951057
90649 1 338.41156 313.528351 2 296.166351 313.528351
90270 1 251.320358 243.855392 2 219.952423 243.855392
84651 1 622.080078 119.439377 2 616.590576 119.439377
77450 1 525.035583 84.60289 2 520.963257 84.60289
85993 1 517.570618 54.74305 2 513.866089 54.74305
90395 1 348.364838 89.579529 2 343.890106 89.579529
89819 1 194.088989 77.137932 2 191.71138 77.137932
88319 1 231.413788 52.254726 2 228.281708 52.254726
90849 1 510.105682 181.647385 2 503.937958 181.647385
90850 1 410.572845 89.579529 2 407.370178 89.579529
86314 1 470.292542 57.231369 2 466.150452 57.231369
85584 1 418.037811 52.254726 2 414.606445 52.254726
87317 1 106.997772 77.137932 2 105.075966 77.137932
90251 1 196.577301 266.250275 2 157.558533 266.250275
90616 1 405.596222 320.993317 2 358.099823 320.993317
90261 1 475.269196 273.71524 2 442.318878 273.71524
86861 1 241.864746 107.495445 2 239.005066 107.495445
89401 1 722.608276 197.074982 2 711.478882 197.074982
90733 1 1018.220764 244.850739 2 995.92981 244.850739
87272 1 146.313248 62.705677 2 144.612122 62.705677
88303 1 444.911713 253.808685 2 421.287994 253.808685
89803 1 609.140869 247.836716 2 583.287842 247.836716
87304 1 615.112793 197.074982 2 608.196106 197.074982
90497 1 325.472321 77.635597 2 322.712646 77.635597
87375 1 597.196899 185.131042 2 594.547852 185.131042
90401 1 552.407166 185.131042 2 547.272644 185.131042
89307 1 606.154846 131.383316 2 602.65625 131.383316
90921 1 800.243835 223.948837 2 778.420776 223.948837
87936 1 979.402954 173.187103 2 963.001709 173.187103
90858 1 1000.30481 119.439384 2 993.261658 119.439384
85088 1 600.182922 113.467415 2 596.302368 113.467415
80883 1 686.776428 143.327255 2 680.054443 143.327255
89771 1 340.402252 313.528381 2 296.938324 313.528381
85943 1 543.449219 164.229156 2 537.846741 164.229156
85420 1 880.865417 164.229156 2 867.098083 164.229156
77444 1 728.580261 149.299225 2 715.893433 149.299225
80398 1 716.636292 149.299225 2 705.909058 149.299225
69661 1 107.495445 77.635597 2 104.758667 77.635597
90241 1 331.444275 301.584442 2 287.784058 301.584442
90266 1 474.771545 271.724609 2 443.663971 271.724609
90646 1 653.930603 304.570435 2 611.984192 304.570435
88838 1 922.66925 122.425369 2 918.019836 122.425369
90229 1 934.613159 313.528381 2 887.92865 313.528381
90751 1 1068.982422 223.948837 2 1047.302002 223.948837
90249 1 329.65271 300.987244 2 287.831787 300.987244
90648 1 297.404083 286.654541 2 255.748901 286.654541
87893 1 956.709473 182.742264 2 939.586487 182.742264
90839 1 107.495445 78.829994 2 104.387535 78.829994
88335 1 78.829994 68.080452 2 77.331009 68.080452
86895 1 555.393127 139.74408 2 551.089539 139.74408
90624 1 730.969055 304.570435 2 687.210999 304.570435
88459 1 942.37677 200.658173 2 924.391296 200.658173
90866 1 193.491806 75.246811 2 190.777145 75.246811
90673 1 365.484528 290.237701 2 327.824219 290.237701
87281 1 809.799072 225.740448 2 788.387024 225.740448
88490 1 465.813599 154.076813 2 462.216705 154.076813
89912 1 182.742264 186.325439 2 178.509827 186.325439
90415 1 132.577713 157.659988 2 128.262177 157.659988
86883 1 150.493622 136.160904 2 147.266998 136.160904
84596 1 476.563141 121.828178 2 472.171234 121.828178
85055 1 419.232239 103.91227 2 415.051575 103.91227
85504 1 415.649078 89.579544 2 412.127838 89.579544
90393 1 1067.788086 118.244995 2 1060.848633 118.244995
90676 1 154.076813 240.073166 2 118.072723 240.073166
88886 1 128.994537 189.90863 2 125.942535 189.90863
85987 1 505.228607 100.329086 2 501.571625 100.329086
89935 1 498.062256 225.740448 2 484.07486 225.740448
89469 1 526.727722 211.407715 2 517.219666 211.407715
85885 1 372.650879 96.745903 2 367.789337 96.745903
85931 1 343.985443 89.579544 2 339.965515 89.579544
87258 1 670.054993 229.323624 2 653.095886 229.323624
90870 1 644.972717 214.990891 2 631.625183 214.990891
83133 1 544.643616 164.826355 2 538.82782 164.826355
90862 1 505.228607 179.159088 2 498.97406 179.159088
85551 1 508.811798 136.160904 2 503.657532 136.160904
84591 1 551.809998 118.244995 2 548.078979 118.244995
89991 1 881.462708 161.243179 2 867.008423 161.243179
87952 1 870.713135 125.411354 2 863.484558 125.411354
90419 1 723.802673 171.992722 2 713.306641 171.992722
66171 1 727.385864 146.910446 2 715.324097 146.910446
77086 1 720.219482 150.493622 2 710.065674 150.493622
88863 1 114.661812 139.74408 2 111.796448 139.74408
86401 1 336.819061 114.661812 2 333.260895 114.661812
89777 1 197.074982 265.155426 2 157.155182 265.155426
89324 1 444.314514 254.405899 2 420.913544 254.405899
90731 1 386.983612 240.073166 2 366.017944 240.073166
87284 1 612.72406 197.074982 2 604.638855 197.074982
85047 1 659.30542 157.659988 2 653.805237 157.659988
78859 1 623.473572 118.244995 2 618.04364 118.244995
77481 1 723.802673 197.074982 2 713.022461 197.074982
90749 1 834.881348 218.574081 2 813.913086 218.574081
91127 1 261.0 262.0 2 224.789688 262.0
91290 1 997.0 218.0 2 977.738281 218.0
91139 1 714.0 284.0 2 678.499268 284.0
91303 1 965.0 200.0 2 946.968933 200.0
91182 1 412.0 262.0 2 382.116058 262.0
91204 1 418.0 241.0 2 391.694214 241.0
91235 1 818.0 148.0 2 794.781799 148.0
91214 1 1118.0 253.0 2 1093.099976 253.0
91288 1 1041.0 199.0 2 1021.623596 199.0
91072 1 778.0 308.0 2 732.262329 308.0
91082 1 701.0 312.0 2 656.276001 312.0
91206 1 768.0 29.0 2 742.072327 29.0
91236 1 843.0 78.0 2 819.785645 78.0
90880 1 913.200012 169.200012 2 897.839661 169.200012
86938 1 457.200012 60.000004 2 453.400757 60.000004
91280 1 1000.800049 222.000015 2 980.698303 222.000015
86873 1 398.400024 46.800003 2 394.352478 46.800003
87353 1 512.400024 98.400002 2 507.712036 98.400002
91281 1 1173.0 197.0 2 1153.002075 197.0
91217 1 920.400024 243.600006 2 895.901978 243.600006
91221 1 1039.0 249.0 2 1014.653564 249.0
91052 1 903.0 319.0 2 854.36084 319.0
91224 1 764.640015 246.240005 2 740.91864 246.240005
91246 1 867.0 241.0 2 844.611938 241.0
91090 1 820.0 306.0 2 775.646423 306.0
91074 1 777.600037 307.200012 2 732.20929 307.200012
91054 1 822.0 320.0 2 773.454529 320.0
91107 1 869.0 295.0 2 828.457336 295.0
90788 1 704.400024 235.200012 2 683.792358 235.200012
91062 1 621.0 316.0 2 574.459656 316.0
91061 1 738.0 313.0 2 691.440674 313.0
91169 1 692.0 272.0 2 660.34021 272.0
81987 1 619.200012 97.200005 2 615.707764 97.200005
91070 1 615.0 317.0 2 569.25 317.0
91141 1 599.0 285.0 2 563.550598 285.0
91202 1 370.0 237.0 2 343.534271 237.0
91097 1 467.0 307.0 2 424.229431 307.0
91175 1 412.0 274.0 2 380.980225 274.0
85803 1 381.600006 124.800003 2 378.366577 124.800003
91167 1 265.0 241.0 2 233.198654 241.0
85907 1 460.800018 69.120003 2 457.40744 69.120003
91277 1 1173.600098 196.800003 2 1153.175903 196.800003
91153 1 966.000061 274.800018 2 932.365601 274.800018
91270 1 867.600037 240.000015 2 846.775024 240.000015
91071 1 777.600037 306.720001 2 731.858093 306.720001
91053 1 819.600037 320.400024 2 771.005249 320.400024
91106 1 868.800049 294.0 2 828.169128 294.0
91274 1 704.0 236.0 2 683.475342 236.0
91059 1 738.0 312.0 2 691.421814 312.0
91088 1 700.800049 312.0 2 656.305298 312.0
91222 1 784.800049 59.040001 2 760.483887 59.040001
91240 1 842.400024 78.0 2 819.689758 78.0
91234 1 817.920044 148.320007 2 794.49176 148.320007
91262 1 831.600037 122.400002 2 810.283508 122.400002
91251 1 513.600037 253.200012 2 491.545471 253.200012
91065 1 620.400024 315.600006 2 574.183594 315.600006
91089 1 557.280029 316.800018 2 512.894897 316.800018
91205 1 369.600006 236.400009 2 343.550873 236.400009
91209 1 441.600006 255.600006 2 415.75827 255.600006
91109 1 386.400024 322.800018 2 346.044434 322.800018
91101 1 466.800018 307.200012 2 424.617584 307.200012
91174 1 413.280029 272.160004 2 382.0979 272.160004
85909 1 597.600037 185.76001 2 593.797729 185.76001
90894 1 322.800018 32.400002 2 318.864624 32.400002
87454 1 459.600006 68.400002 2 456.474182 68.400002
90780 1 338.400024 312.480011 2 295.638245 312.480011
91122 1 300.0 279.600006 2 263.028809 279.600006
90243 1 196.800003 266.400024 2 157.722595 266.400024
90786 1 31.0 93.0 2 28.89863 93.0
90364 1 36.0 105.120003 2 34.869301 105.120003
78390 1 449.280029 40.32 2 447.220306 40.32
79424 1 544.320007 108.000008 2 540.424072 108.000008
89840 1 1173.312134 196.99202 2 1153.344727 196.99202
91158 1 1074.23999 279.360016 2 1041.095459 279.360016
91168 1 1154.304077 283.392029 2 1122.635376 283.392029
91150 1 1124.400024 282.0 2 1090.306885 282.0
91297 1 988.416077 207.360016 2 969.746521 207.360016
91055 1 937.200012 313.200012 2 889.82196 313.200012
91301 1 1140.480103 164.160019 2 1122.158691 164.160019
91456 1 801.792053 222.912018 2 780.268921 222.912018
91225 1 866.880005 240.480011 2 842.868835 240.480011
91042 1 822.240051 319.680023 2 772.264709 319.680023
82652 1 675.648071 193.536011 2 666.716614 193.536011
91093 1 644.544067 307.584015 2 600.866272 307.584015
91073 1 737.280029 312.480011 2 691.665222 312.480011
91133 1 702.720032 286.559998 2 666.847351 286.559998
91201 1 824.256104 39.744003 2 797.50415 39.744003
90297 1 784.512085 58.752007 2 761.009705 58.752007
91237 1 842.400024 77.760002 2 819.296692 77.760002
91195 1 492.480011 253.440002 2 464.015289 253.440002
91136 1 483.600006 286.800018 2 447.982697 286.800018
90631 1 552.960022 308.160004 2 509.569641 308.160004
84568 1 471.744049 107.136009 2 468.446289 107.136009
81993 1 589.248047 107.136009 2 586.041687 107.136009
84608 1 597.888062 186.624023 2 594.925049 186.624023
76152 1 421.63205 38.016003 2 418.025635 38.016003
91241 1 233.280029 216.000015 2 210.6026 216.000015
91129 1 259.200012 267.839996 2 223.124863 267.839996
91117 1 243.360016 269.279999 2 205.441162 269.279999
91104 1 328.320038 279.936035 2 286.570312 279.936035
91116 1 300.960022 279.360016 2 262.915894 279.360016
91114 1 197.280014 266.400024 2 157.790848 266.400024
85848 1 314.496033 122.688011 2 311.146698 122.688011
90830 1 146.88002 62.208008 2 144.973145 62.208008
91066 1 619.200012 315.360016 2 572.994324 315.360016
91068 1 798.33606 305.856018 2 752.494385 305.856018
91083 1 779.328064 307.584015 2 734.697205 307.584015
90381 1 1069.977783 95.385612 2 1065.280273 95.385612
91131 1 259.200012 267.840027 2 223.278503 267.840027
91118 1 243.648026 269.568024 2 205.738037 269.568024
91157 1 1123.200073 282.240021 2 1089.92395 282.240021
91183 1 169.344009 276.480042 2 139.473923 276.480042
90647 1 466.560028 306.720001 2 427.507721 306.720001
91177 1 412.992035 273.024017 2 382.081116 273.024017
91076 1 744.480042 309.600006 2 699.233154 309.600006
91135 1 703.296082 286.848022 2 667.612427 286.848022
87291 1 105.120003 76.32 2 103.730896 76.32
89310 1 1071.360107 222.912018 2 1050.676392 222.912018
91220 1 445.824066 255.052841 2 421.446411 255.052841
89843 1 1017.792114 212.544022 2 998.026489 212.544022
90259 1 371.52005 288.576019 2 334.20462 288.576019
91232 1 843.955322 76.723213 2 820.400574 76.723213
91198 1 543.0 253.0 2 515.557068 253.0
91199 1 513.216064 254.016022 2 485.785095 254.016022
91149 1 152.639999 237.600006 2 118.382874 237.600006
89271 1 967.680054 154.080002 2 952.401672 154.080002
76979 1 518.400085 53.913609 2 514.537842 53.913609
85437 1 423.014465 124.416016 2 418.931702 124.416016
84180 1 232.243225 51.840008 2 229.48381 51.840008
88833 1 458.265656 82.944016 2 454.295776 82.944016
78913 1 555.724854 101.606415 2 552.049622 101.606415
91190 1 973.440063 266.400024 2 944.235291 266.400024
91057 1 936.000061 312.480011 2 889.313232 312.480011
91145 1 702.9505 286.15683 2 668.017151 286.15683
90851 1 99.532814 121.927696 2 98.148254 121.927696
91111 1 466.560059 307.584015 2 426.487488 307.584015
91194 1 468.288055 269.568024 2 439.632202 269.568024
91295 1 1102.325928 171.694107 2 1083.497925 171.694107
91219 1 445.409332 253.80867 2 421.020294 253.80867
91264 1 231.413788 216.483871 2 210.138885 216.483871
87361 1 953.026672 194.088989 2 936.023743 194.088989
85822 1 880.865417 56.733707 2 855.240845 56.733707
90701 1 868.838501 242.611237 2 844.480164 242.611237
91099 1 338.688019 312.768036 2 295.961945 312.768036
90917 1 490.199097 47.278088 2 486.468628 47.278088
90454 1 639.498352 161.740829 2 634.091003 161.740829
86297 1 335.232025 65.664009 2 331.183655 65.664009
85115 1 599.685181 114.462738 2 596.092041 114.462738
91080 1 546.048035 304.128021 2 501.191437 304.128021
91176 1 966.297729 269.568024 2 935.331543 269.568024
91161 1 1109.376099 281.664032 2 1076.887695 281.664032
86922 1 543.449219 80.621582 2 540.165771 80.621582
91095 1 331.444275 301.584442 2 287.784058 301.584442
91108 1 311.040039 286.15683 2 270.638397 286.15683
91120 1 300.672028 279.936035 2 263.032562 279.936035
91284 1 1104.814331 170.201126 2 1085.2052 170.201126
91210 1 432.967773 244.850739 2 407.405426 244.850739
91001 1 146.313248 62.705677 2 144.612122 62.705677
91124 1 368.271423 288.645172 2 331.6474 288.645172
91123 1 367.276093 289.640503 2 330.343414 289.640503
90276 1 785.313965 247.836716 2 761.898682 247.836716
86395 1 447.897675 149.299225 2 444.925232 149.299225
91197 1 512.593994 253.80867 2 484.617157 253.80867
86839 1 131.383316 158.257187 2 128.186981 158.257187
87899 1 271.724609 155.271194 2 268.253204 155.271194
91154 1 258.785309 271.226929 2 225.189987 271.226929
90455 1 379.220032 131.383316 2 376.159637 131.383316
89313 1 375.736359 233.902115 2 350.601776 233.902115
91269 1 492.480042 254.016022 2 471.577759 254.016022
91256 1 822.528076 122.688011 2 800.746094 122.688011
91282 1 204.241348 204.241348 2 184.262772 204.241348
91103 1 329.65271 300.987244 2 287.831787 300.987244
85470 1 597.196899 185.131042 2 594.547852 185.131042
91286 1 683.790466 241.864746 2 664.372009 241.864746
91248 1 802.63269 200.658173 2 780.308838 200.658173
90926 1 1085.703979 111.078629 2 1079.769653 111.078629
87337 1 1039.122681 118.244995 2 1031.24292 118.244995
85878 1 504.631378 179.159073 2 499.033295 179.159073
91238 1 633.028748 241.864746 2 610.166199 241.864746
86837 1 659.902588 209.018921 2 646.389221 209.018921
88860 1 185.131042 89.579536 2 183.107788 89.579536
91112 1 197.074982 265.752625 2 157.085434 265.752625
84101 1 465.315918 154.275864 2 461.33017 154.275864
91128 1 382.206024 283.668549 2 346.036407 283.668549
91207 1 426.398621 243.656357 2 400.474426 243.656357
91155 1 489.701477 286.65451 2 456.304199 286.65451
91296 1 988.360901 206.032928 2 969.649109 206.032928
