631
393.574066162 -33.87279892 171.208999634 0.03399157669543163 0.5892604987159242 -0.038812775134855274 0.8062941187018234
93623 1 622.0 64.0 2 618.301636 64.0
93490 1 819.0 240.0 2 797.113708 240.0
92009 1 484.0 183.0 2 477.806763 183.0
91989 1 507.0 147.0 2 503.509705 147.0
92630 1 819.0 138.0 2 805.537476 138.0
91624 1 572.0 122.0 2 568.235474 122.0
93422 1 782.0 257.0 2 754.302979 257.0
93594 1 191.0 59.0 2 188.75943 59.0
90992 1 216.0 19.0 2 213.882385 19.0
93033 1 141.0 46.0 2 138.9095 46.0
93513 1 877.200012 217.200012 2 857.479187 217.200012
93642 1 536.400024 175.200012 2 529.731812 175.200012
93158 1 517.200012 175.200012 2 510.255585 175.200012
85675 1 406.800018 112.800003 2 402.848572 112.800003
93534 1 501.600006 44.400002 2 498.430359 44.400002
93523 1 417.600006 91.200005 2 413.219452 91.200005
93538 1 818.400024 138.0 2 805.405701 138.0
85822 1 525.600037 92.400002 2 521.281372 92.400002
91622 1 583.200012 66.0 2 579.702332 66.0
93528 1 1141.200073 91.200005 2 1131.802002 91.200005
92701 1 1059.600098 100.800003 2 1052.610718 100.800003
93397 1 766.800049 271.200012 2 734.46582 271.200012
93440 1 717.600037 255.600006 2 691.950256 255.600006
93375 1 651.600037 283.200012 2 616.126831 283.200012
92540 1 750.0 140.400009 2 735.917542 140.400009
92688 1 364.0 34.0 2 360.281647 34.0
92538 1 471.600006 168.0 2 465.545319 168.0
85253 1 432.000031 148.800003 2 427.484497 148.800003
93485 1 307.0 203.0 2 285.370819 203.0
93026 1 186.0 67.200005 2 184.022827 67.200005
93121 1 316.800018 22.800001 2 313.466125 22.800001
84261 1 590.400024 119.520004 2 586.466675 119.520004
87640 1 426.240021 61.920002 2 421.874481 61.920002
84833 1 544.320007 99.360001 2 540.504883 99.360001
86486 1 522.720032 69.120003 2 518.787109 69.120003
87950 1 591.840027 100.800003 2 587.992554 100.800003
93468 1 840.960022 246.240005 2 817.158081 246.240005
93009 1 684.288086 248.832031 2 660.112427 248.832031
93598 1 626.400024 199.200012 2 618.197754 199.200012
93356 1 649.440002 288.0 2 614.572266 288.0
93061 1 817.920044 138.240005 2 804.89325 138.240005
84894 1 622.080017 64.800003 2 618.955383 64.800003
93539 1 460.800018 240.480011 2 438.363373 240.480011
92954 1 396.000031 262.080017 2 364.019745 262.080017
84262 1 560.160034 133.919998 2 555.3974 133.919998
87434 1 364.320007 33.120003 2 360.004242 33.120003
88524 1 455.040009 79.200005 2 451.560242 79.200005
86199 1 391.680023 106.560005 2 387.14917 106.560005
90502 1 430.560028 148.320007 2 426.466919 148.320007
86088 1 470.880005 136.800003 2 467.510254 136.800003
87451 1 224.640015 142.560013 2 222.7453 142.560013
86960 1 191.520004 122.400002 2 189.536453 122.400002
93049 1 99.360001 63.360001 2 97.591072 63.360001
79633 1 599.616028 103.680008 2 596.271667 103.680008
83302 1 546.048035 107.136009 2 542.181274 107.136009
89479 1 181.440018 34.560005 2 179.356949 34.560005
92142 1 1073.088135 91.584007 2 1064.814941 91.584007
93358 1 371.52005 286.848022 2 336.30658 286.848022
93332 1 612.0 296.640015 2 572.20636 296.640015
93337 1 685.440002 293.76001 2 646.900452 293.76001
92908 1 1054.080078 290.304016 2 1014.647461 290.304016
92639 1 540.864075 202.176025 2 531.168335 202.176025
86508 1 304.128021 138.240021 2 301.186493 138.240021
88062 1 262.656036 143.424011 2 259.784119 143.424011
93398 1 767.52002 272.160004 2 734.730652 272.160004
86573 1 311.040039 105.408012 2 307.813019 105.408012
93020 1 1136.160034 174.240005 2 1113.167603 174.240005
92536 1 1162.944092 146.88002 2 1140.494019 146.88002
93545 1 687.74408 177.984024 2 679.36554 177.984024
91054 1 1109.376099 117.504013 2 1102.902344 117.504013
87973 1 93.600006 61.920002 2 92.37915 61.920002
90498 1 600.480042 184.320007 2 597.561768 184.320007
86101 1 570.240051 178.32962 2 565.510437 178.32962
90995 1 737.856079 200.448013 2 724.805481 200.448013
93119 1 624.960022 198.720001 2 616.830994 198.720001
93050 1 114.000008 171.600006 2 110.188553 171.600006
93052 1 841.536072 134.784012 2 828.983093 134.784012
89446 1 535.680054 176.256012 2 529.52002 176.256012
86249 1 616.896057 39.744003 2 612.704712 39.744003
93344 1 686.016052 293.76004 2 647.700317 293.76004
93354 1 651.456055 288.576019 2 614.872498 288.576019
92549 1 398.131256 172.108826 2 393.43515 172.108826
93309 1 416.448029 309.312042 2 372.855133 309.312042
93367 1 371.52002 286.559998 2 336.315125 286.559998
93609 1 510.105682 217.728027 2 495.858551 217.728027
93506 1 597.196899 234.316833 2 577.481018 234.316833
93651 1 558.144043 191.808014 2 552.088013 191.808014
92840 1 269.568024 293.76004 2 221.584091 293.76004
93405 1 767.232117 271.641632 2 734.891724 271.641632
86532 1 298.59845 109.900818 2 294.495178 109.900818
93345 1 967.680115 283.392029 2 929.568848 283.392029
88003 1 99.532814 62.208008 2 97.089363 62.208008
92530 1 710.664307 253.808685 2 685.934204 253.808685
83371 1 694.656128 196.992035 2 683.381531 196.992035
85313 1 601.344055 183.168015 2 598.523499 183.168015
93201 1 617.932861 122.342415 2 613.973145 122.342415
93053 1 502.848053 44.928005 2 499.089813 44.928005
93373 1 968.371338 93.312012 2 932.162354 93.312012
88558 1 425.088074 170.035217 2 421.397583 170.035217
86117 1 414.720062 114.048019 2 410.799042 114.048019
87566 1 132.710419 122.342415 2 129.433701 122.342415
89125 1 337.996857 78.796814 2 333.24469 78.796814
92644 1 1136.333008 174.182419 2 1114.051514 174.182419
91591 1 1138.406616 118.195213 2 1132.097778 118.195213
93573 1 804.556885 186.624023 2 789.863159 186.624023
87610 1 767.232117 136.85762 2 753.004456 136.85762
93133 1 402.278442 78.796814 2 398.646881 78.796814
87647 1 555.724854 109.900818 2 550.871826 109.900818
85681 1 839.808105 134.784012 2 828.108093 134.784012
89484 1 537.0625 176.256027 2 529.615234 176.256027
89452 1 483.840057 174.528015 2 477.402435 174.528015
92852 1 530.841675 311.040039 2 486.46225 311.040039
92617 1 223.948837 141.834259 2 221.937607 141.834259
92428 1 176.670746 281.180206 2 128.59938 281.180206
93187 1 597.196899 233.902115 2 577.027649 233.902115
93655 1 557.383789 194.088989 2 551.922241 194.088989
86905 1 738.201721 201.139221 2 724.861023 201.139221
92900 1 966.297729 284.083252 2 929.033997 284.083252
92656 1 87.091209 109.486099 2 86.121246 109.486099
93559 1 94.556175 52.254726 2 91.731491 52.254726
86210 1 390.66629 131.880981 2 387.359619 131.880981
93402 1 771.379333 273.71524 2 736.984375 273.71524
92847 1 306.063416 298.59845 2 261.209625 298.59845
92723 1 228.925476 94.556175 2 226.34819 94.556175
93039 1 184.896011 65.664009 2 183.122208 65.664009
93664 1 288.645172 99.532814 2 284.776398 99.532814
86966 1 323.481659 52.254726 2 319.06842 52.254726
92682 1 818.65741 211.507233 2 801.260559 211.507233
87601 1 592.220215 124.416016 2 588.44458 124.416016
90605 1 646.963318 156.764175 2 641.904053 156.764175
87055 1 403.10791 77.137932 2 399.263336 77.137932
86139 1 335.923248 77.137932 2 331.430908 77.137932
85829 1 395.642944 69.672974 2 391.836365 69.672974
88087 1 460.339264 149.299225 2 455.774689 149.299225
85741 1 525.035583 77.137932 2 520.67749 77.137932
77304 1 522.547302 69.672974 2 518.885925 69.672974
93355 1 734.054504 286.15683 2 696.989746 286.15683
83294 1 768.890991 136.85762 2 753.177246 136.85762
90116 1 505.129028 174.182419 2 497.795563 174.182419
93334 1 614.615112 298.59845 2 575.526611 298.59845
93613 1 510.105682 216.483871 2 495.609894 216.483871
92891 1 684.288086 293.621796 2 646.408386 293.621796
93457 1 1121.817749 207.360031 2 1098.75769 207.360031
92461 1 651.110474 288.230438 2 614.568604 288.230438
91064 1 1107.800293 119.439384 2 1100.338379 119.439384
92588 1 462.827606 238.878769 2 440.585236 238.878769
93318 1 115.776009 248.832031 2 74.696526 248.832031
92681 1 542.453857 201.553955 2 535.714661 201.553955
85684 1 627.056702 111.974419 2 623.871521 111.974419
93352 1 965.468323 283.668518 2 928.536316 283.668518
84773 1 558.379089 134.369308 2 554.07489 134.369308
93144 1 803.727478 186.624023 2 789.194641 186.624023
90597 1 622.080078 199.065628 2 613.875793 199.065628
88018 1 325.472321 104.50946 2 321.230438 104.50946
90026 1 286.65451 101.523476 2 283.842804 101.523476
91683 1 752.46814 146.313248 2 738.657227 146.313248
83878 1 716.636292 134.369308 2 710.012573 134.369308
86654 1 507.617371 89.579536 2 503.665924 89.579536
78212 1 522.547302 71.663628 2 520.001282 71.663628
92017 1 746.496094 261.273651 2 717.426758 261.273651
93376 1 803.229858 268.738617 2 768.749146 268.738617
85782 1 597.196899 98.537491 2 593.451416 98.537491
90053 1 767.39801 137.355286 2 752.468994 137.355286
93092 1 459.841614 149.299225 2 455.954773 149.299225
85781 1 537.477234 176.173096 2 529.357727 176.173096
87507 1 186.624023 64.696327 2 183.679916 64.696327
92846 1 304.570435 295.612457 2 259.125 295.612457
91956 1 928.044067 250.822708 2 893.034119 250.822708
93403 1 773.369995 274.710571 2 738.605469 274.710571
92103 1 648.555847 157.659988 2 641.842651 157.659988
85746 1 670.054993 154.076813 2 663.728149 154.076813
85755 1 412.065887 93.16272 2 407.544403 93.16272
92105 1 429.981781 164.826355 2 426.384247 164.826355
90080 1 763.217712 200.658173 2 747.947693 200.658173
88032 1 150.493622 154.076813 2 147.206161 154.076813
87989 1 624.153687 199.065628 2 615.296753 199.065628
89549 1 96.745903 125.411354 2 93.849998 125.411354
86178 1 403.10791 77.635597 2 400.121155 77.635597
87050 1 659.902588 220.96286 2 644.75177 220.96286
92181 1 716.636353 157.659988 2 706.406677 157.659988
92878 1 985.374939 139.74408 2 944.825745 139.74408
86982 1 501.645416 179.159088 2 493.78064 179.159088
86225 1 505.228607 128.994537 2 500.732422 128.994537
85804 1 605.557678 107.495445 2 600.990845 107.495445
92912 1 721.612915 288.645172 2 684.970093 288.645172
92567 1 711.659607 253.80867 2 686.456543 253.80867
93096 1 185.131042 65.691658 2 182.503082 65.691658
91081 1 333.235901 75.246811 2 328.618073 75.246811
92848 1 268.738617 286.654541 2 221.571884 286.654541
87579 1 548.226807 125.411354 2 545.419312 125.411354
92608 1 383.400421 189.90863 2 379.621216 189.90863
91929 1 680.804504 293.820892 2 641.7547 293.820892
88618 1 1137.660156 173.187103 2 1114.442749 173.187103
93389 1 964.473022 253.808685 2 929.488098 253.808685
93484 1 1068.0 187.0 2 1045.273682 187.0
86087 1 381.600006 70.560005 2 377.618622 70.560005
86904 1 609.600037 135.600006 2 605.890625 135.600006
93626 1 560.400024 75.600006 2 555.924988 75.600006
93423 1 1214.400024 217.200012 2 1187.209717 217.200012
93364 1 792.000061 285.600006 2 754.704895 285.600006
92633 1 626.400024 90.0 2 622.462952 90.0
93300 1 416.400024 309.600006 2 371.803345 309.600006
84259 1 599.040039 141.12001 2 595.270813 141.12001
89578 1 593.280029 74.880005 2 589.156616 74.880005
93437 1 1121.76001 241.920013 2 1095.641602 241.920013
93431 1 1162.080078 241.920013 2 1134.415649 241.920013
93012 1 1055.52002 210.240005 2 1031.722534 210.240005
92693 1 1143.359985 90.720001 2 1135.992432 90.720001
92672 1 820.800049 210.240005 2 803.968994 210.240005
93295 1 414.720032 309.600006 2 370.963226 309.600006
89601 1 322.559998 119.520004 2 319.241425 119.520004
91100 1 185.76001 66.240005 2 183.662369 66.240005
93555 1 31.68 164.160004 2 28.010996 164.160004
89978 1 202.176025 48.384003 2 199.615387 48.384003
93596 1 570.240051 100.224007 2 566.312317 100.224007
84346 1 549.504028 72.576004 2 545.654663 72.576004
89938 1 820.800049 210.816025 2 803.657593 210.816025
87472 1 112.320007 172.800018 2 108.334824 172.800018
87121 1 520.128052 41.472004 2 516.228088 41.472004
92998 1 1188.864136 150.336014 2 1165.126587 150.336014
93489 1 1043.712158 172.800018 2 1022.466125 172.800018
87942 1 505.958466 174.182419 2 498.915558 174.182419
91559 1 1136.333008 91.238411 2 1130.194092 91.238411
93427 1 1161.216187 240.537628 2 1133.466553 240.537628
93299 1 989.107361 319.334442 2 944.864929 319.334442
93497 1 304.819244 203.21283 2 283.8591 203.21283
87955 1 128.563217 41.472008 2 126.460831 41.472008
89944 1 1125.964966 153.446426 2 1105.169556 153.446426
93315 1 116.121613 248.832031 2 74.587204 248.832031
90997 1 234.316833 182.476822 2 213.764786 182.476822
93088 1 186.624023 39.398407 2 184.935364 39.398407
92177 1 111.974419 172.108826 2 108.095024 172.108826
93368 1 651.939941 288.645172 2 614.788574 288.645172
93563 1 320.993317 316.016693 2 277.302948 316.016693
92845 1 268.738586 293.621796 2 221.368042 293.621796
93492 1 251.320358 191.600662 2 229.698654 191.600662
93546 1 532.500549 311.040039 2 486.414032 311.040039
91927 1 895.795349 304.570435 2 852.332031 304.570435
93461 1 1119.744263 209.018921 2 1095.666748 209.018921
92993 1 1158.562012 179.159073 2 1134.949219 179.159073
91073 1 1140.646118 116.4534 2 1133.687256 116.4534
82749 1 630.042725 113.467415 2 623.638855 113.467415
92623 1 549.421143 182.145065 2 544.06958 182.145065
86591 1 450.883667 56.733707 2 447.588074 56.733707
91994 1 719.622253 289.640503 2 684.019531 289.640503
89967 1 212.004898 268.738617 2 169.6754 268.738617
93283 1 447.897675 310.542389 2 400.706726 310.542389
91920 1 616.307251 300.987244 2 579.072754 300.987244
91934 1 1057.038574 292.626495 2 1016.26593 292.626495
93448 1 1173.491943 209.018921 2 1147.494141 209.018921
87965 1 619.890442 197.074982 2 612.119629 197.074982
92914 1 773.967224 286.654541 2 737.555603 286.654541
92598 1 659.30542 222.157257 2 644.147705 222.157257
93665 1 680.804504 218.574081 2 663.930542 218.574081
87519 1 476.563141 168.409531 2 469.024841 168.409531
89068 1 458.647247 146.910446 2 456.000519 146.910446
93198 1 408.482697 136.160904 2 405.008575 136.160904
92911 1 720.219482 290.237701 2 684.895813 290.237701
92873 1 211.407715 268.738617 2 168.942047 268.738617
86148 1 601.974487 182.742264 2 598.025085 182.742264
93455 1 1121.535889 207.824539 2 1097.015869 207.824539
