645
42.8 -14.6 -440 -0.0435 -0.587 0.0379 0.807 
94125 1 901.0 292.0 2 863.223572 292.0
94322 1 436.0 250.0 2 411.668091 250.0
94231 1 990.0 211.0 2 959.736511 211.0
94287 1 914.0 207.0 2 887.628235 207.0
94130 1 831.0 283.0 2 793.656982 283.0
91627 1 145.0 45.0 2 142.217957 45.0
92734 1 139.0 35.0 2 136.416809 35.0
94021 1 951.0 316.0 2 902.776062 316.0
93973 1 900.0 334.0 2 845.363708 334.0
93787 1 595.0 137.0 2 590.953064 137.0
94026 1 1130.0 318.0 2 1083.866455 318.0
94178 1 986.0 246.0 2 952.57666 246.0
94105 1 1026.0 297.0 2 987.21991 297.0
94204 1 1096.0 170.0 2 1064.12561 170.0
94314 1 796.0 32.0 2 771.256897 32.0
94319 1 605.0 260.0 2 580.497864 260.0
94190 1 349.0 260.0 2 316.244598 260.0
94372 1 207.0 215.0 2 186.070358 215.0
93914 1 550.0 138.0 2 544.874512 138.0
94342 1 1030.800049 40.800003 2 1006.967773 40.800003
94167 1 1016.400024 248.400009 2 982.065247 248.400009
91051 1 380.0 122.0 2 375.255219 122.0
93926 1 373.200012 114.000008 2 368.778748 114.000008
94268 1 914.400024 217.200012 2 887.443542 217.200012
94273 1 914.400024 206.400009 2 887.646423 206.400009
94202 1 375.0 273.0 2 342.787231 273.0
92566 1 614.400024 31.200001 2 610.036194 31.200001
94088 1 335.0 294.0 2 295.087952 294.0
94025 1 982.800049 313.200012 2 936.147095 313.200012
94347 1 888.000061 207.600006 2 864.370911 207.600006
93191 1 412.800018 33.600002 2 409.161926 33.600002
94015 1 835.0 322.0 2 785.997131 322.0
94036 1 833.0 305.0 2 788.572266 305.0
93970 1 922.800049 330.0 2 867.822815 330.0
94018 1 949.200012 315.600006 2 900.530334 315.600006
92573 1 165.600006 51.600002 2 162.806671 51.600002
94134 1 745.0 299.0 2 707.800598 299.0
94163 1 742.0 285.0 2 707.198792 285.0
93983 1 855.0 333.0 2 801.991028 333.0
94006 1 879.0 316.0 2 828.880127 316.0
94169 1 770.0 271.0 2 735.56543 271.0
92080 1 610.800049 70.800003 2 606.437805 70.800003
93249 1 546.0 106.800003 2 540.738892 106.800003
91551 1 516.0 66.0 2 511.449707 66.0
93791 1 582.0 96.0 2 577.560242 96.0
94115 1 1096.0 254.0 2 1057.756226 254.0
94189 1 1036.800049 217.200012 2 1004.037476 217.200012
94068 1 1084.0 307.0 2 1042.808716 307.0
94238 1 945.0 225.0 2 915.463928 225.0
93252 1 1176.0 82.800003 2 1169.424927 82.800003
94249 1 1057.200073 146.400009 2 1028.794189 146.400009
94335 1 1020.000061 75.600006 2 996.012756 75.600006
94327 1 956.0 160.0 2 931.729248 160.0
94354 1 920.400024 164.400009 2 896.905823 164.400009
94351 1 791.0 249.0 2 767.459961 249.0
94358 1 846.0 213.0 2 823.258728 213.0
94034 1 820.800049 308.400024 2 776.092346 308.400024
94142 1 848.0 287.0 2 811.444763 287.0
94345 1 703.0 252.0 2 679.286011 252.0
94077 1 671.0 306.0 2 630.667664 306.0
94122 1 627.600037 297.600006 2 589.794739 297.600006
94229 1 723.0 277.0 2 692.722961 277.0
93790 1 506.400024 61.200001 2 501.452942 61.200001
93165 1 331.0 30.0 2 326.791168 30.0
91059 1 438.000031 98.400002 2 434.203705 98.400002
85029 1 332.400024 116.400002 2 327.726379 116.400002
93281 1 226.800003 141.600006 2 223.161285 141.600006
93255 1 62.400002 135.600006 2 58.575058 135.600006
93989 1 848.400024 326.400024 2 796.057312 326.400024
94193 1 771.840027 270.720001 2 739.235046 270.720001
94302 1 1008.000061 43.200001 2 982.577393 43.200001
93923 1 617.76001 103.680008 2 613.290771 103.680008
87710 1 610.559998 70.560005 2 606.085754 70.560005
88121 1 587.52002 70.560005 2 583.064514 70.560005
94084 1 477.0 304.0 2 436.819916 304.0
93648 1 741.600037 283.680023 2 706.553894 283.680023
94165 1 1088.0 220.0 2 1053.351074 220.0
94106 1 1127.0 238.0 2 1088.27478 238.0
94061 1 1084.800049 307.200012 2 1042.532837 307.200012
94248 1 931.680054 230.400009 2 903.228333 230.400009
93678 1 952.800049 219.600006 2 923.311951 219.600006
93649 1 1028.400024 225.600006 2 996.038025 225.600006
93684 1 980.400024 207.600006 2 950.372437 207.600006
93531 1 948.960022 315.360016 2 900.626099 315.360016
94211 1 1094.400024 169.920013 2 1063.246216 169.920013
93717 1 902.400024 110.400002 2 875.577148 110.400002
94317 1 956.400024 159.600006 2 931.783325 159.600006
94311 1 977.76001 146.880005 2 952.883362 146.880005
93742 1 874.800049 223.200012 2 849.11676 223.200012
93766 1 846.000061 212.400009 2 823.342651 212.400009
94055 1 769.200012 315.600006 2 726.159973 315.600006
94151 1 796.800049 279.600006 2 760.972961 279.600006
93995 1 880.800049 327.600006 2 829.056335 327.600006
94346 1 704.400024 252.000015 2 680.73407 252.000015
94079 1 670.800049 306.0 2 630.498352 306.0
94275 1 668.160034 266.400024 2 641.495422 266.400024
91561 1 686.880005 181.440002 2 678.78479 181.440002
93711 1 418.800018 256.800018 2 392.02356 256.800018
89704 1 515.52002 66.240005 2 511.235168 66.240005
85217 1 613.440002 30.240002 2 608.545898 30.240002
91624 1 515.52002 184.320007 2 507.067413 184.320007
87990 1 561.600037 187.200012 2 556.683105 187.200012
93171 1 548.640015 135.360001 2 543.249634 135.360001
85595 1 372.960022 43.200001 2 368.023682 43.200001
84212 1 372.960022 113.760002 2 368.846588 113.760002
91190 1 470.880005 126.720001 2 466.63855 126.720001
94376 1 205.920013 214.560013 2 185.481415 214.560013
93734 1 300.0 229.200012 2 276.430359 229.200012
93966 1 234.000015 320.400024 2 178.435532 320.400024
94086 1 334.800018 294.0 2 294.757019 294.0
91585 1 185.76001 100.800003 2 183.466919 100.800003
93935 1 259.200012 144.0 2 255.061432 144.0
94090 1 777.600037 295.200012 2 737.781982 295.200012
93598 1 758.400024 291.600006 2 720.744507 291.600006
94201 1 767.52002 270.720001 2 735.209717 270.720001
92217 1 529.920044 95.040001 2 525.538147 95.040001
94174 1 751.680054 274.752014 2 717.849915 274.752014
94093 1 669.600037 305.279999 2 629.929626 305.279999
94111 1 627.840027 298.080017 2 589.175476 298.080017
94280 1 668.736084 266.11203 2 642.170776 266.11203
89047 1 1175.040161 84.672005 2 1167.828735 84.672005
92218 1 1192.800049 70.800003 2 1184.525391 70.800003
94058 1 1084.320068 306.720001 2 1041.615234 306.720001
94103 1 1025.280029 296.640015 2 986.440186 296.640015
88153 1 229.82402 43.200005 2 226.618515 43.200005
93673 1 760.320068 260.92804 2 729.191101 260.92804
94235 1 174.528015 235.008026 2 144.700027 235.008026
94237 1 1109.376099 126.144012 2 1079.804688 126.144012
94301 1 656.640076 259.200012 2 631.191467 259.200012
93740 1 636.595276 259.200043 2 610.937073 259.200043
94256 1 131.040009 227.520004 2 103.201218 227.520004
93207 1 188.35202 152.064011 2 186.408081 152.064011
92215 1 62.208008 69.12001 2 60.303207 69.12001
93260 1 644.544067 152.064011 2 639.344788 152.064011
94023 1 932.400024 312.0 2 885.074768 312.0
94198 1 918.0 276.0 2 885.558899 276.0
84745 1 603.072083 176.256012 2 598.423889 176.256012
90714 1 616.896057 122.688011 2 612.229065 122.688011
84307 1 549.504028 136.512009 2 543.968811 136.512009
93660 1 374.976044 286.848022 2 340.83017 286.848022
94337 1 704.160034 252.000015 2 680.187744 252.000015
94063 1 525.600037 309.600006 2 483.466125 309.600006
91584 1 437.184052 98.49601 2 434.096161 98.49601
87082 1 432.000031 76.32 2 427.981171 76.32
93161 1 414.000031 36.0 2 411.127747 36.0
92604 1 632.448059 107.136009 2 624.829285 107.136009
93663 1 1095.600098 169.200012 2 1064.023315 169.200012
94261 1 833.76001 263.52002 2 806.116943 263.52002
94355 1 887.040039 207.360016 2 863.634949 207.360016
94357 1 845.280029 211.680008 2 822.51062 211.680008
93206 1 160.70401 72.576004 2 157.771561 72.576004
94022 1 276.480011 321.120026 2 228.271164 321.120026
93756 1 1029.600098 60.480003 2 1005.794006 60.480003
86109 1 260.640015 77.760002 2 256.686188 77.760002
93897 1 314.496033 48.384003 2 308.859802 48.384003
84365 1 269.568024 58.752007 2 264.85376 58.752007
92193 1 369.792023 76.032005 2 364.99823 76.032005
94044 1 866.880005 302.400024 2 823.094849 302.400024
94051 1 768.960022 315.360016 2 725.816284 315.360016
94149 1 796.320007 279.360016 2 760.467834 279.360016
85469 1 506.304047 62.208008 2 501.758911 62.208008
94216 1 720.0 279.360016 2 689.0755 279.360016
94123 1 1128.384155 235.008026 2 1090.596191 235.008026
92124 1 238.464035 99.532814 2 234.689041 99.532814
94186 1 1104.192139 177.984024 2 1071.358643 177.984024
92711 1 628.300903 213.580826 2 618.206238 213.580826
94343 1 344.217651 230.169632 2 320.464294 230.169632
94024 1 931.680054 311.040009 2 884.517029 311.040009
94067 1 1045.200073 303.600006 2 1003.950317 303.600006
94132 1 962.496094 292.032013 2 925.239868 292.032013
94195 1 373.248047 286.15683 2 340.6875 286.15683
92127 1 78.796814 165.888031 2 75.389641 165.888031
93881 1 684.288086 145.152023 2 677.938049 145.152023
87080 1 642.816101 151.372818 2 638.917786 151.372818
94251 1 131.328018 228.096024 2 103.019165 228.096024
92607 1 418.176025 257.472015 2 391.222015 257.472015
93880 1 580.608093 230.169632 2 564.977905 230.169632
93827 1 615.16803 203.904022 2 607.757385 203.904022
93763 1 535.680054 262.656036 2 510.059204 262.656036
94226 1 508.032043 260.92804 2 477.682037 260.92804
94379 1 290.304047 215.654434 2 270.154572 215.654434
84688 1 296.524841 76.723213 2 291.957947 76.723213
93899 1 311.040039 49.766407 2 306.520172 49.766407
94080 1 670.46405 305.856018 2 630.16626 305.856018
94289 1 667.69928 265.420837 2 641.356384 265.420837
94234 1 933.120117 232.243225 2 903.26947 232.243225
93842 1 709.171326 184.55043 2 699.60498 184.55043
94136 1 751.200012 297.600006 2 714.301514 297.600006
94213 1 1095.552124 169.344009 2 1064.442383 169.344009
94258 1 1066.176147 145.152008 2 1038.441406 145.152008
94043 1 867.456055 302.400024 2 823.656494 302.400024
93757 1 1029.888062 60.480007 2 1006.281128 60.480007
94260 1 891.648071 229.82402 2 863.997803 229.82402
94076 1 333.504028 295.488037 2 293.167847 295.488037
94045 1 312.768036 314.496033 2 269.070648 314.496033
94293 1 988.416077 153.792007 2 962.244324 153.792007
94157 1 1017.792114 248.832031 2 982.621094 248.832031
92640 1 433.382446 176.256027 2 427.162445 176.256027
90636 1 449.971252 141.004822 2 445.487396 141.004822
84207 1 333.504028 86.400009 2 329.310028 86.400009
94188 1 1036.800049 217.728027 2 1004.036011 217.728027
94037 1 797.76001 308.160004 2 753.480042 308.160004
94048 1 770.688049 316.22403 2 727.263428 316.22403
93596 1 758.937683 292.377655 2 721.116394 292.377655
82362 1 537.408081 65.664009 2 532.362793 65.664009
85712 1 577.152039 58.752007 2 573.053528 58.752007
90683 1 151.200012 125.280006 2 149.641006 125.280006
85061 1 257.126434 143.078415 2 253.114059 143.078415
94360 1 823.219299 223.948837 2 800.735107 223.948837
94197 1 1103.155396 178.32962 2 1070.708374 178.32962
94203 1 1132.185791 147.225616 2 1100.240356 147.225616
94233 1 174.182419 234.316833 2 144.291153 234.316833
93925 1 77.137932 166.717468 2 74.795143 166.717468
93727 1 634.521667 258.785309 2 609.402954 258.785309
93291 1 893.307007 141.834259 2 866.960205 141.834259
94114 1 1128.038574 238.464035 2 1089.672241 238.464035
93265 1 510.105682 221.875229 2 496.973328 221.875229
94286 1 377.395264 242.611237 2 351.012482 242.611237
93857 1 639.498352 59.719688 2 634.75769 59.719688
93115 1 891.648132 230.169632 2 863.927673 230.169632
93160 1 846.720093 212.544022 2 823.378784 212.544022
94359 1 1082.419312 111.974419 2 1059.852295 111.974419
93226 1 437.944397 97.044495 2 434.48053 97.044495
93840 1 101.606415 58.060806 2 99.580933 58.060806
91587 1 59.719688 69.672974 2 57.898224 69.672974
94381 1 450.385986 236.390427 2 430.787689 236.390427
91050 1 947.635315 72.576012 2 923.178162 72.576012
94336 1 744.007812 251.320358 2 720.026794 251.320358
82361 1 644.474976 146.810898 2 638.906799 146.810898
94264 1 1047.168091 152.064011 2 1019.704773 152.064011
90670 1 189.11235 151.787537 2 186.23703 151.787537
94221 1 933.120117 231.413788 2 902.4198 231.413788
86623 1 602.173523 176.670746 2 597.858887 176.670746
86156 1 559.87207 186.624023 2 556.815552 186.624023
83873 1 547.430481 134.369293 2 541.249756 134.369293
94056 1 866.764893 302.745636 2 823.734314 302.745636
94236 1 991.180969 207.360031 2 961.411743 207.360031
94334 1 966.240051 129.600006 2 942.227722 129.600006
94166 1 743.040039 290.880005 2 708.402771 290.880005
93081 1 741.312073 283.392029 2 706.977295 283.392029
93829 1 343.388214 298.59845 2 303.941803 298.59845
94367 1 989.107361 93.312012 2 967.866272 93.312012
94177 1 1024.358521 238.464035 2 990.912231 238.464035
94181 1 1036.800171 217.728027 2 1003.657471 217.728027
87230 1 542.453857 109.486099 2 537.328491 109.486099
83317 1 556.416077 95.040009 2 551.042847 95.040009
94089 1 777.600037 295.200012 2 737.777466 295.200012
94040 1 151.372818 275.788849 2 107.295082 275.788849
94290 1 415.5495 266.250275 2 389.225433 266.250275
93203 1 801.239136 171.694107 2 786.16394 171.694107
93906 1 136.85762 97.044495 2 136.425598 97.044495
87123 1 241.864746 125.411354 2 238.954422 125.411354
94262 1 889.823425 229.920807 2 862.234375 229.920807
92197 1 824.131714 223.948837 2 800.299194 223.948837
93739 1 888.192078 207.360016 2 862.660583 207.360016
92160 1 653.930603 161.243164 2 647.027283 161.243164
81211 1 641.986694 146.313248 2 638.420898 146.313248
93867 1 188.117035 149.299225 2 185.673904 149.299225
93859 1 895.795349 110.48143 2 869.304688 110.48143
91067 1 940.585144 74.649612 2 916.675598 74.649612
94266 1 129.392654 226.437149 2 102.246429 226.437149
89084 1 83.607567 197.074982 2 79.363205 197.074982
89543 1 979.402954 206.032928 2 949.781372 206.032928
93573 1 333.84964 304.819244 2 294.196686 304.819244
94255 1 1047.168091 151.372818 2 1019.250427 151.372818
94253 1 928.641174 238.878769 2 900.435425 238.878769
93114 1 890.818665 231.413788 2 862.481934 231.413788
91568 1 913.711304 200.658173 2 886.327393 200.658173
94356 1 743.510132 250.822708 2 720.346985 250.822708
94348 1 705.024048 252.288025 2 681.427551 252.288025
94350 1 1086.898438 113.467415 2 1063.347778 113.467415
93733 1 702.303589 265.155426 2 673.659851 265.155426
93136 1 263.761963 228.925476 2 241.749893 228.925476
93905 1 510.603363 220.96286 2 497.896149 220.96286
94366 1 975.42157 111.974419 2 953.767822 111.974419
94297 1 973.430969 71.663628 2 947.629639 71.663628
94087 1 929.664062 276.480042 2 889.717468 276.480042
94148 1 1017.723022 248.832031 2 981.717712 248.832031
94182 1 1065.830566 207.360031 2 1032.724487 207.360031
93911 1 385.192017 89.579536 2 379.298431 89.579536
91177 1 370.262085 74.649612 2 365.985626 74.649612
87079 1 513.589355 185.131042 2 505.822205 185.131042
89670 1 328.458313 125.411354 2 324.354309 125.411354
94039 1 149.299225 274.710571 2 105.134392 274.710571
94263 1 157.593628 226.02243 2 130.027481 226.02243
94321 1 343.388214 228.925476 2 319.053314 228.925476
93700 1 418.037842 256.794678 2 390.454437 256.794678
93858 1 450.883667 194.088989 2 442.4198 194.088989
93741 1 525.533264 259.78067 2 499.977509 259.78067
94184 1 1132.185791 146.810898 2 1099.311523 146.810898
94126 1 962.150513 292.377655 2 924.43335 292.377655
93054 1 1065.001099 256.296997 2 1027.128906 256.296997
94128 1 1127.209106 236.390427 2 1089.587524 236.390427
94108 1 849.21405 297.404083 2 810.492188 297.404083
94323 1 867.129944 139.74408 2 842.922424 139.74408
93851 1 839.061646 155.271194 2 824.121338 155.271194
93222 1 624.070801 212.004898 2 614.121643 212.004898
93323 1 119.439384 197.074982 2 115.226669 197.074982
93937 1 82.413177 193.491806 2 79.669777 193.491806
87128 1 74.649612 146.313248 2 71.15081 146.313248
94378 1 1082.12085 82.413177 2 1061.702759 82.413177
94362 1 1053.455444 82.413177 2 1031.294434 82.413177
94285 1 1014.040405 143.327271 2 987.647888 143.327271
93849 1 229.323624 211.407715 2 211.840561 211.407715
87709 1 354.734985 107.495445 2 349.827667 107.495445
84726 1 372.650879 75.246811 2 368.437592 75.246811
91567 1 977.909912 206.530594 2 949.515198 206.530594
93672 1 758.937683 261.273651 2 728.725464 261.273651
90134 1 677.221313 157.659988 2 671.472351 157.659988
93123 1 636.014709 259.78067 2 609.104065 259.78067
94373 1 976.416931 113.467415 2 955.507324 113.467415
90671 1 695.137207 182.742264 2 686.268127 182.742264
93239 1 318.903168 100.329086 2 315.299225 100.329086
84268 1 508.811798 68.080452 2 504.468964 68.080452
94259 1 701.70636 265.752625 2 673.975769 265.752625
91232 1 523.144531 186.325439 2 514.960632 186.325439
82801 1 515.082336 184.135712 2 506.825897 184.135712
93886 1 544.643616 136.160904 2 541.054016 136.160904
94113 1 351.151794 290.237701 2 312.641754 290.237701
92690 1 424.009796 262.766632 2 399.634735 262.766632
94308 1 542.453857 261.273651 2 517.479187 261.273651
81248 1 630.042725 107.495445 2 623.471069 107.495445
93651 1 1102.325928 176.670746 2 1070.147827 176.670746
94247 1 1047.582886 151.787537 2 1019.027405 151.787537
93170 1 483.0 38.0 2 479.617645 38.0
92068 1 531.600037 105.600006 2 526.770081 105.600006
93250 1 607.200012 138.0 2 602.644775 138.0
93721 1 790.800049 248.400009 2 767.238647 248.400009
93604 1 848.400024 286.800018 2 811.442261 286.800018
92570 1 373.200012 43.200001 2 368.219055 43.200001
93130 1 912.960022 205.920013 2 886.772949 205.920013
93819 1 155.520004 63.360001 2 153.301102 63.360001
93063 1 1131.840088 223.200012 2 1093.435913 223.200012
93580 1 1044.0 302.400024 2 1002.304382 302.400024
92214 1 1192.320068 70.560005 2 1183.74707 70.560005
93647 1 1185.119995 149.76001 2 1150.088013 149.76001
93155 1 953.280029 63.360001 2 928.315735 63.360001
93116 1 1056.960083 146.880005 2 1028.438965 146.880005
93124 1 1016.640015 149.76001 2 990.716675 149.76001
92567 1 341.279999 148.320007 2 337.044312 148.320007
84630 1 449.280029 141.12001 2 445.292328 141.12001
66673 1 125.280006 43.200001 2 122.704147 43.200001
93503 1 570.240051 338.688019 2 517.566833 338.688019
93484 1 205.632019 340.416046 2 148.657227 340.416046
85485 1 342.144043 148.608017 2 337.055084 148.608017
91652 1 357.696045 136.512009 2 352.697357 136.512009
93536 1 933.120117 311.040039 2 885.525818 311.040039
78621 1 638.668884 122.342415 2 633.537354 122.342415
93539 1 933.120117 311.040039 2 886.271606 311.040039
90017 1 630.374512 107.827217 2 624.247803 107.827217
93179 1 364.953644 182.476822 2 359.765442 182.476822
92988 1 590.976074 333.84964 2 540.861267 333.84964
93810 1 284.083252 321.408051 2 235.870636 321.408051
81745 1 532.915283 105.753616 2 527.484131 105.753616
93847 1 151.372818 124.416016 2 150.340164 124.416016
91076 1 450.385986 194.088989 2 442.427643 194.088989
91656 1 383.201324 116.951057 2 378.2659 116.951057
93195 1 102.021133 57.231369 2 99.532814 57.231369
92050 1 283.668518 320.993317 2 235.643341 320.993317
85622 1 368.271423 74.649612 2 364.042908 74.649612
93102 1 952.529053 220.96286 2 922.458801 220.96286
93070 1 1065.99646 256.794678 2 1028.767822 256.794678
88542 1 155.271194 71.663628 2 153.720673 71.663628
92149 1 710.664307 185.131042 2 699.777161 185.131042
83357 1 474.771545 185.131042 2 466.070984 185.131042
93306 1 447.897675 140.341278 2 444.59964 140.341278
90565 1 582.266968 119.439384 2 577.410828 119.439384
93863 1 1173.491943 83.607567 2 1166.238037 83.607567
92536 1 1131.68811 223.948837 2 1095.094971 223.948837
91576 1 913.711304 200.658173 2 886.327393 200.658173
93638 1 1168.117188 171.992722 2 1132.312378 171.992722
85144 1 738.135437 214.990891 2 720.792358 214.990891
86131 1 118.244995 193.491806 2 114.598747 193.491806
93687 1 1060.621704 168.409531 2 1031.064575 168.409531
86573 1 279.488159 103.91227 2 275.063782 103.91227
93111 1 981.791748 204.241348 2 951.701721 204.241348
93068 1 756.051331 283.07135 2 719.771362 283.07135
80717 1 541.060425 107.495445 2 536.809631 107.495445
92102 1 429.981781 261.572266 2 404.598999 261.572266
93242 1 451.480896 193.491806 2 446.387268 193.491806
79630 1 630.639954 107.495445 2 623.647217 107.495445
93704 1 662.888611 265.155426 2 636.829041 265.155426
