663
420.321777344 -36.30398941 180.336151123 0.04272716007749815 0.5855994038592287 -0.022421734702451446 0.8091631441213575
97602 1 753.0 69.0 2 743.546997 69.0
97614 1 268.0 99.0 2 262.363617 99.0
97595 1 285.0 139.0 2 278.410736 139.0
97061 1 299.0 122.0 2 293.419586 122.0
97594 1 363.0 142.0 2 357.836975 142.0
96163 1 359.0 114.0 2 353.049316 114.0
97610 1 808.0 55.0 2 799.656494 55.0
97531 1 917.0 199.0 2 886.560791 199.0
97570 1 872.0 186.0 2 846.168213 186.0
97612 1 557.0 181.0 2 550.83429 181.0
97398 1 1138.800049 222.000015 2 1088.006836 222.000015
97703 1 320.400024 94.800003 2 314.859467 94.800003
96121 1 486.000031 56.400002 2 479.766632 56.400002
97159 1 284.400024 91.200005 2 278.174438 91.200005
95419 1 301.200012 61.200001 2 295.692078 61.200001
97071 1 632.400024 127.200005 2 627.012695 127.200005
96575 1 360.0 81.600006 2 355.165375 81.600006
96668 1 429.600006 51.600002 2 424.101501 51.600002
94796 1 538.800049 64.800003 2 532.763733 64.800003
97627 1 548.400024 37.200001 2 542.925964 37.200001
97736 1 577.200012 98.400002 2 570.478088 98.400002
97628 1 558.0 97.200005 2 551.710266 97.200005
97160 1 595.200012 52.800003 2 589.881897 52.800003
96662 1 615.600037 36.0 2 610.54718 36.0
93554 1 600.0 74.400002 2 594.964783 74.400002
97355 1 1083.600098 306.0 2 1023.643127 306.0
97336 1 1165.200073 326.400024 2 1102.085938 326.400024
97405 1 792.000061 332.400024 2 740.288818 332.400024
97551 1 724.800049 254.400009 2 696.144836 254.400009
97442 1 724.800049 312.0 2 679.843506 312.0
97076 1 746.400024 170.400009 2 731.978699 170.400009
97636 1 448.800018 189.600006 2 435.54837 189.600006
97503 1 344.400024 296.400024 2 308.336487 296.400024
97613 1 188.400009 91.200005 2 183.694977 91.200005
97056 1 222.000015 43.200001 2 217.024979 43.200001
97638 1 316.800018 180.0 2 310.315796 180.0
92915 1 632.160034 126.720001 2 626.51123 126.720001
94180 1 514.944031 63.936005 2 508.553894 63.936005
97166 1 381.600006 136.800003 2 375.572662 136.800003
97643 1 521.280029 133.919998 2 514.469971 133.919998
96029 1 511.200012 123.840004 2 504.384857 123.840004
97168 1 529.920044 28.800001 2 524.217041 28.800001
97644 1 551.52002 67.68 2 545.176819 67.68
97764 1 298.080017 76.32 2 292.38913 76.32
97500 1 960.480042 218.880005 2 923.144653 218.880005
97095 1 594.720032 53.280003 2 589.128113 53.280003
92400 1 614.880005 36.0 2 609.758301 36.0
92007 1 613.440002 80.639999 2 608.669006 80.639999
97371 1 1032.47998 326.880005 2 974.759094 326.880005
97541 1 781.920044 259.200012 2 750.464783 259.200012
96939 1 790.560059 332.640015 2 739.52887 332.640015
97554 1 724.320007 253.440002 2 695.202942 253.440002
97448 1 721.440002 311.040009 2 676.964905 311.040009
96597 1 807.840027 54.720001 2 799.056091 54.720001
97624 1 797.76001 168.480011 2 780.869324 168.480011
97577 1 869.76001 185.76001 2 845.235107 185.76001
97219 1 732.960022 80.639999 2 723.689453 80.639999
96045 1 758.880005 53.280003 2 750.403076 53.280003
97632 1 658.080017 133.919998 2 652.956543 133.919998
96603 1 745.920044 169.920013 2 731.483582 169.920013
97634 1 491.040009 188.640015 2 478.341675 188.640015
97389 1 587.52002 335.52002 2 534.761902 335.52002
97039 1 407.52002 264.960022 2 380.493896 264.960022
97653 1 447.840027 190.080002 2 434.865265 190.080002
97504 1 344.160004 296.640015 2 308.272583 296.640015
97492 1 468.000031 295.200012 2 429.226807 295.200012
87012 1 607.680054 164.160004 2 603.25177 164.160004
96032 1 557.280029 181.440002 2 550.963196 181.440002
96687 1 362.880005 48.960003 2 357.088318 48.960003
95550 1 453.600006 115.200005 2 448.373199 115.200005
94804 1 188.640015 138.240005 2 182.935394 138.240005
92920 1 283.680023 138.240005 2 277.2771 138.240005
96698 1 64.800003 44.640003 2 63.339321 44.640003
97640 1 28.800001 122.400002 2 27.870571 122.400002
97656 1 110.880005 151.200012 2 109.308281 151.200012
90551 1 168.480011 136.800003 2 164.298111 136.800003
93551 1 539.136047 115.776009 2 532.842224 115.776009
96718 1 552.960083 67.392006 2 545.898621 67.392006
93568 1 625.536072 100.224007 2 619.967407 100.224007
96173 1 606.528076 86.400009 2 601.734863 86.400009
93075 1 585.792053 70.848007 2 580.538879 70.848007
97432 1 687.74408 311.040039 2 642.538025 311.040039
97399 1 530.496033 340.416046 2 477.527466 340.416046
97550 1 724.032043 254.016022 2 695.704041 254.016022
95984 1 789.696045 331.776031 2 738.619873 331.776031
97532 1 841.536072 260.92804 2 809.638855 260.92804
97114 1 110.59201 150.336014 2 108.154221 150.336014
97651 1 490.752045 188.35202 2 478.240082 188.35202
92940 1 603.072083 186.624023 2 598.585938 186.624023
92941 1 558.144043 181.440018 2 551.149109 181.440018
95551 1 596.160034 124.416016 2 590.510315 124.416016
96069 1 76.032005 146.88002 2 74.311539 146.88002
97708 1 316.22403 179.712021 2 310.251129 179.712021
96985 1 914.457703 288.230438 2 872.47998 288.230438
97589 1 919.296082 126.144012 2 900.573608 126.144012
97568 1 870.912109 186.624023 2 845.421509 186.624023
97454 1 1185.408081 127.872009 2 1142.611694 127.872009
97100 1 672.192078 184.896011 2 664.491272 184.896011
85433 1 176.256012 100.224007 2 170.807846 100.224007
85054 1 196.99202 32.832005 2 192.23233 32.832005
97060 1 407.808044 179.712021 2 394.193695 179.712021
97205 1 433.728027 146.88002 2 427.224152 146.88002
87598 1 454.46405 103.680008 2 449.865601 103.680008
97529 1 931.39209 202.176025 2 897.880127 202.176025
97362 1 1133.568115 260.92804 2 1076.243164 260.92804
97623 1 338.688019 65.664009 2 333.076782 65.664009
84774 1 487.296051 57.024006 2 480.67746 57.024006
92509 1 314.496033 46.656006 2 309.008484 46.656006
90990 1 556.416077 96.768005 2 550.54187 96.768005
97110 1 549.504089 196.992035 2 541.391357 196.992035
97010 1 841.881714 261.273651 2 809.744751 261.273651
97542 1 466.560059 263.347229 2 438.934357 263.347229
97660 1 447.897675 190.771225 2 434.642242 190.771225
96967 1 505.958466 313.113647 2 459.862213 313.113647
97022 1 823.219299 259.200043 2 792.551453 259.200043
97527 1 518.400085 259.200043 2 490.622467 259.200043
97123 1 74.649612 159.667221 2 71.958557 159.667221
96627 1 74.649612 145.152023 2 73.713593 145.152023
93066 1 315.187256 180.403229 2 309.312958 180.403229
85866 1 284.083252 138.931213 2 277.191895 138.931213
97453 1 1184.025757 128.563217 2 1142.245605 128.563217
97458 1 1163.289795 132.710419 2 1121.25354 132.710419
88534 1 209.433624 109.900818 2 204.039948 109.900818
97715 1 232.243225 55.987209 2 226.204407 55.987209
86497 1 186.624023 53.913609 2 180.994064 53.913609
97721 1 671.846497 184.55043 2 663.738831 184.55043
97714 1 649.036865 186.624023 2 643.579712 186.624023
87019 1 176.256027 99.532814 2 170.238235 99.532814
96065 1 408.499268 74.649612 2 403.232697 74.649612
83209 1 539.136047 116.121613 2 532.842102 116.121613
96945 1 1161.216187 188.697632 2 1113.7771 188.697632
83722 1 433.382446 147.225616 2 426.410828 147.225616
96912 1 1132.185791 261.273651 2 1075.772583 261.273651
96956 1 1092.787354 213.580826 2 1046.355713 213.580826
83776 1 514.252869 64.281609 2 508.418182 64.281609
95575 1 362.880066 145.152023 2 356.380127 145.152023
96632 1 675.993713 41.472008 2 667.633545 41.472008
86392 1 337.996857 64.281609 2 331.986023 64.281609
97108 1 576.460876 97.459213 2 570.760437 97.459213
97120 1 604.661865 186.624023 2 598.76062 186.624023
86546 1 557.383789 181.647385 2 550.241455 181.647385
83220 1 594.708557 124.416016 2 589.882263 124.416016
96063 1 557.383789 134.369293 2 551.062134 134.369293
96672 1 502.640717 194.088989 2 490.285858 194.088989
97533 1 841.052307 261.273651 2 808.112793 261.273651
97426 1 873.400452 308.551727 2 824.71521 308.551727
97569 1 870.912109 186.624023 2 844.586792 186.624023
97207 1 109.486099 151.787537 2 107.219856 151.787537
97134 1 74.649612 146.810898 2 74.052788 146.810898
85429 1 323.481659 119.439377 2 317.743378 119.439377
85485 1 174.182419 99.532814 2 169.27211 99.532814
93695 1 721.612915 121.927696 2 712.328308 121.927696
97438 1 1112.279175 186.624023 2 1068.991089 186.624023
97502 1 1087.395996 136.85762 2 1051.347534 136.85762
97012 1 930.631836 201.553955 2 897.208801 201.553955
95442 1 661.893188 213.995544 2 647.752258 213.995544
97418 1 1107.302612 213.995544 2 1059.860352 213.995544
96966 1 1092.372681 213.995544 2 1044.486694 213.995544
97771 1 475.269196 159.252502 2 463.61441 159.252502
83724 1 537.477173 114.462738 2 529.98584 114.462738
97127 1 475.269196 141.834259 2 463.158905 141.834259
94298 1 231.413788 54.74305 2 225.651443 54.74305
96093 1 184.135712 74.649612 2 178.645294 74.649612
97368 1 1132.185791 261.273651 2 1075.221436 261.273651
96558 1 1144.627319 62.208008 2 1115.855713 62.208008
97759 1 335.923248 97.044495 2 330.168518 97.044495
97073 1 517.570618 77.137932 2 511.102112 77.137932
94945 1 184.135712 136.85762 2 179.801819 136.85762
97171 1 253.80867 194.088989 2 248.679367 194.088989
94797 1 408.084534 263.761963 2 381.539825 263.761963
97688 1 420.526154 199.065628 2 410.496033 199.065628
97021 1 632.033386 263.761963 2 601.490051 263.761963
96962 1 806.21582 311.040039 2 756.522278 311.040039
96918 1 1022.699646 325.969971 2 966.27948 325.969971
95553 1 298.59845 122.425369 2 293.86377 122.425369
97146 1 62.705677 107.495445 2 60.742416 107.495445
97133 1 74.649612 158.257187 2 71.857712 158.257187
97466 1 1164.533936 131.383316 2 1122.119995 131.383316
96640 1 1086.898438 137.355286 2 1051.76355 137.355286
93063 1 665.874573 214.990891 2 650.546997 214.990891
94836 1 627.056763 203.046951 2 616.393188 203.046951
97031 1 1143.63208 62.705677 2 1115.304565 62.705677
97147 1 185.131042 74.649612 2 178.659088 74.649612
97690 1 122.425369 65.691658 2 118.936943 65.691658
97461 1 988.360901 238.878769 2 946.406189 238.878769
97140 1 403.10791 143.327255 2 396.833008 143.327255
82243 1 516.575317 77.635597 2 510.762634 77.635597
85073 1 334.430267 98.537491 2 328.830261 98.537491
85081 1 582.266968 95.551506 2 576.590576 95.551506
81667 1 588.238953 68.677643 2 582.891235 68.677643
84647 1 274.710571 62.705677 2 268.087616 62.705677
85457 1 185.131042 137.355286 2 179.703918 137.355286
96535 1 343.388214 295.612457 2 308.929901 295.612457
96963 1 585.252991 313.528381 2 539.813354 313.528381
96676 1 501.645416 194.088989 2 490.14505 194.088989
94269 1 659.902588 128.397339 2 653.507935 128.397339
96980 1 728.580261 307.556396 2 684.327515 307.556396
97018 1 839.061646 262.766632 2 807.297607 262.766632
97415 1 809.201843 313.528381 2 758.848511 313.528381
97373 1 1131.68811 259.78067 2 1075.307861 259.78067
97246 1 329.65271 125.411354 2 324.359711 125.411354
97521 1 974.625427 182.742264 2 940.519897 182.742264
97423 1 1107.203125 214.990891 2 1058.535034 214.990891
97698 1 827.714966 139.74408 2 808.822083 139.74408
86503 1 476.563141 157.659988 2 464.477966 157.659988
97136 1 759.634521 100.329086 2 749.71991 100.329086
93697 1 723.802673 118.244995 2 714.400024 118.244995
97237 1 662.888611 103.91227 2 654.586426 103.91227
84733 1 623.473572 71.663635 2 618.258545 71.663635
97462 1 988.95813 240.073166 2 946.422485 240.073166
95513 1 587.641785 68.080452 2 582.499573 68.080452
84685 1 401.316345 143.327271 2 396.738678 143.327271
92472 1 537.477234 114.661812 2 530.066345 114.661812
85171 1 300.987244 121.828178 2 294.825012 121.828178
88102 1 297.404083 85.996361 2 291.199005 85.996361
96658 1 182.742264 136.160904 2 178.255585 136.160904
97155 1 404.899536 71.663635 2 400.922882 71.663635
84263 1 605.557678 186.325439 2 599.741882 186.325439
96975 1 587.641785 304.570435 2 543.381653 304.570435
94928 1 505.228607 193.491806 2 493.200439 193.491806
97132 1 727.385864 222.157257 2 709.546021 222.157257
97024 1 881.462708 218.574081 2 849.579224 218.574081
97444 1 1164.534058 128.994537 2 1123.501953 128.994537
97433 1 1114.369507 186.325439 2 1070.026978 186.325439
96033 1 493.0 97.0 2 486.339325 97.0
97167 1 301.200012 30.000002 2 295.708008 30.000002
97238 1 528.480042 87.840004 2 521.263428 87.840004
94193 1 587.52002 28.800001 2 581.875183 28.800001
97760 1 588.960022 99.360001 2 583.227844 99.360001
97495 1 361.200012 294.0 2 324.621643 294.0
97773 1 335.52002 79.200005 2 329.78479 79.200005
96070 1 511.488037 124.416016 2 504.49646 124.416016
88103 1 616.896057 34.560005 2 611.088806 34.560005
97508 1 959.040039 205.920013 2 923.754761 205.920013
95591 1 177.12001 100.800003 2 171.451065 100.800003
90995 1 454.46405 115.776009 2 448.98288 115.776009
97049 1 565.920044 249.12001 2 541.294006 249.12001
97485 1 630.0 297.600006 2 591.161499 297.600006
96901 1 1083.456055 305.856018 2 1023.210449 305.856018
97574 1 813.600037 207.360016 2 789.1698 207.360016
96585 1 234.0 53.0 2 228.112457 53.0
96636 1 109.900818 93.312012 2 107.466125 93.312012
95468 1 60.480007 89.85601 2 58.687057 89.85601
97668 1 64.281609 43.545605 2 62.686069 43.545605
95461 1 736.128113 58.060806 2 727.062012 58.060806
96641 1 423.014465 92.067856 2 417.843903 92.067856
97716 1 474.854462 141.004822 2 462.707397 141.004822
97516 1 960.076965 207.360031 2 924.858398 207.360031
97591 1 920.678528 126.489616 2 900.134888 126.489616
93648 1 662.88855 229.920807 2 644.927246 229.920807
91020 1 352.346191 170.201126 2 341.455963 170.201126
97726 1 773.369995 59.719692 2 764.00885 59.719692
96196 1 204.042267 84.60289 2 198.678986 84.60289
97513 1 958.003357 206.530594 2 923.704773 206.530594
92538 1 659.30542 229.323624 2 641.742859 229.323624
94865 1 422.81543 93.16272 2 417.608887 93.16272
96680 1 758.440063 98.537491 2 747.887085 98.537491
85462 1 659.30542 89.579544 2 652.111755 89.579544
97506 1 958.501038 206.032928 2 923.7099 206.032928
88093 1 494.479065 89.579544 2 488.008209 89.579544
85111 1 603.168884 185.131042 2 598.270081 185.131042
97026 1 630.042725 262.766632 2 601.219971 262.766632
96524 1 860.958862 281.180206 2 821.193054 281.180206
97588 1 920.877686 125.411354 2 899.886597 125.411354
