667
421.1854 -38.30596 180.7477 0.041232583327399555 0.5847013985706976 -0.023381481370866788 0.8098626148369383
98123 1 770.0 39.0 2 759.979736 39.0
98953 1 1209.0 226.0 2 1150.299927 226.0
98982 1 1207.0 193.0 2 1152.990601 193.0
98786 1 193.0 92.0 2 187.267395 92.0
99222 1 909.0 121.0 2 886.567993 121.0
98126 1 198.0 33.0 2 192.480957 33.0
98998 1 1069.0 244.0 2 1017.790222 244.0
99203 1 816.0 248.0 2 782.472168 248.0
99265 1 773.0 195.0 2 754.259277 195.0
99169 1 601.0 272.0 2 567.475342 272.0
98692 1 550.0 177.0 2 543.46936 177.0
99263 1 904.800049 128.400009 2 879.236145 128.400009
99227 1 892.800049 104.400002 2 869.569397 104.400002
98538 1 1051.200073 217.200012 2 1005.183777 217.200012
99025 1 1058.400024 206.400009 2 1012.306946 206.400009
98968 1 1165.200073 222.000015 2 1109.566406 222.000015
99000 1 1150.800049 192.0 2 1100.177856 192.0
99009 1 1123.200073 174.0 2 1073.849121 174.0
97698 1 180.0 49.200001 2 174.094666 49.200001
97705 1 520.800049 106.800003 2 513.844116 106.800003
98131 1 487.200012 33.600002 2 479.816742 33.600002
96570 1 580.800049 62.400002 2 574.486938 62.400002
98696 1 310.800018 97.200005 2 305.112762 97.200005
97094 1 318.0 70.800003 2 311.888489 70.800003
98231 1 542.400024 25.200001 2 536.589966 25.200001
97616 1 614.400024 25.200001 2 608.140625 25.200001
98926 1 1215.600098 259.200012 2 1151.749023 259.200012
98886 1 1099.200073 350.400024 2 1031.484253 350.400024
99038 1 1018.800049 229.200012 2 973.28125 229.200012
98989 1 984.000061 308.400024 2 930.653198 308.400024
99137 1 1084.800049 120.000008 2 1049.713135 120.000008
99162 1 943.200012 183.600006 2 908.579102 183.600006
99268 1 778.800049 195.600006 2 759.110229 195.600006
99051 1 835.200012 291.600006 2 790.593201 291.600006
99061 1 898.800049 284.400024 2 855.205627 284.400024
99228 1 681.120056 240.480011 2 656.965271 240.480011
99127 1 678.0 284.400024 2 640.561707 284.400024
99102 1 637.200012 295.200012 2 596.697144 295.200012
99112 1 760.800049 274.800018 2 721.652649 274.800018
98151 1 658.800049 127.200005 2 652.894226 127.200005
98689 1 738.0 121.200005 2 727.854614 121.200005
99205 1 489.600006 259.200012 2 460.626953 259.200012
99104 1 440.400024 290.400024 2 399.730377 290.400024
99158 1 396.000031 283.200012 2 361.671722 283.200012
97613 1 504.000031 115.200005 2 496.94104 115.200005
98125 1 343.200012 73.200005 2 336.780762 73.200005
98623 1 295.200012 246.000015 2 262.775299 246.000015
98224 1 278.400024 115.200005 2 272.721313 115.200005
97699 1 158.400009 44.400002 2 152.984116 44.400002
98227 1 61.200001 141.600006 2 59.188053 141.600006
97170 1 531.360046 105.120003 2 524.516602 105.120003
99266 1 820.800049 169.920013 2 800.195679 169.920013
95900 1 505.440033 53.280003 2 498.392456 53.280003
94035 1 475.200012 44.640003 2 468.129364 44.640003
94785 1 505.440033 33.120003 2 498.24649 33.120003
98484 1 1163.52002 221.76001 2 1108.135864 221.76001
99002 1 1149.119995 191.520004 2 1099.619019 191.520004
98556 1 1152.0 129.600006 2 1109.156128 129.600006
99089 1 1143.359985 123.840004 2 1102.326416 123.840004
99003 1 1124.640015 197.280014 2 1074.896973 197.280014
95259 1 531.360046 53.280003 2 524.482422 53.280003
98824 1 571.679993 89.280006 2 565.1203 89.280006
97229 1 262.080017 82.080002 2 255.889236 82.080002
93432 1 596.160034 64.800003 2 590.212952 64.800003
98864 1 318.240021 70.560005 2 311.657501 70.560005
98687 1 593.280029 63.360001 2 587.366638 63.360001
98970 1 1128.960083 247.680008 2 1071.644775 247.680008
99047 1 1018.080017 228.960007 2 972.569397 228.960007
99026 1 940.320007 292.320007 2 894.020569 292.320007
99245 1 1152.0 63.360001 2 1130.588867 63.360001
99165 1 941.76001 182.880005 2 909.505432 182.880005
99083 1 1049.76001 180.0 2 1009.470825 180.0
99199 1 815.040039 247.680008 2 784.696167 247.680008
98973 1 787.680054 336.960022 2 731.695862 336.960022
99077 1 897.120056 283.680023 2 853.862976 283.680023
98714 1 637.920044 195.840012 2 627.567017 195.840012
98715 1 715.680054 213.12001 2 698.365051 213.12001
99130 1 676.800049 283.680023 2 640.080017 283.680023
99123 1 650.880005 277.920013 2 615.614807 277.920013
98569 1 760.320007 275.040009 2 721.512268 275.040009
98703 1 907.200012 120.960007 2 885.548645 120.960007
98688 1 740.160034 67.68 2 730.36554 67.68
98717 1 763.200012 164.160004 2 746.754272 164.160004
99139 1 505.440033 263.52002 2 476.563995 263.52002
99183 1 557.280029 266.400024 2 525.737427 266.400024
98784 1 545.76001 194.400009 2 536.897827 194.400009
99155 1 491.040009 280.800018 2 455.775238 280.800018
98619 1 603.072083 273.024017 2 569.967163 273.024017
99050 1 573.119995 305.279999 2 527.52301 305.279999
99160 1 348.480011 263.52002 2 314.306702 263.52002
97620 1 426.240021 188.640015 2 411.28186 188.640015
95261 1 551.52002 177.12001 2 544.612549 177.12001
98677 1 347.040009 37.440002 2 340.941193 37.440002
97106 1 345.600006 135.360001 2 339.897614 135.360001
99138 1 246.240005 234.720016 2 210.267258 234.720016
98609 1 260.640015 241.920013 2 224.810699 241.920013
99143 1 249.12001 227.520004 2 213.324997 227.520004
98845 1 185.76001 100.800003 2 179.72229 100.800003
99414 1 234.720016 129.600006 2 229.202286 129.600006
97208 1 187.200012 105.120003 2 180.847565 105.120003
93530 1 279.360016 115.200005 2 272.880432 115.200005
91334 1 47.52 37.440002 2 45.190201 37.440002
98976 1 1164.672119 222.912018 2 1108.623535 222.912018
98512 1 1149.120117 191.808014 2 1099.790649 191.808014
89920 1 483.840057 88.128006 2 476.736237 88.128006
94780 1 304.128021 88.128006 2 297.660065 88.128006
98916 1 1190.592163 335.232025 2 1122.729492 335.232025
99006 1 114.048012 274.752014 2 66.804489 274.752014
98631 1 865.728088 210.816025 2 834.655762 210.816025
99178 1 556.416077 266.11203 2 524.874756 266.11203
99115 1 760.320068 274.752014 2 721.603638 274.752014
99034 1 267.840027 330.048035 2 220.114716 330.048035
99094 1 1052.352051 179.712021 2 1011.790588 179.712021
99198 1 393.984039 266.11203 2 363.108398 266.11203
99157 1 349.05603 264.384033 2 314.382812 264.384033
98575 1 439.603271 292.377655 2 402.521118 292.377655
99131 1 418.176025 292.032013 2 377.941833 292.032013
99128 1 395.712036 283.392029 2 359.500183 283.392029
98503 1 981.504089 307.584015 2 929.468628 307.584015
98951 1 927.936096 328.320038 2 870.67804 328.320038
99010 1 955.584106 298.944031 2 906.475525 298.944031
98542 1 937.267334 292.377655 2 891.174438 292.377655
99146 1 492.480042 281.664032 2 456.050964 281.664032
99212 1 490.752045 259.200012 2 461.534454 259.200012
99238 1 754.790527 228.096039 2 732.83429 228.096039
98730 1 715.39209 212.544022 2 699.130249 212.544022
99068 1 896.832092 285.120026 2 852.83429 285.120026
99262 1 452.736053 233.280029 2 432.110504 233.280029
90998 1 143.424011 131.328018 2 138.503006 131.328018
99037 1 575.424072 307.584015 2 529.513855 307.584015
99189 1 815.616089 248.832031 2 784.502808 248.832031
99122 1 677.376038 285.120026 2 638.989319 285.120026
99135 1 651.456055 278.208038 2 616.223022 278.208038
99071 1 789.696045 283.392029 2 750.245178 283.392029
98612 1 260.92804 241.920029 2 231.015289 241.920029
97621 1 307.584015 193.536011 2 293.729401 193.536011
99110 1 1159.488159 103.680008 2 1120.989014 103.680008
99176 1 943.488098 183.168015 2 910.087097 183.168015
98155 1 763.776062 164.160019 2 747.173706 164.160019
99159 1 248.832031 228.096024 2 213.548599 228.096024
98736 1 229.82402 193.536011 2 224.139572 193.536011
98806 1 60.480007 141.696014 2 58.783318 141.696014
98997 1 1060.992065 245.376022 2 1009.440125 245.376022
98645 1 680.832092 240.192017 2 657.119507 240.192017
99140 1 1085.184082 120.960014 2 1048.931763 120.960014
93621 1 345.600037 136.512009 2 340.219696 136.512009
94033 1 533.952026 108.864014 2 526.58905 108.864014
87419 1 502.848053 115.776009 2 496.080017 115.776009
96573 1 247.104019 91.584007 2 241.1418 91.584007
99261 1 829.440063 162.432022 2 808.933228 162.432022
98699 1 900.288086 76.032005 2 879.355103 76.032005
99011 1 1185.408081 155.52002 2 1138.818115 155.52002
99027 1 1188.864136 133.056015 2 1145.005127 133.056015
98263 1 342.144043 74.304008 2 335.915314 74.304008
98144 1 347.328033 38.016003 2 340.802063 38.016003
97176 1 770.688049 38.016003 2 760.251282 38.016003
93447 1 278.208038 67.392006 2 271.903931 67.392006
93012 1 506.304047 53.568005 2 499.316376 53.568005
94657 1 582.33606 60.480007 2 576.859802 60.480007
98979 1 203.21283 321.408051 2 147.314407 321.408051
99063 1 746.496094 294.451233 2 704.093323 294.451233
97080 1 972.518555 230.169632 2 929.967834 230.169632
99197 1 897.868896 201.139221 2 866.612793 201.139221
98629 1 865.935486 211.507233 2 834.127441 211.507233
99022 1 267.494446 329.702454 2 220.159302 329.702454
99148 1 497.664062 277.862427 2 462.810822 277.862427
98181 1 543.283264 194.918427 2 533.220398 194.918427
98985 1 978.739319 306.892853 2 926.653015 306.892853
99192 1 814.924927 248.832031 2 783.786072 248.832031
99264 1 775.526489 194.918427 2 755.391663 194.918427
99175 1 348.364838 263.347229 2 314.082672 263.347229
99182 1 1026.432129 120.268814 2 995.863831 120.268814
99107 1 1200.614624 93.312012 2 1160.308716 93.312012
99214 1 1150.848145 64.281609 2 1129.687012 64.281609
99039 1 574.387268 306.892853 2 529.36377 306.892853
98625 1 551.577698 265.420837 2 520.066101 265.420837
99179 1 941.414551 182.476822 2 909.616577 182.476822
98613 1 261.273651 242.611237 2 230.777176 242.611237
98797 1 601.344055 182.476822 2 595.878113 182.476822
97169 1 611.712097 111.974419 2 605.076843 111.974419
99065 1 843.955322 286.15683 2 800.159302 286.15683
99120 1 675.993713 284.083252 2 638.505371 284.083252
99144 1 248.832031 228.096039 2 213.039948 228.096039
98739 1 425.088074 188.697632 2 409.857117 188.697632
97646 1 60.134407 143.078415 2 58.446735 143.078415
90482 1 435.456055 101.606415 2 429.307922 101.606415
99082 1 1022.284973 201.139221 2 981.612061 201.139221
88924 1 184.55043 103.680016 2 178.704498 103.680016
98190 1 209.433624 45.619205 2 202.985184 45.619205
98649 1 675.993713 238.464035 2 652.999939 238.464035
97084 1 665.625671 213.580826 2 649.045837 213.580826
89298 1 279.936035 116.121613 2 273.697327 116.121613
99225 1 891.648132 103.680016 2 870.427307 103.680016
97649 1 501.811279 116.121613 2 495.265839 116.121613
99057 1 1084.49292 186.624023 2 1040.229614 186.624023
99085 1 1121.817749 149.299225 2 1080.127686 149.299225
99142 1 1084.49292 120.268814 2 1048.616089 120.268814
97624 1 396.057648 66.355209 2 390.90451 66.355209
99019 1 1186.099365 155.52002 2 1138.879639 155.52002
98543 1 1140.480103 170.035217 2 1093.050903 170.035217
99080 1 1175.731323 118.195213 2 1134.327637 118.195213
98559 1 1152.921753 130.636826 2 1110.537598 130.636826
97650 1 572.31366 89.16481 2 565.61908 89.16481
84980 1 302.745636 87.091209 2 296.628937 87.091209
93628 1 277.862427 78.796814 2 271.578705 78.796814
98650 1 751.472717 226.437149 2 730.444275 226.437149
98595 1 497.664062 278.691895 2 462.957703 278.691895
93026 1 159.252502 131.880981 2 154.249695 131.880981
98764 1 228.925476 191.600662 2 223.818924 191.600662
97092 1 599.685181 181.647385 2 595.556274 181.647385
99126 1 343.388214 288.645172 2 307.232727 288.645172
99062 1 895.795349 288.645172 2 851.483521 288.645172
99072 1 788.797546 283.668518 2 747.016663 283.668518
98626 1 940.585083 184.135712 2 907.929932 184.135712
99220 1 928.143494 114.462738 2 904.009399 114.462738
99129 1 676.82312 283.668518 2 639.22467 283.668518
99172 1 273.71524 248.832031 2 238.526688 248.832031
99056 1 607.150146 301.086761 2 563.340271 301.086761
99033 1 574.802002 306.063416 2 528.105286 306.063416
98608 1 602.173523 271.226929 2 568.044922 271.226929
98630 1 549.918823 266.250275 2 517.512573 266.250275
99252 1 1060.024414 72.161293 2 1040.527466 72.161293
98737 1 82.114571 154.275864 2 80.805893 154.275864
97654 1 59.719688 154.275864 2 56.719284 154.275864
99150 1 1082.419312 119.439377 2 1048.188232 119.439377
97192 1 480.245819 184.135712 2 465.876526 184.135712
98807 1 515.082336 124.416016 2 508.162354 124.416016
98652 1 676.82312 236.390427 2 653.902222 236.390427
98743 1 666.869873 213.995544 2 650.041138 213.995544
96497 1 656.916565 126.904335 2 652.157166 126.904335
85803 1 248.832031 92.067856 2 242.293442 92.067856
84973 1 248.832031 52.254726 2 244.29454 52.254726
99234 1 958.003357 99.532814 2 934.149231 99.532814
94051 1 622.080078 92.067856 2 616.241455 92.067856
97667 1 388.177979 136.85762 2 382.929596 136.85762
94178 1 345.876526 136.85762 2 339.696289 136.85762
98208 1 791.285889 82.114571 2 775.422302 82.114571
98726 1 890.818665 104.509453 2 870.733643 104.509453
99251 1 895.795349 62.208008 2 875.674622 62.208008
99024 1 1057.536133 206.530594 2 1009.752563 206.530594
98243 1 395.642944 64.696327 2 389.703949 64.696327
99013 1 1184.44043 156.764175 2 1135.952515 156.764175
99030 1 1189.417114 139.345947 2 1140.109253 139.345947
85522 1 276.203552 77.137932 2 269.818451 77.137932
86759 1 320.993317 54.74305 2 313.731415 54.74305
83555 1 532.500549 106.997772 2 524.353394 106.997772
97766 1 544.942139 57.231369 2 538.050232 57.231369
96049 1 507.61734 67.184647 2 500.890686 67.184647
95996 1 587.243591 92.067856 2 581.979858 92.067856
98974 1 194.088989 323.481659 2 138.561966 323.481659
98581 1 440.432709 291.133484 2 402.351227 291.133484
98742 1 343.388214 201.553955 2 327.972748 201.553955
97188 1 485.222473 194.088989 2 471.360229 194.088989
98641 1 985.374878 111.974419 2 959.309753 111.974419
98072 1 933.120117 291.133484 2 887.587646 291.133484
99319 1 980.398193 231.413788 2 936.528748 231.413788
99079 1 606.154846 301.584442 2 562.018799 301.584442
98094 1 603.168884 271.724609 2 568.755981 271.724609
98621 1 549.421143 265.752625 2 516.856995 265.752625
99243 1 1152.590088 62.705677 2 1131.03418 62.705677
99235 1 1060.024536 71.663628 2 1040.637695 71.663628
99184 1 247.836716 229.920807 2 213.523682 229.920807
99035 1 1018.220764 238.878769 2 972.58905 238.878769
99111 1 1024.192749 200.060959 2 980.261536 200.060959
98607 1 292.626495 247.836716 2 258.82251 247.836716
97661 1 59.719692 155.271194 2 56.059063 155.271194
99075 1 1119.744263 149.299225 2 1079.108154 149.299225
99213 1 967.458984 98.537491 2 942.99292 98.537491
92474 1 295.612457 176.173096 2 289.030548 176.173096
97740 1 731.566223 110.48143 2 720.57428 110.48143
97141 1 77.635597 101.523476 2 75.967758 101.523476
97691 1 107.495445 59.719692 2 104.260201 59.719692
99247 1 830.103699 167.215134 2 807.634033 167.215134
97666 1 421.023834 140.341278 2 414.292145 140.341278
98996 1 1113.772217 214.990891 2 1063.604248 214.990891
99231 1 853.991577 164.229156 2 831.436584 164.229156
98964 1 1158.562012 238.878769 2 1100.934448 238.878769
98988 1 1146.618042 212.004898 2 1094.436646 212.004898
94764 1 585.252991 92.565521 2 578.471802 92.565521
98247 1 573.309021 86.593552 2 566.818909 86.593552
81993 1 582.266968 59.719692 2 577.50824 59.719692
85437 1 316.514374 89.579536 2 310.167938 89.579536
96538 1 319.500336 56.733707 2 313.121338 56.733707
98762 1 531.505249 107.495445 2 524.224792 107.495445
95990 1 507.617371 68.677643 2 501.595001 68.677643
85832 1 158.257187 131.383316 2 153.263336 131.383316
86246 1 259.78067 131.383316 2 253.404938 131.383316
99028 1 113.467415 274.710571 2 66.159882 274.710571
97587 1 325.472321 283.668549 2 289.649109 283.668549
95426 1 600.182922 182.145065 2 595.392517 182.145065
97622 1 343.985443 290.237701 2 307.765198 290.237701
99207 1 494.479065 257.989075 2 466.108185 257.989075
98215 1 486.715485 194.088989 2 472.780365 194.088989
98577 1 647.958679 277.696564 2 609.576172 277.696564
98551 1 845.03363 286.65451 2 801.078735 286.65451
99064 1 815.173767 286.65451 2 770.416626 286.65451
99246 1 806.21582 197.074982 2 785.22937 197.074982
98659 1 916.697266 122.425369 2 892.338928 122.425369
98545 1 928.641174 289.640503 2 883.256775 289.640503
99084 1 970.445007 229.920807 2 928.539246 229.920807
99208 1 515.978149 261.572266 2 488.615662 261.572266
98563 1 1143.034912 121.828178 2 1100.214966 121.828178
99218 1 1150.201294 68.080452 2 1125.128662 68.080452
99145 1 290.237701 250.822708 2 256.36203 250.822708
91304 1 318.903168 164.826355 2 305.83252 164.826355
94073 1 297.404083 175.575897 2 288.62442 175.575897
98771 1 748.884949 225.740448 2 727.601196 225.740448
97601 1 648.555847 275.904999 2 610.055847 275.904999
97184 1 670.054993 236.48999 2 648.119568 236.48999
98768 1 670.054993 214.990891 2 653.085388 214.990891
94770 1 627.056763 200.658173 2 615.210999 200.658173
95297 1 777.550415 161.243179 2 760.4021 161.243179
99237 1 895.79541 89.579544 2 873.232361 89.579544
99267 1 845.630859 85.996361 2 827.018555 85.996361
93609 1 451.480896 96.745903 2 443.845917 96.745903
98838 1 412.065887 85.996361 2 404.798492 85.996361
98759 1 770.384033 96.745903 2 757.398926 96.745903
99248 1 910.128113 85.996361 2 887.620178 85.996361
98056 1 1064.204956 243.656357 2 1011.503906 243.656357
98055 1 1114.369507 214.990891 2 1063.14978 214.990891
98520 1 1128.702271 179.159088 2 1079.523193 179.159088
98202 1 179.159088 75.246811 2 173.55043 75.246811
80347 1 659.30542 121.828178 2 652.841248 121.828178
98221 1 655.722229 82.413177 2 649.828186 82.413177
98774 1 641.389526 68.080452 2 634.768921 68.080452
85038 1 386.983612 136.160904 2 382.493042 136.160904
98987 1 1121.535889 232.906799 2 1068.775146 232.906799
83556 1 455.064056 179.159088 2 440.619171 179.159088
98773 1 458.647247 150.493622 2 444.827087 150.493622
84070 1 530.310852 107.495445 2 522.016113 107.495445
81947 1 523.144531 68.080452 2 516.146362 68.080452
82583 1 508.811798 68.080452 2 502.311493 68.080452
98854 1 304.570435 96.745903 2 296.914673 96.745903
85538 1 279.488159 114.661812 2 273.6091 114.661812
91440 1 318.903168 89.579544 2 311.117706 89.579544
88491 1 275.904999 75.246811 2 269.857513 75.246811
98846 1 576.892212 85.996361 2 569.993042 85.996361
97195 1 161.243179 132.577713 2 153.58223 132.577713
94131 1 232.906799 71.663635 2 226.582367 71.663635
97659 1 601.974487 182.742264 2 596.255127 182.742264
98610 1 605.557678 272.321808 2 571.333923 272.321808
96546 1 487.312714 193.491806 2 474.069916 193.491806
94695 1 730.969055 111.078629 2 720.612488 111.078629
99067 1 845.630859 286.654541 2 804.469788 286.654541
99244 1 809.799072 197.074982 2 788.404053 197.074982
98110 1 942.37677 182.742264 2 909.471375 182.742264
99036 1 928.044067 290.237701 2 883.739014 290.237701
97579 1 971.042236 229.323624 2 928.673889 229.323624
99279 1 170.0 22.0 2 164.303528 22.0
98121 1 385.0 107.0 2 378.662506 107.0
99271 1 839.0 40.0 2 830.865234 40.0
99277 1 263.0 25.0 2 256.692871 25.0
99367 1 564.0 46.0 2 557.606506 46.0
99397 1 561.0 27.0 2 555.125488 27.0
99369 1 484.0 198.0 2 470.434814 198.0
99296 1 513.600037 127.200005 2 506.061249 127.200005
99372 1 284.400024 30.000002 2 277.83609 30.000002
99400 1 254.400009 24.0 2 248.448334 24.0
99299 1 306.0 134.400009 2 299.811768 134.400009
98706 1 504.000031 85.200005 2 496.597382 85.200005
98674 1 288.0 82.800003 2 282.470184 82.800003
99396 1 315.0 77.0 2 308.68454 77.0
99398 1 722.400024 97.200005 2 711.60144 97.200005
99407 1 552.0 126.000008 2 545.394287 126.000008
98671 1 438.000031 45.600002 2 430.4505 45.600002
98678 1 416.400024 40.800003 2 410.805145 40.800003
98841 1 347.0 136.0 2 341.358307 136.0
97087 1 90.0 32.400002 2 88.679878 32.400002
98704 1 519.840027 126.720001 2 512.688477 126.720001
99431 1 529.920044 76.32 2 522.454712 76.32
97754 1 519.840027 77.760002 2 513.147827 77.760002
96630 1 504.000031 89.280006 2 497.363831 89.280006
99403 1 482.400024 87.840004 2 475.305969 87.840004
98791 1 300.960022 86.400002 2 295.007874 86.400002
98844 1 576.0 99.600006 2 569.871094 99.600006
99433 1 567.360046 40.32 2 561.852051 40.32
98635 1 999.600037 51.600002 2 970.644958 51.600002
99288 1 661.200012 212.400009 2 646.022095 212.400009
99321 1 737.280029 120.960007 2 726.859375 120.960007
97177 1 416.160004 40.32 2 410.319519 40.32
98158 1 378.720001 177.12001 2 364.003479 177.12001
99292 1 363.600006 177.600006 2 348.847961 177.600006
98722 1 405.600006 177.600006 2 390.923828 177.600006
99412 1 277.920013 155.520004 2 272.12323 155.520004
98673 1 90.0 33.0 2 88.021767 33.0
95356 1 132.480011 72.0 2 127.205612 72.0
98738 1 613.440063 41.472004 2 608.138062 41.472004
99333 1 658.368042 126.144012 2 652.858276 126.144012
92506 1 434.880005 100.800003 2 429.03067 100.800003
94790 1 378.432037 177.984024 2 364.185028 177.984024
91454 1 444.096039 108.864014 2 437.831024 108.864014
98193 1 295.488037 36.288002 2 289.171814 36.288002
90448 1 162.432022 82.944008 2 157.629822 82.944008
98183 1 95.040009 146.88002 2 93.555412 146.88002
98516 1 701.568054 312.768036 2 655.110107 312.768036
99381 1 485.568054 195.264023 2 472.227356 195.264023
98171 1 591.840027 118.080002 2 585.82666 118.080002
99338 1 317.260834 192.844833 2 302.279724 192.844833
99340 1 736.128113 120.268814 2 726.41449 120.268814
97223 1 744.422485 41.472008 2 733.785339 41.472008
99384 1 347.328033 164.160019 2 334.16629 164.160019
99341 1 346.29126 136.85762 2 340.030304 136.85762
99380 1 571.968079 89.85601 2 565.529602 89.85601
78831 1 595.123291 64.281609 2 589.103088 64.281609
98529 1 505.129028 311.040039 2 459.922638 311.040039
99343 1 736.542847 121.927696 2 726.119629 121.927696
98606 1 294.451233 246.758438 2 262.232666 246.758438
98210 1 106.997772 59.719688 2 104.150955 59.719688
96598 1 319.680023 165.888016 2 306.293396 165.888016
94762 1 209.018906 47.278088 2 202.603668 47.278088
99445 1 387.763245 97.459213 2 381.177094 97.459213
99335 1 663.552124 95.385612 2 657.72998 95.385612
80332 1 661.893188 52.254726 2 653.286011 52.254726
99420 1 582.266968 59.719688 2 577.281982 59.719688
99388 1 485.222473 194.918427 2 471.533447 194.918427
98509 1 978.739319 306.892853 2 926.653015 306.892853
97597 1 646.963318 278.691895 2 609.478699 278.691895
99349 1 92.565521 125.411354 2 90.824905 125.411354
99346 1 92.565521 86.593552 2 90.214348 86.593552
92928 1 629.545044 199.065628 2 618.786011 199.065628
94716 1 319.500336 56.733707 2 313.121338 56.733707
99345 1 316.016693 191.600662 2 301.085358 191.600662
98603 1 497.664062 278.691895 2 462.957703 278.691895
99358 1 340.402252 200.060959 2 326.198639 200.060959
98775 1 749.482117 226.93483 2 728.052551 226.93483
93062 1 451.480896 96.745903 2 443.845917 96.745903
99351 1 791.883118 154.076813 2 773.677002 154.076813
99352 1 818.15979 140.341278 2 801.803467 140.341278
99362 1 93.16272 85.996361 2 89.768173 85.996361
98552 1 843.540588 286.15683 2 799.404785 286.15683
99350 1 313.528381 191.103012 2 299.52594 191.103012
93535 1 666.869873 213.995544 2 650.041138 213.995544
99347 1 627.056763 200.060959 2 615.485779 200.060959
99354 1 388.177979 137.355286 2 382.783173 137.355286
99361 1 343.985443 139.74408 2 338.191742 139.74408
91427 1 408.084534 121.927696 2 402.867645 121.927696
86263 1 420.526154 176.670746 2 406.099609 176.670746
89448 1 621.084778 92.565521 2 615.044922 92.565521
85115 1 605.557678 71.663635 2 598.005554 71.663635
93437 1 343.388214 289.640503 2 307.729828 289.640503
