70
7.57 0.126 -49 -0.00039 -0.0689 0.0317 0.997 
9217 1 538.0 156.0 2 523.736389 156.0
9929 1 866.0 83.0 2 859.264587 83.0
10341 1 902.0 59.0 2 895.884827 59.0
10421 1 794.0 51.0 2 786.02832 51.0
9927 1 774.0 138.0 2 766.267578 138.0
10468 1 805.0 116.0 2 797.241638 116.0
9516 1 780.0 178.0 2 772.374695 178.0
9107 1 777.0 160.0 2 769.123718 160.0
9123 1 615.0 42.0 2 596.710449 42.0
10027 1 601.0 52.0 2 582.78186 52.0
10432 1 612.0 28.0 2 594.352905 28.0
8650 1 824.0 166.0 2 816.697815 166.0
10367 1 748.0 127.0 2 739.918335 127.0
9518 1 754.0 120.0 2 745.847351 120.0
10420 1 684.0 183.0 2 675.255127 183.0
9522 1 675.0 160.0 2 667.281982 160.0
10360 1 309.0 35.0 2 292.474915 35.0
9624 1 818.0 118.0 2 809.972534 118.0
8703 1 883.0 145.0 2 875.56543 145.0
9935 1 357.600006 67.200005 2 343.034302 67.200005
10351 1 580.0 35.0 2 561.858093 35.0
9519 1 728.0 115.0 2 719.449036 115.0
10621 1 1185.0 319.0 2 1141.151245 319.0
10696 1 1208.0 101.0 2 1189.77356 101.0
10547 1 898.0 355.0 2 839.571228 355.0
9919 1 865.200012 39.600002 2 858.776611 39.600002
10578 1 491.0 351.0 2 434.548096 351.0
10640 1 514.0 284.0 2 478.42688 284.0
10594 1 441.0 331.0 2 390.736206 331.0
10680 1 177.0 189.0 2 149.951904 189.0
10683 1 244.0 245.0 2 219.375839 245.0
10296 1 159.0 254.0 2 133.006516 254.0
9901 1 94.0 190.0 2 67.686913 190.0
9958 1 291.0 152.0 2 272.802734 152.0
10474 1 777.600037 159.600006 2 769.885681 159.600006
9542 1 870.000061 142.800003 2 862.563599 142.800003
9932 1 848.400024 140.400009 2 840.226501 140.400009
9936 1 670.800049 100.800003 2 655.098877 100.800003
8652 1 801.600037 128.400009 2 793.447021 128.400009
10447 1 794.400024 50.400002 2 786.263245 50.400002
10433 1 806.400024 27.6 2 799.352112 27.6
10356 1 818.400024 117.600006 2 809.86499 117.600006
10712 1 640.800049 52.800003 2 622.756348 52.800003
10431 1 634.800049 26.400002 2 617.073975 26.400002
9534 1 770.400024 61.200001 2 763.6875 61.200001
9515 1 740.400024 79.200005 2 733.470337 79.200005
8752 1 868.800049 170.400009 2 861.567017 170.400009
10035 1 795.600037 73.200005 2 787.348267 73.200005
8284 1 698.400024 163.200012 2 689.933594 163.200012
9521 1 709.200012 144.0 2 700.496643 144.0
9121 1 728.400024 114.000008 2 720.60022 114.000008
9628 1 582.0 33.600002 2 563.791199 33.600002
8656 1 646.800049 102.000008 2 629.915039 102.000008
10706 1 648.0 63.600002 2 630.745117 63.600002
10472 1 625.200012 62.400002 2 608.657227 62.400002
10042 1 1080.0 196.800003 2 1069.382446 196.800003
9524 1 1158.0 199.200012 2 1144.068115 199.200012
10067 1 1003.200012 93.600006 2 991.664001 93.600006
10343 1 769.200012 60.000004 2 762.473328 60.000004
10651 1 529.200012 267.600006 2 495.958801 267.600006
10678 1 471.600006 243.600006 2 446.205475 243.600006
10570 1 490.800018 350.400024 2 434.309265 350.400024
9023 1 513.600037 283.200012 2 477.926056 283.200012
10297 1 354.0 256.800018 2 326.890808 256.800018
9918 1 366.0 190.800003 2 351.398254 190.800003
10689 1 434.400024 244.800003 2 412.973083 244.800003
10278 1 432.000031 268.800018 2 398.970795 268.800018
10210 1 441.600006 330.0 2 391.661041 330.0
10423 1 540.0 36.0 2 523.45282 36.0
9538 1 564.0 88.800003 2 550.712646 88.800003
9956 1 470.400024 152.400009 2 463.880615 152.400009
10373 1 582.0 118.800003 2 564.777893 118.800003
10690 1 237.600006 213.600006 2 216.600006 213.600006
10693 1 264.0 235.200012 2 242.578476 235.200012
7805 1 283.668518 213.995544 2 265.592651 213.995544
10653 1 183.600006 271.200012 2 150.425995 271.200012
10275 1 70.800003 268.800018 2 34.953232 268.800018
10294 1 133.200012 252.000015 2 104.831963 252.000015
10638 1 146.400009 282.0 2 109.751419 282.0
9920 1 289.200012 168.0 2 271.711548 168.0
9532 1 283.392029 145.152008 2 263.772278 145.152008
10362 1 335.52002 37.440002 2 318.888855 37.440002
10363 1 648.0 135.360001 2 639.870239 135.360001
10040 1 740.160034 79.200005 2 733.100769 79.200005
9535 1 715.680054 47.52 2 702.093262 47.52
9630 1 691.200012 110.880005 2 677.329163 110.880005
6461 1 823.680054 145.440002 2 816.128113 145.440002
7707 1 722.880005 185.76001 2 713.656128 185.76001
9634 1 650.880005 93.600006 2 634.032227 93.600006
10381 1 921.600037 84.960007 2 914.105103 84.960007
7726 1 708.480042 144.0 2 699.575256 144.0
9127 1 252.000015 167.040009 2 233.168518 167.040009
10041 1 673.920044 159.840012 2 666.636902 159.840012
9133 1 749.952087 153.792007 2 742.202698 153.792007
9501 1 1190.592163 248.832031 2 1167.435547 248.832031
9796 1 1186.560059 318.240021 2 1140.637817 318.240021
10382 1 1025.280029 188.640015 2 1014.378784 188.640015
9955 1 1071.359985 89.280006 2 1057.035034 89.280006
10386 1 1087.200073 136.800003 2 1076.857666 136.800003
10383 1 977.76001 132.480011 2 965.452698 132.480011
10384 1 864.000061 40.32 2 856.995178 40.32
9547 1 770.400024 165.600006 2 762.835999 165.600006
8661 1 800.640015 128.160004 2 792.799316 128.160004
9636 1 882.720032 144.0 2 874.305725 144.0
9189 1 848.160034 141.12001 2 840.375122 141.12001
10650 1 528.480042 266.400024 2 495.474457 266.400024
7712 1 544.320007 200.160004 2 530.372437 200.160004
10184 1 492.480011 345.600006 2 437.997528 345.600006
10753 1 547.200012 313.920013 2 501.709595 313.920013
10302 1 354.240021 256.320007 2 327.589478 256.320007
10287 1 420.480011 262.080017 2 391.185577 262.080017
10213 1 440.640015 329.76001 2 391.015564 329.76001
10185 1 401.76001 345.600006 2 347.184021 345.600006
9113 1 437.76001 172.800003 2 428.012329 172.800003
10685 1 201.600006 239.040009 2 177.419754 239.040009
10331 1 264.960022 234.720016 2 242.922775 234.720016
10310 1 120.268814 217.728027 2 92.742607 217.728027
9861 1 69.120003 269.279999 2 33.993473 269.279999
10605 1 108.000008 321.120026 2 62.177841 321.120026
9979 1 858.816101 89.85601 2 850.851746 89.85601
9987 1 876.096069 157.248016 2 868.987793 157.248016
8249 1 311.040039 36.288002 2 293.840607 36.288002
10709 1 252.288025 176.256012 2 233.545013 176.256012
10612 1 547.776062 314.496033 2 502.284424 314.496033
9943 1 1088.640137 191.808014 2 1078.97168 191.808014
10277 1 295.488037 273.024017 2 262.331421 273.024017
10390 1 1152.57605 55.296005 2 1139.362305 55.296005
9975 1 1086.912109 136.512009 2 1074.34375 136.512009
9799 1 97.459213 323.481659 2 47.028683 323.481659
10641 1 105.408012 273.024017 2 67.277428 273.024017
10315 1 93.312012 190.080017 2 66.961433 190.080017
10392 1 1026.432129 188.35202 2 1016.13623 188.35202
10654 1 226.368027 267.840027 2 193.817749 267.840027
10293 1 421.63205 262.656036 2 392.024902 262.656036
10666 1 547.776062 248.832031 2 519.588989 248.832031
10627 1 492.480042 307.584015 2 451.369965 307.584015
8185 1 528.768066 267.840027 2 495.865692 267.840027
10684 1 374.976044 252.288025 2 351.215057 252.288025
10317 1 264.384033 238.46402 2 241.032761 238.46402
5191 1 437.184052 172.800018 2 427.979156 172.800018
6910 1 537.408081 153.792007 2 522.950684 153.792007
8670 1 487.296051 172.800018 2 481.124237 172.800018
10511 1 274.752014 58.752007 2 257.331818 58.752007
9559 1 770.688049 60.480007 2 762.811768 60.480007
10489 1 922.752075 84.672005 2 915.160645 84.672005
9576 1 758.592102 62.208008 2 750.563843 62.208008
9221 1 822.528076 165.888016 2 816.021545 165.888016
6470 1 823.219299 145.152023 2 816.313721 145.152023
9148 1 698.803284 163.814423 2 689.81897 163.814423
10335 1 252.979233 176.256027 2 233.505371 176.256027
10615 1 294.451233 315.187256 2 249.301468 315.187256
10276 1 296.524841 273.71524 2 261.90921 273.71524
10610 1 547.430481 315.187256 2 501.771057 315.187256
10235 1 207.360031 315.187256 2 162.687317 315.187256
9197 1 1094.860962 236.390427 2 1075.762451 236.390427
10291 1 420.940857 263.347229 2 392.406982 263.347229
8517 1 439.603271 331.776062 2 388.845581 331.776062
10396 1 1026.432129 188.697632 2 1016.228333 188.697632
10393 1 1152.921753 55.987209 2 1139.236206 55.987209
9586 1 1003.622559 93.312012 2 991.452209 93.312012
10669 1 547.430481 248.832031 2 519.170654 248.832031
10657 1 524.62085 259.200043 2 494.480591 259.200043
6472 1 545.356873 199.065628 2 531.511414 199.065628
2701 1 352.512054 190.771225 2 336.984589 190.771225
10613 1 541.209656 315.187256 2 495.910858 315.187256
10623 1 491.443268 306.892853 2 450.404602 306.892853
8571 1 495.590485 290.304047 2 458.780212 290.304047
10330 1 265.420837 234.316833 2 243.497574 234.316833
10699 1 279.936035 205.286423 2 261.004822 205.286423
6069 1 537.0625 153.446426 2 522.338989 153.446426
9222 1 487.296082 172.108826 2 480.963074 172.108826
9570 1 539.136047 141.004822 2 524.838684 141.004822
9582 1 984.960144 186.624023 2 975.778259 186.624023
9583 1 947.635315 120.268814 2 936.784912 120.268814
10397 1 931.046509 60.134407 2 924.373291 60.134407
9575 1 740.27533 80.870415 2 732.873718 80.870415
9591 1 858.47052 147.225616 2 850.850708 147.225616
10487 1 302.745636 186.624023 2 286.46225 186.624023
9545 1 282.009644 145.152023 2 263.281311 145.152023
8226 1 597.196899 97.459213 2 580.068542 97.459213
10488 1 599.270508 51.840008 2 581.670593 51.840008
9577 1 651.110474 93.312012 2 634.204956 93.312012
8210 1 137.355286 250.822708 2 108.440819 250.822708
9073 1 119.439377 216.483871 2 92.291641 216.483871
10273 1 1186.928833 296.110107 2 1153.865845 296.110107
10243 1 293.621796 316.016693 2 248.662582 316.016693
10667 1 547.430481 248.832031 2 519.160339 248.832031
8224 1 525.035583 258.785309 2 495.097839 258.785309
6485 1 544.942139 199.065628 2 531.227966 199.065628
10391 1 1037.629639 82.114571 2 1024.574585 82.114571
9600 1 1002.793091 92.067856 2 989.79425 92.067856
10231 1 209.018906 316.016693 2 161.907791 316.016693
9984 1 542.453857 109.486099 2 528.366943 109.486099
6 1 437.944397 171.694107 2 427.253876 171.694107
8156 1 495.673431 289.640503 2 459.601776 289.640503
2382 1 537.477173 176.670746 2 522.694763 176.670746
7361 1 485.222473 169.20578 2 479.044861 169.20578
9581 1 539.965515 141.834259 2 524.630188 141.834259
10399 1 490.199097 139.345947 2 482.51059 139.345947
9156 1 918.190186 169.20578 2 909.683228 169.20578
9592 1 741.51947 82.114571 2 734.514526 82.114571
10401 1 858.47052 64.696327 2 853.264404 64.696327
9564 1 281.180206 144.322586 2 262.819336 144.322586
7787 1 597.196899 99.532814 2 579.69281 99.532814
9646 1 582.266968 72.161293 2 565.271484 72.161293
6563 1 358.318115 57.231369 2 342.943848 57.231369
10403 1 930.631836 59.719688 2 923.19458 59.719688
8232 1 637.01001 151.787537 2 631.355835 151.787537
10236 1 119.439377 320.993317 2 73.096954 320.993317
9149 1 582.266968 116.951057 2 565.228882 116.951057
10660 1 423.014465 263.761963 2 394.206146 263.761963
10607 1 547.430481 316.016693 2 501.54068 316.016693
10084 1 435.953735 170.201126 2 426.701965 170.201126
10007 1 856.9776 65.691658 2 850.734985 65.691658
10617 1 546.435181 316.514374 2 500.364288 316.514374
10628 1 510.603363 301.584442 2 470.527313 301.584442
7290 1 531.505249 274.710571 2 497.374115 274.710571
5639 1 489.701477 140.341278 2 481.890564 140.341278
10494 1 755.454102 62.705677 2 746.416931 62.705677
10405 1 459.841614 92.565521 2 456.090057 92.565521
9615 1 304.570435 59.719692 2 284.188232 59.719692
8754 1 280.682556 143.327255 2 261.896912 143.327255
10008 1 809.201843 71.663628 2 801.228088 71.663628
10703 1 283.668549 214.990891 2 265.116638 214.990891
9157 1 686.776428 59.719692 2 671.708313 59.719692
9648 1 895.795349 152.285217 2 888.513 152.285217
5197 1 358.318146 56.733707 2 342.626221 56.733707
8691 1 782.327942 134.369308 2 772.966248 134.369308
10232 1 209.018921 316.514374 2 161.110031 316.514374
10406 1 489.701477 65.691658 2 478.912964 65.691658
10418 1 1140.646118 200.060959 2 1127.367432 200.060959
9622 1 1065.99646 194.088989 2 1055.326294 194.088989
353 1 537.477234 175.575897 2 522.712402 175.575897
8588 1 530.310852 275.904999 2 496.151123 275.904999
10019 1 383.400421 132.577713 2 378.920074 132.577713
10415 1 340.402252 136.160904 2 335.717285 136.160904
10006 1 863.546753 96.745903 2 856.317993 96.745903
9605 1 784.716797 121.828178 2 777.611084 121.828178
7335 1 598.391357 100.329086 2 579.986511 100.329086
9166 1 598.391357 75.246811 2 580.20105 75.246811
9174 1 1010.457214 186.325439 2 998.653198 186.325439
8692 1 670.054993 154.076813 2 661.647339 154.076813
10337 1 290.237701 229.323624 2 271.77066 229.323624
8735 1 781.133606 132.577713 2 772.289795 132.577713
10020 1 652.139038 100.329086 2 637.664368 100.329086
10464 1 856.380432 146.910446 2 849.657593 146.910446
10065 1 734.552246 114.661812 2 728.046448 114.661812
10407 1 734.552246 89.579544 2 728.401184 89.579544
9178 1 297.404083 186.325439 2 278.778839 186.325439
9873 1 136.160904 250.822708 2 107.775009 250.822708
10295 1 426.398621 265.155426 2 398.897522 265.155426
9613 1 1003.290833 89.579544 2 991.49353 89.579544
10412 1 1139.451782 197.074982 2 1127.646729 197.074982
10288 1 419.0 261.0 2 390.116547 261.0
9934 1 800.400024 164.400009 2 792.943665 164.400009
10750 1 698.0 164.0 2 689.472595 164.0
10789 1 450.0 116.0 2 446.198334 116.0
10028 1 740.400024 171.600006 2 732.290222 171.600006
10765 1 874.080017 155.520004 2 866.903748 155.520004
9536 1 831.600037 124.800003 2 823.940491 124.800003
10436 1 852.000061 120.000008 2 845.265991 120.000008
10435 1 640.800049 30.000002 2 622.670898 30.000002
10811 1 843.600037 169.200012 2 836.112122 169.200012
9631 1 945.600037 118.800003 2 934.193237 118.800003
9115 1 814.800049 169.200012 2 807.752136 169.200012
10715 1 705.0 65.0 2 691.893677 65.0
8197 1 603.600037 200.400009 2 588.005981 200.400009
10760 1 537.600037 154.800003 2 523.144714 154.800003
9550 1 751.680054 115.200005 2 744.348572 115.200005
10071 1 984.960083 186.624023 2 975.717896 186.624023
10389 1 1156.032104 98.49601 2 1139.717407 98.49601
9541 1 912.960022 154.080002 2 905.474304 154.080002
8207 1 603.360046 200.160004 2 587.720093 200.160004
8662 1 541.440002 69.120003 2 526.908447 69.120003
10797 1 447.840027 126.720001 2 444.235657 126.720001
9853 1 69.12001 267.840027 2 35.287857 267.840027
9125 1 1002.240051 93.600006 2 991.153503 93.600006
10730 1 931.39209 58.752007 2 924.395935 58.752007
10731 1 884.736084 50.112003 2 877.097168 50.112003
8719 1 801.792053 127.872009 2 792.956238 127.872009
9016 1 630.720032 286.559998 2 594.380127 286.559998
10801 1 427.161652 209.433624 2 414.393616 209.433624
8225 1 1192.32019 242.611237 2 1171.238159 242.611237
8564 1 630.720032 286.848022 2 593.833374 286.848022
8673 1 483.840057 214.272018 2 469.470978 214.272018
8616 1 523.584045 259.200012 2 493.716736 259.200012
7285 1 252.288025 165.888016 2 233.464401 165.888016
10776 1 288.230438 151.372818 2 270.145721 151.372818
9566 1 566.092896 87.091209 2 550.2146 87.091209
8567 1 630.374512 286.15683 2 591.734802 286.15683
10318 1 377.395264 259.200043 2 348.529724 259.200043
6465 1 532.500549 273.71524 2 497.786377 273.71524
5608 1 252.979233 165.888031 2 233.413437 165.888031
8290 1 823.634033 146.810898 2 815.869141 146.810898
10409 1 953.126282 171.992722 2 943.028931 171.992722
5620 1 251.320358 164.229141 2 232.47876 164.229141
8716 1 597.196899 231.413788 2 572.769409 231.413788
7336 1 437.148163 171.992722 2 426.710785 171.992722
9604 1 824.131775 114.661812 2 817.695618 114.661812
9164 1 967.459045 118.244995 2 955.142822 118.244995
5645 1 573.309082 154.076813 2 565.022644 154.076813
7758 1 597.196899 232.906799 2 573.423157 232.906799
