71
-0.699625373 0.089209519 49.879302979 0.0010222288352282677 0.07722496971889546 -0.03279716544705731 0.9964735847170071
10662 1 498.0 287.0 2 462.025574 287.0
9236 1 525.0 155.0 2 510.235168 155.0
9934 1 853.200012 40.800003 2 846.625305 40.800003
9950 1 788.0 166.0 2 781.123291 166.0
9952 1 659.0 100.0 2 643.248169 100.0
10459 1 795.0 28.0 2 787.043396 28.0
8774 1 687.0 184.0 2 677.470398 184.0
8666 1 686.0 164.0 2 677.460022 164.0
9544 1 664.0 161.0 2 656.11853 161.0
9540 1 742.0 120.0 2 734.260803 120.0
9969 1 275.0 33.0 2 256.719177 33.0
9645 1 807.0 118.0 2 798.726318 118.0
10364 1 759.0 61.0 2 751.383362 61.0
10809 1 438.0 116.0 2 434.17691 116.0
10045 1 832.0 169.0 2 824.668335 169.0
8669 1 812.0 167.0 2 804.817261 167.0
9953 1 655.0 49.0 2 637.796326 49.0
9947 1 837.0 141.0 2 830.761719 141.0
9541 1 717.0 115.0 2 708.53009 115.0
10048 1 730.0 172.0 2 721.970215 172.0
10372 1 567.0 33.0 2 548.938538 33.0
9958 1 1132.0 198.0 2 1118.626099 198.0
10285 1 380.160004 293.76001 2 340.958527 293.76001
10617 1 422.400024 336.0 2 370.651062 336.0
8766 1 855.600037 170.400009 2 848.51239 170.400009
10460 1 675.600037 34.800003 2 660.545044 34.800003
8667 1 802.800049 139.200012 2 794.854858 139.200012
8300 1 686.400024 164.400009 2 678.089722 164.400009
9139 1 602.400024 40.800003 2 584.496643 40.800003
9542 1 600.0 26.400002 2 582.326172 26.400002
9949 1 292.800018 32.400002 2 275.30481 32.400002
9651 1 680.400024 110.400002 2 666.753052 110.400002
9205 1 836.400024 141.600006 2 828.896301 141.600006
9558 1 820.800049 126.000008 2 812.557495 126.000008
10496 1 613.200012 61.200001 2 597.184753 61.200001
10061 1 729.600037 79.200005 2 721.99353 79.200005
9976 1 271.200012 151.200012 2 252.654388 151.200012
10736 1 628.800049 51.600002 2 610.677429 51.600002
10461 1 628.800049 28.800001 2 610.775696 28.800001
10384 1 636.0 135.600006 2 627.946106 135.600006
10832 1 831.600037 169.200012 2 824.244568 169.200012
9946 1 819.600037 163.200012 2 812.158997 163.200012
9649 1 568.800049 32.400002 2 550.795349 32.400002
9556 1 758.400024 61.200001 2 751.67749 61.200001
9140 1 1131.600098 199.200012 2 1117.848145 199.200012
10063 1 1066.800049 198.000015 2 1056.668579 198.000015
9653 1 933.600037 118.800003 2 922.419495 118.800003
9131 1 804.000061 169.200012 2 796.421936 169.200012
10814 1 901.200012 154.800003 2 893.87561 154.800003
10738 1 693.600037 64.800003 2 680.296448 64.800003
8211 1 590.400024 200.400009 2 575.466797 200.400009
10775 1 534.0 319.200012 2 487.637054 319.200012
10317 1 334.800018 259.200012 2 309.382629 259.200012
8681 1 350.400024 190.800003 2 335.078369 190.800003
10701 1 456.000031 244.800003 2 430.231293 244.800003
10299 1 413.280029 270.720001 2 381.11908 270.720001
10449 1 528.0 36.0 2 510.505524 36.0
10783 1 524.400024 154.800003 2 510.263519 154.800003
10713 1 217.200012 213.600006 2 195.888626 213.600006
9916 1 64.800003 189.600006 2 37.358444 189.600006
7820 1 260.92804 219.456024 2 241.548065 219.456024
10403 1 908.640015 86.400002 2 901.346008 86.400002
9537 1 728.640015 79.200005 2 721.551758 79.200005
10383 1 318.240021 34.560001 2 301.544098 34.560001
10730 1 635.040039 63.360001 2 617.47168 63.360001
9560 1 551.52002 86.400002 2 536.25708 86.400002
9572 1 740.160034 115.200005 2 732.706665 115.200005
9133 1 345.600006 47.52 2 331.57901 47.52
9241 1 810.720032 167.040009 2 803.815857 167.040009
6479 1 810.720032 146.880005 2 803.860596 146.880005
7384 1 630.720032 156.960007 2 622.564819 156.960007
7715 1 709.920044 185.76001 2 701.358582 185.76001
9582 1 758.880005 167.040009 2 751.267822 167.040009
7727 1 738.720032 154.080002 2 730.653992 154.080002
10093 1 969.120056 188.640015 2 959.628357 188.640015
10412 1 1140.480103 100.800003 2 1124.892334 100.800003
10408 1 1072.800049 138.240005 2 1062.457886 138.240005
10057 1 783.360046 72.0 2 775.672791 72.0
10406 1 852.480042 40.32 2 846.105042 40.32
8678 1 789.120056 128.160004 2 781.203003 128.160004
9563 1 900.000061 155.520004 2 892.895203 155.520004
9677 1 686.880005 164.160004 2 677.86554 164.160004
7720 1 531.360046 200.160004 2 517.364746 200.160004
8221 1 590.400024 200.160004 2 575.158142 200.160004
10674 1 514.080017 269.279999 2 480.0755 269.279999
9034 1 498.240021 286.559998 2 462.088196 286.559998
10341 1 365.76001 250.560013 2 341.865356 250.560013
9566 1 336.960022 192.960007 2 320.972504 192.960007
10789 1 457.920013 203.040009 2 447.086395 203.040009
10254 1 329.76001 318.240021 2 280.965515 318.240021
10231 1 420.480011 336.960022 2 367.261902 336.960022
10069 1 568.800049 118.080002 2 551.350952 118.080002
9129 1 423.360016 172.800003 2 413.952209 172.800003
10817 1 434.880005 126.720001 2 431.079132 126.720001
9909 1 80.639999 211.680008 2 53.448658 211.680008
10315 1 105.120003 253.440002 2 76.425957 253.440002
10675 1 155.520004 273.600006 2 122.223083 273.600006
10660 1 116.640007 285.120026 2 78.403442 285.120026
9554 1 263.347229 143.078415 2 243.936432 143.078415
9147 1 686.016052 183.168015 2 676.254395 183.168015
10062 1 661.824036 158.976013 2 653.521423 158.976013
10473 1 630.720032 155.52002 2 621.768311 155.52002
10359 1 260.92804 205.632019 2 241.742828 205.632019
9960 1 1073.088135 191.808014 2 1063.344482 191.808014
10404 1 1012.608093 190.080017 2 1002.334167 190.080017
10413 1 1138.752075 57.024006 2 1125.707153 57.024006
9995 1 1073.088135 138.240021 2 1063.608887 138.240021
9141 1 990.144104 93.312012 2 978.569397 93.312012
10753 1 919.296082 60.480007 2 912.106689 60.480007
10068 1 660.096069 195.264023 2 648.783264 195.264023
10754 1 872.640076 50.112003 2 865.269104 50.112003
6487 1 812.160095 146.88002 2 804.603638 146.88002
10071 1 900.288086 155.52002 2 893.649475 155.52002
9599 1 746.496094 62.208008 2 738.875977 62.208008
10689 1 533.952026 250.560028 2 506.077911 250.560028
6489 1 532.22406 200.448013 2 518.041321 200.448013
10635 1 532.22406 319.680023 2 485.931793 319.680023
10649 1 475.200043 311.040039 2 432.621399 311.040039
8200 1 514.252869 271.641632 2 480.326141 271.641632
9027 1 616.896057 290.304016 2 579.60614 290.304016
10308 1 402.624023 264.384033 2 373.572174 264.384033
10820 1 411.264038 209.088013 2 399.559235 209.088013
10234 1 419.904053 336.960022 2 367.446777 336.960022
9590 1 552.960083 86.400009 2 537.562439 86.400009
10511 1 589.248047 50.112003 2 570.596985 50.112003
6924 1 523.584045 153.792007 2 509.259552 153.792007
8687 1 475.200043 172.800018 2 468.552704 172.800018
7810 1 561.600037 153.792007 2 553.663025 153.792007
5211 1 423.360046 172.800018 2 414.079407 172.800018
10708 1 177.984024 240.192017 2 153.799088 240.192017
10676 1 202.176025 269.568024 2 168.625931 269.568024
8265 1 293.76004 32.832005 2 276.130615 32.832005
10535 1 255.744019 55.296005 2 237.799942 55.296005
10638 1 269.568024 319.334442 2 222.184006 319.334442
8580 1 615.859314 290.304047 2 578.322998 290.304047
8690 1 468.633667 213.580826 2 454.834961 213.580826
10314 1 400.896027 267.840027 2 370.566254 267.840027
10415 1 1013.99054 188.697632 2 1002.207825 188.697632
7382 1 644.889709 190.771225 2 635.892578 190.771225
10414 1 1026.432129 82.944016 2 1015.465759 82.944016
9660 1 991.180969 93.312012 2 978.027283 93.312012
10679 1 510.105682 261.273651 2 479.704651 261.273651
9166 1 570.240051 118.195213 2 553.017212 118.195213
6078 1 350.438446 188.697632 2 334.561646 188.697632
6084 1 524.62085 153.446426 2 509.476624 153.446426
9998 1 476.92807 66.355209 2 466.016663 66.355209
10633 1 530.841675 319.334442 2 485.446106 319.334442
10645 1 474.854462 311.040039 2 432.37146 311.040039
8208 1 232.243225 165.888031 2 212.739899 165.888031
10424 1 918.604919 60.134407 2 911.71051 60.134407
10799 1 271.641632 151.372818 2 252.446655 151.372818
9615 1 848.102539 147.225616 2 841.085938 147.225616
9614 1 678.067322 58.060806 2 662.845459 58.060806
10076 1 630.374512 41.472008 2 612.126404 41.472008
9598 1 729.907288 80.870415 2 722.472961 80.870415
8240 1 584.75531 97.459213 2 567.515747 97.459213
8697 1 659.404907 184.55043 2 650.536072 184.55043
10330 1 91.238411 217.728027 2 64.642418 217.728027
10312 1 405.596222 266.250275 2 376.261902 266.250275
10802 1 1050.071167 194.088989 2 1037.898193 194.088989
10421 1 1012.746399 189.11235 2 1001.286804 189.11235
10351 1 242.611237 234.316833 2 220.451385 234.316833
9622 1 990.351501 92.067856 2 976.94812 92.067856
7809 1 641.986633 194.088989 2 631.781494 194.088989
10070 1 990.351501 149.299225 2 977.305725 149.299225
10804 1 617.103455 121.927696 2 607.175842 121.927696
10427 1 477.757507 67.184647 2 464.85083 67.184647
10338 1 358.318115 256.296997 2 332.813751 256.296997
2702 1 335.923248 191.600662 2 319.964417 191.600662
2384 1 525.035583 176.670746 2 510.140503 176.670746
10115 1 527.523926 141.834259 2 511.871094 141.834259
8631 1 510.105682 261.273651 2 479.77475 261.273651
7334 1 532.500549 199.065628 2 518.389771 199.065628
10636 1 530.012207 320.993317 2 483.082397 320.993317
8587 1 480.245819 293.621796 2 441.989166 293.621796
7370 1 472.780853 169.20578 2 466.261658 169.20578
7 1 423.014465 171.694107 2 413.082825 171.694107
10430 1 918.190186 59.719688 2 910.717407 59.719688
10510 1 283.668518 186.624023 2 266.895111 186.624023
9587 1 261.273651 141.834259 2 242.908447 141.834259
10761 1 253.80867 47.278088 2 236.028275 47.278088
5622 1 231.413788 164.229141 2 212.294678 164.229141
6074 1 335.923248 174.182419 2 320.128448 174.182419
7798 1 584.75531 97.044495 2 566.966553 97.044495
9600 1 639.498352 94.556175 2 623.585999 94.556175
9173 1 905.748596 169.20578 2 897.291077 169.20578
8307 1 811.192444 146.810898 2 804.079041 146.810898
6575 1 343.388214 54.74305 2 328.016998 54.74305
8224 1 107.495445 254.405899 2 78.313942 254.405899
10263 1 268.738586 318.505005 2 222.245804 318.505005
5653 1 474.771545 140.341278 2 467.492889 140.341278
8172 1 483.729523 293.820892 2 444.886627 293.820892
10690 1 531.505249 244.850739 2 504.270569 244.850739
10436 1 940.585144 173.187103 2 931.163635 173.187103
10028 1 800.243835 71.663628 2 791.976196 71.663628
10428 1 845.03363 65.691658 2 838.791321 65.691658
8768 1 262.766632 143.327255 2 243.47789 143.327255
10484 1 370.262085 137.355286 2 366.585052 137.355286
9184 1 582.266968 71.663628 2 564.221252 71.663628
10432 1 444.911713 92.565521 2 442.2005 92.565521
9666 1 880.865417 152.285217 2 873.863281 152.285217
10489 1 845.03363 149.299225 2 837.482117 149.299225
10517 1 743.510132 62.705677 2 734.665588 62.705677
9638 1 286.65451 56.733707 2 267.830322 56.733707
9174 1 677.818481 59.719692 2 661.647705 59.719692
8247 1 627.056763 152.285217 2 618.85376 152.285217
5635 1 232.906799 161.243164 2 212.177765 161.243164
9567 1 259.78067 149.299225 2 242.011963 149.299225
5216 1 337.41626 56.733707 2 323.011902 56.733707
10437 1 615.112793 119.439384 2 607.96344 119.439384
8699 1 585.252991 232.906799 2 560.44519 232.906799
10444 1 1128.702148 200.060959 2 1115.293213 200.060959
1551 1 523.144531 175.575897 2 508.827484 175.575897
5239 1 472.97998 168.409531 2 465.909668 168.409531
7343 1 422.81543 171.992722 2 412.788574 171.992722
9627 1 806.215881 118.244995 2 798.121582 118.244995
9628 1 773.967224 121.828178 2 766.781799 121.828178
6993 1 533.894043 197.074982 2 520.28717 197.074982
10027 1 842.047668 68.080452 2 836.065796 68.080452
8603 1 515.978149 279.488159 2 480.215271 279.488159
9189 1 920.877686 125.411354 2 911.355835 125.411354
7342 1 587.641785 100.329086 2 569.779541 100.329086
9182 1 953.126282 118.244995 2 941.360596 118.244995
10084 1 723.802673 114.661812 2 716.821533 114.661812
7769 1 584.058594 232.906799 2 559.592957 232.906799
9635 1 992.541321 93.16272 2 977.898132 93.16272
11087 1 272.0 152.0 2 253.671143 152.0
10982 1 491.0 300.0 2 449.657928 300.0
9961 1 934.0 119.0 2 922.610413 119.0
9943 1 851.0 104.0 2 843.677002 104.0
11089 1 531.0 49.0 2 512.796875 49.0
10888 1 966.000061 349.200012 2 908.969177 349.200012
10909 1 1066.800049 343.200012 2 1012.833679 343.200012
11057 1 1211.0 159.0 2 1189.116943 159.0
11053 1 1215.600098 128.400009 2 1193.333984 128.400009
10979 1 693.0 313.0 2 650.169067 313.0
10954 1 656.0 320.0 2 609.756958 320.0
10932 1 727.0 326.0 2 678.897156 326.0
10950 1 567.0 322.0 2 520.574585 322.0
10993 1 618.0 290.0 2 580.762573 290.0
10914 1 369.600006 346.800018 2 317.163208 346.800018
10971 1 460.0 318.0 2 415.378815 318.0
11001 1 415.0 271.0 2 380.781036 271.0
11074 1 261.0 219.0 2 241.984756 219.0
11033 1 65.0 190.0 2 37.649376 190.0
11070 1 265.0 143.0 2 245.632401 143.0
8291 1 819.600037 163.200012 2 812.158997 163.200012
9539 1 650.400024 37.200001 2 632.753662 37.200001
11081 1 269.279999 200.160004 2 250.698685 200.160004
11082 1 267.0 44.0 2 248.444153 44.0
11068 1 232.800003 176.400009 2 213.378174 176.400009
11066 1 1221.0 37.0 2 1201.26416 37.0
8985 1 725.76001 325.440002 2 677.684509 325.440002
11032 1 533.0 251.0 2 505.644989 251.0
11036 1 572.400024 242.400009 2 544.600525 242.400009
10999 1 538.0 275.0 2 502.636658 275.0
10964 1 566.400024 320.400024 2 520.613403 320.400024
10989 1 617.76001 289.440002 2 579.265503 289.440002
10631 1 460.800018 319.680023 2 413.083893 319.680023
10052 1 520.800049 141.600006 2 506.293671 141.600006
11034 1 335.0 259.0 2 307.691986 259.0
10966 1 303.0 315.0 2 257.327271 315.0
10996 1 64.800003 266.400024 2 28.409176 266.400024
9559 1 652.320007 73.440002 2 635.981201 73.440002
10526 1 633.600037 83.520004 2 617.0896 83.520004
8727 1 747.360046 141.12001 2 739.648132 141.12001
8672 1 528.0 36.0 2 510.505524 36.0
10058 1 570.240051 87.840004 2 552.565796 87.840004
9570 1 728.640015 182.880005 2 720.294434 182.880005
9652 1 634.800049 157.200012 2 626.531921 157.200012
10720 1 1196.400024 102.000008 2 1177.743042 102.000008
11071 1 1218.0 37.200001 2 1198.717285 37.200001
11060 1 1210.800049 159.600006 2 1189.377075 159.600006
11043 1 694.800049 234.000015 2 669.797363 234.000015
10975 1 692.400024 312.0 2 649.199219 312.0
10992 1 662.400024 292.320007 2 625.089417 292.320007
11129 1 919.296082 60.480007 2 912.106689 60.480007
9584 1 649.440002 37.440002 2 632.526123 37.440002
11031 1 532.800049 250.800003 2 505.302551 250.800003
11021 1 506.400024 261.600006 2 476.427521 261.600006
10998 1 536.400024 274.800018 2 500.763855 274.800018
10934 1 604.800049 326.880005 2 557.349365 326.880005
10943 1 565.920044 321.120026 2 519.243835 321.120026
10980 1 473.76001 311.040009 2 431.446259 311.040009
10352 1 243.648026 235.008026 2 222.011551 235.008026
11065 1 292.320007 228.960007 2 272.484833 228.960007
10981 1 244.800003 302.400024 2 203.067886 302.400024
11049 1 184.320007 224.640015 2 160.595383 224.640015
11000 1 156.0 274.800018 2 121.5214 274.800018
11073 1 264.0 142.800003 2 244.891907 142.800003
8294 1 819.072083 162.432022 2 812.40155 162.432022
9611 1 783.820923 70.502411 2 776.255249 70.502411
10927 1 606.528076 328.320038 2 557.530762 328.320038
11093 1 1195.200073 102.240005 2 1177.140137 102.240005
10859 1 663.552063 292.032013 2 576.994324 292.032013
10921 1 404.352051 333.84964 2 354.268341 333.84964
11042 1 694.080017 230.400009 2 668.450378 230.400009
10698 1 441.676849 248.832031 2 416.329041 248.832031
10939 1 915.840088 216.000015 2 868.749878 216.000015
8674 1 109.900818 250.90564 2 81.60009 250.90564
9087 1 91.238411 217.728027 2 64.642418 217.728027
11044 1 583.200012 233.280014 2 558.216614 233.280014
9579 1 571.968079 200.448013 2 556.680481 200.448013
11029 1 532.800049 250.560013 2 504.926178 250.560013
11037 1 392.256042 250.560028 2 365.220001 250.560028
11059 1 1211.040039 159.840012 2 1189.506714 159.840012
11061 1 1212.480103 131.040009 2 1191.256958 131.040009
11077 1 260.640015 205.920013 2 241.851944 205.920013
10835 1 527.040039 141.12001 2 512.312561 141.12001
11063 1 290.304016 229.82402 2 269.751312 229.82402
10106 1 480.960022 141.12001 2 468.753632 141.12001
10748 1 630.720032 39.744003 2 612.706726 39.744003
10627 1 84.672005 326.592041 2 36.172802 326.592041
10941 1 269.568024 319.680023 2 222.593948 319.680023
10991 1 666.869873 291.133484 2 629.2229 291.133484
9154 1 470.016052 214.272018 2 455.877533 214.272018
11046 1 584.064026 233.280029 2 559.187866 233.280029
11039 1 402.278442 248.832031 2 375.558105 248.832031
10951 1 914.457703 215.654434 2 868.091858 215.654434
9592 1 617.103455 121.927696 2 607.175842 121.927696
9594 1 506.304047 81.216011 2 494.55246 81.216011
10420 1 945.561707 157.593628 2 936.101746 157.593628
10800 1 236.390427 141.004822 2 218.026459 141.004822
10067 1 319.334442 49.766407 2 302.875244 49.766407
7330 1 709.171326 186.624023 2 701.068909 186.624023
10836 1 765.158508 136.85762 2 757.341064 136.85762
7822 1 527.523926 141.834259 2 511.871094 141.834259
10959 1 213.580826 308.966431 2 167.513275 308.966431
11018 1 203.046951 268.738617 2 172.494949 268.738617
11052 1 692.58252 232.243225 2 669.7052 232.243225
10248 1 458.265656 321.408051 2 409.933289 321.408051
6482 1 516.575317 277.696564 2 481.577637 277.696564
10017 1 507.61734 82.114571 2 494.901489 82.114571
10515 1 544.942139 57.231369 2 528.178406 57.231369
10965 1 913.213562 216.483871 2 867.43634 216.483871
10531 1 619.591797 154.275864 2 612.264282 154.275864
11072 1 288.645172 228.925476 2 269.367371 228.925476
11148 1 256.296997 54.74305 2 237.856995 54.74305
10958 1 649.451599 318.505005 2 603.375244 318.505005
11008 1 552.407104 263.761963 2 520.228577 263.761963
11050 1 692.748413 232.906799 2 669.155334 232.906799
3117 1 530.012207 109.486099 2 515.125916 109.486099
8 1 334.430267 176.173096 2 318.955048 176.173096
10353 1 243.855392 233.902115 2 221.695297 233.902115
10435 1 725.594238 95.551506 2 718.310303 95.551506
9631 1 730.969055 82.413177 2 724.134888 82.413177
11048 1 209.018906 156.764175 2 185.274734 156.764175
10918 1 212.004898 310.542389 2 160.682114 310.542389
11016 1 552.407166 262.766632 2 521.372009 262.766632
8238 1 512.394958 261.572266 2 481.204071 261.572266
10487 1 469.39679 103.91227 2 463.563507 103.91227
10807 1 508.811798 197.074982 2 493.656464 197.074982
7801 1 698.720398 186.325439 2 689.758606 186.325439
9240 1 719.622253 182.145065 2 711.103821 182.145065
8706 1 766.800842 132.577713 2 760.409851 132.577713
6530 1 627.056763 150.493622 2 619.557861 150.493622
10768 1 555.393127 85.996361 2 539.02063 85.996361
10653 1 486.715485 301.584442 2 445.712738 301.584442
11027 1 412.065887 268.738617 2 383.82016 268.738617
10994 1 665.874573 292.626495 2 628.645386 292.626495
8255 1 670.054993 186.325439 2 661.180481 186.325439
