718
455.662322998 -39.860279083 192.076904297 0.04345208803545859 0.5795570916118656 -0.023339558462705603 0.8134376181481408
104552 1 241.0 76.0 2 230.066269 76.0
106605 1 150.0 106.0 2 141.769333 106.0
106639 1 638.0 211.0 2 626.656616 211.0
106117 1 181.0 23.0 2 168.214417 23.0
107146 1 373.0 73.0 2 354.813324 73.0
106646 1 612.0 199.0 2 600.838013 199.0
106099 1 349.0 19.0 2 330.832367 19.0
107144 1 368.400024 43.200001 2 350.087341 43.200001
106734 1 604.0 34.0 2 591.74469 34.0
107139 1 413.0 54.0 2 394.526184 54.0
106864 1 1209.0 225.0 2 1146.357178 225.0
106957 1 988.0 296.0 2 941.169312 296.0
107026 1 993.0 175.0 2 960.620911 175.0
107048 1 1006.0 133.0 2 973.812988 133.0
107088 1 904.0 195.0 2 877.131653 195.0
107106 1 736.0 248.0 2 710.949646 248.0
106974 1 736.0 301.0 2 693.059143 301.0
107044 1 498.000031 274.800018 2 465.474457 274.800018
107073 1 355.0 265.0 2 326.667236 265.0
105573 1 613.0 110.0 2 601.930786 110.0
106980 1 210.0 294.0 2 170.79863 294.0
106610 1 244.0 181.0 2 228.587662 181.0
106104 1 357.600006 142.800003 2 340.20929 142.800003
104152 1 158.400009 220.800003 2 144.459396 220.800003
106244 1 160.800003 195.600006 2 146.650986 195.600006
105148 1 790.800049 103.200005 2 779.763855 103.200005
107141 1 446.400024 27.6 2 427.975739 27.6
106366 1 139.200012 130.800003 2 131.552414 130.800003
106749 1 378.0 90.0 2 359.977783 90.0
107120 1 381.600006 72.0 2 362.609619 72.0
107135 1 367.200012 79.200005 2 348.579803 79.200005
103241 1 267.600006 120.000008 2 256.467346 120.000008
105584 1 248.400009 109.200005 2 236.426636 109.200005
106830 1 675.600037 84.0 2 664.29126 84.0
105715 1 614.400024 195.600006 2 603.771912 195.600006
105590 1 375.600006 27.6 2 357.213776 27.6
106649 1 802.800049 24.0 2 791.963501 24.0
106248 1 692.400024 55.200001 2 680.666382 55.200001
106091 1 412.800018 52.800003 2 393.900269 52.800003
107131 1 400.800018 38.400002 2 381.806732 38.400002
106865 1 1201.200073 231.600006 2 1138.353027 231.600006
106431 1 1141.920044 342.720001 2 1075.640625 342.720001
106895 1 1071.359985 324.0 2 1012.584595 324.0
106989 1 939.600037 262.800018 2 901.244995 262.800018
107023 1 954.000061 201.600006 2 920.24292 201.600006
106952 1 1041.600098 204.000015 2 995.622986 204.000015
106940 1 1124.400024 146.400009 2 1074.144165 146.400009
106921 1 1144.800049 128.400009 2 1094.097534 128.400009
106929 1 1167.600098 180.0 2 1115.170776 180.0
107034 1 949.200012 172.800003 2 915.76123 172.800003
107000 1 986.400024 104.400002 2 951.609436 104.400002
106557 1 1006.800049 133.200012 2 973.196167 133.200012
106564 1 838.800049 256.800018 2 806.213135 256.800018
106878 1 812.160034 345.600006 2 750.809937 345.600006
106977 1 787.200012 289.200012 2 743.178833 289.200012
106592 1 736.800049 247.200012 2 711.960876 247.200012
107100 1 732.0 247.200012 2 705.603882 247.200012
106551 1 668.400024 272.400024 2 636.603882 272.400024
106654 1 853.200012 176.400009 2 842.410339 176.400009
106574 1 587.52002 267.839996 2 557.176331 267.839996
104667 1 440.400024 213.600006 2 422.989227 213.600006
106934 1 379.200012 334.800018 2 325.301575 334.800018
106052 1 390.000031 276.0 2 358.967529 276.0
107025 1 464.400024 274.800018 2 431.539642 274.800018
106105 1 439.200012 111.600006 2 419.867737 111.600006
106662 1 229.200012 268.800018 2 200.68132 268.800018
106663 1 264.0 225.600006 2 246.762283 225.600006
106982 1 208.800003 294.0 2 169.434387 294.0
106107 1 74.400002 122.400002 2 62.699276 122.400002
104724 1 607.680054 76.32 2 595.610474 76.32
105611 1 600.480042 74.880005 2 588.407043 74.880005
105146 1 732.960022 95.040001 2 721.196167 95.040001
106257 1 789.120056 102.240005 2 778.179688 102.240005
105606 1 63.360001 154.080002 2 52.201599 154.080002
105037 1 770.400024 28.800001 2 759.403076 28.800001
105244 1 390.528046 36.288002 2 371.459839 36.288002
103264 1 709.920044 84.960007 2 698.40033 84.960007
106359 1 223.200012 119.520004 2 211.206696 119.520004
105710 1 707.040039 60.480003 2 695.124634 60.480003
103170 1 692.640015 34.560001 2 680.474365 34.560001
104014 1 411.840027 53.280003 2 393.769348 53.280003
105156 1 421.920013 41.760002 2 403.064972 41.760002
107142 1 400.320007 40.32 2 381.090332 40.32
105724 1 750.240051 31.68 2 738.928589 31.68
106863 1 1200.960083 231.840012 2 1137.24707 231.840012
106988 1 938.880066 263.52002 2 900.033142 263.52002
107001 1 953.280029 201.600006 2 919.656189 201.600006
106498 1 1041.119995 204.480011 2 994.663757 204.480011
106902 1 1056.960083 319.680023 2 1000.281982 319.680023
106487 1 1016.640015 296.640015 2 965.063477 296.640015
106485 1 1123.200073 146.880005 2 1074.33606 146.880005
105985 1 1141.920044 128.160004 2 1092.816895 128.160004
106918 1 1205.280029 177.12001 2 1150.233154 177.12001
106891 1 1212.480103 131.040009 2 1152.521973 131.040009
106554 1 983.52002 182.880005 2 949.32959 182.880005
107040 1 948.960022 172.800003 2 915.873779 172.800003
107008 1 1036.800049 148.320007 2 1001.384338 148.320007
106673 1 823.680054 190.080002 2 813.249146 190.080002
106449 1 872.640015 345.600006 2 807.560303 345.600006
107068 1 636.480042 267.839996 2 607.380859 267.839996
106589 1 735.840027 247.680008 2 710.755188 247.680008
103686 1 711.360046 204.480011 2 698.885193 204.480011
107047 1 668.160034 272.160004 2 636.115784 272.160004
104005 1 780.480042 119.520004 2 768.898132 119.520004
102999 1 648.0 139.680008 2 637.109741 139.680008
105595 1 480.960022 195.840012 2 464.181396 195.840012
106630 1 571.679993 217.440002 2 556.54364 217.440002
107037 1 597.600037 273.600006 2 567.079102 273.600006
105554 1 354.240021 264.960022 2 323.907166 264.960022
106946 1 384.480011 328.320007 2 336.594269 328.320007
107052 1 377.280029 279.360016 2 344.421295 279.360016
107045 1 463.680023 275.040009 2 431.23703 275.040009
104570 1 509.76001 99.360001 2 494.003571 99.360001
106126 1 365.76001 79.200005 2 347.599731 79.200005
103058 1 446.400024 27.360001 2 427.814301 27.360001
104550 1 357.120026 142.560013 2 339.818207 142.560013
106788 1 440.640015 151.200012 2 425.437439 151.200012
105283 1 228.960007 188.640015 2 214.174637 188.640015
106633 1 263.52002 226.080002 2 246.055267 226.080002
107082 1 228.960007 269.279999 2 198.732559 269.279999
106979 1 308.160004 300.960022 2 266.95755 300.960022
106632 1 309.600006 180.0 2 295.634399 180.0
103019 1 247.680008 109.440002 2 235.785492 109.440002
102566 1 171.360001 112.320007 2 160.231949 112.320007
106757 1 768.960083 105.408012 2 758.61731 105.408012
103548 1 162.432022 44.928005 2 150.002792 44.928005
104567 1 732.672058 95.040009 2 721.153381 95.040009
105641 1 781.056091 48.384003 2 768.764893 48.384003
107147 1 399.16803 39.744003 2 380.51416 39.744003
104167 1 138.240021 41.472004 2 125.345215 41.472004
100565 1 601.344055 32.832005 2 590.028137 32.832005
103560 1 706.752075 60.480007 2 695.386841 60.480007
102213 1 247.104019 108.864014 2 235.228897 108.864014
106754 1 347.328033 65.664009 2 328.345093 65.664009
105713 1 340.416046 65.664009 2 322.016449 65.664009
106298 1 692.92804 55.296005 2 680.729919 55.296005
103529 1 362.880035 36.288002 2 344.855927 36.288002
102570 1 117.504013 88.128006 2 105.974518 88.128006
104071 1 756.864075 57.024006 2 745.851379 57.024006
101749 1 743.0401 65.664009 2 731.145386 65.664009
106915 1 1154.304077 217.728027 2 1097.778687 217.728027
106987 1 938.304077 262.656036 2 899.935303 262.656036
107004 1 953.856079 202.176025 2 920.261353 202.176025
106508 1 981.504089 283.392029 2 936.359802 283.392029
106900 1 1059.26416 305.856018 2 1002.722107 305.856018
106475 1 1017.792114 297.216034 2 966.993835 297.216034
106967 1 1090.368164 93.312012 2 1044.747559 93.312012
105500 1 1095.552124 60.480007 2 1050.262695 60.480007
106944 1 1118.016113 120.960014 2 1069.713501 120.960014
106920 1 1206.144165 176.256012 2 1151.197144 176.256012
105982 1 1143.936157 127.872009 2 1093.617432 127.872009
107035 1 1010.880066 129.600006 2 976.611084 129.600006
106994 1 915.840088 252.288025 2 881.650391 252.288025
106017 1 787.968079 290.304016 2 743.330078 290.304016
107071 1 637.63208 267.840027 2 608.098816 267.840027
106787 1 841.536072 119.23201 2 831.370483 119.23201
102561 1 670.46405 74.304008 2 658.904114 74.304008
103507 1 623.808044 82.944008 2 610.974487 82.944008
101674 1 758.592102 181.440018 2 748.23999 181.440018
107085 1 532.22406 254.016022 2 504.901794 254.016022
103006 1 482.112061 195.264023 2 465.022217 195.264023
106744 1 571.968079 217.728027 2 557.245911 217.728027
105548 1 495.936035 274.752014 2 464.309662 274.752014
106960 1 575.424072 324.864044 2 528.810364 324.864044
107038 1 599.616028 273.024017 2 569.559387 273.024017
107108 1 387.072021 262.656036 2 359.23587 262.656036
105284 1 331.776031 210.816025 2 314.331787 210.816025
107087 1 437.184052 262.656036 2 408.975586 262.656036
106658 1 376.704041 279.936035 2 343.936523 279.936035
107028 1 464.832031 274.752014 2 432.214813 274.752014
105835 1 613.440063 108.864014 2 602.52063 108.864014
103537 1 366.336029 79.488007 2 347.815704 79.488007
105160 1 402.278442 68.42881 2 383.818695 68.42881
106677 1 373.248047 129.600006 2 355.294708 129.600006
106153 1 437.184052 110.59201 2 419.469879 110.59201
106318 1 179.712021 222.912018 2 164.154785 222.912018
107030 1 228.096024 269.568024 2 196.081329 269.568024
102617 1 119.23201 231.552017 2 104.656525 231.552017
106659 1 309.312042 179.712021 2 295.986633 179.712021
103031 1 74.649612 122.342415 2 62.928093 122.342415
102225 1 172.800018 112.320007 2 160.704971 112.320007
101753 1 586.828857 66.355209 2 574.993652 66.355209
102634 1 599.270508 51.840008 2 586.987061 51.840008
101782 1 661.478516 62.208008 2 649.273865 62.208008
105728 1 358.732849 62.208008 2 339.614838 62.208008
107130 1 398.131256 39.398407 2 379.555542 39.398407
101162 1 632.448059 53.913609 2 620.045349 53.913609
102269 1 420.940857 39.398407 2 402.284912 39.398407
105821 1 738.201721 53.913609 2 726.96283 53.913609
106791 1 734.054504 47.692806 2 722.353821 47.692806
104973 1 1114.767578 228.925476 2 1060.554321 228.925476
107057 1 495.590485 275.788849 2 462.483856 275.788849
106908 1 1055.462524 319.334442 2 997.986816 319.334442
106523 1 306.892853 300.672028 2 263.833832 300.672028
104523 1 636.595276 269.568024 2 606.839539 269.568024
101078 1 516.326477 172.108826 2 502.090485 172.108826
102272 1 329.702454 209.433624 2 312.345093 209.433624
106917 1 1150.848145 215.654434 2 1095.451172 215.654434
107119 1 408.499268 180.403229 2 394.785278 180.403229
107054 1 228.096039 269.568024 2 196.974518 269.568024
106170 1 626.227295 136.85762 2 617.357666 136.85762
106541 1 1036.800171 149.299225 2 1002.867615 149.299225
102635 1 740.27533 165.888031 2 730.468872 165.888031
106947 1 1117.670532 120.268814 2 1069.31958 120.268814
106956 1 1078.272095 126.489616 2 1032.885376 126.489616
105998 1 1094.860962 60.134407 2 1047.906616 60.134407
106174 1 230.169632 188.697632 2 214.785965 188.697632
102212 1 777.600098 118.195213 2 767.034302 118.195213
103498 1 373.248047 279.936035 2 340.23587 279.936035
104527 1 352.512054 265.420837 2 321.004303 265.420837
103605 1 651.110474 207.360031 2 639.729065 207.360031
107077 1 408.499268 261.273651 2 380.842712 261.273651
104746 1 439.603271 213.580826 2 421.086487 213.580826
107112 1 503.884857 236.390427 2 483.152863 236.390427
106761 1 483.148865 196.992035 2 466.332916 196.992035
107104 1 597.196899 252.979233 2 570.464966 252.979233
102644 1 120.268814 230.169632 2 106.941666 230.169632
102563 1 159.667221 219.801636 2 145.224869 219.801636
105093 1 429.23526 72.576012 2 411.820679 72.576012
106317 1 437.529663 49.766407 2 419.55014 49.766407
104798 1 561.945679 41.472008 2 548.394531 41.472008
103079 1 167.961624 161.740829 2 155.106903 161.740829
97063 1 161.740829 45.619205 2 149.150085 45.619205
99874 1 671.846497 72.576012 2 660.297546 72.576012
102785 1 622.080078 80.870415 2 609.511658 80.870415
102298 1 725.760132 91.238411 2 714.356812 91.238411
85865 1 632.033386 52.254726 2 619.500427 52.254726
102303 1 726.589539 67.184647 2 713.792725 67.184647
97622 1 706.682983 52.254726 2 694.726257 52.254726
97699 1 587.243591 67.184647 2 575.756592 67.184647
101792 1 231.413788 129.392654 2 219.633911 129.392654
94819 1 124.416016 104.509453 2 112.97731 104.509453
106263 1 691.753052 49.766407 2 678.874939 49.766407
98810 1 400.121918 65.691658 2 381.098022 65.691658
100459 1 378.224701 67.184647 2 358.738434 67.184647
106360 1 131.880981 136.85762 2 122.501617 136.85762
106262 1 121.927696 124.416016 2 109.747139 124.416016
106913 1 1050.071167 316.016693 2 993.974426 316.016693
106016 1 734.054504 301.086761 2 693.62323 301.086761
106501 1 1039.122681 206.032928 2 992.308899 206.032928
102983 1 637.01001 268.738586 2 606.859314 268.738586
106965 1 980.398193 283.668518 2 935.028381 283.668518
107005 1 831.098999 258.785309 2 797.100037 258.785309
104490 1 1060.024414 306.063416 2 1003.588928 306.063416
107067 1 539.965515 263.761963 2 509.830688 263.761963
107051 1 992.839844 174.182419 2 959.157837 174.182419
107002 1 930.631836 261.273651 2 894.350403 261.273651
107039 1 597.196899 274.710571 2 566.55603 274.710571
102234 1 778.844299 119.439377 2 767.325928 119.439377
106712 1 542.453857 201.553955 2 525.756409 201.553955
97612 1 483.729492 197.074982 2 467.115143 197.074982
106275 1 273.71524 164.229141 2 258.901337 164.229141
106276 1 266.250275 119.439377 2 255.085587 119.439377
106569 1 465.813599 274.710571 2 432.813843 274.710571
106837 1 661.893188 211.507233 2 649.790039 211.507233
107079 1 408.084534 261.273651 2 380.358765 261.273651
102640 1 415.5495 191.600662 2 397.083496 191.600662
106304 1 525.035583 62.208008 2 511.83075 62.208008
103067 1 714.147949 206.530594 2 700.457336 206.530594
106590 1 291.133484 261.273651 2 262.954559 261.273651
106549 1 373.248047 281.180206 2 338.611511 281.180206
102662 1 119.439377 231.413788 2 105.116714 231.413788
103256 1 238.878754 77.137932 2 228.203613 77.137932
106713 1 82.114571 166.717468 2 69.539879 166.717468
103620 1 74.649612 121.927696 2 63.278599 121.927696
104278 1 607.150146 77.137932 2 594.336609 77.137932
106701 1 166.717468 161.740829 2 153.934418 161.740829
103573 1 340.899902 64.696327 2 322.309814 64.696327
98302 1 622.080078 82.114571 2 609.48407 82.114571
106194 1 771.379333 106.997772 2 761.129333 106.997772
106903 1 1149.604004 216.483871 2 1094.491455 216.483871
103082 1 612.126831 203.046951 2 600.74231 203.046951
105686 1 140.341278 122.425369 2 131.795303 122.425369
97593 1 122.425369 89.579536 2 110.899399 89.579536
106337 1 725.594238 68.677643 2 712.941895 68.677643
101801 1 695.734375 77.635597 2 684.178772 77.635597
106512 1 734.552185 301.584442 2 690.041077 301.584442
105999 1 707.678345 301.584442 2 665.88855 301.584442
105969 1 1149.604004 214.990891 2 1093.856445 214.990891
104524 1 636.014709 268.738617 2 600.815735 268.738617
105566 1 197.074982 262.766632 2 169.861435 262.766632
106526 1 304.570435 301.584442 2 263.485443 301.584442
104183 1 328.458313 265.752625 2 300.046265 265.752625
106211 1 621.084778 158.257187 2 610.124756 158.257187
106716 1 845.03363 164.229156 2 834.531189 164.229156
106309 1 441.92572 152.285217 2 425.932312 152.285217
106217 1 77.635597 191.103012 2 66.207199 191.103012
107114 1 504.631378 235.892776 2 484.39267 235.892776
106193 1 319.500336 68.677643 2 306.732666 68.677643
107075 1 898.781372 197.074982 2 868.45105 197.074982
104654 1 779.34198 119.439384 2 767.283752 119.439384
103780 1 328.458313 209.018921 2 310.816742 209.018921
106932 1 1170.505981 179.159073 2 1117.69397 179.159073
106486 1 1140.646118 119.439384 2 1091.645752 119.439384
104171 1 409.079895 268.738617 2 378.278656 268.738617
102319 1 429.981781 71.663635 2 410.892456 71.663635
105682 1 508.811798 96.745903 2 494.875305 96.745903
105742 1 525.533264 62.705677 2 511.762878 62.705677
107012 1 370.262085 280.682556 2 338.043335 280.682556
106045 1 349.360199 265.752625 2 317.009705 265.752625
105277 1 74.649612 122.425369 2 63.316498 122.425369
102661 1 158.257187 217.976868 2 144.125702 217.976868
107145 1 358.318146 83.607567 2 340.530579 83.607567
103099 1 340.402252 65.691658 2 322.751434 65.691658
98336 1 671.846497 74.649612 2 660.488098 74.649612
106722 1 223.948837 170.201126 2 209.897919 170.201126
102739 1 758.440063 56.733707 2 747.297668 56.733707
106568 1 489.701477 274.710571 2 457.15152 274.710571
105481 1 1113.772217 226.93483 2 1058.456299 226.93483
105296 1 756.051331 168.409531 2 744.526062 168.409531
106714 1 103.91227 100.329086 2 91.370384 100.329086
100467 1 612.72406 200.658173 2 601.561035 200.658173
106715 1 515.978149 171.992722 2 502.787476 171.992722
106514 1 734.552246 300.987244 2 693.689575 300.987244
106012 1 709.469971 300.987244 2 667.370056 300.987244
106581 1 634.223145 268.738617 2 603.148743 268.738617
107121 1 275.904999 240.073166 2 257.334717 240.073166
101107 1 329.65271 211.407715 2 311.812469 211.407715
105546 1 146.910446 265.155426 2 118.633995 265.155426
100468 1 372.650879 128.994537 2 354.100983 128.994537
106971 1 1028.373169 182.742264 2 989.291748 182.742264
106536 1 1035.539429 150.493622 2 1001.515991 150.493622
106227 1 723.802673 197.074982 2 712.355103 197.074982
106218 1 791.883118 150.493622 2 781.987671 150.493622
87012 1 623.473572 157.659988 2 610.535095 157.659988
106764 1 627.056763 136.160904 2 616.461914 136.160904
107092 1 265.155426 265.155426 2 239.292953 265.155426
100549 1 437.148163 111.078629 2 417.385345 111.078629
103145 1 469.39679 85.996361 2 457.836151 85.996361
107113 1 501.645416 236.48999 2 482.132721 236.48999
96032 1 483.729523 197.074982 2 467.458344 197.074982
103215 1 415.649078 193.491806 2 397.963898 193.491806
103995 1 408.482697 268.738617 2 377.775726 268.738617
107042 1 372.650879 279.488159 2 339.14621 279.488159
106061 1 347.568604 265.155426 2 314.966187 265.155426
101195 1 601.974487 75.246811 2 589.542358 75.246811
105294 1 637.806335 93.16272 2 625.484985 93.16272
92915 1 673.638123 75.246811 2 661.416748 75.246811
101196 1 627.056763 68.080452 2 614.632507 68.080452
103634 1 659.30542 211.407715 2 648.806702 211.407715
104213 1 576.892212 214.990891 2 563.946838 214.990891
107123 1 397.733154 68.080452 2 380.456787 68.080452
101718 1 340.402252 68.080452 2 321.655914 68.080452
97632 1 730.969055 93.16272 2 718.753723 93.16272
85047 1 240.073166 78.829994 2 228.138687 78.829994
105700 1 75.246811 121.828178 2 63.343025 121.828178
102587 1 121.828178 89.579544 2 110.396835 89.579544
106205 1 318.903168 68.080452 2 306.675171 68.080452
106216 1 440.731354 150.493622 2 425.38382 150.493622
106925 1 1171.700439 179.159088 2 1119.964233 179.159088
105480 1 1150.201294 214.990891 2 1094.610229 214.990891
105990 1 1039.122681 207.824539 2 991.85199 207.824539
107185 1 316.800018 154.800003 2 303.555298 154.800003
107156 1 387.0 105.0 2 373.367126 105.0
106614 1 105.600006 57.600002 2 92.460434 57.600002
107182 1 116.400002 87.600006 2 104.653221 87.600006
107169 1 759.0 163.0 2 748.19873 163.0
105780 1 650.880005 207.360016 2 639.857117 207.360016
107310 1 669.600037 74.400002 2 658.062256 74.400002
107164 1 117.0 88.0 2 105.108017 88.0
107261 1 601.200012 33.600002 2 589.500916 33.600002
107268 1 222.000015 120.000008 2 210.993942 120.000008
106621 1 658.0 60.0 2 645.688293 60.0
107270 1 676.800049 27.6 2 664.853882 27.6
105076 1 230.400009 237.600006 2 213.735199 237.600006
106119 1 96.480003 93.600006 2 83.8405 93.600006
107325 1 743.040039 66.240005 2 731.203796 66.240005
107178 1 438.000031 49.200001 2 419.595306 49.200001
106958 1 1114.800049 48.0 2 1068.606567 48.0
107217 1 127.872009 217.728027 2 114.987144 217.728027
106261 1 252.288025 117.504013 2 241.442673 117.504013
107299 1 768.960022 106.560005 2 758.853821 106.560005
103050 1 228.096024 138.240021 2 215.773315 138.240021
107331 1 626.400024 53.280003 2 614.497864 53.280003
106011 1 705.600037 302.400024 2 662.828064 302.400024
103007 1 416.448029 191.808014 2 397.419281 191.808014
103009 1 357.696045 143.424011 2 340.155365 143.424011
107216 1 158.976013 219.456024 2 145.178696 219.456024
107208 1 81.216011 165.888016 2 70.263878 165.888016
107206 1 76.32 122.400002 2 64.60067 122.400002
105838 1 707.097717 51.840008 2 695.061951 51.840008
106682 1 100.224007 88.128006 2 87.958496 88.128006
100591 1 622.080078 159.252502 2 611.291382 159.252502
106305 1 669.772888 143.078415 2 660.956482 143.078415
106063 1 439.603271 263.347229 2 411.205841 263.347229
106983 1 307.584015 300.672028 2 264.445129 300.672028
106053 1 836.352051 257.472015 2 802.819763 257.472015
106811 1 810.77771 165.888031 2 803.186584 165.888031
107225 1 572.31366 217.728027 2 557.552063 217.728027
107227 1 80.870415 165.888031 2 69.860138 165.888031
107229 1 199.065628 41.472008 2 189.815216 41.472008
102238 1 174.182419 114.048019 2 163.039581 114.048019
107228 1 574.387268 93.312012 2 563.373718 93.312012
107235 1 602.173523 206.530594 2 590.510071 206.530594
107241 1 144.322586 106.997772 2 134.774719 106.997772
107245 1 833.089722 209.018921 2 820.082336 209.018921
107288 1 517.570618 171.694107 2 501.722137 171.694107
104080 1 267.494446 236.390427 2 249.331924 236.390427
107286 1 62.208008 190.771225 2 49.767723 190.771225
107290 1 370.262085 128.397339 2 353.842316 128.397339
107223 1 853.493896 174.182419 2 842.25415 174.182419
101713 1 316.514374 101.523476 2 300.425934 101.523476
104582 1 213.580826 91.238411 2 200.612518 91.238411
105513 1 490.199097 273.71524 2 459.729553 273.71524
107297 1 707.678345 301.584442 2 665.88855 301.584442
106531 1 308.551727 301.086761 2 264.213715 301.086761
106553 1 1036.136597 149.299225 2 1002.144836 149.299225
106600 1 268.738617 235.892776 2 249.964554 235.892776
107247 1 229.920807 235.892776 2 213.190353 235.892776
107250 1 301.584442 149.299225 2 289.028503 149.299225
107307 1 265.752625 119.439384 2 253.08197 119.439384
97166 1 119.439377 87.091209 2 107.339714 87.091209
104626 1 812.187805 167.215134 2 801.440796 167.215134
107317 1 741.718567 204.241348 2 728.380127 204.241348
107252 1 118.244995 232.906799 2 104.613327 232.906799
107298 1 465.813599 275.904999 2 434.003784 275.904999
106728 1 315.319977 154.076813 2 300.993164 154.076813
106717 1 621.084778 119.439384 2 610.89679 119.439384
83722 1 250.822708 118.244995 2 239.751373 118.244995
107291 1 250.822708 119.439384 2 239.88356 119.439384
107253 1 78.829994 164.826355 2 67.67514 164.826355
104131 1 827.714966 85.996361 2 815.909912 85.996361
