731
459.847839355 -40.275695801 193.485198975 0.042814798998849206 0.5842382044000877 -0.022572784726909906 0.8101376937877427
107639 1 388.0 223.0 2 365.518188 223.0
108079 1 383.0 201.0 2 360.288391 201.0
108074 1 369.0 193.0 2 346.223145 193.0
108052 1 254.0 31.0 2 230.285538 31.0
108049 1 310.0 25.0 2 285.723389 25.0
108128 1 583.0 54.0 2 568.316528 54.0
107163 1 782.0 68.0 2 768.903992 68.0
107996 1 931.0 273.0 2 890.411743 273.0
107680 1 901.0 192.0 2 887.79718 192.0
108215 1 830.0 164.0 2 819.119995 164.0
108216 1 397.0 146.0 2 378.692596 146.0
107152 1 738.0 193.200012 2 726.492859 193.200012
108114 1 222.000015 39.600002 2 202.216965 39.600002
107676 1 744.0 82.800003 2 730.393738 82.800003
106612 1 764.400024 72.0 2 751.566956 72.0
108100 1 283.200012 133.200012 2 261.950439 133.200012
107656 1 371.52002 50.400002 2 349.301849 50.400002
108069 1 382.800018 200.400009 2 360.21283 200.400009
107651 1 368.400024 193.200012 2 346.040405 193.200012
107677 1 831.600037 69.600006 2 819.042419 69.600006
105573 1 604.800049 98.400002 2 591.681213 98.400002
108137 1 120.000008 84.0 2 107.188095 84.0
108129 1 756.0 48.0 2 742.561829 48.0
108142 1 186.0 123.600006 2 172.278595 123.600006
108130 1 596.400024 212.400009 2 582.842407 212.400009
107310 1 669.600037 56.400002 2 655.689148 56.400002
107943 1 1141.200073 170.400009 2 1088.907104 170.400009
108222 1 844.800049 189.600006 2 832.571472 189.600006
108157 1 775.200012 199.200012 2 763.139771 199.200012
108043 1 622.800049 240.000015 2 599.926025 240.000015
107681 1 715.200012 211.200012 2 699.815186 211.200012
107694 1 865.200012 109.200005 2 852.816711 109.200005
107796 1 673.200012 147.600006 2 661.173462 147.600006
108277 1 621.600037 154.800003 2 609.031555 154.800003
107169 1 770.400024 160.800003 2 757.928406 160.800003
107985 1 516.0 304.800018 2 472.294586 304.800018
107959 1 590.400024 328.800018 2 539.518799 328.800018
108092 1 438.000031 198.000015 2 416.41217 198.000015
105145 1 582.0 96.0 2 569.368652 96.0
108104 1 452.400024 108.000008 2 431.62088 108.000008
108098 1 253.200012 218.400009 2 231.852982 218.400009
108125 1 56.400002 198.000015 2 39.179897 198.000015
107186 1 140.400009 189.600006 2 122.109589 189.600006
104534 1 70.800003 28.800001 2 56.366676 28.800001
108244 1 747.360046 34.560001 2 734.858582 34.560001
107689 1 154.080002 129.600006 2 139.819153 129.600006
107619 1 273.600006 38.880001 2 249.598022 38.880001
108145 1 594.720032 213.12001 2 581.691711 213.12001
106646 1 601.920044 198.720001 2 589.0224 198.720001
105833 1 586.080017 207.360016 2 573.597595 207.360016
106643 1 780.480042 66.240005 2 767.131836 66.240005
105710 1 714.240051 41.760002 2 700.20813 41.760002
106298 1 695.52002 36.0 2 681.798401 36.0
106290 1 599.040039 59.040001 2 584.589111 59.040001
107914 1 1162.080078 216.000015 2 1107.370239 216.000015
107909 1 1100.160034 296.640015 2 1044.654663 296.640015
107957 1 960.480042 303.840027 2 909.832336 303.840027
107974 1 1081.440063 178.560013 2 1033.617188 178.560013
107994 1 1127.52002 132.480011 2 1083.793457 132.480011
108111 1 1029.600098 113.760002 2 1009.893494 113.760002
107702 1 898.560059 191.520004 2 885.483398 191.520004
107949 1 905.76001 312.480011 2 852.158081 312.480011
108158 1 659.52002 213.12001 2 645.453308 213.12001
104005 1 796.320007 110.880005 2 783.154175 110.880005
106655 1 881.280029 145.440002 2 868.884033 145.440002
107672 1 502.560028 230.400009 2 481.746521 230.400009
108148 1 475.200012 192.960007 2 456.587463 192.960007
108008 1 577.440002 283.680023 2 540.607849 283.680023
102564 1 604.800049 97.920006 2 591.230835 97.920006
108134 1 574.559998 99.360001 2 562.336853 99.360001
107787 1 430.560028 66.240005 2 416.620605 66.240005
108223 1 396.000031 145.440002 2 377.684235 145.440002
108084 1 257.76001 250.560013 2 235.352539 250.560013
107987 1 302.400024 313.920013 2 257.426483 313.920013
107154 1 77.760002 230.400009 2 59.996307 230.400009
106244 1 56.160004 198.720001 2 39.25024 198.720001
105584 1 181.440002 97.920006 2 167.897339 97.920006
108112 1 221.76001 38.880001 2 201.83931 38.880001
108103 1 283.680023 133.919998 2 262.561859 133.919998
108066 1 307.584015 65.664009 2 284.334167 65.664009
106126 1 292.032013 51.840004 2 268.201385 51.840004
107146 1 298.944031 43.200005 2 274.998627 43.200005
104003 1 630.720032 67.392006 2 616.418701 67.392006
106242 1 791.424072 107.136009 2 779.45929 107.136009
107705 1 670.46405 57.024006 2 657.214355 57.024006
108153 1 596.160034 212.544022 2 581.807251 212.544022
103560 1 713.664062 41.472004 2 700.313904 41.472004
106248 1 696.384094 34.560005 2 682.664856 34.560005
107023 1 1162.944092 216.000015 2 1106.723877 216.000015
107967 1 644.544067 317.952026 2 597.309387 317.952026
107915 1 1102.464111 298.944031 2 1046.407349 298.944031
107502 1 893.376099 305.856018 2 842.944092 305.856018
107509 1 589.248047 328.320038 2 538.691772 328.320038
107692 1 898.560059 190.080017 2 885.875977 190.080017
102999 1 644.544067 133.056015 2 632.836792 133.056015
107546 1 514.944031 305.856018 2 470.942261 305.856018
107327 1 502.848053 229.82402 2 480.866028 229.82402
108226 1 475.200043 193.536011 2 456.667328 193.536011
108155 1 945.216064 126.144012 2 932.340332 126.144012
108151 1 126.144012 252.288025 2 104.680756 252.288025
108068 1 468.288055 235.008026 2 445.846985 235.008026
105595 1 439.603271 199.065628 2 418.154053 199.065628
102563 1 53.568005 228.096024 2 36.911087 228.096024
107991 1 224.640015 305.856018 2 181.145584 305.856018
106052 1 252.288025 335.232025 2 202.157349 335.232025
107553 1 266.11203 304.128021 2 225.157318 304.128021
108046 1 355.968048 243.648026 2 331.636536 243.648026
107534 1 381.888031 311.040039 2 334.308441 311.040039
106654 1 881.28009 172.800018 2 868.465332 172.800018
108249 1 881.28009 145.152008 2 869.755432 145.152008
107766 1 231.552017 181.440018 2 215.766769 181.440018
106739 1 203.904022 110.59201 2 191.184586 110.59201
103019 1 181.440018 96.768005 2 167.590118 96.768005
107646 1 221.184021 38.016003 2 201.117264 38.016003
108144 1 74.304008 67.392006 2 65.219406 67.392006
108292 1 573.696045 100.224007 2 561.120544 100.224007
105146 1 743.0401 82.944008 2 729.07373 82.944008
103264 1 717.120056 69.12001 2 703.689209 69.12001
107809 1 779.328064 65.664009 2 767.115967 65.664009
105785 1 690.508911 64.281609 2 676.535095 64.281609
108169 1 667.69928 45.619205 2 653.179077 45.619205
106755 1 779.673706 87.091209 2 766.759155 87.091209
105285 1 586.828857 207.360031 2 573.783447 207.360031
108234 1 955.929749 122.342415 2 943.287903 122.342415
107491 1 690.508911 327.628845 2 639.558533 327.628845
107519 1 642.816101 317.260834 2 595.625732 317.260834
107508 1 960.076965 304.819244 2 904.530884 304.819244
107983 1 837.734497 288.230438 2 793.327576 288.230438
106592 1 777.600098 275.788849 2 742.252319 275.788849
105284 1 252.979233 217.728027 2 231.977966 217.728027
102635 1 748.984436 164.229141 2 737.327942 164.229141
108099 1 244.68483 213.580826 2 224.029892 213.580826
108172 1 837.734497 192.844833 2 824.431335 192.844833
108252 1 790.041687 188.697632 2 778.80896 188.697632
107461 1 1115.596924 304.819244 2 1056.896973 304.819244
107018 1 1101.081787 296.524841 2 1045.45752 296.524841
107961 1 588.902466 329.702454 2 537.765869 329.702454
106697 1 255.052841 151.372818 2 239.960007 151.372818
104550 1 284.083252 134.784012 2 262.665466 134.784012
105076 1 124.416016 250.90564 2 102.154724 250.90564
105283 1 136.85762 190.771225 2 119.055801 190.771225
106689 1 396.057648 159.667221 2 377.135529 159.667221
108229 1 474.854462 192.844833 2 456.288696 192.844833
107530 1 381.54245 311.040039 2 334.269867 311.040039
107816 1 740.27533 194.918427 2 728.355469 194.918427
103008 1 620.00647 155.52002 2 606.790405 155.52002
107715 1 897.868896 190.771225 2 884.711243 190.771225
106673 1 843.955322 190.771225 2 832.383484 190.771225
106811 1 831.513733 163.814423 2 819.683228 163.814423
102562 1 76.723213 232.243225 2 58.701942 232.243225
107216 1 53.913609 228.096039 2 37.550011 228.096039
107798 1 879.206543 174.182419 2 866.438538 174.182419
108174 1 881.280151 145.152023 2 869.164856 145.152023
107522 1 304.819244 313.113647 2 259.556396 313.113647
107969 1 269.568024 308.966431 2 223.594681 308.966431
107548 1 265.420837 302.745636 2 224.637344 302.745636
108070 1 464.48645 236.390427 2 442.844238 236.390427
103241 1 203.21283 109.900818 2 190.378662 109.900818
106105 1 383.616058 93.312012 2 360.392456 93.312012
107647 1 371.174438 49.766407 2 349.135986 49.766407
105586 1 337.996857 39.398407 2 314.287628 39.398407
108177 1 134.784012 74.649612 2 119.57531 74.649612
104567 1 742.348877 82.944016 2 728.193665 82.944016
103507 1 614.615112 64.696327 2 600.034241 64.696327
104278 1 597.196899 57.231369 2 582.490234 57.231369
107514 1 689.264709 325.969971 2 639.509277 325.969971
104524 1 641.986633 318.505005 2 594.152527 318.505005
108035 1 303.575073 261.273651 2 278.604706 261.273651
108055 1 258.785309 248.832031 2 235.836945 248.832031
106564 1 958.003357 306.063416 2 907.149658 306.063416
107001 1 1162.045654 216.483871 2 1106.747925 216.483871
107976 1 567.337036 316.016693 2 519.681641 316.016693
107582 1 602.173523 283.668518 2 566.74939 283.668518
108102 1 303.575073 116.951057 2 282.6474 116.951057
103009 1 283.668518 134.369293 2 262.265564 134.369293
106305 1 669.358154 136.85762 2 658.386414 136.85762
107820 1 644.474976 134.369293 2 631.734741 134.369293
108186 1 895.795349 191.600662 2 882.681396 191.600662
106276 1 204.042267 109.486099 2 190.788498 109.486099
107537 1 308.551727 311.040039 2 263.838745 311.040039
106170 1 619.591797 129.392654 2 607.540405 129.392654
106362 1 383.201324 92.067856 2 360.098572 92.067856
107660 1 370.759735 49.766407 2 348.841675 49.766407
106161 1 333.434937 52.254726 2 310.899872 52.254726
108119 1 395.642944 159.252502 2 376.517151 159.252502
107726 1 739.031128 194.088989 2 727.334412 194.088989
107641 1 171.694107 251.320358 2 148.132507 251.320358
106761 1 440.432709 199.065628 2 418.951508 199.065628
103119 1 831.098999 164.229141 2 819.483459 164.229141
108117 1 547.430481 238.878754 2 524.276123 238.878754
106794 1 102.021133 139.345947 2 90.161552 139.345947
99874 1 671.846497 57.231369 2 657.973267 57.231369
107616 1 355.829803 243.855392 2 330.967377 243.855392
107223 1 878.377075 174.182419 2 865.913025 174.182419
107767 1 865.935486 159.252502 2 852.224487 159.252502
107712 1 171.694107 131.880981 2 158.25148 131.880981
108193 1 134.369293 74.649612 2 118.942787 74.649612
107821 1 572.31366 99.532814 2 560.964417 99.532814
102212 1 793.77417 109.486099 2 780.523865 109.486099
107562 1 87.091209 306.063416 2 50.872765 306.063416
107558 1 701.70636 283.668518 2 662.658813 283.668518
101762 1 283.668549 134.369308 2 262.730713 134.369308
107966 1 567.337097 316.514374 2 519.136536 316.514374
107580 1 582.266968 283.668549 2 545.485535 283.668549
108198 1 510.603363 86.593552 2 494.261627 86.593552
107982 1 220.96286 307.556396 2 174.026367 307.556396
108109 1 444.911713 77.635597 2 424.923737 77.635597
108284 1 644.972656 179.159073 2 632.50238 179.159073
107092 1 89.579536 304.570435 2 47.210258 304.570435
106174 1 137.355286 191.103012 2 118.879463 191.103012
105274 1 612.126831 149.299225 2 598.905701 149.299225
100541 1 504.631378 185.131042 2 485.639893 185.131042
107975 1 379.220032 310.542389 2 332.929352 310.542389
107087 1 343.388214 301.584442 2 302.9198 301.584442
107543 1 495.673431 307.556396 2 454.416992 307.556396
106837 1 659.902588 214.990891 2 646.407898 214.990891
103605 1 647.958679 212.004898 2 634.564026 212.004898
104280 1 749.482117 164.229156 2 738.33783 164.229156
108175 1 516.575317 206.032928 2 497.272919 206.032928
108238 1 74.649612 232.906799 2 57.936123 232.906799
102272 1 250.822708 217.976868 2 228.721451 217.976868
107981 1 310.542389 310.542389 2 265.66272 310.542389
108033 1 304.570435 262.766632 2 281.267731 262.766632
107741 1 394.149963 158.257187 2 376.368958 158.257187
106309 1 397.135956 143.327255 2 378.049713 143.327255
108236 1 576.295044 104.50946 2 564.837219 104.50946
98302 1 615.112793 65.691658 2 599.911133 65.691658
107732 1 898.781372 191.103012 2 885.964233 191.103012
106229 1 809.201843 146.313248 2 797.631836 146.313248
102561 1 671.846497 56.733707 2 658.215698 56.733707
107225 1 552.407166 223.948837 2 538.078125 223.948837
107235 1 591.224915 212.004898 2 577.929565 212.004898
108257 1 877.879456 173.187103 2 866.764465 173.187103
107236 1 868.921509 161.243164 2 857.112 161.243164
108188 1 880.865417 146.313248 2 868.551086 146.313248
100468 1 304.570435 116.4534 2 282.919678 116.4534
102640 1 355.332153 197.074982 2 331.172974 197.074982
102213 1 176.173096 98.537491 2 163.03334 98.537491
104582 1 134.369308 74.649612 2 118.811691 74.649612
102234 1 794.271912 110.48143 2 781.064148 110.48143
108253 1 146.313248 119.439384 2 131.644028 119.439384
108004 1 701.70636 283.668549 2 664.009155 283.668549
107068 1 641.986694 316.514374 2 593.993713 316.514374
107500 1 946.557129 304.570435 2 893.642273 304.570435
106712 1 519.56134 204.241348 2 500.950623 204.241348
106723 1 71.663635 157.659988 2 58.04512 157.659988
108210 1 103.91227 139.74408 2 91.517151 139.74408
107995 1 308.153625 300.987244 2 261.903717 300.987244
106582 1 268.738617 300.987244 2 225.859039 300.987244
107621 1 308.153625 261.572266 2 282.924011 261.572266
108039 1 107.495445 261.572266 2 83.454445 261.572266
97632 1 738.135437 78.829994 2 724.328857 78.829994
108290 1 723.802673 68.080452 2 709.76532 68.080452
107307 1 204.241348 111.078629 2 189.085724 111.078629
101727 1 265.155426 89.579544 2 247.223297 89.579544
108088 1 125.411354 250.822708 2 106.124214 250.822708
107792 1 397.733154 143.327271 2 378.738037 143.327271
104626 1 831.298157 164.826355 2 820.851318 164.826355
107572 1 182.742264 304.570435 2 143.770737 304.570435
107650 1 458.647247 236.48999 2 438.33313 236.48999
96032 1 444.314514 200.658173 2 422.775696 200.658173
106716 1 870.713135 161.243179 2 858.694031 161.243179
107290 1 300.987244 114.661812 2 281.085693 114.661812
104794 1 333.235901 85.996361 2 316.129456 85.996361
108072 1 275.904999 71.663635 2 252.915314 71.663635
106722 1 132.577713 168.409531 2 115.314163 168.409531
104213 1 562.559509 214.990891 2 547.226746 214.990891
107238 1 386.983612 222.157257 2 363.94046 222.157257
107653 1 365.484528 232.906799 2 342.770325 232.906799
104654 1 791.883118 107.495445 2 780.306519 107.495445
104128 1 781.133606 78.829994 2 768.311768 78.829994
107735 1 171.992722 71.663635 2 159.773788 71.663635
103650 1 139.74408 89.579544 2 126.556892 89.579544
107294 1 283.07135 132.577713 2 262.852875 132.577713
87012 1 616.307251 154.076813 2 603.642944 154.076813
106589 1 773.967224 275.904999 2 735.754639 275.904999
108110 1 1035.539429 114.661812 2 1015.698486 114.661812
107510 1 956.709473 304.570435 2 901.565247 304.570435
108138 1 774.000061 99.600006 2 761.107178 99.600006
107674 1 878.400024 175.200012 2 866.087219 175.200012
106329 1 656.640015 38.880001 2 642.499573 38.880001
107309 1 764.640015 72.0 2 751.164734 72.0
108243 1 829.440063 95.040001 2 816.880127 95.040001
107624 1 254.400009 31.200001 2 230.548813 31.200001
107696 1 552.960022 165.600006 2 540.43042 165.600006
107578 1 734.400085 276.480042 2 699.181824 276.480042
107703 1 653.184082 212.544022 2 640.462524 212.544022
108034 1 414.720032 259.200012 2 385.595093 259.200012
108168 1 143.424011 169.344009 2 126.404427 169.344009
108012 1 578.880066 283.392029 2 542.057617 283.392029
108118 1 476.92807 66.355209 2 460.902924 66.355209
108027 1 414.720062 259.200043 2 385.803375 259.200043
107629 1 354.240021 195.264023 2 330.84613 195.264023
106153 1 380.160034 93.312012 2 358.282227 93.312012
105115 1 603.417664 97.459213 2 590.680115 97.459213
107902 1 1109.376099 228.096039 2 1051.758789 228.096039
106065 1 568.166504 317.260834 2 520.817993 317.260834
105554 1 221.875229 306.892853 2 177.689636 306.892853
107636 1 174.182419 250.90564 2 150.591507 250.90564
108057 1 109.486099 261.273651 2 85.440887 261.273651
102303 1 736.542847 49.766407 2 721.707764 49.766407
107728 1 176.256027 58.060806 2 163.494797 58.060806
107195 1 292.377655 51.840008 2 268.784912 51.840008
107097 1 700.876892 282.009644 2 662.071106 282.009644
107935 1 1036.800171 308.966431 2 981.379395 308.966431
107247 1 125.411354 250.822708 2 102.565353 250.822708
107226 1 253.80867 149.299225 2 238.556778 149.299225
107670 1 462.827606 235.892776 2 441.014099 235.892776
97612 1 441.92572 200.060959 2 420.693481 200.060959
108206 1 779.34198 62.705677 2 766.216248 62.705677
108026 1 415.051849 259.78067 2 387.628998 259.78067
108201 1 759.634521 197.074982 2 747.352356 197.074982
107574 1 1014.040405 193.491806 2 980.68457 193.491806
107743 1 899.378601 189.90863 2 883.184082 189.90863
105191 1 501.645416 182.742264 2 485.932434 182.742264
108212 1 143.327271 118.244995 2 129.247314 118.244995
102246 1 136.160904 189.90863 2 118.462067 189.90863
