745
-20.3 -11.4 -503 -0.0434 -0.535 0.03 0.843 
106777 1 57.0 59.0 2 42.194962 59.0
108282 1 267.0 156.0 2 250.523453 156.0
107298 1 179.0 50.0 2 170.155075 50.0
107785 1 187.0 72.0 2 172.536728 72.0
105179 1 693.0 88.0 2 677.980652 88.0
108202 1 308.0 90.0 2 281.406769 90.0
108206 1 301.0 123.0 2 274.7276 123.0
107698 1 415.200012 207.600006 2 386.231934 207.600006
107229 1 398.400024 196.800003 2 369.210663 196.800003
107304 1 745.200012 28.800001 2 727.605408 28.800001
108304 1 116.400002 46.800003 2 107.214455 46.800003
108329 1 866.400024 50.400002 2 849.603455 50.400002
108339 1 378.0 63.600002 2 358.327606 63.600002
108390 1 690.0 207.600006 2 675.027222 207.600006
108313 1 1063.200073 201.600006 2 1047.088867 201.600006
108385 1 943.200012 32.400002 2 926.316711 32.400002
107769 1 741.600037 219.600006 2 727.280945 219.600006
108126 1 663.600037 280.800018 2 627.072876 280.800018
107291 1 840.000061 121.200005 2 826.399109 121.200005
108444 1 631.200012 166.800003 2 617.743225 166.800003
107799 1 712.800049 153.600006 2 697.869263 153.600006
108283 1 739.200012 129.600006 2 725.382141 129.600006
108180 1 517.200012 255.600006 2 489.585083 255.600006
108201 1 483.840027 204.480011 2 456.236816 204.480011
108140 1 457.200012 253.200012 2 426.772766 253.200012
108158 1 421.200012 235.200012 2 393.175751 235.200012
108247 1 553.200012 169.200012 2 531.053284 169.200012
105398 1 93.600006 199.200012 2 73.484322 199.200012
108253 1 170.400009 160.800003 2 149.367874 160.800003
107884 1 829.440063 51.840004 2 813.394836 51.840004
107775 1 92.160004 198.720001 2 72.388641 198.720001
106244 1 76.32 198.720001 2 57.291096 198.720001
103297 1 217.440002 129.600006 2 202.834015 129.600006
107309 1 725.76001 48.960003 2 707.98584 48.960003
107910 1 70.560005 116.640007 2 55.602001 116.640007
108287 1 940.320007 77.760002 2 925.082947 77.760002
107300 1 681.120056 221.76001 2 665.180298 221.76001
106227 1 669.600037 211.680008 2 654.273315 211.680008
106239 1 691.200012 187.200012 2 675.48468 187.200012
107286 1 970.560059 51.840004 2 954.341553 51.840004
107287 1 986.400024 198.720001 2 971.224426 198.720001
107778 1 1094.400024 152.639999 2 1077.710205 152.639999
108291 1 1118.880005 120.960007 2 1103.435913 120.960007
103161 1 967.680054 165.600006 2 953.320557 165.600006
105733 1 1012.320068 158.400009 2 997.462219 158.400009
107288 1 826.560059 223.200012 2 808.412354 223.200012
108298 1 849.600037 200.160004 2 835.878906 200.160004
107378 1 689.76001 228.960007 2 674.14624 228.960007
108123 1 663.840027 280.800018 2 626.29895 280.800018
106780 1 891.360046 162.720001 2 876.457458 162.720001
106461 1 760.320007 95.040001 2 747.003662 95.040001
106917 1 711.360046 154.080002 2 696.406982 154.080002
108432 1 738.720032 129.600006 2 724.632629 129.600006
108203 1 516.960022 256.320007 2 489.188202 256.320007
108159 1 414.720032 207.360016 2 385.848907 207.360016
108218 1 332.640015 83.520004 2 307.373962 83.520004
108199 1 257.76001 237.600006 2 232.170547 237.600006
106230 1 231.552017 89.85601 2 216.428818 89.85601
107259 1 308.160004 89.280006 2 281.179321 89.280006
107723 1 300.960022 122.400002 2 274.989136 122.400002
106269 1 680.832092 221.184021 2 665.467346 221.184021
105878 1 672.192078 216.000015 2 656.437195 216.000015
108318 1 860.544067 67.392006 2 844.564697 67.392006
108331 1 1090.368164 32.832005 2 1076.876221 32.832005
107886 1 1119.744141 120.960014 2 1104.373413 120.960014
106927 1 834.624084 124.416016 2 820.838501 124.416016
108340 1 195.264023 190.080017 2 175.878174 190.080017
106260 1 630.720032 167.616013 2 618.256836 167.616013
107448 1 649.728088 108.864014 2 635.120972 108.864014
107692 1 222.912018 274.752014 2 195.712082 274.752014
107694 1 993.254517 261.273651 2 960.258057 261.273651
108133 1 328.320038 217.728027 2 297.296326 217.728027
107382 1 157.593628 190.771225 2 136.763321 190.771225
108303 1 711.936096 209.088013 2 697.02887 209.088013
107306 1 850.176086 200.448013 2 836.985229 200.448013
107384 1 267.840027 181.440018 2 250.655212 181.440018
107262 1 302.745636 124.416016 2 276.172211 124.416016
105748 1 831.168091 51.840004 2 813.854553 51.840004
105746 1 774.144043 34.560005 2 757.472656 34.560005
107383 1 691.200073 229.82402 2 674.518677 229.82402
102666 1 739.584045 129.600006 2 725.21698 129.600006
106877 1 1036.800049 143.424011 2 1020.227051 143.424011
107764 1 535.680054 196.99202 2 513.533875 196.99202
108187 1 485.568054 205.632019 2 458.057953 205.632019
102170 1 692.92804 88.128006 2 677.156067 88.128006
108178 1 463.104034 245.376022 2 434.145691 245.376022
105305 1 421.63205 235.008026 2 393.188538 235.008026
108254 1 169.344009 160.70401 2 147.992477 160.70401
107771 1 150.336014 134.784012 2 136.016449 134.784012
107802 1 231.552017 89.85601 2 216.428818 89.85601
108388 1 188.35202 89.85601 2 173.684067 89.85601
108276 1 378.432037 63.936005 2 358.664551 63.936005
108160 1 326.592041 38.016003 2 297.205139 38.016003
107294 1 58.752007 171.072021 2 42.794216 171.072021
106810 1 174.528015 63.936005 2 159.38913 63.936005
108227 1 1200.614624 221.875229 2 1179.297729 221.875229
107388 1 630.374512 167.961624 2 616.737854 167.961624
107319 1 1061.68335 201.139221 2 1045.349976 201.139221
105863 1 343.388214 268.738586 2 312.216461 268.738586
108273 1 194.918427 190.771225 2 175.428146 190.771225
108117 1 439.603271 292.377655 2 401.554657 292.377655
106380 1 1013.99054 99.532814 2 999.379333 99.532814
106795 1 987.033752 199.065628 2 971.466248 199.065628
108349 1 918.604919 194.918427 2 903.522339 194.918427
104672 1 124.416016 263.761963 2 98.446037 263.761963
107250 1 178.32962 263.347229 2 151.136322 263.347229
101768 1 862.617737 163.814423 2 848.325256 163.814423
106906 1 566.092896 246.758438 2 540.422913 246.758438
108413 1 968.371338 165.888031 2 954.454956 165.888031
107833 1 655.25769 91.238411 2 641.325378 91.238411
106365 1 377.395264 201.139221 2 348.510193 201.139221
107784 1 717.465698 223.948837 2 702.284424 223.948837
108404 1 534.988892 196.992035 2 513.056946 196.992035
104667 1 485.222473 205.286423 2 457.942444 205.286423
106254 1 1032.652954 180.403229 2 1017.266235 180.403229
107828 1 1034.726562 143.078415 2 1021.500427 143.078415
103394 1 76.723213 201.139221 2 58.205318 201.139221
106407 1 910.310547 80.870415 2 895.954834 80.870415
106271 1 908.236938 47.692806 2 891.773804 47.692806
102332 1 60.134407 60.134407 2 45.648655 60.134407
102657 1 230.169632 89.16481 2 215.081406 89.16481
106367 1 228.096039 47.692806 2 215.027634 47.692806
102677 1 924.825745 101.606415 2 909.564636 101.606415
108145 1 223.948837 276.203552 2 195.526291 276.203552
107318 1 1119.744141 120.268814 2 1104.03418 120.268814
108348 1 1092.787354 91.238411 2 1078.444702 91.238411
106805 1 985.374878 199.065628 2 971.650757 199.065628
104734 1 415.5495 72.161293 2 387.868103 72.161293
108139 1 375.736359 263.761963 2 342.704498 263.761963
106263 1 156.764175 191.600662 2 135.950012 191.600662
108415 1 440.432709 291.133484 2 401.192017 291.133484
102405 1 266.250275 226.437149 2 239.584778 226.437149
107427 1 552.407104 186.624023 2 529.592163 186.624023
107414 1 654.428223 92.067856 2 640.405945 92.067856
107224 1 176.670746 263.761963 2 149.116287 263.761963
105981 1 268.738586 181.647385 2 250.577454 181.647385
102835 1 301.086761 124.416016 2 275.561493 124.416016
101773 1 709.171326 154.275864 2 693.790588 154.275864
108225 1 549.918823 243.855392 2 523.531738 243.855392
106940 1 851.005554 201.553955 2 836.997803 201.553955
105951 1 706.682983 47.278088 2 689.372559 47.278088
102909 1 858.47052 67.184647 2 841.849548 67.184647
103874 1 485.222473 206.530594 2 458.574036 206.530594
108447 1 689.264709 189.11235 2 675.04248 189.11235
107341 1 1035.141235 144.322586 2 1019.759033 144.322586
103207 1 226.437149 89.579529 2 211.456772 89.579529
108274 1 378.224701 64.696327 2 359.467621 64.696327
107844 1 1092.372681 89.579529 2 1078.223877 89.579529
107337 1 1060.024536 200.060959 2 1044.163696 200.060959
108362 1 862.949524 164.229156 2 848.662781 164.229156
107851 1 1000.30481 59.719692 2 984.192383 59.719692
108363 1 916.697266 194.088989 2 901.692261 194.088989
104923 1 158.257187 191.103012 2 136.294632 191.103012
107932 1 232.906799 158.257187 2 214.180923 158.257187
108121 1 438.939728 292.626495 2 401.851654 292.626495
102341 1 856.9776 65.691658 2 840.771423 65.691658
108228 1 588.238953 214.990891 2 563.290771 214.990891
103680 1 570.323059 188.117035 2 548.282349 188.117035
105941 1 519.56134 253.808685 2 491.942474 253.808685
107759 1 534.491211 197.074982 2 512.338989 197.074982
96683 1 486.715485 206.032928 2 459.875153 206.032928
107852 1 677.818481 217.976868 2 662.131897 217.976868
108165 1 328.458313 104.50946 2 301.419312 104.50946
106901 1 441.92572 158.257187 2 420.11676 158.257187
108238 1 441.92572 137.355286 2 421.011353 137.355286
103718 1 740.52417 220.96286 2 726.706177 220.96286
101815 1 922.66925 101.523476 2 907.571289 101.523476
104902 1 188.117035 86.593552 2 174.480789 86.593552
104703 1 122.425369 265.752625 2 97.846046 265.752625
107658 1 304.570435 289.640503 2 269.845062 289.640503
101892 1 265.752625 226.93483 2 238.437057 226.93483
100145 1 767.39801 134.369308 2 753.276733 134.369308
103882 1 970.445007 167.215134 2 956.21228 167.215134
100198 1 569.725891 186.325439 2 546.985962 186.325439
108267 1 232.906799 157.659988 2 213.763977 157.659988
107663 1 376.23407 261.572266 2 344.280365 261.572266
103719 1 971.042236 164.826355 2 954.56665 164.826355
105287 1 942.37677 143.327271 2 927.753906 143.327271
107871 1 146.910446 132.577713 2 133.373215 132.577713
108223 1 265.155426 225.740448 2 238.539917 225.740448
106755 1 394.149963 250.822708 2 365.402618 250.822708
104240 1 175.575897 265.155426 2 145.782227 265.155426
107347 1 1060.621704 200.658173 2 1044.898071 200.658173
103825 1 419.232239 232.906799 2 391.419617 232.906799
107443 1 738.135437 182.742264 2 724.643616 182.742264
105904 1 93.16272 236.48999 2 72.980461 236.48999
101827 1 863.546753 164.826355 2 849.9953 164.826355
107736 1 551.809998 243.656357 2 524.670959 243.656357
104343 1 487.312714 207.824539 2 461.410645 207.824539
107352 1 852.797241 200.658173 2 839.371704 200.658173
105825 1 326.069519 103.91227 2 300.507111 103.91227
108219 1 333.235901 82.413177 2 306.604858 82.413177
107874 1 945.959961 68.080452 2 931.1427 68.080452
102874 1 917.294495 82.413177 2 902.953186 82.413177
107393 1 1017.623596 161.243179 2 1001.884094 161.243179
106835 1 444.314514 136.160904 2 421.726227 136.160904
104922 1 157.659988 189.90863 2 135.772217 189.90863
108430 1 766.800842 132.577713 2 754.082703 132.577713
107899 1 1117.952637 118.244995 2 1106.070312 118.244995
107856 1 974.625427 200.658173 2 957.657227 200.658173
108431 1 917.294495 193.491806 2 902.165344 193.491806
108601 1 378.0 259.0 2 345.615356 259.0
108606 1 357.0 269.0 2 325.42218 269.0
108649 1 421.0 236.0 2 393.25354 236.0
108776 1 94.0 199.0 2 73.588814 199.0
108631 1 399.0 198.0 2 369.792755 198.0
108658 1 526.0 252.0 2 498.705383 252.0
108760 1 760.0 236.0 2 738.487549 236.0
108624 1 489.0 267.0 2 458.871918 267.0
108786 1 377.0 63.0 2 357.482605 63.0
108502 1 1124.0 315.0 2 1068.340088 315.0
108643 1 1037.0 241.0 2 1008.617981 241.0
108488 1 1015.200012 339.600006 2 956.964233 339.600006
108571 1 978.000061 298.800018 2 937.697571 298.800018
108809 1 779.0 226.0 2 760.493347 226.0
108769 1 882.0 228.0 2 861.190125 228.0
108524 1 613.200012 331.200012 2 560.386597 331.200012
108657 1 482.0 205.0 2 454.670441 205.0
108704 1 566.0 244.0 2 540.641052 244.0
108747 1 571.0 186.0 2 548.387878 186.0
108527 1 471.0 341.0 2 418.725555 341.0
108568 1 531.0 294.0 2 490.088013 294.0
108635 1 376.0 202.0 2 347.02713 202.0
108494 1 345.600006 345.600006 2 288.080261 345.600006
108582 1 438.000031 292.800018 2 400.653503 292.800018
108701 1 333.600006 84.0 2 308.05011 84.0
108650 1 405.0 21.0 2 377.258606 21.0
108789 1 195.600006 189.600006 2 176.44075 189.600006
108667 1 222.000015 274.800018 2 195.415665 274.800018
108671 1 494.0 250.0 2 467.224548 250.0
108652 1 476.0 240.0 2 448.476196 240.0
107772 1 782.400024 49.200001 2 765.68512 49.200001
108752 1 345.600006 27.6 2 323.461395 27.6
108702 1 1123.0 231.0 2 1097.479614 231.0
108529 1 1058.400024 325.200012 2 1006.476257 325.200012
108499 1 1124.400024 314.400024 2 1068.316772 314.400024
108682 1 1035.600098 241.200012 2 1009.283081 241.200012
108564 1 1000.800049 294.0 2 958.227844 294.0
108579 1 869.0 280.0 2 830.991089 280.0
108522 1 614.0 332.0 2 560.722229 332.0
108720 1 565.200012 243.600006 2 540.990234 243.600006
108744 1 566.400024 187.200012 2 543.725403 187.200012
108506 1 470.880005 339.840027 2 415.359467 339.840027
108572 1 530.400024 292.800018 2 490.31723 292.800018
108542 1 564.0 316.0 2 515.449951 316.0
108627 1 376.800018 201.600006 2 347.114075 201.600006
108609 1 344.400024 270.0 2 312.980286 270.0
108514 1 441.600006 334.800018 2 387.296204 334.800018
108574 1 406.0 280.0 2 366.223938 280.0
108755 1 442.0 155.0 2 420.017914 155.0
108647 1 183.600006 262.800018 2 155.779907 262.800018
108685 1 261.0 218.0 2 234.852219 218.0
108541 1 170.400009 315.600006 2 121.786072 315.600006
108532 1 302.400024 332.400024 2 250.759811 332.400024
108785 1 164.0 166.0 2 144.312012 166.0
108437 1 694.080017 56.160004 2 677.686951 56.160004
108805 1 364.800018 76.800003 2 346.137421 76.800003
108503 1 1123.200073 313.920013 2 1067.579468 313.920013
108803 1 793.1521 219.456024 2 774.476868 219.456024
108521 1 613.440002 331.200012 2 560.096008 331.200012
108539 1 743.040039 315.360016 2 694.252686 315.360016
108735 1 571.679993 187.200012 2 548.603577 187.200012
108570 1 529.920044 293.76001 2 489.42392 293.76001
108546 1 564.0 315.600006 2 516.851379 315.600006
108614 1 374.400024 263.52002 2 343.142212 263.52002
108629 1 378.720001 200.160004 2 349.188263 200.160004
108711 1 438.000031 210.000015 2 413.057495 210.000015
108788 1 433.440002 34.560001 2 413.987549 34.560001
108216 1 360.0 181.440002 2 333.421295 181.440002
108670 1 331.200012 105.120003 2 304.37912 105.120003
108686 1 181.440002 262.080017 2 155.412521 262.080017
105318 1 267.494446 226.02243 2 241.697266 226.02243
108550 1 169.920013 315.360016 2 123.088531 315.360016
108528 1 299.52002 332.640015 2 247.446701 332.640015
108530 1 274.752014 333.504028 2 223.057358 333.504028
108689 1 155.520004 277.920013 2 129.576904 277.920013
108672 1 112.800003 272.400024 2 86.031662 272.400024
108193 1 308.400024 90.0 2 281.536652 90.0
108648 1 303.840027 34.560001 2 276.04071 34.560001
108551 1 563.040039 315.360016 2 516.54126 315.360016
108501 1 1124.928101 314.496033 2 1069.183594 314.496033
108536 1 1109.376099 295.488037 2 1059.900024 295.488037
108743 1 1112.832153 228.096024 2 1090.11792 228.096024
108517 1 298.944031 333.504028 2 244.703339 333.504028
108540 1 272.160004 334.080017 2 223.496704 334.080017
107699 1 265.420837 267.494446 2 236.745697 267.494446
108707 1 77.76001 274.752014 2 52.463791 274.752014
108645 1 179.712021 262.656036 2 151.719772 262.656036
108700 1 1074.23999 239.040009 2 1048.665894 239.040009
108641 1 1036.800049 240.480011 2 1008.276917 240.480011
108543 1 169.344009 316.22403 2 120.796188 316.22403
108628 1 378.432037 200.448013 2 348.79248 200.448013
107718 1 126.144012 266.11203 2 98.82077 266.11203
108403 1 948.672119 152.064011 2 933.878845 152.064011
108787 1 433.728027 34.560005 2 414.245544 34.560005
108741 1 600.480042 233.280014 2 577.707947 233.280014
108737 1 552.960022 185.76001 2 530.030334 185.76001
108569 1 530.496033 293.76004 2 489.717987 293.76004
108807 1 76.032005 200.448013 2 57.469841 200.448013
108774 1 868.320007 228.960007 2 847.819092 228.960007
108644 1 304.128021 34.560005 2 276.062897 34.560005
107808 1 229.82402 114.048012 2 215.608353 114.048012
108451 1 711.936096 124.416016 2 696.570679 124.416016
108656 1 493.920013 249.12001 2 466.55545 249.12001
108669 1 437.76001 208.800003 2 410.929199 208.800003
108567 1 980.812927 292.377655 2 939.202515 292.377655
108738 1 1142.20813 229.82402 2 1119.324097 229.82402
108762 1 1113.523315 228.096039 2 1092.204834 228.096039
108515 1 1123.891357 315.187256 2 1069.602295 315.187256
108588 1 568.512024 276.480042 2 532.465454 276.480042
108537 1 1076.198608 311.040039 2 1026.982544 311.040039
108566 1 1073.088135 290.304016 2 1031.208984 290.304016
108535 1 744.768066 316.22403 2 695.19873 316.22403
108613 1 374.976044 264.384033 2 343.64151 264.384033
108545 1 78.796814 319.334442 2 30.695568 319.334442
104241 1 378.224701 201.553955 2 348.241425 201.553955
107661 1 328.458282 218.972198 2 297.182465 218.972198
105980 1 94.556175 238.878754 2 73.508789 238.878754
108751 1 597.888062 233.280029 2 575.744019 233.280029
108698 1 551.232056 243.648026 2 525.568787 243.648026
108736 1 572.31366 188.697632 2 549.383545 188.697632
104217 1 829.440125 51.840008 2 813.23999 51.840008
108709 1 437.184052 209.088013 2 412.153442 209.088013
108804 1 72.576004 231.552017 2 53.907616 231.552017
103641 1 717.465698 223.948837 2 702.284424 223.948837
108677 1 331.776031 105.408012 2 305.256226 105.408012
108742 1 1140.480103 230.169632 2 1117.763672 230.169632
108605 1 435.456055 263.761963 2 403.786621 263.761963
108684 1 507.61734 82.114571 2 481.394531 82.114571
108439 1 949.708923 153.446426 2 934.886658 153.446426
108646 1 1069.977783 241.367081 2 1042.157471 241.367081
108726 1 1054.05249 232.906799 2 1030.368164 232.906799
106298 1 1032.652954 179.159058 2 1016.834412 179.159058
108554 1 166.717468 316.016693 2 121.802795 316.016693
108500 1 113.467415 313.528381 2 57.433662 313.528381
108816 1 267.494446 180.403229 2 249.433792 180.403229
108817 1 231.413788 159.252502 2 213.35701 159.252502
106412 1 199.065628 124.416016 2 183.495575 124.416016
108764 1 868.838501 230.169632 2 847.569031 230.169632
108458 1 1015.23468 161.740829 2 1000.162292 161.740829
108790 1 74.649612 231.413788 2 55.257805 231.413788
108798 1 77.137932 201.553955 2 58.189281 201.553955
108795 1 261.273651 62.208008 2 242.047531 62.208008
107386 1 741.51947 221.46051 2 726.829041 221.46051
108681 1 327.628845 103.680016 2 301.279205 103.680016
108547 1 561.945679 317.260834 2 514.856873 317.260834
108603 1 903.260315 263.761963 2 871.132996 263.761963
108561 1 1072.051392 290.304047 2 1028.897949 290.304047
108590 1 517.570618 281.180206 2 481.660736 281.180206
107335 1 994.332886 200.060959 2 980.328979 200.060959
108573 1 320.993317 286.15683 2 281.132233 286.15683
105346 1 415.051849 71.663628 2 387.092377 71.663628
108791 1 212.004898 176.173096 2 192.616821 176.173096
107900 1 469.39679 236.48999 2 442.258728 236.48999
108757 1 599.685181 233.902115 2 578.0354 233.902115
108750 1 868.423828 231.413788 2 846.209961 231.413788
108797 1 77.635597 203.046951 2 58.5149 203.046951
108691 1 323.481659 102.021133 2 297.605652 102.021133
107334 1 910.72522 79.626251 2 895.924866 79.626251
108782 1 564.351074 59.719692 2 544.313354 59.719692
108610 1 379.220032 200.060959 2 347.829834 200.060959
108602 1 821.145752 259.78067 2 788.979431 259.78067
108595 1 1005.281433 263.761963 2 971.188599 263.761963
108813 1 268.738617 182.145065 2 250.483765 182.145065
104739 1 691.554077 85.996361 2 675.939026 85.996361
108739 1 600.182922 232.906799 2 577.383484 232.906799
107721 1 552.407166 244.850739 2 527.713379 244.850739
108772 1 1060.621704 222.157257 2 1040.006714 222.157257
105954 1 910.725281 80.621582 2 896.483704 80.621582
108780 1 86.593552 200.060959 2 66.507591 200.060959
102261 1 189.90863 85.996361 2 176.191757 85.996361
107877 1 677.221313 218.574081 2 661.422058 218.574081
107193 1 376.23407 259.78067 2 344.241364 259.78067
108592 1 516.575317 280.682556 2 481.426849 280.682556
