762
467.941192627 -41.61756134 196.644302368 0.046487572194093475 0.5677092438971659 -0.03564714692561832 0.8211421319974214
110972 1 464.0 303.0 2 420.985718 303.0
111215 1 243.0 100.0 2 223.82695 100.0
109798 1 666.0 254.400009 2 645.491333 254.400009
111304 1 675.0 239.0 2 657.161011 239.0
111091 1 561.0 259.0 2 528.423523 259.0
111213 1 839.0 35.0 2 819.236877 35.0
111096 1 507.0 194.0 2 474.587128 194.0
111122 1 486.0 193.0 2 454.970123 193.0
111180 1 498.0 52.0 2 475.817017 52.0
110975 1 430.0 313.0 2 386.168365 313.0
111288 1 663.0 125.0 2 644.848938 125.0
111251 1 621.0 256.0 2 602.195435 256.0
111108 1 1196.0 263.0 2 1166.740845 263.0
111295 1 1074.0 193.0 2 1054.759644 193.0
111062 1 1064.0 277.0 2 1029.285767 277.0
111275 1 945.0 106.0 2 926.829834 106.0
111308 1 898.0 201.0 2 880.000916 201.0
110930 1 671.0 324.0 2 624.69519 324.0
110899 1 760.0 333.0 2 709.419373 333.0
111218 1 874.0 60.0 2 853.887573 60.0
110747 1 668.0 157.0 2 650.827515 157.0
111157 1 329.0 66.0 2 302.618378 66.0
110895 1 100.0 254.0 2 48.731102 254.0
109773 1 676.800049 100.800003 2 659.237366 100.800003
110322 1 668.400024 81.600006 2 649.540161 81.600006
110728 1 704.400024 115.200005 2 688.400269 115.200005
110976 1 463.200012 303.600006 2 420.276031 303.600006
111200 1 729.600037 253.200012 2 709.878296 253.200012
110958 1 277.200012 280.800018 2 232.301163 280.800018
110883 1 340.800018 338.400024 2 288.62973 338.400024
109772 1 663.600037 124.800003 2 644.894714 124.800003
111197 1 692.400024 254.400009 2 671.348145 254.400009
110271 1 690.0 228.000015 2 671.932617 228.000015
111311 1 667.200012 201.600006 2 648.848145 201.600006
111041 1 507.600006 288.0 2 469.763916 288.0
111305 1 638.400024 224.400009 2 620.719116 224.400009
110722 1 727.200012 38.400002 2 706.407593 38.400002
110968 1 430.800018 312.0 2 387.451691 312.0
111250 1 955.200012 56.400002 2 935.814514 56.400002
111220 1 243.600006 99.600006 2 223.656631 99.600006
111204 1 655.200012 255.600006 2 634.750732 255.600006
111198 1 676.800049 38.400002 2 654.828247 38.400002
111003 1 127.200005 66.0 2 85.987305 66.0
111154 1 1140.0 248.400009 2 1115.13269 248.400009
111129 1 1195.200073 262.800018 2 1165.86145 262.800018
111068 1 1108.800049 278.400024 2 1073.834717 278.400024
110475 1 1191.600098 328.800018 2 1140.059692 328.800018
110865 1 1154.400024 338.400024 2 1098.796387 338.400024
110562 1 1063.200073 276.0 2 1027.639893 276.0
111286 1 1075.200073 152.400009 2 1055.761597 152.400009
111240 1 1087.200073 120.000008 2 1068.823242 120.000008
111209 1 792.000061 243.600006 2 772.510315 243.600006
111282 1 897.600037 200.400009 2 879.656738 200.400009
111051 1 669.600037 292.800018 2 633.022522 292.800018
110902 1 759.600037 332.400024 2 710.052979 332.400024
111066 1 751.200012 282.0 2 715.59729 282.0
111302 1 654.0 24.0 2 636.249939 24.0
111093 1 506.400024 194.400009 2 473.989136 194.400009
111126 1 608.400024 274.800018 2 580.504211 274.800018
110540 1 376.800018 232.800003 2 333.430634 232.800003
110918 1 378.0 337.200012 2 328.679565 337.200012
110565 1 378.0 296.400024 2 335.522278 296.400024
110894 1 99.600006 254.400009 2 48.903019 254.400009
110960 1 278.400024 22.800001 2 232.440262 22.800001
111034 1 157.200012 46.800003 2 118.650589 46.800003
110252 1 721.440002 132.480011 2 704.743103 132.480011
110733 1 704.160034 115.200005 2 687.760803 115.200005
109867 1 870.912109 57.231369 2 851.22998 57.231369
111283 1 645.119995 223.200012 2 626.184021 223.200012
111196 1 727.200012 37.440002 2 704.758362 37.440002
109913 1 667.008057 202.176025 2 647.959839 202.176025
111153 1 214.560013 86.400002 2 189.543747 86.400002
111267 1 69.120003 118.080002 2 50.764488 118.080002
110258 1 639.360046 230.400009 2 620.694458 230.400009
111071 1 1107.359985 277.920013 2 1073.208862 277.920013
110882 1 1188.0 329.76001 2 1134.979126 329.76001
111056 1 1185.119995 285.120026 2 1147.245117 285.120026
111094 1 1149.119995 272.160004 2 1117.529541 272.160004
111287 1 954.720032 228.960007 2 938.795776 228.960007
111121 1 1052.640015 264.960022 2 1022.759277 264.960022
110789 1 1013.76001 216.000015 2 995.849976 216.000015
111069 1 1015.200012 279.360016 2 980.106079 279.360016
111264 1 964.800049 73.440002 2 946.310547 73.440002
109375 1 995.040039 178.560013 2 978.470825 178.560013
111167 1 840.960022 249.12001 2 818.293457 249.12001
111202 1 792.000061 243.360016 2 772.385132 243.360016
111099 1 777.600037 270.720001 2 746.562134 270.720001
110917 1 904.320007 324.0 2 853.927002 324.0
111083 1 852.480042 275.040009 2 819.636169 275.040009
111252 1 720.0 205.920013 2 702.79071 205.920013
110929 1 671.040039 322.559998 2 622.580566 322.559998
111060 1 669.600037 292.320007 2 633.215393 292.320007
111072 1 750.240051 282.240021 2 714.832214 282.240021
111253 1 917.280029 83.520004 2 898.339417 83.520004
108783 1 902.016113 174.182419 2 882.989746 174.182419
111258 1 904.320007 106.560005 2 886.461426 106.560005
110745 1 691.200012 161.279999 2 673.208557 161.279999
110815 1 689.76001 125.280006 2 671.934814 125.280006
111221 1 570.240051 256.320007 2 550.97583 256.320007
111044 1 508.320007 288.0 2 470.368286 288.0
110967 1 604.800049 315.360016 2 561.473694 315.360016
111133 1 607.680054 275.040009 2 579.891296 275.040009
110971 1 375.840027 233.280014 2 333.195923 233.280014
111031 1 460.800018 241.920013 2 422.425201 241.920013
109738 1 466.560028 218.880005 2 435.01239 218.880005
110898 1 324.0 315.360016 2 274.379333 315.360016
110933 1 237.600006 260.640015 2 190.001236 260.640015
110950 1 236.160004 221.76001 2 189.427704 221.76001
111048 1 315.360016 239.040009 2 276.768585 239.040009
111279 1 243.360016 115.200005 2 225.204437 115.200005
111049 1 155.520004 46.080002 2 117.386627 46.080002
111168 1 70.560005 149.76001 2 46.927399 149.76001
111190 1 689.472046 39.744003 2 668.901306 39.744003
111266 1 654.912048 243.648026 2 635.399231 243.648026
110927 1 708.480042 328.320038 2 659.858215 328.320038
110923 1 672.192078 323.136017 2 624.121216 323.136017
110911 1 907.200073 324.864044 2 856.444031 324.864044
111080 1 1107.648071 278.208038 2 1073.928955 278.208038
111102 1 933.120117 269.568024 2 901.935059 269.568024
111294 1 243.648026 115.776009 2 225.4207 115.776009
111095 1 779.328064 271.296021 2 749.318115 271.296021
110870 1 1190.592163 330.048035 2 1137.114746 330.048035
111055 1 1185.408081 285.120026 2 1147.923828 285.120026
111079 1 1152.57605 271.296021 2 1120.208618 271.296021
110901 1 98.49601 257.472015 2 47.133671 257.472015
111162 1 108.864014 127.872009 2 87.514633 127.872009
110970 1 604.800049 316.22403 2 560.693787 316.22403
108916 1 592.704041 176.256012 2 575.529419 176.256012
111139 1 1169.856079 259.200012 2 1141.618164 259.200012
110868 1 172.800018 340.416046 2 117.261353 340.416046
110952 1 172.800018 254.016022 2 125.845787 254.016022
110922 1 134.784012 248.832031 2 84.778824 248.832031
111205 1 793.1521 243.648026 2 773.217346 243.648026
110788 1 613.440063 245.376022 2 594.857361 245.376022
108769 1 1066.176147 196.99202 2 1049.253784 196.99202
111191 1 492.480042 50.112003 2 470.647736 50.112003
111036 1 461.376038 241.920029 2 422.734253 241.920029
111105 1 1035.072144 264.384033 2 1002.051636 264.384033
110932 1 221.184021 317.952026 2 173.495346 317.952026
110977 1 376.704041 233.280029 2 334.103394 233.280029
111159 1 321.40802 63.936005 2 295.51297 63.936005
110948 1 235.008026 222.912018 2 188.193466 222.912018
111176 1 70.848007 150.336014 2 47.663338 150.336014
109430 1 748.22406 89.85601 2 731.934143 89.85601
110690 1 727.488098 38.016003 2 705.918823 38.016003
107897 1 971.136108 108.864014 2 953.122253 108.864014
110367 1 722.304077 133.056015 2 705.093262 133.056015
110161 1 509.76004 292.032013 2 471.36145 292.032013
111043 1 508.032043 288.576019 2 469.757019 288.576019
111255 1 720.57605 205.632019 2 702.674683 205.632019
111032 1 314.496033 238.46402 2 275.67572 238.46402
110526 1 262.656036 236.736023 2 216.225922 236.736023
110539 1 432.000031 312.768036 2 387.488129 312.768036
111002 1 407.808044 297.216034 2 366.821838 297.216034
110511 1 378.432037 336.960022 2 328.739716 336.960022
111301 1 667.008057 81.216011 2 649.380676 81.216011
110796 1 896.832092 200.448013 2 878.948486 200.448013
110268 1 850.176086 217.728027 2 833.682007 217.728027
110148 1 155.52002 46.656006 2 117.171387 46.656006
111100 1 779.673706 271.641632 2 749.817444 271.641632
111015 1 1186.099365 286.15683 2 1146.306763 286.15683
110872 1 1057.536133 329.702454 2 1007.738831 329.702454
111113 1 1053.388916 265.420837 2 1023.333801 265.420837
111075 1 1020.211365 279.936035 2 985.420837 279.936035
110893 1 134.784012 306.892853 2 84.101707 306.892853
111137 1 1167.437012 259.200043 2 1140.095581 259.200043
110760 1 960.076965 230.169632 2 934.622864 230.169632
110906 1 906.16333 325.555237 2 855.831543 325.555237
111136 1 914.457703 265.420837 2 886.190918 265.420837
111067 1 841.881714 277.862427 2 808.618896 277.862427
109930 1 593.049683 176.256027 2 575.309204 176.256027
110348 1 574.387268 143.078415 2 566.036133 143.078415
110704 1 493.516876 47.692806 2 471.235901 47.692806
110512 1 99.532814 257.126434 2 47.484764 257.126434
110519 1 603.417664 315.187256 2 560.172302 315.187256
110942 1 172.108826 252.979233 2 125.652008 252.979233
110904 1 134.784012 248.832031 2 84.427513 248.832031
111087 1 561.945679 263.347229 2 529.422302 263.347229
111000 1 412.646454 244.68483 2 371.102173 244.68483
110183 1 466.560059 217.728027 2 434.759796 217.728027
111038 1 537.0625 298.59845 2 498.237976 298.59845
111033 1 485.222473 290.304047 2 448.30365 290.304047
111261 1 1094.860962 167.961624 2 1076.825195 167.961624
110986 1 379.468842 234.316833 2 336.52356 234.316833
110765 1 717.465698 167.961624 2 699.953796 167.961624
111112 1 1034.726562 263.347229 2 1002.061157 263.347229
108410 1 690.508911 161.740829 2 671.826843 161.740829
107935 1 690.508911 124.416016 2 672.829651 124.416016
106829 1 995.328125 178.32962 2 978.633789 178.32962
110082 1 234.316833 221.875229 2 187.605972 221.875229
110336 1 970.444946 161.740829 2 953.30188 161.740829
110944 1 221.875229 317.260834 2 173.204529 317.260834
110506 1 180.403229 329.702454 2 124.680374 329.702454
111054 1 313.113647 238.464035 2 275.067963 238.464035
110877 1 344.217651 331.776062 2 291.491089 331.776062
110122 1 393.98407 300.672028 2 349.996277 300.672028
110963 1 340.070435 298.59845 2 295.548431 298.59845
111276 1 848.102539 72.576012 2 832.501831 72.576012
108775 1 872.985718 58.060806 2 853.732056 58.060806
109776 1 694.656128 244.68483 2 676.548462 244.68483
110985 1 408.499268 298.59845 2 365.722656 298.59845
111222 1 242.611237 103.680016 2 222.683609 103.680016
108752 1 275.788849 282.009644 2 229.443954 282.009644
109816 1 910.72522 231.413788 2 892.961853 231.413788
110662 1 843.955322 248.832031 2 821.531372 248.832031
108218 1 850.176147 217.728027 2 835.54248 217.728027
111289 1 667.69928 80.870415 2 648.841858 80.870415
105907 1 634.521667 78.796814 2 616.855347 78.796814
111183 1 690.508911 39.398407 2 668.805237 39.398407
111260 1 974.592163 62.208008 2 955.667969 62.208008
110835 1 665.625671 203.21283 2 647.087952 203.21283
111309 1 244.68483 116.121613 2 225.897278 116.121613
108411 1 833.587341 126.489616 2 816.243103 126.489616
110502 1 671.846497 323.481659 2 623.025818 323.481659
109319 1 1167.437012 126.489616 2 1151.002808 126.489616
111084 1 1105.229004 277.862427 2 1072.447266 277.862427
111144 1 950.538391 263.761963 2 923.382996 263.761963
109423 1 592.220215 176.670746 2 574.97876 176.670746
111244 1 557.383789 149.299225 2 540.650635 149.299225
104330 1 900.771973 174.182419 2 882.467896 174.182419
106898 1 865.935486 176.670746 2 849.380371 176.670746
110520 1 602.173523 316.016693 2 558.836792 316.016693
111149 1 607.150146 273.71524 2 578.49292 273.71524
111110 1 562.360413 263.761963 2 530.651611 263.761963
111151 1 808.704102 261.273651 2 781.879822 261.273651
110720 1 791.285889 243.855392 2 772.717651 243.855392
109320 1 1012.746399 216.483871 2 995.711975 216.483871
111030 1 460.339264 241.367081 2 421.441711 241.367081
111148 1 286.15683 69.672974 2 258.053009 69.672974
111018 1 497.664062 306.063416 2 457.705078 306.063416
111047 1 534.988892 298.59845 2 497.547974 298.59845
111046 1 485.222473 288.645172 2 446.399811 288.645172
109701 1 378.224701 233.902115 2 335.640533 233.902115
104669 1 721.612915 131.880981 2 704.557922 131.880981
110769 1 967.956604 161.740829 2 951.226746 161.740829
109879 1 962.97998 149.299225 2 944.833496 149.299225
110962 1 340.899902 298.59845 2 296.206818 298.59845
111045 1 313.528351 238.878754 2 274.858154 238.878754
110978 1 408.084534 298.59845 2 365.874756 298.59845
110943 1 231.413788 223.948837 2 185.794754 223.948837
110821 1 517.570618 204.042267 2 485.278442 204.042267
110622 1 490.199097 201.553955 2 459.332214 201.553955
110345 1 1094.860962 169.20578 2 1077.749146 169.20578
108917 1 1072.466064 151.787537 2 1053.419189 151.787537
104229 1 666.869873 79.626251 2 648.511658 79.626251
105662 1 695.137207 243.656357 2 677.581726 243.656357
110072 1 325.969971 316.016693 2 275.21991 316.016693
110670 1 843.540588 248.832031 2 820.926514 248.832031
109925 1 923.16687 47.278088 2 904.305542 47.278088
109812 1 639.498352 236.390427 2 622.362793 236.390427
110844 1 665.874573 203.046951 2 646.60376 203.046951
110516 1 99.532814 293.621796 2 48.574776 293.621796
109634 1 99.532814 258.785309 2 47.288689 258.785309
111185 1 492.687439 47.278088 2 470.71167 47.278088
110905 1 908.236938 325.969971 2 856.705139 325.969971
105921 1 755.454102 137.355286 2 739.353882 137.355286
109428 1 722.608276 131.383316 2 705.099121 131.383316
111145 1 283.668549 98.537491 2 256.247253 98.537491
111307 1 1113.772217 226.93483 2 1095.612793 226.93483
109335 1 1110.786255 217.976868 2 1092.566406 217.976868
110832 1 1068.982422 197.074982 2 1050.0979 197.074982
104252 1 868.921509 56.733707 2 849.721741 56.733707
110840 1 1098.842285 167.215134 2 1083.486206 167.215134
108826 1 62.705677 125.411354 2 46.404152 125.411354
111057 1 313.528381 238.878769 2 274.070709 238.878769
110935 1 262.766632 238.878769 2 214.727081 238.878769
111023 1 498.659424 304.570435 2 459.09668 304.570435
109926 1 1048.080566 173.187103 2 1030.263306 173.187103
110527 1 274.710571 283.668549 2 228.222382 283.668549
110548 1 465.813599 304.570435 2 422.752869 304.570435
103378 1 686.776428 161.243164 2 668.646484 161.243164
110936 1 232.906799 223.948837 2 185.471375 223.948837
110931 1 197.074982 226.93483 2 148.682968 226.93483
110984 1 394.149963 301.584442 2 349.992706 301.584442
110959 1 340.402252 298.59845 2 296.335876 298.59845
110110 1 358.318146 280.682556 2 315.725647 280.682556
109934 1 961.487 152.285217 2 944.846863 152.285217
104670 1 412.065857 244.850739 2 369.748718 244.850739
110957 1 247.836716 304.570435 2 203.455307 304.570435
110937 1 209.018921 265.752625 2 161.04361 265.752625
110185 1 543.449219 241.864746 2 510.69162 241.864746
110629 1 489.701477 203.046951 2 458.149719 203.046951
106679 1 379.220032 235.892776 2 337.363525 235.892776
109435 1 621.084778 83.607567 2 603.935242 83.607567
105828 1 665.874573 80.621582 2 647.448792 80.621582
111166 1 241.864746 104.50946 2 222.383591 104.50946
106204 1 967.458984 107.495445 2 949.021973 107.495445
106144 1 940.585144 101.523476 2 922.327576 101.523476
111269 1 653.930603 241.864746 2 633.11908 241.864746
110879 1 134.369308 307.556396 2 83.645386 307.556396
111097 1 564.351074 262.766632 2 532.057556 262.766632
110311 1 1167.52002 125.411354 2 1150.906372 125.411354
110637 1 913.711304 262.766632 2 885.498596 262.766632
111257 1 931.627197 212.004898 2 914.55481 212.004898
104299 1 867.129944 175.575897 2 850.618835 175.575897
109363 1 1110.786255 218.574081 2 1091.937988 218.574081
109364 1 1067.788086 197.074982 2 1050.268677 197.074982
110160 1 483.729523 290.237701 2 445.353302 290.237701
111140 1 806.215881 261.572266 2 778.985474 261.572266
107339 1 691.554077 125.411354 2 672.706726 125.411354
110998 1 283.07135 293.820892 2 243.75914 293.820892
106187 1 272.321808 283.07135 2 228.048172 283.07135
102287 1 687.970886 161.243179 2 669.213196 161.243179
111107 1 340.402252 250.822708 2 308.513123 250.822708
109886 1 727.385864 243.656357 2 708.940247 243.656357
107914 1 333.235901 161.243179 2 302.328522 161.243179
104281 1 232.906799 222.157257 2 185.669907 222.157257
107183 1 197.074982 225.740448 2 148.77388 225.740448
109343 1 541.060425 243.656357 2 505.72641 243.656357
110191 1 519.56134 207.824539 2 487.118927 207.824539
111223 1 243.656357 103.91227 2 223.285004 103.91227
111163 1 211.407715 85.996361 2 188.877716 85.996361
111284 1 1096.453613 168.409531 2 1080.776855 168.409531
104300 1 942.37677 100.329086 2 922.971191 100.329086
111242 1 680.804504 100.329086 2 661.793823 100.329086
106238 1 666.471802 78.829994 2 647.63092 78.829994
110363 1 627.056763 89.579544 2 610.535828 89.579544
108906 1 652.139038 243.656357 2 633.686829 243.656357
109896 1 666.471802 204.241348 2 647.25824 204.241348
111146 1 286.654541 68.080452 2 258.613556 68.080452
110635 1 490.895874 179.159088 2 459.773651 179.159088
111170 1 816.965393 243.656357 2 795.367554 243.656357
109353 1 931.627197 211.407715 2 914.802002 211.407715
111130 1 1057.038574 265.155426 2 1027.004761 265.155426
111315 1 964.800049 82.800003 2 946.279724 82.800003
111249 1 621.600037 255.600006 2 602.215027 255.600006
111326 1 1072.800049 192.0 2 1054.72229 192.0
111318 1 850.0 218.0 2 833.360535 218.0
111319 1 903.0 172.0 2 885.205933 172.0
111211 1 622.080078 255.744019 2 602.124268 255.744019
111340 1 1105.920166 50.112003 2 1090.071655 50.112003
108767 1 845.280029 249.12001 2 821.841003 249.12001
111331 1 849.600037 218.400009 2 833.89209 218.400009
111336 1 725.76001 240.480011 2 708.195557 240.480011
111142 1 608.256042 274.752014 2 580.372742 274.752014
110694 1 839.808105 36.288002 2 819.241577 36.288002
110827 1 933.120117 212.544022 2 915.884583 212.544022
111346 1 691.200073 160.70401 2 673.167542 160.70401
108774 1 903.74408 43.200005 2 884.621704 43.200005
111360 1 619.591797 199.065628 2 602.93988 199.065628
111358 1 729.907288 196.992035 2 712.983093 196.992035
108213 1 1014.336121 216.000015 2 996.537292 216.000015
109704 1 431.308868 313.113647 2 387.308289 313.113647
111407 1 893.307007 201.553955 2 875.788208 201.553955
107764 1 937.267334 95.385612 2 919.333801 95.385612
111236 1 1112.279175 226.437149 2 1094.157349 226.437149
109228 1 261.273651 238.878754 2 215.008942 238.878754
111367 1 606.154846 59.719692 2 588.665039 59.719692
111403 1 677.818481 98.537491 2 660.501709 98.537491
104250 1 938.096802 97.044495 2 920.294922 97.044495
104846 1 931.627197 74.649612 2 913.422302 74.649612
105894 1 489.701477 179.159073 2 459.385498 179.159073
110144 1 1186.928833 286.15683 2 1147.370483 286.15683
111370 1 662.888611 125.411354 2 644.459045 125.411354
107802 1 1068.982422 197.074982 2 1050.0979 197.074982
107790 1 489.701477 203.046951 2 458.149719 203.046951
109742 1 334.430267 161.243164 2 303.448822 161.243164
111369 1 803.229858 92.565521 2 787.387573 92.565521
111141 1 953.126282 265.155426 2 925.270813 265.155426
