791
-90.8 -14.9 -505 -0.0421 -0.475 0.0375 0.878 
110792 1 1070.0 292.0 2 1033.687622 292.0
110267 1 434.0 102.0 2 411.602264 102.0
110893 1 847.0 206.0 2 821.985229 206.0
110671 1 705.0 298.0 2 648.558716 298.0
111045 1 824.0 202.0 2 800.403503 202.0
110884 1 866.0 227.0 2 840.936523 227.0
110503 1 905.0 88.0 2 881.526245 88.0
111043 1 386.0 172.0 2 364.563446 172.0
111057 1 417.0 145.0 2 395.579346 145.0
110672 1 563.0 216.0 2 506.614227 216.0
110683 1 487.0 266.0 2 432.24234 266.0
110708 1 576.0 196.0 2 525.825012 196.0
110854 1 819.0 258.0 2 793.709351 258.0
110857 1 813.0 238.0 2 788.441895 238.0
110941 1 1162.0 208.0 2 1138.078735 208.0
110751 1 1068.0 319.200012 2 1021.424072 319.200012
110791 1 1164.0 291.0 2 1127.322021 291.0
110853 1 954.0 263.0 2 928.091187 263.0
110804 1 981.0 289.0 2 947.285828 289.0
110978 1 989.0 273.0 2 965.500244 273.0
110932 1 933.600037 72.0 2 910.818298 72.0
110926 1 990.0 167.0 2 966.15802 167.0
110964 1 893.0 192.0 2 870.149475 192.0
110764 1 874.0 318.0 2 830.752075 318.0
110218 1 900.0 286.0 2 869.587891 286.0
111019 1 804.0 117.0 2 782.637939 117.0
110954 1 854.400024 145.200012 2 830.209595 145.200012
111058 1 741.600037 25.200001 2 721.245422 25.200001
110979 1 748.0 172.0 2 725.051025 172.0
110618 1 438.000031 344.400024 2 361.158264 344.400024
110703 1 579.0 174.0 2 528.406372 174.0
110247 1 426.000031 46.800003 2 403.819061 46.800003
110621 1 163.0 320.0 2 88.406517 320.0
110631 1 209.0 293.0 2 136.409637 293.0
110814 1 519.0 26.0 2 490.806061 26.0
110962 1 812.160034 221.76001 2 788.022095 221.76001
110573 1 823.680054 201.600006 2 800.36554 201.600006
110670 1 704.400024 297.600006 2 647.841797 297.600006
110253 1 718.800049 277.200012 2 692.69989 277.200012
111053 1 415.200012 202.800003 2 394.287445 202.800003
110290 1 903.600037 259.200012 2 878.162537 259.200012
110888 1 874.800049 256.800018 2 849.877502 256.800018
110383 1 874.800049 241.200012 2 850.220886 241.200012
110252 1 844.800049 238.800003 2 818.846741 238.800003
111036 1 385.200012 171.600006 2 363.915466 171.600006
110859 1 819.360046 256.320007 2 793.658203 256.320007
110707 1 576.0 195.840012 2 525.442139 195.840012
111004 1 1105.0 198.0 2 1082.472534 198.0
110784 1 1141.200073 290.400024 2 1103.984375 290.400024
110844 1 954.000061 262.800018 2 928.277405 262.800018
110774 1 924.000061 319.200012 2 882.128418 319.200012
110957 1 1156.320068 168.480011 2 1132.547607 168.480011
110474 1 1016.400024 62.400002 2 990.550232 62.400002
110410 1 920.160034 164.160004 2 895.108582 164.160004
110975 1 990.000061 166.800003 2 966.641479 166.800003
110922 1 984.000061 117.600006 2 958.754272 117.600006
110897 1 778.800049 265.200012 2 753.901489 265.200012
110990 1 793.0 218.0 2 769.099792 218.0
110761 1 834.000061 318.0 2 791.188416 318.0
110368 1 798.000061 268.800018 2 773.895447 268.800018
110226 1 900.000061 285.600006 2 867.141235 285.600006
110811 1 854.0 284.0 2 824.36731 284.0
109860 1 804.000061 40.800003 2 781.578613 40.800003
111005 1 804.000061 116.400002 2 782.171021 116.400002
110287 1 889.920044 149.76001 2 864.513489 149.76001
110619 1 437.76001 344.160004 2 361.229248 344.160004
111091 1 496.800018 139.680008 2 489.661804 139.680008
110330 1 440.400024 94.800003 2 419.028351 94.800003
110254 1 425.0 46.0 2 402.941864 46.0
110712 1 349.200012 112.800003 2 300.67514 112.800003
110401 1 404.400024 136.800003 2 383.261414 136.800003
109901 1 903.74408 88.128006 2 881.093323 88.128006
109775 1 902.880066 259.200012 2 877.375488 259.200012
110864 1 875.52002 256.320007 2 850.077209 256.320007
110686 1 541.440002 185.76001 2 487.391418 185.76001
111048 1 404.400024 168.0 2 383.160583 168.0
110357 1 416.400024 146.400009 2 395.075409 146.400009
110248 1 718.848083 278.208038 2 692.63501 278.208038
110832 1 841.200012 258.0 2 814.640381 258.0
110902 1 865.200012 226.800003 2 840.119812 226.800003
110104 1 606.240051 200.160004 2 551.404114 200.160004
110141 1 576.0 195.600006 2 525.702148 195.600006
110845 1 819.600037 256.800018 2 794.18103 256.800018
110343 1 806.400024 250.560013 2 781.263062 250.560013
111001 1 1125.600098 231.600006 2 1102.046021 231.600006
110945 1 1162.800049 207.600006 2 1138.919067 207.600006
110827 1 1082.880005 266.400024 2 1055.034058 266.400024
110788 1 1164.0 290.400024 2 1127.395386 290.400024
110496 1 943.200012 200.160004 2 919.658264 200.160004
110798 1 1049.76001 289.440002 2 1014.724182 289.440002
111078 1 1074.23999 63.360001 2 1053.977905 63.360001
110977 1 1156.800049 168.0 2 1132.813477 168.0
110943 1 933.120056 72.0 2 910.186584 72.0
109858 1 967.680054 51.840004 2 944.348389 51.840004
110581 1 921.024109 164.160019 2 895.876831 164.160019
110525 1 989.280029 167.040009 2 965.737122 167.040009
110987 1 812.160095 221.184021 2 788.64563 221.184021
109859 1 792.000061 217.440002 2 768.129028 217.440002
110931 1 846.720093 205.632019 2 822.503601 205.632019
110756 1 769.200012 322.800018 2 726.979431 322.800018
110323 1 797.76001 269.279999 2 773.348694 269.279999
110760 1 833.76001 318.240021 2 791.596008 318.240021
110829 1 836.640015 264.960022 2 810.490295 264.960022
110772 1 718.560059 313.920013 2 678.272034 313.920013
110521 1 803.52002 40.32 2 780.913696 40.32
110365 1 865.200012 66.0 2 840.312927 66.0
109817 1 853.920044 40.32 2 828.454529 40.32
111008 1 803.52002 116.640007 2 781.677185 116.640007
110885 1 867.456055 165.888016 2 842.750366 165.888016
110076 1 486.720032 264.960022 2 432.025726 264.960022
110147 1 563.328064 276.480042 2 515.040344 276.480042
110405 1 444.960022 190.080002 2 423.13092 190.080002
110610 1 392.400024 313.200012 2 306.386688 313.200012
110338 1 439.200012 93.600006 2 417.079315 93.600006
110258 1 424.800018 46.080002 2 403.159485 46.080002
111032 1 384.480011 171.360001 2 363.175018 171.360001
110711 1 334.800018 159.600006 2 286.88147 159.600006
110367 1 404.640015 136.800003 2 383.475677 136.800003
110646 1 162.432022 252.288025 2 93.079376 252.288025
111093 1 497.664062 139.968018 2 490.042175 139.968018
110909 1 1101.081787 99.532814 2 1077.215576 99.532814
110653 1 259.200012 286.559998 2 189.626511 286.559998
110934 1 1157.760132 169.344009 2 1133.719116 169.344009
110988 1 1136.160034 139.680008 2 1112.356934 139.680008
111044 1 1119.744141 184.896011 2 1098.356445 184.896011
110518 1 990.144104 167.616013 2 966.423767 167.616013
110638 1 229.82402 309.312042 2 158.979874 309.312042
110633 1 207.360016 293.76004 2 135.432281 293.76004
109960 1 321.120026 319.680023 2 229.169754 319.680023
109311 1 893.721741 265.420837 2 868.063416 265.420837
110830 1 835.660889 265.420837 2 809.587219 265.420837
110626 1 196.99202 257.472015 2 123.083046 257.472015
110519 1 805.248047 117.504013 2 782.030212 117.504013
110205 1 1020.211365 306.892853 2 977.050659 306.892853
110803 1 979.776123 288.576019 2 944.356934 288.576019
110139 1 580.608032 174.528015 2 529.525513 174.528015
110995 1 933.120117 70.848007 2 909.514404 70.848007
110991 1 969.408081 51.840004 2 945.264099 51.840004
110445 1 943.488098 200.448013 2 920.264526 200.448013
110786 1 1164.672119 290.304016 2 1128.593018 290.304016
110333 1 951.782532 263.347229 2 926.739929 263.347229
110612 1 391.680023 313.920013 2 305.281097 313.920013
110278 1 437.529663 93.312012 2 416.080627 93.312012
110269 1 426.81604 46.656006 2 403.737366 46.656006
109804 1 443.750458 190.771225 2 422.168732 190.771225
110622 1 149.76001 279.360016 2 75.310387 279.360016
111026 1 404.352051 167.616013 2 382.864746 167.616013
110311 1 435.456055 112.320007 2 413.613525 112.320007
111038 1 383.616028 171.072021 2 362.315369 171.072021
109599 1 347.328033 110.59201 2 299.206909 110.59201
111060 1 188.35202 84.672005 2 167.024338 84.672005
110894 1 864.000061 234.720016 2 839.239868 234.720016
110475 1 943.488159 201.139221 2 920.108337 201.139221
110787 1 1165.363403 290.304047 2 1129.404175 290.304047
110648 1 257.472015 286.848022 2 188.199814 286.848022
110779 1 980.812927 306.892853 2 939.892151 306.892853
110609 1 390.528046 316.22403 2 303.997742 316.22403
106461 1 967.956604 52.254726 2 944.965027 52.254726
107420 1 804.556885 41.472008 2 781.465454 41.472008
110753 1 872.640076 317.952026 2 830.483032 317.952026
110306 1 438.912048 93.312012 2 416.854736 93.312012
110260 1 425.502777 47.278088 2 403.325226 47.278088
110641 1 228.096039 308.966431 2 158.361877 308.966431
109994 1 230.169632 298.59845 2 159.922119 298.59845
109910 1 939.340942 261.273651 2 914.797791 261.273651
111096 1 837.734497 182.476822 2 814.170532 182.476822
109897 1 855.360107 145.152008 2 831.563599 145.152008
108849 1 787.96814 257.126434 2 763.578308 257.126434
110292 1 404.352051 165.888031 2 382.75943 165.888031
111025 1 381.54245 170.035217 2 360.231598 170.035217
111103 1 889.574524 99.532814 2 863.037842 99.532814
108295 1 846.720093 100.224007 2 822.12146 100.224007
109836 1 853.63208 39.744003 2 828.53656 39.744003
110094 1 541.209656 242.611237 2 488.086212 242.611237
111042 1 186.624023 85.017609 2 164.774979 85.017609
110656 1 635.904053 317.952026 2 568.546509 317.952026
106239 1 851.005554 206.530594 2 825.479858 206.530594
110522 1 989.107361 167.961624 2 966.083923 167.961624
110999 1 1157.06897 170.035217 2 1132.940552 170.035217
110948 1 437.944397 92.067856 2 415.48703 92.067856
110255 1 425.088074 45.619205 2 403.076324 45.619205
110517 1 803.727478 116.951057 2 780.875122 116.951057
110617 1 161.740829 320.993317 2 86.332581 320.993317
110630 1 146.810898 281.180206 2 74.175201 281.180206
110635 1 134.784012 267.494446 2 63.551006 267.494446
106227 1 813.680725 246.343719 2 787.837097 246.343719
110777 1 967.458984 301.584442 2 930.294128 301.584442
107769 1 940.585083 261.273651 2 914.887756 261.273651
109789 1 931.046509 269.568024 2 905.472107 269.568024
110817 1 953.026672 124.416016 2 929.872437 124.416016
110645 1 164.229141 251.320358 2 93.313652 251.320358
109756 1 833.089722 262.766632 2 807.43811 262.766632
110640 1 228.925476 308.551727 2 158.539322 308.551727
110625 1 199.065628 296.110107 2 127.357521 296.110107
110366 1 442.921021 191.600662 2 420.225647 191.600662
110938 1 1165.363403 207.360031 2 1140.84375 207.360031
110557 1 968.371338 51.840008 2 945.135803 51.840008
111049 1 380.713013 171.694107 2 359.13266 171.694107
110658 1 636.595276 319.334442 2 569.021057 319.334442
109616 1 352.512054 101.606415 2 304.85556 101.606415
106917 1 888.330383 149.299225 2 862.356689 149.299225
109813 1 855.982178 144.322586 2 832.077148 144.322586
106229 1 186.624023 84.60289 2 165.497849 84.60289
110769 1 821.145691 317.260834 2 780.351746 317.260834
109865 1 788.797546 281.180206 2 762.781677 281.180206
110842 1 888.330383 99.532814 2 862.429504 99.532814
108338 1 846.028931 99.532814 2 821.402466 99.532814
109944 1 865.935486 67.184647 2 841.58551 67.184647
110718 1 335.923248 209.018906 2 287.154266 209.018906
108303 1 885.842041 243.855392 2 860.402039 243.855392
108390 1 845.03363 235.892776 2 819.911743 235.892776
109968 1 308.551727 288.645172 2 219.64151 288.645172
108247 1 584.75531 174.182419 2 533.239685 174.182419
110377 1 786.309204 47.278088 2 763.040466 47.278088
110111 1 630.374512 223.948837 2 575.645142 223.948837
109358 1 1158.562012 170.201126 2 1134.246094 170.201126
110214 1 1100.036743 290.237701 2 1064.548462 290.237701
110217 1 1057.038574 290.237701 2 1020.146484 290.237701
111063 1 429.981781 116.4534 2 408.411713 116.4534
102666 1 931.627197 111.078629 2 907.259949 111.078629
109371 1 931.627197 71.663628 2 908.845947 71.663628
110876 1 895.795349 74.649612 2 869.612305 74.649612
110694 1 698.720398 283.668549 2 645.130066 283.668549
109916 1 1127.209106 231.413788 2 1103.510986 231.413788
110959 1 1167.52002 209.018921 2 1143.469849 209.018921
110462 1 940.585144 262.766632 2 914.799561 262.766632
105298 1 930.631836 268.738586 2 904.870361 268.738586
110349 1 441.92572 191.103012 2 419.820068 191.103012
110847 1 889.823425 98.537491 2 862.960449 98.537491
108456 1 868.921509 65.691658 2 844.480957 65.691658
110440 1 432.967773 122.425369 2 412.642914 122.425369
110723 1 340.899902 181.647385 2 292.737 181.647385
110867 1 788.299927 256.794678 2 763.468506 256.794678
110903 1 877.879456 238.878769 2 852.613159 238.878769
106882 1 848.517212 236.390427 2 822.616089 236.390427
110836 1 852.797241 207.824539 2 826.363525 207.824539
110726 1 337.41626 206.032928 2 288.595062 206.032928
109965 1 307.556396 289.640503 2 219.38623 289.640503
108245 1 584.058594 175.575897 2 532.362122 175.575897
111098 1 573.309021 68.677643 2 566.024109 68.677643
105924 1 720.219482 143.327271 2 697.923096 143.327271
107448 1 777.550415 78.829994 2 755.385071 78.829994
109608 1 629.545044 223.948837 2 575.330322 223.948837
109742 1 833.587341 263.761963 2 807.956726 263.761963
109369 1 820.548584 243.656357 2 795.915405 243.656357
110918 1 940.585144 247.836716 2 915.630798 247.836716
110209 1 1098.842285 292.626495 2 1065.025635 292.626495
110210 1 1054.05249 289.640503 2 1019.254578 289.640503
110818 1 1060.621704 268.738617 2 1034.671753 268.738617
110427 1 435.953735 191.103012 2 415.99353 191.103012
110394 1 433.564972 121.828178 2 412.826935 121.828178
110402 1 447.897675 83.607567 2 429.373291 83.607567
109766 1 834.881348 265.155426 2 808.964172 265.155426
110728 1 351.151794 157.659988 2 303.175537 157.659988
110110 1 619.890442 286.654541 2 559.527527 286.654541
110898 1 868.921509 167.215134 2 844.719055 167.215134
109771 1 845.630859 100.329086 2 821.809509 100.329086
110053 1 489.701477 265.752625 2 433.121399 265.752625
111052 1 426.398621 179.159088 2 405.404755 179.159088
111079 1 171.992722 114.661812 2 153.778214 114.661812
110101 1 541.060425 240.073166 2 487.730865 240.073166
110710 1 336.819061 207.824539 2 287.722565 207.824539
108201 1 308.153625 290.237701 2 220.19101 290.237701
109991 1 243.656357 250.822708 2 170.5811 250.822708
111024 1 795.466309 146.910446 2 774.301941 146.910446
110687 1 702.303589 283.07135 2 646.470398 283.07135
109329 1 924.460876 161.243179 2 900.289185 161.243179
110868 1 892.809387 265.752625 2 867.559204 265.752625
110719 1 350.0 114.0 2 301.205811 114.0
110912 1 898.0 248.0 2 872.453613 248.0
111034 1 405.0 170.0 2 383.308075 170.0
110862 1 1220.0 207.0 2 1194.705933 207.0
110850 1 1218.0 206.400009 2 1191.947266 206.400009
110664 1 1106.400024 348.0 2 1047.184082 348.0
110981 1 1136.400024 140.400009 2 1112.25708 140.400009
110270 1 762.0 272.400024 2 737.301025 272.400024
110651 1 196.800003 343.200012 2 125.39682 343.200012
110821 1 249.600006 136.800003 2 223.559753 136.800003
108833 1 888.480042 243.360016 2 863.026123 243.360016
110332 1 404.640015 168.480011 2 383.044006 168.480011
110940 1 1162.080078 207.360016 2 1137.931519 207.360016
110782 1 1140.480103 290.880005 2 1103.575073 290.880005
110785 1 1163.52002 290.880005 2 1126.384888 290.880005
109792 1 846.720032 205.920013 2 821.616516 205.920013
110655 1 635.040039 316.800018 2 567.82251 316.800018
110750 1 768.960022 322.559998 2 726.60376 322.559998
109822 1 865.440063 66.240005 2 840.192749 66.240005
110614 1 535.679993 344.160004 2 455.2948 344.160004
110643 1 233.280014 275.040009 2 165.667908 275.040009
110271 1 813.888062 245.376022 2 788.666016 245.376022
110105 1 542.592041 186.624023 2 487.916901 186.624023
110924 1 1135.296143 139.968018 2 1112.109497 139.968018
110244 1 1083.456055 266.11203 2 1055.404907 266.11203
110763 1 1026.432129 312.768036 2 982.608337 312.768036
110813 1 855.360107 283.392029 2 826.482178 283.392029
109846 1 929.664062 112.320007 2 905.938049 112.320007
110906 1 974.592102 72.576004 2 950.718079 72.576004
110743 1 1069.63208 319.680023 2 1024.052734 319.680023
110642 1 233.280029 274.752014 2 162.980118 274.752014
110989 1 1140.480103 235.008026 2 1117.223633 235.008026
110293 1 762.048096 273.024017 2 737.100708 273.024017
110709 1 335.232025 160.70401 2 286.544159 160.70401
110738 1 374.976044 103.680008 2 328.610962 103.680008
110613 1 495.936035 319.680023 2 415.81665 319.680023
110138 1 575.424072 196.99202 2 525.670166 196.99202
109810 1 876.096069 240.192017 2 851.848694 240.192017
111076 1 1074.125 64.281609 2 1054.808716 64.281609
110983 1 1134.259399 141.004822 2 1110.646362 141.004822
110757 1 870.912109 317.260834 2 828.840027 317.260834
110746 1 1154.995361 319.334442 2 1108.339355 319.334442
110741 1 1067.904175 319.334442 2 1023.12561 319.334442
110952 1 962.150513 271.641632 2 937.555786 271.641632
109938 1 933.120117 72.576012 2 910.391907 72.576012
110770 1 172.108826 151.372818 2 131.96814 151.372818
110933 1 758.937683 273.71524 2 733.665833 273.71524
110879 1 868.838501 165.888031 2 843.828979 165.888031
110713 1 333.84964 159.667221 2 285.478699 159.667221
109617 1 348.364838 111.974419 2 299.884766 111.974419
110430 1 1016.064148 62.208008 2 991.131226 62.208008
110636 1 164.229141 271.226929 2 91.649345 271.226929
110272 1 450.385986 84.60289 2 429.391083 84.60289
109400 1 776.355957 77.137932 2 756.158142 77.137932
110858 1 893.307007 266.250275 2 867.907349 266.250275
110930 1 758.937683 273.71524 2 733.980408 273.71524
110678 1 599.685181 261.273651 2 544.16095 261.273651
110768 1 818.65741 318.505005 2 778.114746 318.505005
109973 1 388.177979 318.505005 2 302.032257 318.505005
110929 1 1015.23468 62.208008 2 990.671631 62.208008
109870 1 1157.06897 169.20578 2 1132.914795 169.20578
110082 1 540.463196 241.864746 2 487.726379 241.864746
109720 1 761.426086 274.710571 2 737.134399 274.710571
109606 1 653.930603 271.724609 2 599.223877 271.724609
110587 1 955.515076 268.738617 2 931.806396 268.738617
108744 1 612.126831 217.976868 2 555.58197 217.976868
110189 1 770.384033 313.528381 2 728.06012 313.528381
110878 1 821.145752 244.850739 2 795.902283 244.850739
110479 1 803.229858 116.4534 2 781.08429 116.4534
110917 1 1015.234741 62.705677 2 990.460144 62.705677
106927 1 1098.842285 98.537491 2 1074.952881 98.537491
110216 1 1167.52002 292.626495 2 1129.917358 292.626495
110309 1 440.731354 189.90863 2 418.242371 189.90863
110497 1 938.793579 197.074982 2 915.207092 197.074982
110465 1 895.79541 268.738617 2 871.417603 268.738617
109408 1 874.296326 164.826355 2 848.188171 164.826355
110796 1 591.224976 283.07135 2 553.148804 283.07135
110843 1 895.79541 75.246811 2 869.992493 75.246811
110887 1 881.462708 236.48999 2 856.459351 236.48999
110624 1 146.910446 279.488159 2 74.822708 279.488159
108657 1 308.153625 290.237701 2 220.19101 290.237701
108784 1 1171.700439 290.237701 2 1137.30957 290.237701
