96
47.5 0.877 -29.2 -0.0124 -0.518 0.0378 0.854 
12451 1 536.0 28.0 2 509.878418 28.0
12436 1 680.0 112.0 2 654.615845 112.0
12534 1 744.0 124.0 2 721.957764 124.0
12407 1 501.0 239.0 2 472.835938 239.0
12394 1 585.0 270.0 2 555.585266 270.0
12497 1 600.0 20.0 2 575.983459 20.0
11995 1 577.200012 36.0 2 552.094116 36.0
12515 1 697.0 31.0 2 673.207336 31.0
12537 1 740.0 19.0 2 718.715576 19.0
12472 1 585.0 94.0 2 559.76416 94.0
12591 1 682.0 198.0 2 673.386292 198.0
12125 1 346.0 134.0 2 333.620331 134.0
9527 1 292.0 145.0 2 283.523254 145.0
12429 1 631.200012 93.600006 2 605.732788 93.600006
11652 1 225.600006 117.600006 2 209.60762 117.600006
12553 1 744.0 123.600006 2 721.823914 123.600006
12392 1 540.0 267.600006 2 510.377686 267.600006
12518 1 782.400024 76.800003 2 761.181152 76.800003
12486 1 673.200012 254.400009 2 649.726685 254.400009
12396 1 616.800049 267.600006 2 589.32959 267.600006
12499 1 695.52002 31.68 2 672.972168 31.68
12399 1 502.800018 261.600006 2 473.879181 261.600006
12410 1 666.720032 56.160004 2 641.562561 56.160004
12600 1 576.0 56.160004 2 550.544373 56.160004
12035 1 662.400024 70.800003 2 637.848572 70.800003
12395 1 560.400024 265.200012 2 531.481384 265.200012
12475 1 556.800049 231.600006 2 531.807495 231.600006
11480 1 584.400024 93.600006 2 559.168518 93.600006
12471 1 612.0 70.800003 2 587.196533 70.800003
12603 1 681.600037 196.800003 2 672.568237 196.800003
11892 1 632.400024 319.200012 2 590.841248 319.200012
12359 1 760.800049 310.800018 2 720.837708 310.800018
12606 1 643.200012 22.800001 2 619.581116 22.800001
12348 1 602.400024 333.600006 2 554.910583 333.600006
12381 1 586.800049 279.600006 2 555.625427 279.600006
12376 1 548.400024 284.400024 2 514.854431 284.400024
12573 1 326.400024 240.000015 2 304.266876 240.000015
12661 1 344.400024 199.200012 2 330.795685 199.200012
12592 1 468.000031 216.000015 2 450.411743 216.000015
9528 1 403.200012 198.000015 2 386.549286 198.000015
12372 1 428.400024 295.200012 2 390.352814 295.200012
12123 1 535.200012 60.000004 2 510.335785 60.000004
11465 1 502.800018 122.400002 2 475.127869 122.400002
12139 1 345.600006 133.200012 2 333.13385 133.200012
12384 1 124.800003 270.0 2 90.902542 270.0
10499 1 235.200012 24.0 2 219.412567 24.0
11182 1 259.200012 56.400002 2 243.141418 56.400002
11677 1 109.200005 52.800003 2 98.53096 52.800003
12400 1 586.080017 257.76001 2 557.454834 257.76001
12540 1 782.784058 76.032005 2 761.360474 76.032005
11452 1 540.0 267.839996 2 510.509644 267.839996
12492 1 591.840027 59.040001 2 567.76947 59.040001
12379 1 145.440002 283.680023 2 111.797493 283.680023
12444 1 688.320007 97.920006 2 662.997437 97.920006
12488 1 662.400024 72.0 2 637.929321 72.0
11485 1 556.416077 95.040009 2 530.81366 95.040009
11471 1 583.200012 93.600006 2 558.452515 93.600006
12463 1 604.800049 70.560005 2 579.917542 70.560005
12503 1 732.960022 41.760002 2 711.335022 41.760002
12456 1 558.720032 31.68 2 533.27356 31.68
12317 1 773.280029 345.600006 2 719.860657 345.600006
12568 1 705.600037 237.600006 2 685.909607 237.600006
11908 1 691.200012 295.200012 2 657.015137 295.200012
11919 1 695.52002 283.680023 2 664.795959 283.680023
12382 1 586.080017 279.360016 2 555.104187 279.360016
12377 1 547.200012 283.680023 2 514.953857 283.680023
12371 1 429.120026 295.200012 2 390.228668 295.200012
12136 1 535.679993 172.800003 2 529.946228 172.800003
11028 1 502.560028 122.400002 2 474.945648 122.400002
12002 1 617.76001 120.960007 2 592.081116 120.960007
11497 1 552.960022 106.560005 2 528.375061 106.560005
10386 1 344.160004 132.480011 2 332.567566 132.480011
12668 1 233.280014 180.0 2 221.784836 180.0
10470 1 195.840012 156.960007 2 183.770035 156.960007
9106 1 77.760002 164.160004 2 66.370995 164.160004
12314 1 924.480042 345.600006 2 872.877625 345.600006
11972 1 703.296082 86.400009 2 677.649414 86.400009
12551 1 796.608093 110.59201 2 775.760864 110.59201
11989 1 667.008057 55.296005 2 641.616089 55.296005
12495 1 696.384094 32.832005 2 673.211975 32.832005
12561 1 912.384094 212.544022 2 895.604004 212.544022
12327 1 884.736084 333.504028 2 837.322937 333.504028
12620 1 682.560059 196.99202 2 674.279602 196.99202
12113 1 725.760132 234.316833 2 706.48407 234.316833
11906 1 691.200073 295.488037 2 657.469177 295.488037
11922 1 696.384094 283.392029 2 665.282104 283.392029
12423 1 689.472046 98.49601 2 663.323303 98.49601
12552 1 743.0401 122.688011 2 721.80188 122.688011
12402 1 575.424072 245.376022 2 547.502014 245.376022
11948 1 537.0625 269.568024 2 508.177582 269.568024
12513 1 361.152039 254.016022 2 338.74942 254.016022
10042 1 338.688019 198.720016 2 324.647278 198.720016
12033 1 535.680054 60.480007 2 510.950012 60.480007
11467 1 503.884857 122.342415 2 476.149017 122.342415
11993 1 618.624084 120.960014 2 592.93689 120.960014
11658 1 228.096024 188.35202 2 216.304611 188.35202
10475 1 180.403229 219.801636 2 158.719528 219.801636
11088 1 279.936035 188.35202 2 268.105286 188.35202
12648 1 112.320007 207.360016 2 96.270111 207.360016
9125 1 255.744019 70.848007 2 239.867599 70.848007
10383 1 224.640015 117.504013 2 208.12085 117.504013
12653 1 508.032074 236.390427 2 479.851654 236.390427
12516 1 590.976074 60.134407 2 567.242432 60.134407
11472 1 555.724854 95.385612 2 530.113586 95.385612
10489 1 157.593628 58.060806 2 149.337097 58.060806
11459 1 464.48645 267.494446 2 437.173737 267.494446
11920 1 692.58252 284.083252 2 661.558411 284.083252
11612 1 402.278442 199.065628 2 384.954346 199.065628
9586 1 255.052841 70.502411 2 239.301147 70.502411
9915 1 396.057648 257.126434 2 370.621552 257.126434
12500 1 358.732849 252.979233 2 331.132202 252.979233
9953 1 267.494446 232.243225 2 244.801056 232.243225
10382 1 279.936035 188.697632 2 268.239624 188.697632
12337 1 833.587341 321.408051 2 789.466797 321.408051
9631 1 180.403229 95.385612 2 164.544846 95.385612
12243 1 180.403229 60.134407 2 169.512039 60.134407
12628 1 682.214478 196.992035 2 674.298218 196.992035
12631 1 694.656128 196.992035 2 685.414612 196.992035
11966 1 622.080078 124.416016 2 596.849182 124.416016
8752 1 74.649612 163.814423 2 65.507065 163.814423
10089 1 55.987209 186.624023 2 42.087418 186.624023
11937 1 688.435303 97.459213 2 662.944519 97.459213
12484 1 642.816101 97.459213 2 618.035217 97.459213
9582 1 228.925476 189.11235 2 217.871597 189.11235
11448 1 534.988892 268.738586 2 505.911987 268.738586
12363 1 649.451599 313.528351 2 610.384338 313.528351
11918 1 691.753052 283.668518 2 660.815979 283.668518
11421 1 308.551727 311.040039 2 269.069031 311.040039
9135 1 268.738586 231.413788 2 247.730255 231.413788
10396 1 281.180206 189.11235 2 269.487488 189.11235
12099 1 726.589539 236.390427 2 708.728882 236.390427
11969 1 686.776428 97.044495 2 661.753174 97.044495
7743 1 156.764175 149.299225 2 146.014893 149.299225
12417 1 970.444946 209.018906 2 950.894836 209.018906
12073 1 554.895447 94.556175 2 529.494995 94.556175
12480 1 589.731934 54.74305 2 565.419495 54.74305
12498 1 577.290344 59.719688 2 552.624573 59.719688
10322 1 467.80423 266.250275 2 439.064789 266.250275
9999 1 62.705677 56.733707 2 53.099083 56.733707
12236 1 167.215134 89.579536 2 153.073654 89.579536
9600 1 253.808685 68.677643 2 237.994629 68.677643
9156 1 149.299225 164.229156 2 135.923538 164.229156
12082 1 674.83252 244.850739 2 650.513977 244.850739
12571 1 627.056763 223.948837 2 607.381287 223.948837
12584 1 623.473572 214.990891 2 603.734192 214.990891
11734 1 56.733707 185.131042 2 43.699455 185.131042
11956 1 686.776428 98.537491 2 661.624512 98.537491
11961 1 701.70636 86.593552 2 675.904663 86.593552
12413 1 716.636292 62.705677 2 691.812317 62.705677
12403 1 477.757538 253.808685 2 447.700409 253.808685
12557 1 913.711304 212.004898 2 896.42749 212.004898
11447 1 507.617371 125.411354 2 480.470825 125.411354
11422 1 310.542389 310.542389 2 269.352509 310.542389
9501 1 468.799591 265.752625 2 440.200989 265.752625
11470 1 533.894043 268.738617 2 504.277222 268.738617
11921 1 689.762451 283.668549 2 658.626892 283.668549
11954 1 627.056763 257.989075 2 598.761292 257.989075
9613 1 254.405899 68.080452 2 237.725204 68.080452
12680 1 164.826355 139.74408 2 154.130905 139.74408
12112 1 627.056763 225.740448 2 606.955261 225.740448
12558 1 799.0495 107.495445 2 776.452942 107.495445
11637 1 179.159088 96.745903 2 165.341385 96.745903
11126 1 164.826355 89.579544 2 152.380554 89.579544
12405 1 702.303589 85.996361 2 676.185242 85.996361
12055 1 601.974487 103.91227 2 576.983032 103.91227
12041 1 584.058594 78.829994 2 558.950745 78.829994
11974 1 508.811798 125.411354 2 481.058868 125.411354
12374 1 193.491806 300.987244 2 159.655594 300.987244
10062 1 175.575897 225.740448 2 162.21489 225.740448
10418 1 397.733154 200.658173 2 379.735077 200.658173
12721 1 775.0 349.0 2 721.557739 349.0
12850 1 528.0 63.600002 2 502.62674 63.600002
12748 1 633.0 320.0 2 590.992126 320.0
12810 1 503.0 122.0 2 475.331665 122.0
12855 1 652.0 94.0 2 626.744934 94.0
12867 1 721.0 111.0 2 695.891785 111.0
12953 1 774.0 89.0 2 752.637756 89.0
12916 1 697.0 257.0 2 673.238586 257.0
12960 1 695.0 244.0 2 673.969299 244.0
12899 1 612.0 71.0 2 587.33551 71.0
12891 1 688.0 98.0 2 663.225342 98.0
12864 1 693.0 76.0 2 667.860168 76.0
12803 1 527.0 238.0 2 498.937225 238.0
12914 1 722.0 67.0 2 697.940796 67.0
12904 1 576.0 57.0 2 551.39386 57.0
12824 1 560.0 32.0 2 533.949585 32.0
12874 1 754.0 78.0 2 728.988647 78.0
12843 1 668.0 56.0 2 642.550293 56.0
12875 1 678.0 40.0 2 653.015991 40.0
12998 1 1137.0 261.0 2 1117.677124 261.0
12980 1 972.0 209.0 2 952.079224 209.0
12961 1 1048.0 263.0 2 1026.970581 263.0
13013 1 963.0 210.0 2 944.443359 210.0
12730 1 816.0 341.0 2 765.945618 341.0
12727 1 925.0 347.0 2 874.031982 347.0
13012 1 550.0 220.0 2 531.392029 220.0
12772 1 549.0 285.0 2 515.095276 285.0
12735 1 602.0 334.0 2 555.466064 334.0
12742 1 308.0 310.0 2 265.119873 310.0
12137 1 535.200012 172.800003 2 529.575562 172.800003
12777 1 587.0 280.0 2 555.549377 280.0
13002 1 615.600037 212.400009 2 596.454285 212.400009
12873 1 754.800049 117.600006 2 729.750732 117.600006
12946 1 774.000061 88.800003 2 752.373352 88.800003
12928 1 808.800049 70.800003 2 786.279724 70.800003
12880 1 651.600037 93.600006 2 626.694031 93.600006
12842 1 634.0 105.0 2 608.544861 105.0
12918 1 591.600037 60.000004 2 567.870117 60.000004
12911 1 604.800049 43.200001 2 580.592957 43.200001
12955 1 837.600037 73.200005 2 816.382446 73.200005
12800 1 600.0 264.0 2 571.514771 264.0
12831 1 690.0 98.400002 2 664.266174 98.400002
12894 1 692.400024 75.600006 2 667.679321 75.600006
12802 1 584.400024 249.600006 2 556.237915 249.600006
12465 1 660.0 251.0 2 635.392761 251.0
12963 1 694.800049 243.600006 2 673.931519 243.600006
12838 1 770.400024 58.800003 2 744.859863 58.800003
12801 1 530.400024 237.600006 2 502.188049 237.600006
12896 1 753.600037 78.0 2 728.915161 78.0
12830 1 563.040039 63.360001 2 537.302246 63.360001
12886 1 606.0 98.0 2 581.147217 98.0
12964 1 1198.0 261.0 2 1177.198364 261.0
12993 1 968.400024 247.200012 2 948.991516 247.200012
12981 1 972.000061 208.800003 2 952.087463 208.800003
12968 1 1047.600098 261.600006 2 1026.895996 261.600006
12726 1 925.200012 346.800018 2 874.02887 346.800018
12776 1 697.0 285.0 2 665.319885 285.0
12433 1 679.200012 111.600006 2 653.971436 111.600006
12994 1 624.0 214.800003 2 604.598267 214.800003
12774 1 624.0 282.0 2 591.588684 282.0
12805 1 399.600006 256.800018 2 371.627197 256.800018
12725 1 470.400024 338.400024 2 419.080688 338.400024
12882 1 553.200012 109.200005 2 528.307434 109.200005
12745 1 372.0 306.0 2 329.454041 306.0
9540 1 290.880005 145.440002 2 281.92041 145.440002
12196 1 142.800003 145.200012 2 133.835861 145.200012
12902 1 604.800049 70.848007 2 580.164673 70.848007
12793 1 560.160034 264.960022 2 531.284058 264.960022
13014 1 580.320007 217.440002 2 561.813049 217.440002
12605 1 558.0 189.600006 2 552.018616 189.600006
12804 1 529.920044 237.600006 2 501.870575 237.600006
12847 1 635.040039 237.600006 2 609.630005 237.600006
12932 1 727.200012 48.960003 2 704.817993 48.960003
12970 1 802.080017 59.040001 2 781.512207 59.040001
12844 1 577.200012 93.600006 2 551.766174 93.600006
12833 1 564.0 63.600002 2 538.36853 63.600002
12834 1 561.600037 39.600002 2 535.995972 39.600002
13006 1 758.880005 50.400002 2 739.95575 50.400002
12974 1 1197.600098 260.400024 2 1177.225586 260.400024
12969 1 1046.880005 262.080017 2 1026.178955 262.080017
12999 1 908.640015 236.160004 2 889.319153 236.160004
12613 1 681.120056 197.280014 2 672.826233 197.280014
12937 1 777.600037 258.0 2 755.427979 258.0
12778 1 697.200012 284.400024 2 665.941162 284.400024
12943 1 743.040039 123.840004 2 721.334595 123.840004
12815 1 616.320007 267.839996 2 589.003906 267.839996
12997 1 624.960022 214.560013 2 605.608582 214.560013
11423 1 547.776062 285.120026 2 514.598572 285.120026
12604 1 468.000031 216.000015 2 450.175934 216.000015
12862 1 633.600037 104.400002 2 608.428894 104.400002
12921 1 358.800018 253.200012 2 335.656433 253.200012
12743 1 308.400024 309.600006 2 265.527344 309.600006
12825 1 725.760071 81.216011 2 699.838928 81.216011
12865 1 642.81604 98.49601 2 617.68512 98.49601
12926 1 734.400085 41.472004 2 711.77356 41.472004
12917 1 688.320007 46.080002 2 664.561401 46.080002
12821 1 563.328064 63.936005 2 537.160156 63.936005
12857 1 748.22406 105.408012 2 722.984192 105.408012
12996 1 1196.640015 260.640015 2 1177.260742 260.640015
12986 1 967.680054 247.680008 2 948.164246 247.680008
12962 1 1045.440063 260.92804 2 1024.435791 260.92804
12732 1 870.912109 329.702454 2 823.635742 329.702454
11842 1 803.520081 335.232025 2 754.778503 335.232025
12786 1 584.75531 269.568024 2 555.460083 269.568024
12357 1 615.16803 333.504028 2 569.418213 333.504028
9917 1 399.16803 257.472015 2 371.850311 257.472015
12746 1 454.46405 307.584015 2 412.144928 307.584015
12795 1 465.120026 266.400024 2 436.367554 266.400024
12846 1 531.360046 80.639999 2 505.931335 80.639999
12583 1 267.839996 234.720016 2 246.185715 234.720016
12942 1 198.720001 218.880005 2 176.959274 218.880005
12755 1 148.320007 295.200012 2 107.247108 295.200012
12759 1 236.160004 302.400024 2 195.531448 302.400024
12038 1 661.478516 70.502411 2 636.903442 70.502411
12879 1 689.472046 46.656006 2 664.521484 46.656006
12909 1 674.334839 57.231369 2 650.112549 57.231369
12948 1 510.105682 107.827217 2 488.525879 107.827217
12753 1 236.736023 302.400024 2 195.372925 302.400024
12370 1 428.544037 295.488037 2 390.515686 295.488037
12754 1 254.016022 305.856018 2 212.714523 305.856018
11893 1 632.448059 319.334442 2 590.325073 319.334442
12982 1 1197.50415 260.92804 2 1177.602173 260.92804
12331 1 872.640076 330.048035 2 826.890442 330.048035
12739 1 834.624084 321.40802 2 790.575378 321.40802
12570 1 976.66571 248.832031 2 957.065796 248.832031
12987 1 1156.032104 260.92804 2 1136.533325 260.92804
12958 1 1045.094604 261.273651 2 1023.962769 261.273651
12973 1 811.192444 54.74305 2 790.773438 54.74305
12919 1 665.625671 244.68483 2 642.127197 244.68483
12791 1 481.075256 250.90564 2 451.983337 250.90564
12621 1 466.560059 209.433624 2 448.91861 209.433624
12161 1 537.0625 172.108826 2 530.54657 172.108826
12885 1 731.980896 109.900818 2 707.113037 109.900818
12724 1 193.536011 319.680023 2 141.701035 319.680023
11444 1 505.129028 121.927696 2 476.461212 121.927696
12925 1 510.105682 109.486099 2 487.381348 109.486099
13007 1 1131.68811 259.78067 2 1112.766479 259.78067
12995 1 908.236938 236.390427 2 888.851135 236.390427
13021 1 852.249695 244.68483 2 834.051697 244.68483
12785 1 557.798462 259.200043 2 528.435059 259.200043
12972 1 1042.606201 261.273651 2 1022.090393 261.273651
12971 1 975.42157 248.832031 2 954.891235 248.832031
12564 1 810.77771 55.987209 2 790.761108 55.987209
12835 1 605.491272 109.900818 2 579.900635 109.900818
12563 1 742.348877 122.342415 2 721.404114 122.342415
11478 1 582.681702 93.312012 2 557.782532 93.312012
12541 1 781.747314 76.723213 2 760.359192 76.723213
12940 1 741.51947 57.231369 2 719.651306 57.231369
12888 1 731.566162 109.486099 2 706.750244 109.486099
12752 1 368.271423 306.063416 2 326.883789 306.063416
9197 1 361.901337 254.405899 2 335.757202 254.405899
12853 1 671.846497 71.663628 2 646.578308 71.663628
12114 1 725.594238 235.892776 2 706.142212 235.892776
12931 1 743.510132 122.425369 2 721.116089 122.425369
12966 1 908.236938 236.390427 2 887.480103 236.390427
12530 1 797.257874 110.48143 2 775.238586 110.48143
12820 1 641.986694 89.579536 2 615.698792 89.579536
12787 1 480.245819 251.320358 2 450.961365 251.320358
13018 1 400.121918 200.060959 2 381.790497 200.060959
13003 1 1039.122681 259.78067 2 1020.031189 259.78067
12988 1 974.625427 247.239532 2 955.141541 247.239532
12076 1 585.252991 77.635597 2 560.296082 77.635597
12978 1 906.544922 232.906799 2 886.535889 232.906799
12893 1 648.555847 100.329086 2 623.812805 100.329086
8722 1 175.575897 225.740448 2 162.21489 225.740448
13008 1 1039.122681 261.572266 2 1020.33374 261.572266
