11
-15.000000 0.000000 0.000000 0.000000 0.000000 0.000000 1.000000
1 227.077576 182.185801
2 408.397762 160.245601
4 486.318083 314.448097
5 160.515354 335.872183
9 588.472326 324.557250
10 364.139886 222.716792
12 194.672479 177.383817
13 393.327699 302.679979
15 149.737958 119.012126
18 45.185750 297.347982
19 493.127843 265.122217
20 80.628371 271.258369
21 592.321309 328.857233
23 595.399415 199.232221
24 238.059689 149.918449
25 617.977069 259.289864
27 138.974824 373.612692
29 161.553063 140.997230
31 208.303831 113.559950
36 101.596624 279.749230
37 424.933608 322.889757
39 276.873760 223.905395
43 357.524465 146.357450
44 519.770523 211.939454
48 284.004017 180.834100
50 80.571102 246.397203
57 300.760629 267.332628
61 608.972515 175.504837
65 565.315242 145.062185
66 254.332501 226.282767
71 18.279213 135.388539
75 416.163392 320.446724
79 123.107781 137.381338
80 270.115144 449.913439
82 249.316006 294.950533
83 21.107202 261.612331
84 208.519727 86.970341
85 288.949037 300.711024
87 310.678301 244.391542
93 538.735864 143.970373
94 27.809675 271.377185
95 346.493817 147.661305
102 177.583598 225.429825
106 12.081679 187.334005
108 440.584176 339.407352
109 133.904484 271.763895
110 135.708271 108.266257
114 333.572462 140.426378
116 503.082526 330.668525
118 143.279428 218.897244
122 498.549432 209.561917
124 327.800338 300.989631
125 536.289743 131.417558
126 64.047220 231.335729
130 121.846441 346.888375
132 514.365361 274.268952
137 236.728202 207.275078
139 465.594843 339.854807
141 319.149024 155.965363
142 393.407216 259.950320
153 416.036919 295.093035
154 68.972155 224.669651
158 115.000376 335.289858
161 67.123656 338.557896
167 250.946346 168.283566
168 398.944406 324.555718
169 4.498445 354.928774
179 463.942141 264.406348
181 614.265184 127.009178
183 149.285126 120.917938
185 237.020376 139.549934
188 481.030585 186.574300
189 356.708338 183.010737
191 193.388605 165.898983
192 48.990906 363.169398
198 184.694779 169.874142
199 414.317594 204.467493
200 94.785715 150.768236
201 316.164736 390.148636
203 51.437433 233.133079
204 527.701414 148.376720
206 50.897396 231.624606
207 612.488191 196.860751
210 121.663936 404.014709
213 571.631078 61.247766
215 110.579652 274.705222
222 544.526824 157.988250
225 422.818539 310.883981
226 510.622410 176.432788
234 456.705207 219.234698
243 541.063633 142.322126
245 189.336719 191.448197
246 5.384305 306.478758
247 181.810789 134.031457
251 440.071005 306.241031
252 261.155807 201.796057
256 391.367613 88.203341
257 347.380892 242.287203
258 153.107732 98.083204
260 185.027349 233.039474
262 227.545932 140.087848
263 435.940441 333.187334
264 584.581495 282.416833
268 59.094634 357.620963
270 631.099112 343.141065
272 260.716169 108.739680
276 450.563194 199.563981
277 132.257935 337.914627
279 233.067425 379.032572
282 280.201863 146.434859
284 186.462103 192.742697
285 609.675530 150.867672
286 379.432039 407.548251
287 160.831839 401.748931
288 306.083701 344.878829
289 411.945829 196.439971
293 400.102668 215.313249
297 227.523673 187.138925
298 573.492151 357.457362
299 74.302560 379.540069
302 165.423712 129.390103
305 342.752420 166.115363
307 378.402012 280.743303
311 428.510546 396.324602
312 387.399887 9.520738
313 460.150328 153.252290
314 34.857987 365.696746
315 41.739898 247.895854
317 192.176231 393.380268
318 251.259703 181.009204
323 45.032738 148.636577
324 130.189782 184.956334
327 69.741989 357.777246
330 418.082655 321.929042
334 104.106560 276.436367
337 326.852582 91.990864
341 277.392294 183.758621
342 423.803977 293.033664
344 144.706746 345.915395
348 219.080620 240.341076
349 466.630908 416.768361
350 353.929261 212.258473
352 40.964259 237.091707
353 488.271167 88.139248
355 460.401554 355.691505
356 439.375299 304.868228
359 375.629688 273.556637
362 117.518449 281.950063
363 34.550337 283.219930
364 107.822888 301.550452
368 560.300945 302.832239
370 542.024128 287.651293
371 498.111318 222.838420
377 165.492411 121.998331
380 234.905316 238.105101
383 303.155719 212.692099
385 368.747280 306.287386
386 324.473403 236.372640
391 120.929179 334.513176
392 386.998931 283.869286
393 240.054410 169.209187
404 262.262258 46.270569
405 587.227593 198.770316
406 360.993803 383.407651
407 394.217115 104.118994
411 6.446975 116.364382
412 471.421866 122.853046
413 276.882357 339.083998
414 280.212983 337.161285
415 613.368824 173.420495
416 285.459624 271.171562
417 43.029063 78.981591
420 63.586075 359.489721
421 425.876221 333.413658
430 188.512188 252.752543
432 383.475059 273.440992
433 226.213467 303.944186
434 342.959050 165.673959
436 574.680324 299.238387
443 589.970429 389.856133
444 271.805740 183.202361
446 190.944473 311.750469
447 226.345600 183.603379
451 608.519669 159.563775
454 50.677791 248.421790
455 281.824840 394.271486
456 40.187317 129.990389
458 14.765500 301.336344
462 269.660149 329.921782
468 315.796216 233.930871
470 559.277751 191.793989
472 253.571971 150.162709
476 299.180225 362.688430
477 623.627027 206.974611
480 380.201704 407.103893
482 174.631486 157.707159
483 369.824724 267.279546
484 124.539660 325.002555
486 273.068397 334.595468
489 611.862881 332.147771
492 410.520138 114.730538
493 617.824827 350.503897
495 513.991208 163.279245
496 557.395241 82.146909
497 94.727390 177.606744
498 386.130421 239.564622
500 473.580393 199.193344
503 586.596258 234.925959
507 363.571109 226.917540
509 328.599332 40.723746
510 107.928862 103.419409
512 33.000911 134.143454
514 410.111312 380.653962
516 470.233358 282.897434
524 7.591602 146.659693
526 533.659786 332.437598
527 330.150712 238.477183
528 388.621489 174.202977
535 22.406379 330.868992
536 438.207358 364.997774
538 70.930143 212.294006
540 53.327909 255.256038
543 257.743434 252.730454
546 535.451581 240.500532
551 469.673771 133.520068
558 452.183520 321.158213
561 297.313080 147.551725
563 521.136884 341.584416
565 560.630627 309.067536
567 388.856481 186.287966
568 281.537516 211.643724
571 486.680672 303.119588
572 467.860324 253.544830
576 21.346406 332.442859
577 74.293669 359.342297
579 531.894518 295.134359
580 395.488189 328.499063
582 634.561896 315.571248
583 537.238267 90.162856
586 210.255882 160.639109
587 368.896810 217.225944
588 467.726692 201.156711
589 318.770948 203.447593
596 312.825004 466.029628
601 205.289427 339.912991
602 408.213448 220.299554
603 205.578944 153.053942
604 537.804608 293.291557
606 297.160785 216.087901
607 460.288177 178.608572
608 78.439227 186.013384
610 389.748908 286.969510
612 227.325225 241.864027
617 187.033939 371.073938
618 205.296396 160.808724
619 49.647103 261.848062
620 219.162465 169.211730
621 134.248187 349.600103
622 470.187145 97.298679
627 529.445551 363.228460
628 240.813814 329.547935
629 31.488409 197.111320
630 491.634769 179.668023
631 556.564919 359.496496
632 511.108853 136.277390
633 64.720885 150.147255
634 452.487918 303.469280
637 387.171116 301.699286
638 533.878615 77.129100
639 568.050281 189.995723
642 199.303005 267.725778
644 239.651563 414.007920
647 406.789312 329.183589
656 311.684650 390.041255
657 518.690699 331.890734
662 153.144825 121.026210
663 537.178441 200.371431
664 582.628798 141.830335
668 115.410998 390.429596
671 276.412181 187.997552
676 513.077013 343.058967
677 305.902262 288.216859
679 187.476533 245.417671
680 272.738437 286.414777
681 295.926695 109.945558
683 84.917959 164.359846
684 151.077287 257.910738
685 419.219698 246.895774
686 351.393989 168.551832
687 131.615172 117.709531
693 197.872035 177.216702
698 180.093717 102.082216
700 597.831521 317.294229
702 263.904237 230.511130
707 2.436266 260.098731
709 355.448738 140.229929
711 143.095314 284.464575
712 76.024811 408.923196
713 575.973577 226.867097
714 417.076615 181.684217
717 187.825182 423.879257
718 577.012072 228.476937
719 568.040632 152.016882
728 143.159808 257.549079
729 447.612548 239.139219
730 260.769531 468.597749
731 192.136339 314.046547
733 458.280089 212.299870
734 196.514026 304.353686
737 219.750781 256.223016
741 159.510284 234.422286
747 133.185656 164.870742
750 331.479913 13.029355
753 549.011241 162.240367
761 43.228463 125.201983
764 321.556166 309.129809
765 309.104165 232.911034
774 419.263700 286.695494
775 87.925261 383.274412
776 235.163330 206.625422
777 106.011552 135.761145
785 259.497900 189.891797
786 178.583758 131.369317
788 286.982114 137.469500
791 36.345423 254.459046
793 132.064132 329.905166
794 580.485641 187.964078
795 337.777164 292.859160
799 561.007142 187.696011
800 447.684491 239.074446
801 598.318995 243.689251
803 466.521145 117.031825
806 418.311976 328.581022
809 394.164239 114.409939
811 225.863274 169.162947
813 8.895034 266.682315
814 161.880094 238.142223
815 342.722643 240.941388
818 557.456935 461.530780
819 472.330793 365.781212
820 208.892740 115.088061
821 21.877878 267.294617
828 570.369513 79.063133
839 435.980384 379.205268
842 150.039109 271.420468
844 2.693725 222.470438
845 355.465481 244.873517
846 459.069446 242.530021
850 227.237992 235.540265
852 120.298831 248.610489
855 328.104856 314.658288
857 531.031505 181.771271
858 219.216151 212.836238
861 356.634733 223.632579
862 9.640672 452.896700
867 371.041285 212.309194
874 21.197875 404.047859
878 600.548390 181.731003
889 553.915683 213.252738
890 345.803403 386.436097
895 450.600764 213.495103
897 79.212052 209.064054
901 486.175264 207.032737
906 26.055311 144.369366
908 189.787684 234.313599
912 327.378995 303.045816
914 129.172100 245.642453
915 106.750188 221.237195
917 359.208064 115.913548
920 89.866222 224.911185
927 439.706056 348.644693
935 417.311352 198.051880
936 372.976048 162.070760
937 386.386897 208.118055
938 108.727192 311.069079
940 562.778108 157.588083
941 638.358010 213.731423
942 464.147090 352.776812
943 101.565083 125.931274
945 97.212689 231.650469
949 464.101298 299.487558
952 487.986900 279.056188
953 114.011184 291.952106
955 269.637313 161.289380
957 217.326384 204.880384
959 360.559645 163.461277
961 292.388288 267.678991
966 281.465148 423.972153
972 64.990340 195.123512
973 409.655776 234.790566
974 612.791446 183.229003
976 494.203888 204.613956
977 526.159807 349.552429
978 532.824465 117.345673
981 121.963747 348.495479
984 63.039085 210.385460
985 270.074164 298.223439
989 188.140930 362.679067
990 428.325305 211.175231
992 109.829026 235.903652
993 137.557424 118.677966
994 568.704114 300.541687
997 368.835384 322.819748
1000 406.073195 172.697209
