3
-19.000000 0.000000 0.000000 0.000000 0.000000 0.000000 1.000000
1 236.888984 188.290234
2 400.240638 167.605137
4 471.130101 307.649580
5 184.193964 321.638085
9 565.353277 317.275743
10 360.374753 224.191050
12 205.285458 182.686278
13 387.010433 297.280026
15 168.136297 132.085950
18 70.200626 292.127901
19 474.171776 262.371542
20 101.188728 268.573492
21 553.891015 316.317599
23 567.823458 203.314330
24 245.336869 157.918659
25 577.878028 256.694010
26 636.813028 137.787501
27 160.533173 357.700712
28 612.133970 169.592874
29 183.925722 154.976391
31 222.549535 129.686086
36 124.342551 275.609491
37 411.256896 312.086170
39 280.622782 225.304521
43 353.227485 157.080594
44 498.004283 214.996825
48 289.187252 189.353682
49 633.990917 303.633840
50 108.508151 245.650764
57 302.412622 264.985706
61 575.051596 183.075575
65 542.201838 154.007149
66 259.974343 227.461287
71 48.877343 145.997404
73 10.434356 239.894574
75 407.568899 313.256890
79 153.442433 153.191517
80 281.584686 401.650073
81 530.083755 145.092259
82 256.593690 289.292779
83 70.683369 258.027579
84 228.804158 114.814905
85 291.769824 295.195804
87 311.761211 243.881372
88 612.714148 277.912380
93 496.767828 162.395220
94 60.502268 267.866455
95 344.140936 155.861783
97 612.892362 190.297741
102 193.123999 227.019715
106 61.115374 195.720672
108 423.507134 325.329357
109 158.428756 267.577946
110 157.460605 123.815063
114 332.332974 149.519809
116 484.085153 321.260397
118 157.774200 220.628111
122 483.260664 212.168258
124 326.921294 294.116520
125 513.545262 142.835813
126 88.944332 232.178523
129 20.562584 205.652970
130 143.266069 335.334158
131 623.224070 30.371140
132 496.549554 271.127811
137 244.821185 210.455534
139 439.112956 321.692463
141 319.233736 164.330791
142 382.252506 256.918737
145 346.270008 67.125102
153 407.136982 289.987451
154 90.950099 226.011851
156 18.501719 196.468217
158 134.068676 326.426351
159 538.849735 230.092282
161 95.366065 327.550491
167 257.013925 174.585117
168 392.134167 317.261413
169 58.172252 335.376843
173 23.550396 250.059749
179 443.279174 260.902805
180 76.861456 405.083030
181 560.322381 147.721930
183 169.559107 135.060042
185 248.008680 152.851704
188 456.758076 194.627278
189 352.608410 189.375826
191 204.702498 172.520591
192 79.490404 349.307853
193 608.003071 330.379194
198 212.243022 184.151819
199 404.404469 208.202090
200 119.338998 160.496450
201 316.719384 368.434451
202 341.314772 23.653158
203 79.936045 233.861764
204 488.081764 165.854128
205 440.808423 469.076708
206 74.638203 232.363501
207 584.334934 201.013091
209 603.091421 256.838249
210 154.416059 376.930226
213 513.300106 102.684585
215 131.702005 271.204817
222 524.300448 165.376234
225 413.318724 304.334727
226 494.665704 181.753901
227 557.918665 91.369212
234 439.440605 221.857164
243 517.204119 152.864550
245 201.021014 195.789842
246 43.728865 298.376496
247 211.988808 157.173066
251 429.805304 300.577627
252 271.948776 208.803273
256 380.572169 111.164909
257 343.699196 241.979661
258 205.544590 142.672872
260 196.210089 233.616166
262 236.328063 149.578417
263 425.351598 324.676533
264 555.799981 277.802676
268 94.134682 341.824261
270 592.541451 330.357749
272 269.117644 127.341383
273 576.312695 240.150655
274 24.954743 214.196255
276 438.480508 203.306044
277 149.946359 328.689440
279 244.311826 361.049232
282 284.933476 157.558848
283 31.531817 346.910502
284 216.478497 203.365103
285 582.905363 159.104776
286 370.142880 381.360652
287 185.262885 376.921758
288 307.455896 334.537416
289 402.093443 201.107613
293 392.508327 217.653740
297 235.275115 191.569784
298 541.567864 342.665021
299 125.951414 350.206899
302 186.090156 144.178355
305 338.268961 180.674636
307 372.268782 276.464546
308 22.443546 205.989133
311 413.321667 374.442900
312 373.997440 55.351468
313 448.317922 160.576098
314 75.680782 347.701178
315 71.805953 247.042705
317 226.391469 352.324192
318 258.398061 187.135122
323 73.319525 158.035433
324 150.598461 190.874712
327 118.306192 334.921801
328 38.537501 221.060356
329 638.617826 111.952308
330 403.376729 309.645091
334 122.081269 273.402773
337 324.436422 144.177575
340 39.186390 111.232873
341 281.089449 188.638797
342 414.414184 288.236400
344 165.781038 333.181922
348 227.940149 240.311134
349 424.928925 366.495255
350 351.100829 214.571079
352 76.892465 237.466175
353 465.045599 109.099775
354 605.302737 353.444595
355 442.218553 340.708631
356 422.905012 295.918317
359 371.083369 270.814232
362 153.242101 274.548848
363 61.793106 279.095103
364 136.937583 293.104571
368 540.233339 297.585099
370 520.004133 282.925314
371 472.378147 225.317891
374 254.827455 19.670889
377 190.852238 141.366323
380 249.100076 238.421191
383 305.744613 216.889205
385 363.677700 299.393684
386 324.100307 236.675173
387 633.732522 120.740664
391 139.285818 325.797965
392 380.584362 279.669180
393 248.455226 176.648003
401 313.587904 63.609233
403 12.264280 360.846276
404 275.646487 91.179133
405 552.474144 204.132313
406 355.703131 364.899420
407 383.347529 124.019664
411 66.595676 140.081333
412 449.994301 139.430400
413 289.698633 309.632299
414 284.379285 326.987029
415 576.813711 181.716610
416 288.391809 268.525361
417 96.088542 109.827979
418 527.441637 360.606979
420 103.560933 340.861308
421 414.022681 322.955384
422 396.274708 29.058672
426 605.535985 325.766760
427 18.148064 302.400643
430 201.178907 251.524042
432 377.909190 270.508688
433 239.973962 294.562203
434 340.982448 172.072877
436 540.226046 291.224356
439 35.743828 332.837675
442 317.923445 365.326343
443 552.822749 369.236069
444 276.666050 188.930307
446 205.351538 303.740633
447 239.035931 191.245217
451 582.266428 166.882900
454 125.174238 246.092263
455 290.993306 357.220353
456 71.975558 142.488079
458 48.601158 294.537127
462 275.893129 318.787847
468 316.301090 234.659772
470 537.547679 196.171831
472 261.178959 160.450403
476 302.713108 341.869577
477 583.145845 211.377733
479 170.685060 425.743435
480 371.497812 382.944207
482 194.182743 168.775089
483 362.483308 263.260046
484 141.643876 317.564207
486 279.017220 322.605004
489 565.969309 317.658123
490 201.675860 31.579247
492 397.911421 132.179552
493 583.997560 337.952745
495 486.973475 173.964373
496 489.420015 127.346212
497 117.530714 183.922530
498 379.343465 239.609305
500 449.776532 205.518083
502 588.456381 176.282694
503 560.710904 235.418627
507 359.731380 228.070440
509 326.663395 85.586099
510 138.934527 123.388048
511 603.828277 78.028403
512 74.238355 149.353445
514 398.939149 363.215430
516 457.874138 279.368398
523 103.244039 358.305336
524 43.490010 157.385296
526 509.461949 321.968665
527 329.247849 238.612632
528 382.826300 179.759635
535 51.676643 321.931437
536 412.071478 337.360520
538 104.949262 216.078220
540 106.126035 252.235511
543 268.048457 250.623245
546 510.323099 240.442154
549 37.420637 349.541690
551 451.630137 146.356552
552 114.420586 408.315961
554 5.740647 185.783404
555 178.526203 48.054988
558 415.614614 298.705588
561 299.682268 157.206073
563 502.101663 331.970656
564 634.587135 161.173574
565 533.244897 301.207086
567 381.513914 192.015593
568 286.022332 214.950133
571 468.376401 296.188022
572 454.991221 252.365949
574 603.515927 210.263161
576 51.969663 322.963980
577 102.269479 345.754135
579 511.079134 289.718254
580 389.248507 321.183932
582 604.644124 308.383717
583 501.451730 114.846134
586 242.973105 184.298399
587 363.131075 219.911379
588 452.392416 205.188709
589 318.906017 207.464585
591 20.729958 376.948812
595 624.273007 143.799617
596 314.358892 417.708490
601 216.748235 329.932361
602 392.623607 223.781187
603 215.800465 160.821052
604 509.518325 286.370583
606 299.569741 218.610019
607 446.844442 184.491677
608 98.429899 190.481115
610 382.931885 282.378868
612 234.984770 241.709966
615 606.768209 225.363628
617 215.196276 343.312355
618 215.953822 168.166602
619 95.704456 258.126023
620 229.319683 176.342130
621 156.548383 336.442203
622 445.320923 120.925486
624 637.859730 129.830794
627 500.210399 346.027795
628 250.475052 318.622495
629 58.677546 201.153120
630 477.313431 184.702170
631 529.637979 345.894839
632 479.106418 153.646424
633 87.565275 158.187988
634 430.226113 292.804604
637 380.579677 295.644793
638 486.502140 113.206803
639 543.052357 195.035036
642 217.322186 263.586522
644 252.068831 387.116256
647 387.895578 309.768628
656 313.245061 361.885380
657 492.810907 319.921814
658 7.611465 190.843269
659 618.546050 327.379875
662 189.375477 146.859979
663 515.557830 204.316546
664 557.275863 151.307168
668 145.257625 368.484056
671 280.212672 192.531728
676 483.664178 327.359241
677 308.309808 279.982609
679 199.289977 244.934727
680 278.516187 280.740547
681 298.820947 125.581566
683 108.063681 171.807229
684 166.071212 256.320944
685 410.962382 246.321890
686 348.296127 175.602117
687 152.469462 131.247144
693 208.644427 182.754551
698 200.157787 121.861114
700 569.719740 309.473380
702 269.479526 231.454217
707 46.590659 257.304182
709 352.144200 149.530512
711 157.744266 280.782595
712 121.629939 377.347182
713 543.381095 228.539277
714 409.147057 186.447654
716 23.337551 47.748436
717 219.126950 380.332794
718 547.502190 229.800004
719 541.994318 161.255836
728 159.492609 255.928262
729 430.322908 239.255843
730 274.618058 415.149884
731 203.832626 307.273163
733 441.882964 215.584525
734 211.402596 296.594632
737 235.898730 253.609844
741 174.545682 234.944831
747 150.632108 171.887007
750 325.309587 135.023560
753 530.210310 168.624130
760 11.174026 354.321931
761 84.438927 142.295068
764 321.381485 301.369920
765 310.110521 233.565782
768 32.111094 326.131272
771 10.945317 329.196432
774 405.607458 280.271343
775 124.750715 360.539730
776 251.663585 213.116589
777 132.121582 148.479961
779 10.703947 342.128318
785 266.255923 195.488832
786 239.703479 178.319207
788 290.927464 149.721002
791 87.983750 251.826827
793 149.782004 321.429252
794 552.277471 193.599084
795 335.626297 286.463707
799 534.882451 193.365658
800 436.479303 239.155670
801 561.238143 243.197726
803 448.411698 132.230216
806 403.982390 315.669783
809 385.425640 129.207921
811 237.136479 177.645933
813 46.493694 263.457617
814 175.269899 238.299542
815 340.506655 240.849581
818 472.285320 382.071596
819 452.088647 349.067050
820 226.758158 135.173193
821 54.672934 264.292060
825 11.401742 148.221104
828 525.067523 108.183134
830 597.378526 227.009236
839 401.148629 337.398511
842 168.889265 267.935662
844 53.035816 225.251583
845 352.438471 244.457558
846 421.857989 241.853052
848 633.427130 135.415385
850 240.335400 236.169951
852 138.039957 247.845547
855 327.225562 306.558623
857 507.007994 188.399943
858 250.808832 221.351254
861 351.650025 225.859613
862 93.669943 395.255273
864 637.381959 351.673876
866 85.277813 55.508718
867 365.267927 215.441343
868 20.453681 312.849803
873 607.031839 423.950352
874 63.380131 380.889025
878 558.840433 190.393611
889 531.939049 215.765673
890 342.494574 367.658262
895 438.681380 215.914094
896 599.887028 305.402971
897 122.081029 214.571773
901 472.406520 209.764298
906 65.188240 157.100696
908 200.645471 234.787761
912 324.894634 281.819541
914 151.305577 244.988004
915 127.420605 223.055884
917 354.003248 132.385852
920 113.502776 226.460925
923 34.399518 26.367039
927 418.424177 329.329353
935 403.518794 203.997454
936 368.410737 168.786459
937 380.504643 210.942975
938 160.028230 293.812161
940 534.899717 167.051505
941 601.510637 216.771799
942 446.904040 339.286313
943 127.552765 139.502281
945 127.023367 232.767702
946 44.473531 421.545612
949 449.096400 293.293271
952 464.783675 273.661544
953 133.324132 287.081219
955 276.101913 171.392746
957 226.214446 207.920555
958 617.968169 195.147394
959 355.112478 173.740438
961 295.329441 264.730672
966 288.539993 390.195600
972 87.953562 199.164569
973 396.948555 235.528917
974 586.740540 188.280161
976 478.462277 207.811550
977 503.677499 337.605428
978 496.819120 138.096160
981 145.182378 335.774997
984 92.372714 213.766138
985 276.896467 290.267279
988 563.508316 441.075114
989 230.519842 323.250567
990 416.913153 214.211942
992 132.026832 236.336300
993 157.636723 132.030449
994 543.917873 294.508007
997 364.593777 315.626423
1000 397.676833 179.262535
