40
9.750000 -0.319519 0.000000 0.000000 0.000000 -0.370219 0.928945
19 272.909427 21.166118
36 336.499195 71.193253
64 444.694188 48.388651
82 396.435951 262.011900
88 437.423761 141.775838
94 335.070893 75.056911
124 473.202488 100.769916
132 250.032179 173.867115
173 104.040323 424.359885
178 583.003536 264.146124
215 291.656939 368.480082
246 554.555449 129.328098
307 346.399529 158.268818
315 67.434874 373.232045
363 311.798893 234.814596
370 348.673873 154.700241
392 316.153571 232.358287
446 495.573598 161.001478
458 462.550718 173.679036
462 608.656027 288.687323
565 502.451456 205.064886
571 461.590365 284.740839
610 339.017264 283.049052
628 595.525745 301.694708
684 126.720737 162.523847
728 133.315607 125.534404
734 539.118228 25.686221
764 492.821614 99.801133
852 36.662071 117.537196
896 616.709352 246.221881
949 418.312129 419.014369
962 518.334148 284.970002
1036 459.166916 215.479514
1058 237.184380 323.269037
1083 479.409128 138.283252
1118 373.149688 447.217768
1119 493.104167 472.538285
1126 290.135955 210.582277
1144 434.723200 21.994663
1151 523.457737 171.095440
1206 33.881187 226.641524
1255 408.086250 197.771073
1260 395.328522 216.508606
1314 56.330430 337.644010
1316 256.434884 276.650086
1323 262.356351 78.624984
1332 442.678678 433.945233
1345 221.197047 445.849874
1378 234.845475 349.326132
1391 345.736185 82.415684
1403 123.566126 439.820432
1439 382.248902 253.162670
1553 180.273595 149.510169
1559 119.011082 348.802938
1577 375.612167 307.974534
1591 472.336745 14.325440
1613 355.022956 219.193911
1669 444.107194 215.777004
1679 595.793109 341.116505
1682 345.260094 338.321216
1683 223.181370 5.405419
1693 538.503489 368.982845
1755 250.646238 183.345522
1758 540.806434 466.540549
1761 255.999568 409.766532
1775 620.498362 353.519064
1824 300.652492 341.912444
1908 579.753010 310.717500
1945 437.877661 462.985225
1947 438.939563 325.760638
1968 231.698660 73.590084
1980 546.638333 185.370229
1986 160.490035 222.367896
