27
6.500000 0.215120 0.000000 0.000000 0.000000 0.377205 0.926130
1 284.052387 270.752209
23 373.393227 365.801150
29 22.135676 412.051984
44 416.591628 93.503679
52 256.586745 133.606265
53 21.538156 240.762343
61 214.428029 3.331537
126 613.995639 306.653419
137 424.891267 198.760216
189 263.369528 192.618063
199 384.166392 100.788220
203 623.786468 95.943610
234 396.044627 202.465879
274 398.652416 12.711120
289 335.796856 210.705300
308 370.728158 84.643289
405 230.875251 285.339644
415 173.293219 212.044421
438 103.460158 225.468310
447 134.558794 12.336744
468 612.373954 458.107025
481 14.880495 387.348407
482 84.037813 200.099806
495 62.890148 312.034535
538 258.352286 198.393154
554 166.581711 241.328917
567 295.108223 243.977171
568 383.636917 316.262742
588 370.931986 413.828216
589 360.826251 121.705064
606 458.013214 65.445969
615 514.302097 167.758315
639 330.184497 225.770950
733 379.142345 451.001544
765 636.032241 416.005437
785 289.313766 411.787361
794 295.281411 58.679616
799 293.823722 435.042788
811 185.975842 162.251582
857 250.044492 30.596982
867 403.274376 152.548909
895 477.784357 230.331757
915 520.569570 438.997582
920 539.708649 163.618591
935 129.207512 412.855213
941 402.610036 414.613623
955 125.034464 117.498058
959 95.433015 396.140069
984 385.676688 182.038765
990 423.924988 372.673279
996 11.750982 391.857844
1027 259.425310 363.659714
1056 240.819427 390.608895
1146 493.438887 103.797547
1186 67.025048 126.400178
1210 74.120084 323.542624
1219 463.221089 219.466679
1238 167.119856 396.152946
1246 631.284082 306.603550
1250 307.958458 217.488639
1267 239.441104 219.925871
1304 298.271701 301.649594
1325 622.681261 314.424554
1339 356.152799 100.997049
1366 384.760044 476.292422
1394 284.211126 272.270928
1430 116.713189 425.352451
1446 84.063625 469.826660
1473 442.124857 421.694881
1475 117.147551 115.116619
1482 114.755379 434.218076
1512 416.424756 74.756061
1541 304.618517 357.168015
1542 31.625911 204.708585
1562 158.385680 151.204940
1590 447.232058 13.995260
1593 224.136751 431.190420
1603 156.417558 316.693049
1651 4.894474 477.536458
1668 149.046660 220.708541
1728 516.929200 338.292216
1731 472.264486 389.088217
1741 398.313846 405.187265
1747 339.513681 6.465304
1798 53.827529 108.787751
1804 504.138380 59.672615
1810 479.928528 315.194512
1817 584.146505 406.044899
1842 138.663921 237.888816
1862 1.280568 185.464813
1868 459.411354 391.061785
1909 273.191310 298.849153
