14
3.250000 -0.108195 0.000000 0.000000 0.000000 -0.381323 0.924442
5 543.488927 218.357266
19 158.624073 93.156598
21 501.899420 441.860488
25 182.038237 423.155831
36 229.883236 114.436629
37 450.404814 401.098262
49 414.257422 420.808675
50 2.348091 34.764339
64 179.109346 149.455215
88 277.653891 172.827131
94 203.627509 128.284450
108 521.334793 355.191529
173 40.021225 360.092720
246 380.666317 160.431408
307 236.626143 179.370212
315 10.815909 320.640106
364 421.270557 130.200798
433 471.664223 348.603094
436 405.971345 416.788959
466 592.588849 245.345734
483 309.858124 406.811134
489 579.147186 400.581966
525 466.487423 113.611288
604 364.074323 63.986706
634 607.359581 232.923906
642 325.034234 116.085120
676 569.711916 2.098565
734 370.154383 85.613517
774 368.902677 216.240186
795 332.017254 26.139664
821 174.058271 52.716899
842 201.501693 459.408382
847 380.195150 420.873986
868 450.838545 287.827791
896 421.753159 244.430466
900 528.390882 147.963652
961 168.900613 474.346656
962 361.462313 272.920856
985 408.264133 391.024400
1031 561.734118 417.129035
1055 439.311619 112.291109
1076 483.890030 238.211549
1079 430.556633 265.436624
1082 367.823924 127.862466
1083 318.661108 168.182784
1084 622.595411 2.033852
1089 3.480945 9.297653
1109 364.289903 67.140921
1151 305.115591 196.821565
1176 267.880173 76.251290
1214 249.556352 308.745936
1245 376.361452 57.699476
1260 231.038695 224.853003
1287 113.474582 157.797735
1314 0.754011 295.763454
1318 586.589995 211.448940
1332 224.681693 350.135121
1341 602.442295 476.476799
1362 496.988983 235.154620
1364 72.919981 28.039437
1403 53.685944 370.983610
1454 511.729220 405.137387
1591 323.982037 76.125990
1592 611.081913 438.824396
1612 467.642488 426.795098
1618 263.564050 108.898675
1620 494.170721 356.845405
1655 16.711073 461.424186
1661 565.296577 175.052013
1662 520.274173 65.504249
1669 243.218069 225.368763
1693 315.524528 320.996016
1698 423.518067 408.834983
1705 553.952489 158.622859
1761 127.570881 342.815400
1775 423.503583 320.663821
1824 134.951258 295.704235
1945 261.350936 384.826760
1968 104.819807 143.922615
