17
4.000000 -0.756802 0.000000 0.000000 0.000000 -0.285441 0.958396
19 238.505804 92.053083
25 253.947897 438.250086
36 309.448049 110.833639
37 559.664264 427.835409
49 514.490545 446.774174
50 92.402013 41.937817
64 253.171845 143.914474
88 358.341934 168.267199
94 282.213358 125.020483
124 422.397510 126.723198
173 131.538305 354.693983
178 523.509976 260.676257
215 277.463890 337.233157
246 473.734052 150.869029
264 333.283206 476.163899
307 316.208719 177.390126
315 104.767305 316.643040
364 526.365073 111.220898
433 595.342729 373.075545
436 506.989496 445.322439
458 418.038092 185.641986
483 395.176636 438.917265
498 26.264961 105.806656
525 591.878501 83.026838
546 24.785541 88.553183
565 454.024174 210.817897
571 421.346413 277.030835
604 455.776756 41.005037
642 414.027006 89.861734
657 582.096377 188.269143
734 461.345278 68.113030
774 463.246056 212.530482
795 417.987868 5.182099
801 55.543715 311.159687
815 42.554751 398.386518
821 253.341042 50.021113
842 280.235515 465.278983
847 474.787161 445.845773
868 560.065222 295.733294
896 523.695676 245.086285
914 84.269530 357.517255
961 248.994468 475.982607
962 451.033319 276.383302
985 510.262230 416.164983
1055 546.965797 90.818233
1076 605.643933 237.852831
1079 536.559274 269.693121
1082 476.293656 89.288772
1083 402.909786 161.996147
1089 87.311242 12.446407
1109 455.685732 45.372168
1151 388.245146 192.620118
1158 70.647235 67.636333
1176 347.788433 64.820021
1183 17.056714 363.467510
1214 320.888115 325.027518
1244 3.054617 203.188523
1245 469.032379 35.462894
1260 309.275042 224.081352
1287 172.500987 147.943060
1314 94.625262 293.097429
1332 301.606487 357.274955
1362 623.254142 234.140932
1364 151.630083 26.489549
1378 234.607147 320.399220
1391 319.631276 117.747723
1403 143.373620 365.805411
1577 345.021758 293.665188
1591 408.673211 62.286573
1612 583.711098 461.831920
1613 333.243488 223.471340
1618 342.229097 95.599728
1620 621.121195 382.035929
1655 113.073189 448.320282
1669 321.372493 224.389715
1682 320.692325 316.618510
1693 399.881049 329.354507
1698 534.074213 444.476321
1761 207.364667 343.369154
1775 525.922110 332.728304
1824 212.303623 296.894793
1853 147.861138 434.916702
1893 581.033666 421.335322
1945 340.855550 394.477698
1968 185.383736 143.937115
1980 490.488775 193.863299
