24
5.750000 -0.508279 0.000000 0.000000 0.000000 0.348039 0.937480
25 173.588559 416.923357
26 391.383177 403.208589
50 269.516284 285.614746
82 487.760316 10.396414
94 515.835183 101.295986
126 513.539386 377.149636
153 535.207657 388.004426
178 427.208927 453.923318
243 484.526407 165.191274
257 292.146750 472.898374
287 108.418382 467.330056
293 502.607352 231.051329
298 284.446307 316.272789
309 123.458421 178.107609
318 539.557258 425.819493
364 60.304068 279.311593
385 307.689681 196.316468
392 579.470199 282.627149
405 77.803807 355.073744
436 137.252557 105.889072
462 161.056331 119.167931
503 460.765840 102.082549
551 299.249319 350.929812
553 137.545129 296.483002
588 388.356367 287.907316
606 534.783040 160.660951
631 273.194667 296.751765
668 300.578983 467.211929
713 510.797695 98.641023
729 101.553896 96.370091
733 348.077717 123.215905
734 153.548656 230.702699
765 619.459047 392.765989
768 382.740894 437.713549
788 473.860780 63.021076
825 417.926859 376.944950
855 342.807768 432.332559
867 350.407486 381.904598
874 26.762506 429.311645
889 567.888902 73.722591
917 171.821938 334.650483
920 355.339314 213.246265
928 401.677805 302.047522
941 445.228317 60.903387
949 568.907499 5.389503
962 200.932717 254.183339
1000 548.122018 402.445986
1005 166.151157 341.518935
1012 285.104383 71.781003
1027 129.429727 260.118549
1076 213.374509 139.100826
1083 573.647633 51.074847
1101 578.057031 27.337489
1137 55.780041 238.936093
1150 568.850976 222.603457
1191 140.463890 307.560873
1200 487.312570 29.414935
1212 395.078343 465.954085
1219 311.711662 147.255903
1235 233.654061 279.574676
1236 385.980645 244.216048
1238 96.257793 189.465689
1250 468.687445 424.335725
1299 13.835171 100.231659
1304 268.157143 336.623000
1314 297.715308 438.573467
1315 542.895205 264.066643
1332 346.655156 339.696636
1334 495.928229 292.100839
1339 340.066418 390.187426
1346 142.137339 26.020402
1362 11.802306 421.575109
1364 153.751309 210.822373
1395 613.533783 222.540154
1420 149.047033 156.419848
1430 287.704069 10.129908
1446 87.531982 131.060283
1491 564.203419 291.379581
1512 355.333345 317.072260
1541 115.463629 405.152806
1548 547.897343 269.704098
1578 302.267192 292.620957
1584 187.896099 103.381640
1590 292.569473 158.723070
1591 496.047998 272.752028
1668 280.470548 294.879688
1682 613.863102 322.894496
1711 401.294541 246.548874
1725 328.456303 245.950838
1741 314.666477 463.839952
1758 336.524547 333.270667
1791 598.496952 107.869262
1798 75.017058 266.047907
1813 455.309175 406.927281
1835 62.065196 328.605268
1897 205.579139 223.989521
1907 13.744979 357.391749
1913 278.839580 292.131420
1945 421.197921 338.087378
1980 298.568381 223.690599
1993 234.132662 243.194599
2001 168.669299 204.579236
2029 435.254462 458.580530
2032 515.075940 191.870450
2062 321.233433 156.848661
2067 435.818950 460.864378
2084 431.841226 205.939924
2093 300.067414 397.385839
2121 158.117854 242.239078
2200 446.374807 138.536624
2207 172.836907 234.456062
2213 285.454608 222.875115
2223 260.227481 261.076592
2236 92.045928 399.688625
2237 452.611018 427.603262
2245 393.562865 455.871020
2247 119.594834 421.769712
2254 287.465117 187.513222
2304 232.603428 429.719052
2340 138.569019 226.166097
2449 600.397341 55.783782
2492 553.596803 159.726900
2508 474.913871 238.221266
2555 507.257897 71.206667
2561 601.698548 72.642925
2564 49.561971 444.020668
2624 463.366924 179.350491
2663 135.542120 169.994963
2754 583.758390 57.194148
2756 256.007106 459.630641
2785 179.920475 276.002076
2789 196.784578 69.693157
2790 626.354059 42.366423
2807 187.948439 247.679124
2811 249.919538 450.241962
2825 624.106061 421.328585
2859 381.567798 456.158308
2901 161.444882 91.924943
2909 300.441260 405.920863
2931 338.138203 249.615481
2936 603.142097 340.433621
2940 495.540246 2.366096
2948 459.250862 140.665245
2958 2.023795 75.966630
2959 439.122051 246.178183
2987 360.981731 360.846550
2996 110.608372 334.746651
3077 436.236176 372.435246
3087 392.453417 414.644161
3095 368.438830 321.452009
3111 450.633080 73.382296
3139 327.457315 130.844286
3148 345.978625 224.846679
3153 116.678732 394.700257
3165 211.711140 339.726876
3205 387.179530 471.368897
3215 548.054777 141.973368
3236 620.112003 450.393806
3238 327.975229 240.239786
3261 248.556919 311.582669
3275 151.517345 175.647124
3336 45.521489 469.644333
3374 473.558611 211.209767
3376 223.182420 378.379422
3394 460.785066 99.353622
3400 189.209747 234.266364
3433 461.043288 390.942477
3463 416.262833 253.913408
3527 500.112585 411.150918
3528 372.601397 197.085338
3614 33.447722 23.467809
3624 571.195585 191.152283
3631 128.476709 158.017738
3654 97.527724 159.045222
3706 453.330453 347.533964
3712 361.253408 242.172880
3719 223.344649 434.980896
3766 9.351134 147.171998
3791 106.040345 129.613426
3811 637.762837 402.333994
3812 53.005684 140.716875
3842 482.512632 355.396541
3932 573.483045 17.640230
3935 152.586941 127.975134
3940 382.746203 23.962705
3956 177.917009 247.755969
3958 628.106769 331.847337
3970 161.374075 305.213412
3978 301.343099 22.069019
3981 276.419321 224.038272
3983 465.719477 254.758882
4044 162.781976 358.469325
4083 488.356049 469.494595
4132 224.836123 135.279289
4152 448.265052 15.206315
4158 74.851917 64.975365
4184 630.830289 24.197131
4210 563.297673 438.612109
4216 399.342200 283.109748
4246 153.653500 33.094400
4253 180.256217 431.218716
4294 333.665186 45.667508
4295 139.845870 262.514322
4304 480.500729 167.335876
4336 235.434366 201.237034
4337 631.516433 465.961652
4359 352.406431 184.917611
4428 256.077929 298.665486
4455 78.169604 251.185047
4459 203.396578 276.118719
4486 373.615881 393.068686
4494 227.018950 456.358719
4498 197.670879 140.144939
4502 629.085729 22.163553
4520 182.168434 409.113555
4530 409.937547 454.993236
4534 581.240924 312.173101
4552 325.499243 460.612258
4555 329.306099 377.238931
4573 329.403073 200.189044
4578 544.126807 449.984203
4589 563.110258 182.722165
4620 489.607588 99.838261
4655 238.118656 264.879099
4679 558.978241 353.409479
4691 6.121245 357.471521
4719 7.884978 234.180950
4725 364.606023 225.702104
4759 332.234023 225.129370
4794 492.320159 280.673222
4800 191.949026 177.498188
4819 226.218568 156.650019
4820 462.965368 286.879889
4837 320.216554 123.484218
4844 74.943963 379.324519
4852 153.530433 301.496874
4883 401.010361 96.470174
4952 314.805534 44.173877
4997 64.870758 209.855117
