36
8.750000 0.624724 0.000000 0.000000 0.000000 -0.325439 0.945563
15 430.664169 321.832162
27 504.294243 410.937356
43 563.535840 288.591679
71 53.919331 119.340324
88 513.346924 57.528145
130 413.857191 224.142848
161 406.598432 373.684804
183 403.769615 156.727399
222 146.412881 429.527058
234 588.881979 309.139951
285 298.612516 192.526914
307 190.263110 245.317683
370 267.454663 101.650742
458 457.322305 327.531302
477 626.315170 448.921768
498 295.883772 418.660068
526 526.975053 219.297860
538 565.052024 353.292494
561 353.659672 96.106517
577 388.806926 51.670803
603 222.981213 97.247207
607 221.001901 157.619853
620 384.101063 254.763756
629 290.590720 146.422805
633 106.383310 438.448552
639 263.791030 190.631420
686 107.713604 214.481953
728 244.799176 45.907689
760 541.675499 393.788535
765 14.687392 430.528597
779 360.158258 270.974569
794 232.314970 375.945823
809 518.008215 290.733288
811 477.315427 153.377688
833 273.436669 462.218650
848 395.411704 440.064754
915 371.084018 211.416502
972 172.114650 451.450113
974 108.542683 39.352289
977 498.571649 154.836202
981 434.895228 268.037948
994 349.911822 69.157277
1015 610.734706 250.446274
1045 286.147624 181.607883
1059 312.710891 277.303683
1074 260.814397 410.461380
1100 420.366592 144.215054
1118 429.651795 300.648949
1136 206.366624 115.442656
1156 530.452883 104.529522
1192 227.137398 279.131525
1215 246.897306 435.736949
1267 419.151594 373.353077
1283 584.603749 41.548073
1295 320.175594 71.333483
1310 318.091249 29.126601
1320 247.039273 36.968325
1345 221.927545 419.520683
1378 382.590753 332.120309
1395 4.451752 211.891103
1396 214.008091 352.234108
1399 220.615533 315.318397
1410 633.876869 210.376107
1419 175.617068 26.695978
1429 343.246426 179.854671
1437 385.107159 92.239685
1484 399.366585 283.953048
1497 318.425264 113.574849
1554 34.311560 394.365405
1559 226.723567 150.071335
1658 499.391707 277.835949
1682 2.480351 357.589317
1703 38.246929 26.227015
1732 324.511901 436.504723
1735 3.954730 172.487005
1751 427.684910 201.822076
1775 474.600799 422.326900
1791 90.281563 23.447763
1793 373.637521 65.116263
1808 127.415688 195.423869
1814 499.084562 330.675405
1844 525.547262 284.184917
1888 21.342976 325.765020
1900 98.156168 105.493557
1906 394.592235 156.575958
1914 494.735541 184.098120
1924 386.394943 222.573991
1943 67.614218 234.790917
1968 556.468554 196.336380
1995 442.621673 154.414968
2024 93.570203 354.931183
2026 70.779286 346.008334
2031 129.622115 56.683008
2043 289.868436 227.087527
2047 421.667092 189.696093
2077 42.568551 469.330411
2131 243.218682 348.958461
2143 288.731811 145.185070
2167 262.553764 230.416961
2222 290.299675 262.700317
2227 272.560067 255.236955
2232 432.326393 70.751882
2244 275.004581 196.934808
2265 93.147298 185.620333
2282 424.934290 273.351315
2285 114.461413 7.747700
2400 390.526767 299.056088
2401 378.366799 356.668494
2451 82.788992 131.245023
2481 533.360975 242.147708
2491 242.072138 427.272460
2501 316.787147 209.945008
2530 610.576828 203.457292
2561 0.176530 27.211830
2567 560.797247 84.695458
2581 339.654969 398.736086
2608 446.729592 304.498862
2620 460.509940 209.054105
2629 635.128926 471.970314
2638 471.628345 1.232268
2639 609.251278 155.993626
2651 628.400421 416.009101
2665 296.713822 339.868173
2667 63.350363 144.890829
2705 172.341593 368.267577
2721 179.529050 74.334622
2732 58.716356 267.938803
2743 255.133564 152.852607
2757 93.513348 378.380237
2773 308.025391 209.482631
2790 21.949673 11.727544
2826 253.454310 473.145900
2833 368.786084 196.708961
2887 399.171726 155.289166
2917 262.110002 119.667626
2930 281.035030 34.272309
2972 599.509528 49.409575
2974 325.297750 337.545867
3007 600.224571 278.854543
3048 582.470506 160.723457
3051 576.569359 273.915370
3052 222.271308 284.389734
3098 533.419338 86.844665
3117 359.874592 209.854826
3132 300.019930 285.348385
3160 405.332540 198.705667
3178 270.528268 434.675586
3185 267.978003 388.607778
3192 442.093457 59.588568
3194 304.016719 216.618309
3204 212.723874 310.670666
3209 546.542020 345.859626
3213 405.923988 459.933250
3243 302.175275 282.117917
3277 564.460853 139.418193
3278 313.166602 198.759325
3285 322.613873 145.488863
3295 445.158016 413.547851
3306 450.718738 189.867522
3315 440.128241 325.263801
3324 390.613598 314.680833
3365 38.421327 67.632418
3397 227.938027 115.672611
3419 304.340485 42.027346
3437 395.482897 32.390737
3446 575.060244 294.297166
3478 614.957562 243.878691
3496 473.492429 154.963425
3501 302.367403 164.759226
3508 11.010973 114.240881
3523 434.607505 287.884413
3526 419.267061 335.759968
3552 624.963055 401.856053
3554 581.075485 373.326303
3615 163.354122 308.011676
3616 246.798764 17.499841
3651 284.058555 374.845218
3671 620.114047 302.911861
3686 545.336700 404.060982
3702 156.536774 34.969443
3703 184.401015 150.195025
3715 114.726370 466.428442
3725 42.457548 183.133934
3748 544.659339 293.226405
3811 118.315720 447.748632
3831 619.924612 265.618036
3851 139.047772 330.891480
3862 400.436506 361.672416
3872 53.722077 187.244684
3901 356.607340 139.764760
3952 147.132783 28.520183
3958 43.699008 324.220567
3984 168.686007 65.548611
4003 485.342232 229.293997
4008 497.705046 75.128469
4011 401.915788 331.707716
4020 427.917791 361.342418
4026 401.216039 268.795489
4036 59.303432 104.975998
4042 124.017463 383.593543
4120 199.110456 105.002275
4134 455.398454 406.314002
4148 503.958177 239.110219
4195 280.900892 106.801139
4221 234.944394 124.283210
4247 90.010983 332.069731
4300 129.953857 300.324441
4305 317.215662 420.939129
4316 259.625045 193.652444
4351 399.223849 323.053830
4369 124.387605 282.862129
4402 408.790195 320.010536
4476 412.215787 391.459855
4504 416.720196 378.567123
4509 164.781498 359.089546
4604 351.240812 452.536411
4622 634.049396 369.972672
4633 555.282886 115.857559
4636 522.166333 59.702299
4676 226.259728 296.791371
4706 224.418424 330.312443
4721 404.406813 306.631781
4742 576.628992 255.080480
4780 419.176016 89.340245
4787 43.409596 310.338148
4795 150.451754 360.794182
4798 520.942264 29.078822
4838 563.286891 317.647147
4843 266.639406 71.526596
4925 337.580964 171.593135
4940 347.465382 310.516455
4942 188.498566 413.972073
4944 389.969583 431.263418
4948 628.287283 469.661178
4999 96.063263 322.359903
