34
8.250000 0.922604 0.000000 0.000000 0.000000 -0.183042 0.983105
15 531.200655 334.192819
71 216.711116 140.424163
75 207.269958 440.377288
94 121.356932 92.078558
126 37.199440 446.434284
130 567.477786 216.222430
132 175.967077 29.785423
153 64.438296 448.041436
161 545.515702 398.517166
183 542.783150 156.498542
206 154.503159 217.909457
222 283.862786 423.731936
285 413.754976 191.363407
289 469.948053 2.201704
293 60.949127 242.618036
307 307.552188 288.586033
318 112.718686 459.637271
370 389.247518 104.907539
392 161.322623 262.108173
458 609.126987 356.113027
484 51.248681 317.562659
498 381.834243 412.527419
538 637.718719 325.396112
561 503.734067 84.851858
577 500.765306 50.780656
606 69.502870 107.379941
607 332.546711 157.184788
620 511.970639 249.065652
629 401.222526 150.056441
633 250.521014 392.794179
639 367.370869 191.770247
686 251.008911 208.081550
713 91.636161 17.998314
728 366.984051 51.812249
765 169.209281 412.991866
779 507.854895 261.404690
794 325.247373 384.079860
800 17.587736 135.267902
811 624.047297 156.934311
833 468.028623 449.370503
848 550.570927 457.496195
889 118.899371 44.404878
915 497.701651 199.338253
974 243.001752 65.051701
977 632.327466 137.979634
981 561.259332 287.068322
994 488.927114 66.623314
1000 126.967648 399.904286
1033 52.648260 306.460653
1045 403.351557 167.757369
1059 437.300326 288.929572
1074 380.522673 349.976924
1094 289.563465 5.356280
1100 593.213121 125.512512
1101 158.628663 23.612262
1118 564.254388 313.555189
1136 312.312347 108.804800
1150 114.507330 213.825859
1192 362.018782 272.111338
1196 470.017018 8.412758
1215 377.214208 451.519011
1267 556.360210 377.124049
1274 131.551853 231.910363
1295 440.265496 82.691305
1296 171.807294 289.863662
1310 429.063108 26.785809
1315 102.906969 259.872243
1320 365.522933 23.055519
1334 65.219262 347.961506
1345 338.646247 363.838916
1378 512.650171 340.389669
1395 185.807434 219.784716
1396 324.065208 338.495762
1399 372.272847 312.853581
1419 321.997813 33.373726
1429 457.497410 172.732911
1437 484.510359 71.739944
1484 526.549403 284.761978
1491 113.174293 275.787499
1497 426.983037 116.078509
1548 125.982399 266.564351
1554 192.361556 379.560212
1559 345.298101 163.382461
1591 136.468433 300.144891
1682 180.814527 324.807005
1732 427.389005 440.504522
1751 547.149231 196.208235
1771 156.930525 449.844273
1777 419.856187 477.117875
1791 192.589219 26.273553
1793 505.442629 55.758607
1814 627.867724 325.525872
1821 194.869417 429.081420
1888 203.985321 312.892979
1900 226.217241 107.841372
1906 558.613743 152.814909
1908 478.254474 47.127800
1914 626.425491 192.464312
1924 499.972695 230.144955
1943 190.382459 227.046953
1995 586.687798 123.732647
2026 207.191201 345.126111
2031 261.428470 81.080263
2032 138.731768 190.641010
2043 412.003812 218.301432
2047 555.930253 182.148909
2077 212.602898 434.544829
2131 362.065538 336.355687
2143 393.430863 111.157557
2167 389.713074 244.724994
2227 384.170010 268.034168
2232 531.094879 69.736006
2244 383.478700 197.616179
2341 460.557980 450.740949
2400 528.183392 302.392436
2401 519.823875 364.570941
2449 139.162284 29.123106
2451 209.555292 124.052308
2456 51.302494 198.389543
2491 317.572416 386.653773
2492 81.028952 172.171752
2501 413.023066 218.321971
2511 140.659842 97.940548
2555 42.084250 21.742393
2561 148.491120 72.462292
2581 450.497984 384.137802
2605 250.454423 54.238805
2608 585.660780 314.865433
2620 616.164926 207.516016
2630 350.358751 448.417625
2665 427.456692 388.309144
2667 227.199475 165.330440
2690 253.311681 455.502152
2705 305.865861 342.761947
2721 314.096882 88.487901
2732 219.633220 250.137709
2743 389.357578 176.350021
2754 139.804414 61.415349
2757 251.240507 360.772436
2773 433.179888 214.351152
2790 165.724941 7.744941
2825 162.559057 423.923329
2826 363.525179 446.350914
2887 520.528405 162.096906
2917 370.617164 125.753639
2930 395.291928 54.811486
2936 138.600697 325.712768
2948 19.366900 89.861022
2974 442.484883 327.738765
3052 348.122137 269.506853
3117 484.927309 199.654749
3132 419.107005 289.040103
3160 510.964747 190.286747
3178 388.599164 411.886001
3185 368.291061 378.003696
3192 574.925067 27.649720
3194 414.861294 210.701655
3204 364.661581 288.828190
3213 548.136738 449.970176
3215 66.069246 139.993834
3236 142.091427 442.876587
3243 426.315529 278.791301
3263 145.519073 447.008287
3278 385.655883 195.999606
3285 447.116809 121.846187
3295 541.647956 401.979071
3306 548.746810 171.505901
3324 535.442650 282.498212
3365 188.054602 94.860489
3374 52.298631 225.913013
3394 92.712164 4.120810
3397 356.859627 106.012198
3419 424.017377 38.724154
3422 100.332156 310.056351
3433 74.689102 400.972351
3437 526.886929 44.053332
3496 617.781228 141.419320
3501 452.844822 141.695165
3508 194.698887 140.829230
3523 574.220917 315.307622
3526 536.921559 330.128475
3583 61.025610 162.026982
3615 293.062955 294.173299
3616 356.597545 16.585992
3624 150.299003 155.141848
3651 379.646498 354.172976
3702 284.724320 38.120126
3703 315.217561 173.076045
3715 251.622995 414.392160
3725 203.954291 210.762141
3811 291.523694 413.440297
3851 279.111570 323.002077
3862 499.384170 361.749669
3872 213.526922 179.570507
3894 79.254329 362.062777
3901 467.308120 144.331715
3932 128.495892 9.393391
3952 275.315298 63.004457
3958 180.204106 305.878046
3984 294.480137 89.075160
4011 535.010247 356.263055
4020 558.529464 390.538234
4036 209.620534 127.970220
4042 280.771957 356.501852
4086 24.058390 67.180700
4120 318.404867 107.679183
4156 145.072987 384.639369
4195 396.984216 106.612790
4210 122.029323 449.507271
4221 384.832053 127.838047
4247 206.267839 330.204041
4300 240.192064 288.603043
4304 41.265165 141.982957
4305 406.605138 433.994934
4316 372.645277 185.629770
4337 163.828900 455.220252
4351 542.196715 341.495882
4369 269.557955 281.655325
4402 556.225025 329.838903
4476 545.088502 410.290788
4502 177.038660 50.483467
4504 606.014349 397.472437
4509 296.028607 339.232423
4526 357.290165 6.072124
4534 135.724652 324.648553
4589 249.574059 104.014914
4618 335.694185 19.065111
4620 18.207482 15.276490
4643 136.367782 160.375367
4679 101.887389 358.674252
4704 7.880646 255.278921
4706 346.938458 330.585712
4721 531.908153 309.663720
4757 277.722779 472.465532
4780 548.715908 83.607675
4787 206.434182 297.005928
4790 15.003470 428.650045
4794 59.044437 291.079925
4795 272.338782 356.010239
4843 373.927122 83.871619
4925 481.752661 176.074967
4940 489.310801 304.800550
4942 302.593863 402.440102
4944 507.221628 442.079555
4999 240.241189 321.271681
