123
19.97824 -1.647724 55.59027 0.032212923051371786 0.7154947483851128 -0.012854856629386156 0.6977566519087068
16122 9.979097
16259 16.020777
16293 17.190939
16012 7.480714
16226 15.032175
16239 15.387868
16330 19.089304
16290 17.097082
16271 16.340738
16235 15.275425
14834 77.237686
16316 18.234396
16319 18.469156
16250 15.752474
16262 16.069895
16212 14.438736
16113 9.789562
15976 6.77639
16188 12.317338
16194 12.457686
16157 10.902443
16366 21.007008
14947 6519.526855
13998 355.295502
16261 16.041624
16232 15.208315
15999 7.25119
16058 8.121216
16099 9.232658
16008 7.454526
16251 15.862516
16291 17.165182
16277 16.54285
15699 15.316087
15752 16.181805
16273 16.351994
16307 17.694483
16279 16.5996
16303 17.542627
15813 29.112436
16297 17.37368
16085 8.600365
16088 8.737568
16158 10.946798
15998 7.239855
16121 9.965535
16023 7.631299
16213 14.439771
16095 8.999192
16046 8.003523
16347 19.924879
16236 15.2803
16281 16.675383
16161 11.142945
16011 7.480414
14948 57.803642
16285 16.952801
16199 12.857432
16222 14.960256
16184 12.222474
15770 16.975494
16342 19.529476
16244 15.556699
16241 15.47073
16368 21.318464
16119 9.920665
16165 11.317009
16292 17.187508
16276 16.536875
16274 16.353237
16073 8.396775
15726 15.927429
16278 16.57049
16300 17.487625
16080 8.466303
16112 9.746757
15814 9.830893
16101 9.296144
16089 8.765296
16149 10.710932
16159 10.979486
16120 9.949327
15657 12.284502
16124 10.03954
16140 10.564631
16001 7.290878
16022 7.570425
15829 28.968668
16044 7.977902
16349 20.049631
15706 15.616439
16147 10.687398
16039 7.920001
16118 9.91183
13066 451.316193
13580 86.041283
16315 18.220648
16267 16.224234
15727 15.572665
15776 16.56995
15737 16.188643
16266 16.202354
16249 15.702351
16310 17.869831
16270 16.334391
16326 18.880407
16268 16.272461
16333 19.173399
15745 16.391968
16052 8.042377
15292 30.360277
16093 8.922865
14833 31.356106
16170 11.516551
16087 8.661117
15707 15.869354
16220 14.949171
13507 31.848507
15816 39.891563
16238 15.347904
16032 7.747166
16146 10.677828
16103 9.335943
16172 11.568274
16142 10.592068
15888 24.860115
16060 8.158486
16016 7.527055
15577 7.998573
16171 11.421494
16079 8.43788
14444 36.79784
16245 15.600771
13508 28.897217
16104 9.443464
16173 11.569411
14460 440.392456
15702 15.742066
16311 18.002594
14462 71.775146
13996 36.214222
16047 8.008429
16092 8.911057
16125 10.042485
16340 19.521761
16367 21.251986
13511 51.714043
16202 13.170584
16116 9.874768
16218 14.89454
16009 7.472246
16344 19.749537
16329 19.038795
16302 17.502399
16141 10.564666
16301 17.498131
15758 16.695353
16322 18.663353
16320 18.538956
16102 9.318557
13487 15.699274
16304 17.580536
15650 11.421494
16148 10.700418
16091 8.796673
16076 8.402987
15843 30.833418
15852 51.542362
16048 8.011429
16150 10.718851
16072 8.356894
15390 30.631435
14025 37.369099
13579 29.95829
16175 11.636225
16154 10.849214
14842 22.66407
14854 23.284878
15628 11.131381
15279 27.065123
14858 39.381184
15614 9.887176
16138 10.535568
15388 42.404701
13536 38.740417
16043 7.970647
13585 112.254616
14017 63.445625
12632 21.738014
16359 20.7915
16205 13.623595
16004 7.388812
16045 7.982044
16346 19.836494
15744 15.310511
15868 28.736954
16339 19.442862
14851 15.096089
16231 15.173872
16209 14.119193
14868 16.202532
16057 8.114263
15204 11.217173
16151 10.756026
15608 9.513165
15605 9.647714
14457 27.819237
14448 46.44339
15644 11.247293
16181 11.915618
16090 8.771689
14006 13.064156
16190 12.358451
15191 10.494772
13088 51.118725
15891 40.42062
15867 37.877659
15311 36.9258
15851 27.262194
13517 34.403648
16077 8.409263
16216 14.848331
14455 32.939201
13532 31.917181
13100 77.400558
13582 27.114933
14446 36.714439
13557 399.096161
16341 19.524523
16317 18.423903
16338 19.418335
16027 7.679939
16248 15.69487
16224 15.025212
16135 10.529
14044 51.940346
16193 12.44421
16015 7.521563
16143 10.654573
15729 15.966234
16299 17.446808
16280 16.643019
16038 7.893713
15689 15.387877
16156 10.88399
15604 9.646174
16086 8.633644
15671 13.173767
15611 9.329976
15391 38.64893
14538 38.328629
13547 39.966888
16343 19.62402
14477 34.62048
14055 37.850452
15395 27.208284
14471 40.556026
14907 37.186153
16331 19.128235
14920 54.665199
16336 19.376385
16337 19.404509
16153 10.815262
16133 10.371848
16335 19.22838
14480 26.37785
16195 12.653637
16313 18.135891
16309 17.795019
15681 14.852404
15367 20.631044
15761 17.732826
16225 15.02771
16003 7.357086
16160 11.136789
16061 8.204159
15850 30.798424
14421 9.537384
15221 12.92755
13559 50.443817
15638 10.915544
16162 11.18096
16128 10.173019
13116 71.196533
16164 11.26613
16078 8.413496
15602 9.476396
16356 20.384901
13114 28.545891
15335 21.312561
13080 56.123585
15880 32.237446
14518 42.796806
14957 28.973955
15399 39.153419
14479 28.155733
14064 34.55003
16328 19.008192
16289 17.07303
15694 15.327964
14505 26.284822
16327 18.985743
15334 17.983475
12647 23.050724
15568 7.378269
15794 17.289219
15719 16.061441
15860 20.848598
16364 21.023064
15693 15.527323
16354 20.228241
14828 12.796343
16074 8.399829
15823 82.115852
15651 11.728594
15790 16.891268
13997 33.874538
14534 80.673065
15715 16.011818
14020 29.294889
14959 29.011019
15916 28.663729
15373 662.080994
15154 7.323334
15844 7.53038
15573 7.909021
15313 835.748779
15777 16.364614
15667 13.064156
15755 16.532848
15841 30.707722
15244 16.186413
14096 91.173027
15748 16.76045
15711 15.805877
14410 10.342202
15872 28.432199
14013 9.78849
15633 10.774066
13560 76.635521
15587 8.418348
15673 10.420989
15140 6.755828
15583 7.959532
15349 28.106756
15331 18.971704
15182 9.702358
15622 9.739219
15345 20.24625
15538 6.543066
14087 30.115002
15877 83.423355
14925 92.813469
14068 84.888763
14026 48.01672
14882 24.488138
14443 12.72781
