137
55.4 -2.8 31.7 0.00828 -0.000463 0.00843 0.707 
17808 18.149134
17798 18.194363
17680 9.964923
17909 19.192669
17745 12.793482
17609 8.159944
17743 12.651204
17787 15.872627
17757 14.533231
14984 12188.136719
17623 8.296384
17804 18.054188
17889 19.166542
17590 6.897913
17815 18.825357
17894 19.817242
17946 20.608046
17917 20.226212
17891 19.157232
17354 12.306095
17790 17.682215
17774 15.503544
17698 10.13598
17736 12.293325
17383 14.87765
17799 17.284277
17392 17.729361
17598 7.628127
17635 8.604676
17418 39.61705
14567 69.804207
17728 12.179626
17402 17.318455
17637 8.799489
17604 8.329035
17693 10.048258
17496 71.274048
17861 18.884506
17884 19.307749
17838 18.958138
17427 18.182394
17683 9.968832
17905 19.861187
17957 20.037294
17854 19.324818
17586 7.03526
17581 6.846212
17706 10.57605
17731 12.246714
17494 28.505461
17792 17.204014
17825 17.766466
17741 13.404016
17855 18.168139
13518 96.298492
17755 14.538488
17964 17.391928
17866 19.724844
17785 17.749346
17849 18.540796
17870 17.798248
17730 12.113688
17309 9.859895
17305 9.843789
17703 10.191207
17895 19.136593
15934 18.793266
17513 69.70842
17837 18.3312
17495 55.508129
17893 19.844709
17770 15.071331
17772 15.27497
17749 12.852416
17349 12.024092
17501 28.25106
17782 17.048176
17910 18.237537
16952 18.799553
17416 21.217014
17640 8.508622
17020 29.430801
13534 87.274689
17425 32.216103
17759 14.295438
17407 17.599148
15001 652.019592
17413 830.067871
13542 68.258492
15900 66.86412
16977 71.012611
16947 38.004494
17925 19.965097
17608 8.08325
17716 11.549055
17668 9.413411
17847 19.215652
17814 18.146929
17846 18.903353
17812 18.884716
17587 7.098531
17512 18.834152
17842 21.009232
17877 19.921316
17052 18.861929
17819 19.15443
17954 21.150373
16538 70.981659
17438 12.164601
16989 76.062706
17737 12.225776
17377 15.377731
17266 8.157669
17914 19.314781
15360 39.199825
15992 24.098835
17629 8.59759
17806 17.985666
15980 27.841436
17059 29.151796
17850 19.220581
17938 20.020365
17875 17.294174
16991 19.507818
17829 18.401865
17881 18.7227
16451 20.150026
17826 17.686598
16439 19.430189
13528 22.403872
17872 19.670311
17803 18.460766
17437 18.914938
17315 9.853815
13092 44.917408
17852 18.455467
16810 7.02721
17701 10.363317
17589 7.033382
17697 10.291189
17836 19.18058
15916 67.654152
17843 18.784983
17053 18.955479
17733 12.534977
14039 42.546192
16526 29.059212
17794 18.397013
17715 11.387148
16978 18.968445
17824 17.832235
17678 9.693128
17956 17.452755
14895 30.361221
13530 25.152775
17867 16.698097
17459 52.294952
17811 19.296688
17470 867.844604
17444 31.096905
17624 8.427218
17718 11.276914
13529 19.576046
14999 20.288313
17468 28.348299
14997 18.986509
17809 18.867462
15392 155.985626
17944 20.044411
17041 76.167625
17516 37.810112
16920 12.75919
17717 10.390721
16438 14.898909
16826 7.03923
17945 20.344408
13553 21.208511
13573 33.422031
16525 21.54455
17056 19.371508
16472 18.659979
13121 79.63105
16420 10.606399
17264 8.382244
17727 12.482542
17802 18.978806
17862 18.387665
17916 17.834101
14071 39.571133
16511 49.804462
17754 14.892619
17293 8.951576
17828 18.118839
17791 17.50609
18015 18.027893
14114 74.781769
17949 20.582062
17859 18.923422
16925 13.728316
17389 17.479876
16475 17.031075
14573 63.328571
17297 9.458992
16519 19.063259
17692 9.990246
17758 14.46299
16468 27.3578
17012 33.598785
17055 18.48768
17858 18.328104
17534 19.18371
17960 25.095913
17942 19.846539
14515 20.90913
17518 20.021059
17007 59.227516
16459 30.455873
16492 18.810719
16457 15.380301
14553 30.225807
16913 12.940578
17398 17.37109
17490 17.043211
14952 124.848
17827 18.758123
15953 46.552685
15441 18.277407
17009 16.774595
16997 29.77944
16914 11.970959
17268 8.33162
16930 12.812842
17972 52.182358
17968 18.596207
17493 81.145218
18026 26.865311
14021 398.870544
18076 2603.533936
18028 65.504295
18024 19.020006
17976 19.443903
17974 21.861113
18030 56.252106
17981 22.086409
17979 26.525057
16436 32.00695
17396 17.269094
17992 45.924278
17988 20.506092
16458 20.971069
17739 12.617821
17999 25.61261
17504 19.424305
18053 28.954271
17763 15.01886
17454 17.532722
18001 27.587069
18049 43.330051
18039 19.419315
18010 25.243164
15939 12.688162
18011 31.101702
18062 19.770596
16856 9.713713
17038 12.002002
18002 51.275787
18019 29.990124
17831 20.128469
17919 20.457535
18012 256.29718
18021 78.740395
17950 19.625324
18022 29.80418
18013 33.404449
13109 63.329201
17481 19.145075
17068 22.64871
14094 96.209496
17356 12.064023
