166
52.77379 -3.968025 57.4249 0.030616805813022244 0.6475319828498525 -0.026747877929763953 0.7609530165618641
20370 655.452026
20381 104.575264
19795 55.416092
21004 46.358624
20969 14.288553
20950 14.343616
20406 56.23019
21009 64.66217
20847 12.130071
20912 13.686138
20854 12.579314
20866 12.666447
20888 12.964831
20837 12.158545
20987 16.451679
21002 16.860771
20999 16.568653
20936 14.191302
20808 11.567568
20351 12.547027
20952 13.809793
20883 13.173603
21045 60.461399
20995 16.101149
17924 49.316322
14834 47.491692
21018 26.394186
18452 41.156654
20873 12.1854
20865 12.086238
21071 50.530121
21028 95.820419
20985 15.589717
20845 11.705557
20939 13.723881
20810 12.165871
19747 11.589445
20660 7.574294
20648 7.62788
20783 11.382221
20668 8.428327
20992 16.471758
13580 48.500824
20319 11.438982
20779 11.222731
20719 9.824443
18447 22.995317
20651 7.63206
16973 17.846056
17419 38.675529
20311 11.252813
20678 8.640199
21067 11.639899
20380 49.595188
20897 12.852455
21036 29.432846
20835 11.952156
20863 12.646707
16395 55.04047
20777 11.135283
20772 11.37385
20918 13.141351
19784 17.301184
20949 13.403345
20991 16.918991
20855 12.447979
20890 12.853977
20891 12.797865
13522 53.348953
20414 58.608707
20921 13.526781
19084 23.914553
13100 56.546146
20909 13.445525
20820 12.068697
20395 16.046625
15365 16.764
20420 16.997112
13071 27.832405
20947 14.202348
20752 11.553816
20990 16.081106
14081 52.033554
14017 23.325249
20304 10.030881
20911 12.901456
21478 13.523382
21570 16.439541
21418 12.788174
21417 12.774565
21469 13.436165
21529 14.57824
21568 16.396074
21556 15.474585
21427 12.915205
21451 13.204599
21396 12.625472
21455 13.2451
21499 13.903299
21501 13.928382
21496 13.821305
21567 16.321377
21621 19.396479
21104 7.634171
21228 11.299047
21244 11.363914
21509 14.056053
21563 16.088217
21506 13.993684
21122 8.001999
21326 12.048944
21291 11.755963
21288 11.715238
21271 11.570519
21229 11.312998
21502 13.96623
21094 7.448407
21436 12.958773
21177 9.777232
21415 12.766231
21406 12.668064
21480 13.557987
21523 14.283636
21557 15.503695
21325 12.046629
21637 21.943113
21454 13.224082
21609 18.285223
21324 12.043065
21225 11.276573
21561 15.987037
21577 16.606741
21586 16.799658
21126 8.155396
21219 11.251378
21573 16.492014
21587 16.80793
21625 19.718473
21135 8.426335
21348 12.204077
21240 11.357675
21349 12.217801
21479 13.529837
21344 12.183319
21285 11.709103
21422 12.837087
21423 12.853743
21407 12.669328
21216 11.213796
21210 11.140661
21338 12.120502
21242 11.359502
21268 11.515517
21218 11.246466
21180 9.873955
21528 14.556151
21540 14.909928
21379 12.41252
21345 12.18813
21492 13.775304
21543 14.94276
21504 13.987057
19141 60.996292
21481 13.568417
21461 13.312242
21476 13.511354
21367 12.355
21614 18.899231
21521 14.261982
21457 13.274006
21270 11.564455
21238 11.348033
21246 11.372096
21257 11.438137
21562 16.074207
21127 8.178514
21183 10.080515
21222 11.262853
21620 19.346308
21125 8.087347
21275 11.603209
21179 9.858411
21197 10.707157
21435 12.950356
21459 13.295434
21394 12.593142
21373 12.367461
21351 12.249366
21350 12.232777
21471 13.448359
21397 12.635873
20815 11.880514
21456 13.257918
21237 11.345134
21263 11.479611
21280 11.630791
21113 7.881428
21519 14.229224
15817 60.242287
21508 14.044116
21466 13.388064
21493 13.790539
21226 11.288842
21294 11.761995
21610 18.315918
21262 11.477708
21236 11.339036
21130 8.266671
21187 10.149248
21123 8.022259
21201 10.848429
21611 18.541067
21623 19.591507
21381 12.436752
21140 8.587698
21292 11.757379
21590 16.943933
21186 10.141541
21411 12.745028
21470 13.445112
21391 12.552893
21366 12.354002
21475 13.510305
21308 11.892652
21408 12.714291
20350 12.562715
21220 11.255344
21211 11.189571
21273 11.574393
21439 13.023768
21277 11.611111
21264 11.490393
21265 11.503233
21516 14.153047
21524 14.28595
21269 11.523364
21518 14.180068
21266 11.513685
21490 13.721315
21442 13.032511
21153 8.873631
21205 11.043185
21592 16.978525
21293 11.760874
21252 11.097227
21161 9.168613
21574 16.509035
21617 19.191015
21414 12.765493
21167 9.448808
21376 12.391514
21215 11.212075
21172 9.639325
21554 15.456006
21511 14.112298
21307 11.885996
21297 11.791825
21290 11.732771
21287 11.710936
21156 8.934207
21159 9.104178
21579 16.678799
21300 11.803228
20363 13.25038
21600 17.383692
21605 17.820137
21545 14.99131
21615 19.151714
21555 15.474264
21578 16.626089
21316 11.986664
21247 11.376537
21224 11.27621
21619 19.309481
21571 16.461275
21231 11.324012
21214 11.197373
21233 11.33194
21160 9.138774
21217 11.221326
21428 12.925261
21537 14.746909
21363 12.345116
20979 15.756871
21585 16.786291
21185 10.086023
21169 9.56813
21431 12.943268
21371 12.363985
21527 14.51379
21541 14.912738
21384 12.453453
21410 12.730336
21618 19.227798
21534 14.705212
21346 12.191675
21628 20.073843
21304 11.851611
21250 11.388195
20769 11.629645
21108 7.802678
21099 7.573591
21582 16.71876
21569 16.430012
21443 13.074694
21383 12.448753
21449 13.198245
21594 17.067924
21497 13.861696
21606 18.010279
21597 17.329845
20929 13.760475
18463 48.272964
21558 15.592358
21243 11.361759
20913 12.919672
21190 10.348792
21155 8.902861
21208 11.098536
21184 10.085607
21635 21.171741
21152 8.852719
21433 12.946177
21327 12.068201
21171 9.635088
21486 13.683646
21612 18.720243
21213 11.195793
21536 14.743126
21484 13.641792
21027 21.019802
21339 12.15292
21234 11.612738
21261 11.477677
21174 9.681482
21069 86.481888
21441 13.029288
21495 13.814509
21404 12.667179
21544 14.954716
21334 12.106775
21353 12.266633
21599 17.367811
21607 18.093697
21520 14.233881
21547 15.060572
21446 13.163744
21388 12.512766
21166 9.344481
21198 10.716228
21548 15.117077
21312 11.942801
21272 11.571651
20306 10.26654
21622 19.498144
21075 46.167854
21299 11.800618
21284 11.70811
20826 11.902547
21450 13.199781
21437 12.995011
21412 12.748098
21395 12.602119
21505 13.988768
21202 10.994962
21426 12.903815
21472 13.467525
21488 13.696589
21303 11.844647
21375 12.384034
21546 15.043072
21572 16.472378
21589 16.925125
21360 12.294093
21282 11.657228
21283 11.685605
21332 12.089805
21500 13.92448
21369 12.359268
