201
75.33524 -5.768173 61.94475 0.03705775576992037 0.635909723875422 -0.024854517405802166 0.7704724516700815
24030 78.528603
25196 140.795532
25193 96.89212
25195 32.521004
25199 87.119034
25189 19.289448
25146 17.415337
25176 18.376289
25093 15.785563
25027 13.351933
25078 15.297086
25202 38.224575
25043 13.497354
25203 74.803352
24070 69.779282
25111 16.24617
25141 17.761484
24974 11.476261
25036 12.94889
25041 13.223917
24825 8.60185
25042 13.822554
25208 79.253883
25175 18.428608
24994 12.351548
24515 13.947227
24552 15.301748
24965 11.145089
25162 17.425838
25136 16.870884
24556 15.966345
24991 12.28795
24553 14.532332
25069 14.680632
22254 33.315418
25207 41.213284
24898 9.796343
25200 131.5439
24638 68.629562
24591 206.156067
23990 11.582458
25115 15.882453
24483 11.128612
24995 12.095107
24502 12.714469
24575 15.021098
24548 15.094296
24001 12.565337
24927 10.519223
24992 11.856567
25147 17.222271
24543 15.398054
23496 17.151876
24609 22.625711
25123 16.125189
24988 11.517658
24905 9.967123
24653 1549.351929
25211 142.370728
24022 129.561813
24829 9.368528
24459 9.977215
24440 9.115051
25092 15.589563
24500 12.678738
24453 11.093342
25084 16.201054
24547 14.43055
21005 38.057793
24640 33.837173
24422 8.717327
24875 9.747725
24948 11.021822
24048 146.590775
25216 33.7873
21655 68.771896
21659 67.72776
24605 90.713264
25114 17.035952
25062 15.050479
24969 11.912162
24424 8.625997
25035 13.664124
24929 11.015198
24040 17.661657
17928 18.845247
18494 30.829226
25055 14.203841
24973 11.357024
24546 14.494749
21647 67.025742
24518 13.746088
24047 66.333282
24617 16.263918
24054 126.236649
24613 68.432831
25218 94.973434
24957 11.931722
24841 9.676133
24470 10.874794
25164 18.359806
25068 15.759647
24989 11.960243
25113 16.750536
25118 17.175816
24043 18.396254
16473 20.346821
24968 11.45734
24654 49.105804
24959 11.305806
25045 14.062217
25221 41.637012
25089 16.588932
17413 44.354549
25088 15.306755
24445 9.430613
24938 11.264326
24579 16.428991
25169 20.804523
24651 57.921745
25191 18.696653
25144 16.801826
24981 12.070951
22889 21.881752
25243 537.522217
24960 10.820017
24764 7.379251
24568 15.669658
24561 15.566385
25183 17.68985
25139 16.64699
24072 32.29261
24603 35.602859
22317 20.066168
24598 72.294861
24542 14.600228
25018 12.511219
25072 15.47613
24939 10.92605
24442 8.756992
24949 10.350186
24997 11.99932
24574 16.314058
19795 29.690605
24618 39.519413
24894 10.44094
25080 15.881827
24911 10.523495
24427 8.652325
25213 21.203199
24432 8.968155
24950 10.943975
14429 33.425903
24958 11.464498
25057 15.183043
22919 74.262283
24627 38.907524
22289 51.867588
24052 14.710458
24643 31.663021
24621 43.680119
25188 19.616472
25091 16.172953
24635 113.770058
24990 11.724458
24963 11.484859
24840 9.563181
