220
30.2 -1.15 106 0.0184 -0.000875 0.0267 0.707 
26980 61.607006
27522 24.888468
27443 26.046177
27444 30.921476
25241 70.636604
27562 53.994007
26984 52.310459
24632 138.076904
25903 62.798729
27527 24.294111
27446 25.582994
26989 66.183952
27445 29.277128
25893 170.795853
25248 77.973663
27427 18.713678
27554 67.247208
27430 19.306252
26993 25.900156
26512 56.12582
27459 24.992399
25294 1068.846802
27535 249.450775
26991 24.94302
26878 9.607253
26986 26.004578
26987 26.000479
25943 56.444111
27458 26.990749
27323 10.653737
27063 26.775366
25894 30.699926
27534 29.402592
27450 22.577284
25895 25.912628
27303 10.207787
27394 14.112188
27387 12.995264
26971 16.137259
27475 29.665846
26520 67.946617
27379 11.645022
27215 8.180247
27017 24.555229
27538 24.52758
27309 10.531727
26997 25.705925
26996 25.255363
27529 25.639704
27025 24.746809
27539 472.190582
25905 53.075165
23577 59.663246
27023 61.091358
26950 10.573919
26949 10.861324
24627 60.532291
27252 8.194488
27466 23.278219
26957 12.178985
26517 142.854355
25246 73.56839
26954 11.738947
27404 14.396997
27202 8.05656
27218 8.110796
27319 10.408751
27160 7.276758
27229 8.203403
27556 26.201366
27476 26.382946
26900 10.390228
25252 26.914387
26944 10.829649
27186 7.333771
27014 124.695999
27232 8.531727
26893 9.150226
27408 14.268551
27390 12.931012
27382 11.994418
27542 128.324692
24646 88.73761
27449 25.654829
27493 24.815619
26903 10.221824
27168 7.336686
24657 97.571014
25915 62.330864
27564 64.9851
26467 11.278867
27078 25.095566
27421 19.156509
27386 12.946976
25257 29.047514
26802 7.394904
26909 9.656869
27487 29.814465
26495 12.297587
27411 14.753993
26545 62.964363
27339 10.612478
27045 18.341417
26810 7.466886
26799 7.42358
21677 56.254101
26937 11.171184
26474 11.409878
27504 24.596365
27499 20.152328
27496 49.309048
27501 79.159531
27076 54.654377
27494 28.208954
27219 8.106008
25267 91.702324
27546 74.308334
26540 66.170158
26947 12.232264
26536 25.269533
27553 24.577991
27503 23.895338
27515 24.905502
26930 11.045875
27424 18.637251
27505 19.600941
25941 49.064449
26486 10.703025
26402 7.456829
27433 23.568083
27423 18.32575
27541 45.909504
22968 62.867741
27048 24.666254
27391 13.594443
27269 9.150499
27056 76.542679
27055 53.068069
27550 27.739576
21692 69.070747
24674 190.863205
27552 27.855114
27426 22.530901
26491 11.198716
27436 29.095629
27523 69.10833
27285 9.986702
27059 25.164038
27462 21.464224
27437 67.642624
27171 7.407488
27317 10.163417
27170 7.275399
27447 24.78298
27532 30.393627
26837 7.830278
27316 10.746841
24113 51.815319
25245 130.720688
27060 28.344187
27178 7.487252
21708 59.324902
27221 8.280378
27143 7.527362
27299 9.981756
26887 9.930912
26781 7.166652
27264 8.857072
27406 14.349969
27366 11.427166
22936 76.538528
27018 29.255009
27402 13.719922
26389 8.048326
26940 11.357855
27420 20.517687
27294 9.409652
27389 12.042974
25934 70.23658
27250 8.987284
27381 12.167258
25258 48.900467
26450 9.994877
26527 75.817505
27512 26.906689
27508 25.747461
25890 10.63874
27174 7.334915
27514 27.840155
27549 24.437296
27374 12.075975
26478 11.042513
27054 70.135735
27405 14.460124
22954 62.532806
27551 78.374008
27075 67.259315
27518 77.635712
27507 131.151321
27517 25.340019
26440 10.39505
