229
23.4 -2.48 114 0.0139 -0.000878 0.0216 0.707 
28669 64.720825
27834 61.908524
27916 55.913803
26980 55.809624
28660 19.66955
28670 22.961143
28192 28.84078
27835 57.219234
27852 51.209003
28763 54.296871
28643 18.826725
27843 18.676033
28506 15.178578
25248 70.24202
28193 18.322802
28730 23.966904
27842 19.603149
24079 65.410164
28747 28.252096
28666 19.829185
28638 18.993153
28609 18.424036
27562 52.169498
28679 19.114819
25943 57.041904
25903 55.27668
28631 19.316381
28659 19.83061
28449 7.815639
27796 15.03618
28776 58.871696
28214 17.200239
28545 16.457136
28519 15.020227
28434 7.254122
28734 23.669195
26993 18.918488
28743 23.131479
28589 18.728691
27869 51.618618
27880 57.553738
28788 53.25946
27951 49.313259
26515 61.186722
27063 20.834045
28447 7.795538
28554 17.156094
28485 10.854158
22316 821.158569
28682 48.035969
28478 9.859038
28202 27.414848
28301 66.555069
28688 54.890598
25246 74.816132
28221 22.027468
28443 7.625463
28430 7.25493
27443 18.56386
28590 17.926083
28198 18.600183
24627 58.470554
28705 18.322565
28186 19.919441
28223 22.39522
28229 20.041943
25905 55.033791
26563 56.103504
25895 19.580633
28452 7.858837
28566 16.644306
27884 56.171993
27846 16.467058
27496 54.235657
26997 19.977911
28222 29.674858
27060 21.042543
28114 9.064463
28684 20.309841
28236 22.134907
27017 17.556694
28207 18.617798
28626 18.613977
28573 18.618208
27449 18.603045
21708 59.660442
23577 55.076275
27784 9.955107
27772 8.100681
28628 18.596453
28271 29.687796
28246 32.371052
28211 14.958714
28248 18.696234
28531 14.103154
24084 42.791328
28111 8.944614
26527 68.268028
27930 46.560196
27903 61.023842
27466 17.010157
26987 19.670952
28781 90.225403
28262 21.351707
27844 19.481394
27059 18.59874
28213 20.101994
28230 13.427543
27790 12.03478
28090 7.590686
28472 9.001967
28574 19.898218
28512 14.619153
28558 17.206554
21692 53.664551
27825 16.113333
28719 91.358635
27900 54.306156
26540 67.829041
28322 133.037628
24646 61.166679
27491 19.062172
27480 17.026918
28232 23.665667
26555 19.212702
28720 30.777227
28699 22.445963
28267 23.094673
28711 23.951174
27915 57.383148
28524 15.358577
27493 19.56341
28163 17.307173
27056 74.24144
28269 17.101435
27950 63.615334
22968 49.729183
28283 91.744057
25267 53.010033
26536 19.375202
28251 21.224709
27427 14.662784
27826 14.436364
28548 20.285461
28170 16.119581
27518 87.039619
27048 17.734436
27553 18.825079
21677 48.838787
24120 144.799088
28716 22.814056
28753 50.364597
28640 19.278849
25257 20.013361
27434 158.125885
26981 62.404984
27917 64.333305
27437 60.095196
28580 18.021114
28642 19.877073
28671 19.636278
28598 18.448418
28687 35.64888
28596 18.746826
28185 49.192921
27925 85.432396
28681 21.024534
27459 18.400599
28187 18.198103
28466 8.32547
28621 18.259209
28441 7.302952
28181 18.991308
28082 7.259172
28603 18.711611
28095 8.67316
28103 7.849259
28446 8.00376
26986 18.752419
28477 9.312063
28225 19.557535
27758 7.38431
27799 13.92774
28081 6.509175
28265 18.243917
27886 19.743151
28463 8.010575
28629 22.557955
28437 7.007834
28690 46.135654
28564 15.993237
28702 44.570919
28166 19.552507
28461 7.877771
28612 19.055479
28728 15.462404
28533 16.185671
27546 70.557335
28713 40.682041
27462 14.146898
27909 124.262871
28587 19.059324
28662 19.019949
27043 45.773819
27498 14.4594
28714 10.566054
28511 14.410793
28540 16.823303
27424 15.698091
28538 18.761395
27898 19.968895
28656 17.741323
25915 45.870705
25916 52.05275
