243
17.7 -2.61 125 0.0149 -0.000971 0.0245 0.707 
30066 9.178014
29859 51.992657
30338 13.543312
30328 13.385037
30414 18.891079
30507 45.335258
30273 11.846658
30132 10.445107
30541 65.833321
30155 11.075373
30440 19.424246
29809 42.341644
30151 10.738773
30280 12.138795
30455 43.425167
30087 9.172257
30379 15.621607
30425 19.475718
30358 14.682855
30332 13.197806
30168 10.827004
30152 10.855638
30221 11.271714
30157 10.909687
30347 14.300734
29322 40.126247
30461 39.865017
29996 7.264628
29962 6.657118
29218 1889.324341
30375 15.030769
29981 6.996418
30395 16.488737
30085 8.797264
30544 63.508446
29821 77.543274
25241 56.734589
30297 12.572602
30266 11.750601
30227 11.182067
30057 9.354687
30212 11.198365
26989 40.612572
30542 46.690285
29815 51.891533
29707 12.461402
30456 19.519032
30177 10.913836
30166 10.883696
29787 15.089184
30171 10.928317
30356 14.161189
30093 9.483122
30303 12.44307
30364 14.089346
30450 39.108086
28324 43.741348
30302 12.539216
30016 7.476689
30122 9.999495
29900 38.929943
30471 53.931179
27917 53.518463
22316 548.882263
24079 50.922775
30380 15.075267
29220 46.60667
30472 74.21888
30464 50.033638
30426 19.552959
30388 15.367256
30330 13.73176
29653 11.205415
30234 11.176964
30153 10.859388
30065 9.291961
30052 9.26235
30268 11.825886
30315 12.834686
30367 14.209102
24113 43.467381
27087 60.482708
30259 12.072309
29253 39.644257
29805 44.229118
30510 47.31934
30352 14.419686
30205 11.283622
30174 10.836418
30162 10.828864
29297 45.855465
29325 46.786953
29732 13.402016
30239 11.288958
30202 11.076756
27562 38.473072
25920 37.409607
30277 11.767973
29237 42.786427
30447 38.008362
30000 7.225801
30115 9.976291
29898 39.10664
30478 50.294788
28776 51.576691
29863 45.097324
27558 32.841927
29812 39.935219
29983 7.066235
30397 16.53767
29227 44.593769
29296 65.297165
30535 78.999008
30437 19.560398
30421 18.985714
30387 15.50502
30415 18.319908
30180 10.951745
30285 12.514585
30089 9.398418
30195 10.826889
29610 10.797787
28767 44.248844
28788 40.519794
26515 48.812881
30249 11.525874
30340 13.517452
29729 12.924484
30245 11.209564
29629 11.050709
30145 10.963507
29482 7.44185
30477 40.303505
30381 15.418805
29901 39.846008
30028 7.354956
30331 15.656541
30537 71.985886
30468 40.772682
30469 36.924942
29987 7.291836
30233 11.146884
30190 11.184221
30146 10.670178
30274 12.157032
29336 52.773457
30080 9.423858
30487 46.881599
30480 2132.667969
28688 42.733444
28763 44.133213
26527 58.171131
30412 18.027485
29222 11.149355
29209 12.670983
30284 12.175353
29818 20.796074
29801 15.076573
30164 11.015317
30324 12.967486
30015 7.473081
30009 7.221872
29717 13.098096
29683 12.238665
30475 42.611
29582 9.35265
30482 41.831482
29262 74.583702
30483 76.147987
30045 8.693029
30476 36.968365
29997 7.233887
21708 47.191689
25943 50.07309
27496 40.996693
29880 48.712902
29702 12.571395
29201 12.115594
29639 10.510958
29276 87.125008
28787 39.863518
23533 52.184074
30382 14.895466
30366 14.33679
27436 11.143363
29176 11.251946
30184 10.93537
28191 60.772709
29657 11.317655
30210 11.011332
30493 45.673733
30043 8.247828
30403 18.138195
30526 53.19165
29878 76.070908
30127 9.757446
30161 10.67556
30047 8.371375
30129 9.538802
30292 12.314998
30196 10.373267
30158 10.823369
30058 9.385338
29309 63.393055
30499 58.501797
24627 43.340698
30368 15.403639
30299 12.459349
27884 51.097336
30523 21.865101
29244 15.006703
30401 19.287663
29851 43.901321
29834 40.005161
30390 16.848021
29252 14.103662
30359 13.867199
30323 12.903323
30191 11.271847
24646 62.979351
30182 10.956313
28659 9.564841
29715 12.516206
30528 74.735123
30497 44.135666
29553 9.386903
22968 48.141945
30143 10.980867
30423 19.123539
30073 9.407703
30103 9.508161
30311 13.024738
30123 9.2139
30018 7.747314
30216 11.079703
22964 37.835567
30183 11.403188
29737 14.757602
30192 11.009521
30246 11.186617
27856 10.604202
30116 10.224039
29857 37.347233
29278 41.174267
29827 31.291517
30406 18.998524
27056 64.627945
30264 11.688703
30229 11.37957
27060 11.314234
29174 11.059683
29149 11.239832
29792 17.086134
29204 11.69326
29208 12.554047
30354 14.308322
25915 36.298061
30170 10.946289
30118 10.117785
29642 10.980204
29781 15.74843
29486 7.345878
30017 7.483438
28733 46.909306
30243 11.14183
30046 8.977614
30452 45.927433
30512 44.304417
30179 10.840622
30431 19.853178
30295 12.454436
30219 12.209815
29295 44.499706
29769 15.016392
30327 13.25051
27865 43.626553
30420 18.517332
29163 11.181244
29685 12.093132
30199 10.756081
30007 7.455331
29168 12.33111
23577 46.863262
27880 46.422001
27013 39.153179
29255 71.98262
30023 7.999036
30197 11.227526
30032 8.1711
30238 11.226736
30371 14.425042
30037 8.48671
30241 11.2663
30486 58.37595
29835 47.296432
27019 63.060658
30520 22.306559
29580 8.988339
30128 10.165536
30529 73.104263
30288 12.171771
29268 44.502201
30054 9.506951
29280 42.715908
29663 12.238276
29788 15.745423
29908 37.945221
29790 15.610393
30492 39.817524
29266 42.30582
27546 59.764885
30203 10.963965
30198 10.875709
30269 11.99754
30117 10.135543
