251
14.1 -3.2 130 0.0111 -0.000841 0.0189 0.707 
31017 15.401135
31004 14.718947
31090 36.290798
30989 14.572536
31153 32.85297
25241 54.673203
31078 77.897141
30986 14.359282
31063 17.412579
30899 9.870018
30907 10.021233
29322 34.758057
30967 14.35262
29295 36.714012
31074 31.229345
30461 35.377136
22323 516.387634
30455 36.922581
31093 29.876257
26981 49.659573
31084 36.867058
30910 10.596593
31059 17.160126
29821 72.299797
30978 14.421472
28185 34.61425
27951 37.249413
30358 9.814982
31091 20.414785
31008 15.648149
31092 30.975248
29812 35.473976
29898 33.373375
24079 47.794815
24627 43.276306
31168 52.002449
31044 16.053543
29818 16.181772
31064 18.435509
30985 14.367778
30902 9.835102
30971 14.393327
30328 8.659013
30347 9.774181
30906 10.038393
30897 9.940571
30780 8.029451
30924 10.671386
31097 29.524673
31076 29.653864
31142 34.355255
29237 35.825821
31051 17.85195
30815 8.327257
30476 31.69368
29336 46.345768
29863 39.042923
30895 9.718741
29227 39.021809
30915 10.504837
25943 40.188213
25920 35.085884
30472 89.484779
31036 16.667482
31037 16.049425
30450 33.987492
31005 14.453616
30987 15.12689
30876 9.47328
30749 7.035222
31002 14.880091
30482 36.384583
30526 32.737289
31106 32.255539
31105 28.901821
29901 32.447224
30416 15.451427
30933 10.47108
31104 22.388075
27013 32.340801
30372 10.156175
30426 14.525584
28789 61.898262
30923 10.486271
27019 43.759735
30478 35.54586
30447 30.879749
30820 8.381308
30836 8.910313
30510 42.179363
28191 53.17873
30900 9.883606
31035 16.512749
31062 18.189632
30996 15.063966
23533 42.495224
29834 37.334385
30903 9.961385
30795 7.574732
28787 38.49593
30862 9.53381
30395 12.234527
30809 8.092469
30469 30.820995
30357 9.43772
30873 9.744314
29309 63.74305
25258 34.373852
30920 10.483908
31061 18.412764
31124 39.41296
25905 41.785511
30371 10.023399
30889 9.517543
31049 17.067513
31026 15.979996
30380 10.732184
30904 11.332844
30493 44.674084
30468 35.600861
30477 35.873787
30782 8.008125
21677 42.109997
29280 38.847301
31058 16.104353
30865 9.334879
31131 37.680542
31069 21.099247
31018 15.152518
30423 14.447261
30421 13.955703
29274 106.75351
27056 61.900677
30846 8.959594
30352 9.608858
30863 9.759966
29845 36.672455
30858 9.644882
22936 42.308075
31042 16.252428
22968 43.685375
30487 35.205322
21684 38.927559
31129 29.222496
31130 39.49017
31111 33.087837
31152 37.108791
30961 13.454514
29218 3563.422607
31070 21.139671
30748 7.694106
30553 44.571232
31022 15.907778
31083 37.923012
30132 5.330703
30708 6.354792
30766 7.910901
30743 7.164663
30866 9.675637
29220 35.969498
29825 39.682163
30470 14.797114
31000 14.935651
30854 9.509118
31055 17.792078
26515 43.375927
30295 7.162537
31118 42.186649
30807 8.437227
30981 15.054288
30973 14.733394
30892 9.711788
29877 33.267075
30875 9.460757
30375 10.792304
25915 38.630825
30368 9.952442
30860 9.260506
31133 67.271423
30501 33.45443
29768 9.888215
30540 58.595726
30929 10.536216
30497 39.909866
31113 23.394512
