266
-0.0051 -4.17 140 0.0268 -0.0017 0.0515 0.706 
32242 35.693111
32938 10.072097
31668 52.028866
31672 427.236694
32965 10.716725
32900 8.60294
32958 10.662391
32932 9.734164
32880 8.664804
32979 10.915009
32161 24.959982
32772 6.655562
32821 7.467035
33076 19.929756
32699 29.973845
33014 13.668036
32960 10.523818
31731 48.097095
32648 59.075439
33034 15.049293
32646 85.120895
32188 51.061996
32622 75.546448
32623 91.110237
32925 9.570117
32815 7.405145
32950 10.227652
32943 10.015625
32806 7.292812
32636 30.56538
32631 30.793495
32963 10.702673
32640 20.215651
32641 20.354973
33023 13.934342
32842 8.146126
32891 8.779488
33054 19.427097
33083 24.000011
32803 7.210367
32587 13.446963
32629 26.237688
33038 15.880527
31680 24.527296
32981 11.538273
32659 55.411739
31090 29.263704
33033 15.366438
32658 86.149849
32552 10.623557
32550 10.083268
32857 7.98388
32493 8.633838
32957 10.113774
32625 114.007004
32937 10.107512
32916 9.445903
32811 7.47893
32947 10.172188
32951 10.060532
32765 6.167224
32606 15.796264
32725 24.484928
33067 20.245686
32492 7.959821
32982 10.638294
32470 7.805494
33026 13.813999
31675 22.17379
30452 28.528641
33104 20.97114
32702 28.979376
31674 21.364637
32655 22.14649
32181 25.05225
33022 13.545898
32644 26.863947
33037 15.428283
32183 23.93145
29322 24.457956
32989 11.455925
32504 8.690597
32171 36.728664
32645 27.356386
32650 30.352804
32602 14.398173
32936 10.105935
32463 7.819599
32949 10.281218
32202 114.462189
33035 15.077468
32125 12.987211
32930 9.55302
32935 9.904259
32484 8.397599
32919 9.3749
32817 7.444293
32764 6.210713
32858 7.973554
32501 8.611889
32946 10.239513
32478 8.015454
32720 25.087387
32603 14.750694
32543 10.297189
32993 12.19736
32495 7.998986
32976 10.792891
32184 35.994778
32193 25.6583
32703 22.562843
31688 22.242838
33068 20.343626
32847 7.915746
32199 29.562611
32274 45.150875
32525 9.414507
32912 9.514013
32927 9.735904
29821 59.052364
32918 9.290428
32763 6.187778
32964 10.297965
32200 31.364004
32819 7.459169
32996 13.429672
33078 20.277494
32850 8.007469
32969 10.617624
32169 22.080572
32728 22.050362
26989 28.14625
31093 19.172762
32273 25.594595
32649 25.457712
32844 7.621919
32877 8.272358
33042 17.42371
30455 25.042864
32789 6.830281
32516 9.196289
32838 7.687812
33012 13.604871
31982 6.149232
28185 23.717907
32911 9.222907
32523 9.420606
32822 7.408512
33055 18.215931
32264 57.94606
28763 30.489361
31698 24.321001
32849 8.753563
32999 12.334355
32205 31.721863
25920 22.975266
26984 23.371435
32075 8.470481
33072 19.654026
32977 11.327305
31121 26.08432
31076 18.849274
31711 29.038216
32235 36.170078
32871 8.473356
32638 25.953934
29863 28.328192
33041 16.553299
32558 11.497138
32967 10.639172
32902 9.207139
26508 31.556496
32978 10.945639
32214 101.520714
32922 9.617922
32535 10.34542
32508 9.330564
32666 20.960686
31706 26.577347
33006 12.862902
31769 28.941734
32898 8.893656
32907 9.191582
30472 71.399071
32210 34.033031
27867 28.305084
30529 62.106518
32933 10.018603
31727 28.258854
31703 27.37738
33044 17.001844
29812 23.108625
31074 20.479044
32688 111.167854
32955 9.805472
32696 32.840565
28253 32.764313
32239 21.590515
32945 10.880931
32716 29.980213
27894 49.514748
33004 12.896543
32533 9.460661
32887 9.232637
30461 23.851002
32275 23.899836
29268 28.970915
22964 29.975119
29309 57.903259
30535 62.692707
32509 8.884278
32917 8.866343
32524 9.145018
23533 30.489361
32737 23.450062
32611 19.503294
32232 66.541122
33045 16.652884
32098 10.575521
32225 21.21014
30484 24.853304
33046 17.998461
27013 22.118027
32987 11.225779
31106 19.409878
31105 20.206774
33092 59.910927
33207 27.943493
32626 85.681969
33080 23.868841
33087 22.408457
32628 20.61949
33105 24.786463
33082 24.03162
33079 22.86573
33095 328.795074
33184 28.934744
33185 28.778173
33099 23.309408
33088 22.617491
33090 23.705954
32243 23.650507
32704 30.017487
33192 42.526814
33196 42.307228
33137 57.002991
33114 23.20854
33194 30.00231
31683 35.996002
33186 38.503864
33111 30.139013
33187 30.482628
32138 14.089878
33109 21.317444
32708 27.043337
33124 29.775949
33126 24.918451
33222 23.598124
33136 27.964783
33144 26.679743
33135 24.878426
33140 21.761396
33129 26.493517
33117 27.945583
32136 14.617487
33138 58.709496
33116 23.374102
33152 28.861624
32674 32.605835
32247 20.727041
32722 21.705311
31701 52.220551
33160 46.613171
33150 30.89838
33153 23.665049
32143 15.043482
31705 24.782593
33180 62.557449
32547 9.016183
33134 29.482452
32073 9.020344
27951 23.464968
33154 24.813679
33174 94.232803
32103 9.999518
33051 16.954996
32711 36.279709
33173 25.613127
32572 13.467976
33175 33.832844
32974 10.675082
33176 31.320997
33166 22.563004
31139 24.418549
25943 28.692221
