274
-10.4 -3.55 146 0.0281 -0.00147 0.0591 0.706 
31672 346.578918
34151 20.532084
33566 16.711588
32622 95.172722
31668 50.12962
34037 17.538387
33994 16.549091
32623 96.490181
34023 17.556669
34101 18.193645
33684 18.871065
33889 9.334982
34046 17.602076
34106 19.116083
33977 17.263367
34085 19.049162
33993 17.446402
33087 15.79701
34048 17.805323
33988 16.463879
34154 22.147417
33079 16.486233
33954 14.619556
33579 21.598631
31078 54.453316
34112 36.83968
32648 45.089317
32188 49.389202
33915 10.378408
33571 95.016068
33544 16.907122
33576 24.472567
33082 17.490997
33083 17.388166
33941 11.825716
34012 17.819613
34020 17.483822
34088 18.42481
33582 23.952393
32633 26.645374
33659 24.918745
33192 36.062645
33897 10.055517
32646 89.684464
33932 13.777911
33965 15.859089
34118 20.886641
29821 56.343945
34179 22.594152
33541 16.951736
31680 19.017271
34073 17.678326
34047 18.088337
33942 12.870234
33442 7.702258
33661 27.836004
33109 15.702089
33137 51.091167
34022 18.194845
34074 19.20756
33099 15.736799
34123 19.738241
32199 22.741585
33118 15.736448
34152 28.660688
33572 18.697809
34171 144.762772
33937 13.172051
33916 11.762403
34076 17.602564
33196 35.210983
30544 40.789181
33613 20.532448
34117 22.646288
32629 20.937603
33507 11.77886
33501 11.745873
32183 17.614037
26508 24.238102
32668 20.146318
34133 34.902966
33140 15.156207
34068 20.346495
33187 22.943888
34167 51.344818
32674 22.698338
28746 35.006004
30535 59.318253
33922 11.363035
32655 16.332689
33080 16.873943
34027 17.942316
32725 18.106491
32720 17.559097
31139 18.057629
34136 18.979727
33609 30.844351
32136 9.898727
33625 29.005123
33531 14.716969
33135 18.254629
31695 17.108114
34142 36.63913
27562 18.616734
33861 8.794054
33927 11.793704
33962 15.277396
32626 80.430893
33667 71.87426
31715 43.184483
27894 46.864647
34143 60.963207
33150 24.521992
34061 18.020168
33068 15.198687
33914 10.692823
33649 29.584785
29863 21.020081
33181 16.888618
33114 16.03767
34072 18.710812
33974 16.753231
33926 11.690575
34096 28.542233
33982 16.617867
34156 17.487095
34157 18.155256
34036 17.663916
33841 7.288517
33902 9.985414
33911 10.268258
33115 16.635105
33903 9.80445
33513 12.9579
32644 20.709061
33552 16.406029
34109 17.219271
32181 18.219381
34054 17.672274
33933 11.660183
33446 7.599723
32721 46.745625
33804 6.184077
34078 18.260536
33896 9.525709
33676 30.97117
33450 8.172228
33619 82.162605
34006 18.092022
33492 9.774132
31675 16.723955
31731 32.444904
34199 24.502785
32227 71.965492
33923 11.710436
33034 9.663953
33226 22.848042
33918 11.216489
34177 29.199114
28787 19.207907
33533 15.360211
34071 21.127327
34160 26.80611
33626 81.824867
33991 17.55172
33635 52.81823
30472 61.096062
30468 17.88093
