296
132.4272 -10.50523 96.742 0.027601163257588233 0.368014972026056 -0.017870061252249922 0.9292382993949022
36990 83.144814
34617 79.874451
35782 68.94326
36988 41.963345
36987 21.592314
36944 14.627673
36813 11.133987
36835 11.403459
33033 64.112465
36996 76.11924
36997 86.280952
36995 48.296463
37003 23.998833
32572 70.87075
32111 74.086395
36994 20.385555
36792 11.101732
36348 11.813824
36789 10.696453
36977 15.16466
36925 12.876497
36894 11.789226
36427 42.08683
31622 30.548765
36361 18.345472
36812 11.269499
36854 11.517736
36318 11.464751
36975 15.182643
31684 43.286335
36753 8.424469
37010 24.766838
36918 13.252315
36375 18.211725
36932 14.476359
35199 40.053734
36781 10.779217
36810 10.596576
36747 8.315592
37050 81.693283
36389 33.170799
37036 22.782421
36913 12.909534
36345 12.20725
36947 14.869428
36958 14.029672
37051 41.830105
36860 11.280169
36803 11.051197
36867 11.719378
36308 10.554187
36336 10.905008
36385 9.08103
36897 12.144279
36927 13.182847
37022 45.355171
33525 63.13464
33146 75.512756
36982 16.98654
35807 35.497177
35815 134.085449
35818 22.364576
37023 19.076546
30411 46.421322
36911 12.927708
34590 40.243866
36943 14.005583
36358 11.835386
36830 11.292803
36347 11.103994
36428 13.245929
36909 11.613948
37027 41.830654
33581 74.912338
36836 11.710398
32223 28.488964
34631 32.197968
37056 37.595432
32614 81.89135
34639 61.38546
34651 46.811443
32212 30.583635
33646 284.677612
36403 15.369041
36960 15.490761
36362 15.418655
36412 40.573128
36899 11.70907
36859 12.626175
37029 98.425491
36356 10.989196
35848 112.867157
36917 12.984662
37017 16.713171
37595 15.125575
37523 13.274366
37592 15.024066
37296 11.098432
37390 11.552602
37332 11.285504
37679 20.829021
37617 15.981102
37594 15.071474
37572 14.77802
37551 14.285307
37223 10.554217
37577 14.830567
37621 16.124924
37344 11.331651
37365 11.418438
37591 15.010091
37682 20.977375
37692 21.492338
37431 11.838287
37347 11.353359
37445 12.02724
37462 12.209967
37334 11.290308
37385 11.513774
37583 14.908318
37646 18.729355
37511 13.046688
37669 20.178457
37658 19.428347
37563 14.627555
37190 10.07441
37188 10.022921
37319 11.211039
37378 11.459166
37576 14.827261
37471 12.278597
37671 20.3225
37268 10.954371
37261 10.917692
37283 11.051208
37324 11.253567
37410 11.671927
37641 18.366192
37585 14.914848
37125 8.156778
37333 11.289018
37478 12.340323
37257 10.895611
37681 20.966812
37493 12.663144
37673 20.456053
37687 21.269674
37435 11.920821
37271 10.971775
37132 8.250142
37338 11.300133
37306 11.141127
37643 18.57741
37492 12.65935
37628 16.612127
37371 11.434182
37510 13.038545
37524 13.297466
37139 8.355112
37427 11.802877
37144 8.44918
37159 8.839354
37604 15.408422
37288 11.069993
37664 19.971785
37581 14.872771
37198 10.174248
37368 11.429937
37317 11.200236
37412 11.674332
37533 13.66186
37456 12.171714
37356 11.39178
37443 12.003301
37686 21.254404
37242 10.78202
37001 14.714992
36971 15.580345
37325 11.264252
37395 11.557467
37358 11.396076
37236 10.744149
37266 10.945554
37593 15.025896
37560 14.590936
37269 10.960086
37380 11.470001
37279 11.016855
37191 10.086452
37275 10.995825
37286 11.06426
37145 8.458087
37237 10.767452
37597 15.169659
37155 8.678138
37515 13.062039
37157 8.750162
37415 11.701308
37568 14.700853
37115 8.014048
37362 11.406066
37518 13.167675
37502 12.926142
37644 18.582413
37633 17.788986
36978 15.086944
37527 13.40017
36367 46.795574
37564 14.658451
37297 11.101946
37651 19.128292
37600 15.282967
37684 21.078377
37197 10.164588
37396 11.560592
37526 13.349701
37447 12.041586
37580 14.87197
37322 11.23411
37481 12.362948
37367 11.428865
37469 12.259713
37418 11.706766
37211 10.345982
37329 11.272235
37437 11.946157
37417 11.703184
37249 10.849768
37227 10.620221
37309 11.172535
37302 11.123472
37281 11.02077
37452 12.114779
37209 10.329437
37406 11.654319
37231 10.698818
37129 8.200154
37316 11.200118
37557 14.484334
37654 19.282274
37477 12.317458
37160 8.856558
37149 8.533848
37589 14.9748
37513 13.056211
35167 74.380585
37006 83.075203
37625 16.203699
37376 11.450667
37488 12.556318
37616 15.973584
37638 18.266365
36952 15.325438
37278 11.001734
37311 11.18544
37648 18.941994
37680 20.921047
37675 20.567995
37489 12.594621
37613 15.783621
37299 11.112938
37192 10.115276
37382 11.490439
36924 13.586663
37327 11.265765
37457 12.18537
37540 14.047525
37251 10.871933
37243 10.792244
37273 10.985185
37530 13.425141
37635 18.083572
37174 9.632706
37565 14.675618
37194 10.143482
37247 10.837569
37411 11.672475
37459 12.189628
37660 19.578218
37490 12.604371
37291 11.074347
37366 11.426179
37276 10.995875
37690 21.454687
37670 20.181278
37640 18.300585
35797 49.567699
37204 10.223403
37254 10.889215
37603 15.346662
37436 11.941985
37384 11.508484
36314 10.935826
37553 14.386609
37414 11.684094
37013 70.650749
37550 14.22121
37559 14.582208
37274 10.986625
37252 10.873623
37210 10.330993
37495 12.701337
37601 15.285579
37602 15.300237
37170 9.4095
37446 12.039211
37226 10.616072
37229 10.650718
37537 13.85499
37134 8.283072
37162 8.900789
37500 12.826974
37472 12.278992
37649 19.042049
37394 11.556247
37293 11.079747
37235 10.733608
37466 12.238194
37200 10.176936
37202 10.214494
37605 15.415605
37666 20.019575
37667 20.076603
37656 19.361084
37630 16.70038
37177 9.684401
37179 9.695183
37479 12.358665
37432 11.867082
37388 11.542094
37574 14.802409
37058 70.50798
37541 14.049383
37614 15.841048
37608 15.556699
37465 12.230662
37475 12.291993
37486 12.50448
37224 10.57723
37517 13.092714
37164 8.998507
37688 21.271812
37685 21.24086
37304 11.132787
37290 11.072772
37409 11.665522
37545 14.184709
37507 13.013454
37413 11.680064
37444 12.010858
37598 15.188962
36386 17.622812
37528 13.408256
37423 11.733998
37632 17.084019
36976 15.516879
37659 19.564737
36957 15.077755
37373 11.439904
37232 10.705589
37185 9.913606
37552 14.287436
37397 11.572717
37556 14.428582
37676 20.58987
37421 11.725692
37351 11.3618
37172 9.459042
37483 12.421932
37189 10.071171
33563 67.712593
37539 13.939726
37454 12.133223
35847 22.546261
37578 14.83372
36949 14.728063
37538 13.871137
36309 10.939302
36853 11.442739
37246 10.826797
37310 11.176847
37187 9.983182
37627 16.508757
37629 16.698162
37571 14.745043
37522 13.272591
34614 82.712692
37422 11.727326
36315 11.049392
