299
-31.5 -1.45 165 0.00847 -0.000703 0.0215 0.707 
31672 626.790955
36441 83.41349
37714 15.400295
37056 81.541176
37055 33.416405
37672 12.806718
37645 11.846382
37807 18.813366
37795 18.762197
37681 13.129837
37653 12.190066
37641 12.332122
37818 18.91939
37775 18.591824
37548 9.796749
37427 8.707806
37559 10.235924
37549 9.928187
37797 19.079382
35291 69.98037
35880 38.120167
37704 15.354808
37679 13.103265
37579 10.78609
37624 12.043082
37638 12.187452
37531 9.648122
37678 12.699873
37745 18.265446
37356 8.370042
37643 12.186616
37546 9.728621
37532 9.527075
37774 18.28833
37824 25.454548
37551 10.131678
37825 28.838293
31089 485.438354
37806 19.363976
37717 14.262046
37850 44.930122
35926 63.371544
37709 15.603642
37258 7.693402
37822 40.59206
37729 16.470903
37766 18.372675
37621 11.763548
37652 12.341379
37485 9.190961
37530 9.753499
37667 13.076673
37673 12.995178
37341 8.298248
37622 11.90694
31668 26.825022
37119 29.925112
37778 17.84292
37472 9.221704
37348 7.791989
37471 8.690442
37108 78.28801
37830 26.055529
36498 73.998337
35255 38.584229
37470 9.629674
37702 14.968852
32626 65.838783
34730 40.897942
37772 18.626045
37693 14.135419
37623 11.834659
37586 11.085898
37606 11.803717
37408 8.909231
37484 9.17229
37409 8.761985
37445 8.814471
37534 9.207246
37536 9.595415
37387 8.637381
36381 8.618441
37447 8.902793
37312 7.844954
37837 28.42749
37297 7.572325
37503 9.211056
37506 8.806298
37591 11.171449
37456 8.550073
37782 17.88073
32623 70.534607
36455 71.71759
37831 30.206253
37478 9.200099
37444 9.294456
37513 9.663269
32188 27.214407
36912 9.284291
37521 9.541002
37410 8.799684
33084 67.237946
37677 13.853434
37381 8.559953
37706 15.70005
37771 17.547064
37639 12.323063
37596 12.455792
37304 8.415334
37635 11.705455
37467 9.35444
37262 8.061469
37420 9.3132
37631 12.036308
37592 11.027656
37615 12.149938
37372 8.338283
37066 25.044939
37762 18.859266
37696 13.816148
37765 17.490877
37512 9.162201
37854 89.57061
37134 63.751369
37633 12.222046
37604 11.665908
36379 8.618896
37505 9.455621
37800 16.960407
37722 15.95823
36444 15.67368
37397 8.671762
37838 69.933357
37659 12.654778
33601 43.637043
36993 11.773352
37611 11.48741
36454 12.426378
37590 11.921756
37477 9.358026
37713 15.578013
36959 9.908126
37013 12.068172
37811 18.406546
37855 64.472435
37720 15.41538
37684 12.772021
33610 69.074501
37815 19.142853
37791 19.533531
33599 35.726551
37266 7.928248
37618 12.101377
36930 9.321088
37716 15.419909
37813 19.151657
37721 15.005197
37843 82.419609
30454 38.016781
37593 11.934
36838 8.529995
36390 8.707128
36448 11.962592
37656 11.955706
37473 9.464433
37085 73.922523
37500 9.208385
37725 15.752688
37279 7.718642
33667 107.305527
32669 78.636055
33200 75.25592
35242 12.257168
37011 12.238865
37794 20.366169
37845 35.497772
36468 124.953636
37710 17.335546
33619 58.451714
37835 77.237686
36479 37.368439
37111 16.737024
37842 21.301283
32673 42.58271
37602 11.414641
36459 12.120178
37664 12.74703
36896 8.680102
37844 35.152409
37103 39.768772
36465 27.988817
36911 9.038953
37540 9.582221
37658 12.068092
37756 17.147291
36957 9.968413
37755 17.484327
37821 62.921314
37698 14.641872
37828 77.328918
37776 18.535845
32162 68.041992
37785 19.05179
37665 12.440919
37768 17.620539
37599 11.246311
37475 9.243482
37712 15.552603
37741 17.660526
36989 12.120242
37556 10.350302
37851 20.509802
37781 19.291969
37107 29.425346
37552 9.988468
37723 15.695355
37836 78.013893
37336 9.77663
36481 20.573627
37739 17.672102
37039 14.071035
37518 9.732768
35892 63.645939
37003 11.856153
37753 17.376057
31701 31.412567
35289 63.147198
37051 14.279461
37578 10.618299
37737 18.911812
37816 20.019386
37840 39.313648
36470 36.801037
35265 81.334381
37683 13.276463
36952 9.636078
37663 12.533289
36431 9.91501
