3
-0.03106702 -0.06341853 2.888054 0.0004571760790779763 0.0010978361808663228 0.0014381110293392617 0.9999982587896941
1188 20.098495
1036 8.112761
1168 16.895674
1180 19.254093
1120 13.979282
1142 15.605233
58 31.183798
958 6.891572
985 7.493293
1103 12.063037
1097 11.751895
1201 21.138475
1136 15.232612
1107 12.375515
990 7.571061
8 72.72541
1151 15.999131
37 27.839239
1176 18.880939
1194 20.601294
1129 14.686743
52 28.609295
27 26.347752
42 28.120573
1178 19.121494
1179 19.216684
41 28.753675
939 6.402107
932 6.341889
927 6.295356
893 5.481327
870 4.831689
890 5.049022
90 20.002958
911 5.984853
945 6.507141
1082 9.556733
1172 18.278643
1098 11.894607
1152 16.205456
1141 15.586196
1128 14.564531
1171 18.24498
32 27.645439
134 27.600079
1093 11.08674
1089 10.280734
1018 7.998553
1164 16.58721
60 29.443356
112 31.254862
135 28.3999
359 29.087765
1184 19.674486
1175 18.84866
1061 8.966737
151 29.488888
914 6.018702
1021 8.028121
856 4.670385
902 5.79678
940 6.410049
924 6.260476
867 4.80655
910 5.950223
942 6.436206
995 7.616224
28 9.654696
132 15.180429
1085 9.701839
161 29.395378
225 36.398762
1138 15.376912
1072 9.217139
1125 14.410442
16 60.840546
31 28.126863
139 27.357094
245 32.07056
105 11.248119
1088 10.238416
952 6.741105
928 6.321769
1132 14.7716
1032 8.091142
1037 8.130229
1186 19.913507
354 28.585405
378 32.5779
284 30.074923
1111 12.850895
849 4.567166
853 4.6304
1131 14.763383
1075 9.245401
1080 9.443292
977 7.313609
1022 8.030779
1102 12.017652
227 15.118876
909 5.943401
1031 8.085449
119 8.148622
130 9.499745
1148 15.90003
903 5.800598
91 6.350673
894 5.489297
931 6.339512
1053 8.45691
1087 10.011768
1149 15.918784
226 60.823936
1092 11.029212
1200 20.985138
345 18.707642
1173 18.447613
356 29.036556
1028 8.062733
352 72.925018
353 83.003532
224 20.453054
17 30.546413
355 29.220882
478 32.259144
861 4.737816
1081 9.461308
258 16.268366
1090 10.451889
976 7.304748
371 14.550506
344 11.349869
1091 10.889851
892 5.402161
1143 15.651611
888 5.001531
257 8.057836
901 5.785109
944 6.457504
1026 8.060691
92 5.992122
937 6.373845
1084 9.654799
336 64.123466
330 8.693714
1047 8.296265
1123 14.282849
423 24.546591
1078 9.306086
1065 9.036475
572 20.110525
1198 20.857758
486 31.515854
439 29.913059
950 6.646763
339 86.828369
240 68.638466
495 31.100483
1146 15.771076
392 33.343761
278 27.842169
334 35.3354
288 32.314137
381 30.102011
416 11.402267
935 6.367753
965 7.11903
953 6.750512
376 15.655161
536 14.215543
1114 13.273188
1135 14.978827
234 9.015281
1196 20.696573
422 58.49102
318 6.228843
483 9.484605
1041 8.215708
1153 16.075865
118 14.322098
1199 20.899702
565 29.871759
580 30.079979
547 30.536352
1049 8.343597
1059 8.79504
1005 7.811221
1056 8.570318
670 88.723351
485 29.660789
581 28.39336
494 29.616314
587 29.323841
582 30.307749
653 29.815235
497 30.55957
597 26.334476
603 37.868511
373 15.489929
1051 8.364572
1110 12.680041
1079 9.325481
1096 11.699971
207 5.973396
650 37.155472
907 5.921868
933 6.362126
1169 18.066618
993 7.59789
1029 8.071272
1052 8.389437
732 30.51412
579 28.587463
662 28.555517
332 20.357714
589 46.495762
797 77.108253
651 30.321064
605 31.036413
676 30.081831
734 26.281506
585 80.761307
466 15.677859
683 40.395039
729 32.587933
1015 7.979218
1191 20.474058
337 15.283573
1106 12.355565
908 5.901855
11 5.0222
943 6.438961
918 6.127392
1133 14.959744
709 25.789131
904 5.825187
659 6.340654
938 6.387244
1023 8.044669
326 9.361736
1050 8.358698
1115 13.352298
566 30.697924
764 30.464567
1007 7.837708
629 8.051621
724 28.832727
725 28.757385
663 29.040541
588 71.011024
749 125.185196
1204 21.53067
757 43.64994
801 57.83997
533 63.010597
746 106.45285
747 29.984602
723 29.62723
809 26.566338
564 14.9541
1046 8.288357
1048 8.323642
521 10.172327
824 22.247026
660 30.150318
434 13.902781
767 59.316036
900 5.782222
7 94.100845
45 50.054935
18 74.890251
53 28.569136
162 43.912251
163 46.545177
147 29.52179
93 6.224935
108 7.650429
228 82.027809
99 7.544018
208 6.179983
467 26.238012
14 20.866598
246 31.611006
275 44.503136
256 14.496903
220 7.59687
340 7.393905
468 31.382294
204 5.042431
499 30.979782
500 27.652782
320 6.25269
329 7.745182
319 4.699043
455 6.421627
384 46.316021
596 26.031603
270 4.972408
428 15.319828
693 15.334099
534 21.01848
464 5.03085
620 34.141541
529 9.485129
685 33.394611
745 32.359093
731 43.799274
684 33.887371
546 15.886068
363 6.305633
623 61.969543
743 35.893864
586 47.213615
791 27.61232
714 5.398501
774 29.344913
778 29.613207
796 108.450935
568 8.248481
753 26.27536
631 15.369803
823 35.809353
624 21.076942
694 9.162267
573 4.977967
712 6.176797
