306
-32.1 0.166 171 0.00653 -0.000483 0.0167 0.707 
37848 72.54097
35879 61.864494
37821 62.857784
38459 61.146065
38308 11.362267
38454 19.169291
37820 63.403816
37056 85.651337
36441 75.265732
38469 31.695263
32162 62.519878
37116 55.74691
37055 30.350121
38455 19.610506
35291 73.051697
38466 61.258141
38468 80.241852
38393 13.765009
38340 11.879914
38429 15.3935
38317 11.450466
38435 16.408869
37108 64.25779
37120 71.650429
32622 54.975189
38346 12.167515
38388 13.756599
38369 13.089126
37771 11.124084
38387 13.344174
38378 13.606358
38439 15.843776
38473 59.57201
38321 11.42966
38237 9.027402
37824 17.701487
32623 69.68853
36455 67.685883
38412 14.299815
38493 33.114925
34730 37.516136
38396 14.06823
38339 12.336206
38200 7.720031
37765 11.494432
38361 12.548502
38384 13.433294
38353 12.580455
38272 10.321575
38235 9.016994
38354 12.163203
38451 16.390234
38404 14.126472
38297 10.868202
37709 9.17074
38300 11.190777
37838 67.225136
38445 16.353785
32658 45.341084
35896 31.622578
38397 13.978005
37778 11.687228
37837 18.699186
38222 8.935471
38475 23.569481
38278 10.173785
37854 67.761726
38350 12.984383
37761 11.145327
37084 57.083439
38503 70.767281
33601 36.724205
38436 16.644415
38407 14.298898
35255 31.982206
38496 31.0058
38318 11.417863
38296 10.86499
38252 9.821252
38370 14.339923
38260 10.051769
38276 10.469048
35302 67.723419
32673 41.342617
35924 68.593979
32669 44.521858
33200 61.380119
38303 11.072526
37844 30.963392
37840 36.157516
34107 69.179855
38420 16.434435
34745 24.373747
38398 14.696108
38319 11.559223
37787 12.139271
37112 31.501547
38234 8.896008
37845 34.746838
38247 10.031966
38415 14.272496
38479 27.063393
38453 18.651346
38456 63.960709
35926 62.180107
38465 34.738472
38307 11.245147
38305 11.037551
38158 6.758934
37828 51.032864
38401 14.086205
38499 55.009953
38295 11.208382
38230 9.148346
37768 10.978243
38098 6.171461
38377 14.444599
38202 8.099452
38471 19.806549
36498 66.078575
37067 25.22221
38490 19.130482
38336 11.925456
38239 9.212258
38111 6.252069
37850 38.484962
38244 9.775885
38323 11.55975
38390 14.481278
38206 7.875524
38283 10.14965
38302 10.749434
38312 11.035091
38227 8.344913
38223 8.766113
38197 8.017098
32212 49.323219
35265 86.337257
38491 58.268814
38372 13.692011
37774 11.361815
38256 10.449546
38209 8.684399
