315
144.4994 -11.4626 109.7839 0.03074317495490633 0.3740870424999574 -0.024359512410492456 0.9265637355209032
39951 18.190989
39912 16.412706
39713 9.96687
39827 12.37534
39601 7.620977
39775 10.751819
39991 20.091595
40009 20.385391
40057 21.077152
40047 21.005304
40045 20.992146
39504 50.913792
39977 19.379311
39503 51.574177
40054 21.050461
39553 51.045578
40011 20.414917
40013 20.58263
39959 18.607897
39871 13.398982
39634 8.19918
39898 14.929822
39660 9.04779
36990 65.789673
40038 20.768562
40049 21.022516
39843 12.904929
39939 17.53627
38334 51.724995
39509 20.677399
38977 48.362305
36363 53.596157
37693 56.88554
40063 21.139318
40028 20.67585
39515 23.065941
39948 18.019375
39961 18.699089
40037 20.767271
39994 20.240007
37696 51.108437
39773 10.731967
39761 10.54866
39385 10.985033
39791 11.110503
39708 9.91642
39936 17.406469
39436 12.646014
39874 13.48268
39884 13.927679
39833 12.72011
39869 13.345479
39465 14.827105
39690 9.418626
39556 274.133087
39922 16.990473
38981 60.694874
40043 20.944923
39511 21.291462
40051 21.027458
40061 21.133446
39911 16.391174
39486 16.066368
39748 10.39465
39733 10.215549
39622 7.934608
39749 10.407837
40024 20.601427
39666 9.097282
39962 18.706209
38391 46.355919
39979 19.413734
39957 18.502628
38985 22.012983
40034 20.75312
39398 10.978367
39790 11.091717
39776 10.810493
39675 9.226353
39724 10.137485
39876 13.522734
39453 13.320507
39845 13.121582
39671 9.189142
39832 12.677751
39647 8.840602
39818 11.937988
39650 8.86873
30439 508.164124
39925 17.101067
38332 45.3372
39760 10.544964
39470 14.639594
39999 20.316031
39598 7.568543
39735 10.240323
40074 21.369778
39988 19.904612
39525 20.954842
40001 20.342129
39559 22.17108
39963 18.749138
39767 10.604836
39762 10.568187
39740 10.301514
39739 10.300985
39743 10.330992
39953 18.197453
40004 20.350897
39621 7.932476
39669 9.132356
38992 59.450428
40036 20.76442
39495 16.564007
39524 21.807919
39975 19.360434
39730 10.180424
39804 11.45394
39895 14.707629
39750 10.418983
39599 7.569104
39813 11.606248
39723 10.123071
39883 13.926335
39921 16.935066
39678 9.244849
39356 9.602472
39928 17.121538
39938 17.51442
39990 20.076826
35836 49.204357
39828 12.454967
39941 17.825266
39488 16.888584
39561 46.003963
39830 12.549644
39638 8.523298
39640 8.582858
39351 9.119761
39388 10.483354
39780 10.828597
39746 10.367514
39687 9.342385
39432 12.629113
39392 10.479998
40029 20.676826
39517 257.023346
36996 53.924313
32568 53.124008
40005 20.360096
39840 12.867678
39861 13.192432
39891 14.546965
38996 22.204611
38997 21.566904
39744 10.334506
40056 21.076523
40018 20.576527
40003 20.350733
32572 48.256824
38978 22.490522
36988 23.096144
36366 21.974817
39753 10.506788
35774 22.313965
39801 11.350873
39881 13.87958
39736 10.245883
39652 8.911974
39728 10.162177
39946 17.994942
39795 11.166695
39970 19.188637
39734 10.234612
39709 9.94719
39651 8.911907
39836 12.775567
39635 8.360403
35838 46.762493
39910 16.336376
39807 11.470871
39886 14.128359
39737 10.246815
39796 11.244519
39540 257.044159
39935 17.405216
39949 18.067043
39363 9.699409
39717 9.992649
39956 18.415728
40070 21.271742
39831 12.626752
39867 13.308335
39451 12.911398
38979 55.422863
39937 17.475496
39835 12.753168
39442 13.016335
39973 19.251261
40067 21.232941
35167 62.729866
39527 21.252911
39968 19.160412
39711 9.957502
39664 9.094139
39915 16.752722
39899 15.386581
37046 21.841036
40033 20.750475
37695 42.956036
40087 21.492266
40078 21.419949
39823 12.279822
39765 10.575698
39661 9.064553
39716 9.987808
35797 30.092737
39562 60.569244
39897 14.895143
39908 16.333624
39481 15.000056
39950 18.124153
40076 21.388529
38364 52.142937
39976 19.371788
39989 19.979012
39986 19.76306
39842 12.900957
39844 12.909508
40015 20.519543
34565 21.731087
39727 10.160404
33033 45.007187
39029 47.340508
37006 55.543571
38991 13.601345
39878 13.592669
39839 12.837996
39543 21.97113
39729 10.163925
39469 16.098495
38333 10.851135
39551 44.731045
39541 60.701256
39907 16.24428
39927 17.10778
39799 11.30308
39784 10.990156
39477 18.982536
40012 20.419579
40084 21.453346
40081 21.428154
39972 19.247805
36995 30.961506
38965 12.136492
39993 20.21192
39985 19.75943
39548 54.084602
36985 56.282021
38356 20.61758
40030 20.703186
37058 45.802216
39954 18.344704
39449 12.875088
39455 14.076743
35168 22.109787
39890 14.52939
39564 52.416248
39539 17.495382
39837 12.780401
38926 10.630404
39514 74.680626
39506 45.069157
39319 7.895999
39290 6.996233
37052 53.521618
39307 7.611915
39303 7.759231
39523 21.16077
39406 10.783214
39400 10.725586
38928 10.744642
39487 16.868429
39467 14.647276
39328 8.117821
39320 8.02524
38342 10.689116
38378 44.278156
39399 10.327044
39348 8.972064
38395 55.485817
38912 9.72998
39391 10.276259
38970 13.055513
38956 12.824512
37731 27.520115
39346 8.943282
37012 26.345566
34639 50.58567
34061 64.128006
39380 10.212214
39498 21.305321
38362 22.792112
39396 11.563423
39014 9.635826
39473 17.534224
