316
145.1538 -11.52141 110.4492 0.027489310328658756 0.37655356788405353 -0.02466647594283636 0.9256583134699357
40089 53.347607
40093 67.944435
40050 20.241686
31626 220.509735
40013 19.582203
39503 49.368084
39504 50.668011
39783 9.973956
39768 10.126266
39959 17.227633
39866 12.325659
39834 11.603147
39856 12.167491
39978 17.709978
40096 23.824692
39553 52.880249
39696 8.718404
40166 62.062817
40049 19.85535
40002 20.134884
40088 20.77998
39943 17.685402
40044 19.59828
38334 52.756798
37729 49.034897
39660 8.331264
40068 19.926474
40111 21.481142
39515 22.553427
40028 21.028955
40185 46.439655
37696 49.851379
40054 20.802103
39385 9.948984
39725 9.294824
39774 10.006112
39884 12.627204
39825 11.450265
40103 12.045852
39645 8.054219
40104 23.191504
40117 44.993156
39653 8.045953
40105 36.674995
39898 13.407073
39703 9.082472
36990 57.889008
38981 63.561211
38977 50.232327
40038 19.856903
40051 20.061953
40061 20.959719
39961 17.661594
39733 9.808123
39622 7.119566
40011 18.966547
40016 19.007851
39666 8.037516
40129 24.144835
39979 18.043312
39963 18.484129
39776 10.060297
39761 9.689182
39791 10.307284
39708 9.31745
39412 10.610262
39876 12.570561
39845 12.093316
39671 8.418415
37052 57.982571
34619 50.139515
39470 14.391336
39509 19.888933
40043 19.830423
39525 19.652565
40001 19.755005
39559 21.562107
39767 9.555259
39486 15.533866
39719 9.501963
39749 9.493624
40127 20.716694
39994 19.00256
38992 54.396873
39999 19.556753
39813 11.382502
39690 8.589231
39760 9.709316
39398 10.077891
39895 13.421242
39925 16.319342
39739 9.275109
40142 54.805325
39832 11.67489
35836 49.214272
39392 9.671186
39941 17.452383
39561 45.275135
39743 9.458282
32569 44.568417
39861 12.715959
39453 12.111122
39891 14.28603
39926 16.162271
40003 19.742628
36996 49.886234
32568 52.226994
40056 20.885265
40034 19.501438
32572 50.118145
35782 47.95797
40146 50.906853
38978 22.052008
38996 20.712944
36366 21.814886
40113 22.273773
36988 21.491358
35774 22.4865
40029 20.162342
39527 20.402782
39465 14.491639
39928 18.056652
39737 9.179084
39787 10.497641
35838 44.717182
40143 21.014898
39388 9.854586
40144 44.161758
39735 9.482452
38941 10.383143
39937 17.568277
39351 8.22389
39432 11.780849
39836 12.452629
38979 54.883484
30439 341.619263
39867 12.796291
39921 14.889799
39363 8.776757
39744 9.644303
39973 21.228399
40087 20.162024
35167 64.224648
37046 19.6313
39830 11.565824
39442 11.878697
39990 19.307894
37695 39.341904
40067 20.223473
39753 9.547767
39730 9.234887
39544 41.353115
40148 43.462322
39796 10.183769
39736 9.620402
40183 50.889309
40151 61.42049
39795 10.021019
39886 13.214691
39989 19.313944
40004 19.627872
40140 22.251959
39488 17.946119
40076 19.903675
37006 53.707672
39950 16.517443
39976 17.541803
39495 16.55291
39835 12.077055
39831 11.387268
39844 11.779363
39451 12.798768
40154 18.550114
39750 9.551892
39717 8.967718
38920 9.385911
39780 10.170771
40163 56.300983
40156 64.034882
36995 30.260881
40005 19.220348
39469 15.209153
40153 41.196972
39562 59.394264
39897 13.08686
40158 22.85824
40157 33.79818
39543 20.762722
40012 21.429274
39471 15.207295
34565 19.033403
39829 11.781985
39826 11.561612
39972 18.133715
40033 19.599581
39481 16.353016
39930 16.393059
39908 16.656345
39003 47.035786
37058 46.506996
38991 12.283315
39477 16.319048
38333 9.83182
39991 19.285465
40009 19.64138
39871 12.333966
36363 45.35339
39773 10.160258
39436 13.241013
39874 11.308182
39833 11.850765
39556 728.046204
39922 15.977423
40024 19.680279
39962 18.332178
38391 44.768887
39510 20.770737
38985 19.995274
39675 8.394022
39724 9.367136
39647 7.804352
39818 11.065951
39650 7.956919
39598 6.552958
40074 20.629236
39988 18.535601
39762 9.380379
39669 8.193047
40036 21.245586
39804 10.809278
39883 12.655642
39678 8.605889
39356 8.769388
39938 16.209034
39638 7.612668
39746 9.527904
39687 8.406123
39517 345.166016
39840 11.127987
38997 20.890728
40018 19.964878
39801 10.758878
39881 12.663264
39652 8.289773
39946 15.851072
39651 8.498397
39635 7.532394
39910 15.281937
39540 277.305511
39935 16.161428
39968 19.23036
39711 9.269668
39664 7.896855
40078 20.296225
39516 21.995903
39765 9.26615
39661 8.281012
39716 9.337631
35797 31.273333
39347 8.027095
38364 53.467991
39842 11.67753
40015 19.830795
39727 9.268281
39029 41.49173
37050 51.082127
39878 12.706315
39541 67.198105
39907 16.086903
39927 16.302101
39799 10.058514
40084 21.298532
40081 20.268887
38965 11.176345
39993 19.99584
39985 19.795126
36985 51.451736
38356 21.389898
40030 18.577682
39954 17.231138
39449 11.630838
39455 12.429035
35168 22.081762
39890 12.803594
39564 57.624245
39539 16.103025
39837 11.776917
38926 9.394075
