319
-22.4 -0.584 185 0.0134 -0.000771 0.0317 0.707 
40163 18.699873
40175 66.82402
40176 49.958057
40247 57.74897
40250 66.328438
39574 56.28701
38499 47.800209
39928 9.381626
39949 9.62766
39959 9.938567
40072 15.534759
40259 51.859749
39052 50.445019
40201 58.023365
37820 51.030811
39573 49.037548
40174 18.348547
40113 16.566643
40141 17.914679
39063 42.84185
39114 48.95702
40119 17.708496
40190 9.409192
35291 51.669018
38466 47.189583
35879 50.242661
39675 47.278122
40203 46.534603
40206 20.605438
39059 44.682259
39583 19.719301
40200 19.359549
40146 17.815239
40134 17.296047
40133 18.11787
40148 17.653236
40044 15.060688
40197 18.896645
40020 13.511066
39919 8.966598
39510 9.466238
40182 22.972857
40038 15.461529
39987 11.184839
32622 45.315201
39963 9.734158
39924 9.296647
40181 9.488234
39519 9.532016
40140 17.203619
40160 17.524351
40102 17.134474
32626 47.474293
39598 9.300746
40191 23.183968
36496 44.312145
36498 48.059238
40016 13.785644
40218 39.401955
39991 11.392846
40209 49.991489
32623 54.599396
40222 19.842134
40164 17.718552
39938 9.486447
39941 9.376431
39969 9.562461
40199 19.242277
40091 16.779837
40213 18.225159
36497 39.908611
40019 13.770337
40257 28.483725
39676 28.226948
40096 16.931082
40013 13.449242
40035 14.784789
39651 48.49564
40224 18.096455
40228 40.327312
39077 17.286936
39984 10.955416
39074 38.551319
37828 42.514004
39526 9.62111
39964 9.559596
39927 9.158844
40118 16.834219
39072 17.539963
40226 21.541773
39616 59.797527
37854 57.718002
38464 24.278738
37822 22.984831
39518 9.487156
39561 13.30792
39076 28.281132
39628 55.166229
39542 12.280725
39660 46.442711
40238 22.738409
40095 16.595652
35302 51.779827
37134 45.55904
39931 9.550237
39516 9.227104
40103 16.612215
39627 63.011848
38473 51.126133
40031 14.9217
40170 17.596952
35880 16.953661
40158 17.742971
39109 18.66678
39049 9.681958
39954 9.821343
39932 9.640917
40029 14.276423
40040 14.591606
39539 11.240245
39079 13.209228
40165 18.05827
40132 17.156162
40248 48.057056
40159 18.540958
40277 47.764973
40268 48.335064
40143 17.980827
40178 53.944466
39961 9.577533
39580 17.996319
40127 16.756569
39642 18.033884
39999 13.309453
40138 17.097313
40150 18.153259
39905 7.947995
40249 51.054199
39644 17.52515
39594 18.118813
40261 44.65963
39586 17.383299
39929 9.964941
39939 9.51412
40043 14.564815
39110 448.574371
37055 16.91827
37054 18.971931
40264 44.977539
40124 16.595131
40116 16.866121
40223 18.854675
39541 11.153372
39085 52.15707
39935 9.705028
39508 9.274813
39920 9.122751
39911 8.22298
39930 9.546704
39537 11.916951
40061 16.711191
39937 9.436528
39645 48.161663
39106 18.475336
40189 18.034653
39951 9.405638
40237 17.373774
