349
168.764 -13.42431 128.9792 0.030824363754019795 0.48084721334026076 -0.02277000892601069 0.8759665191750053
44562 37.61882
41360 167.621857
42788 748.911316
43717 329.118835
31626 261.834869
42269 147.740143
42709 147.086517
41403 161.862274
45079 17.038042
45063 17.386309
44575 34.389488
44946 15.609194
45163 24.521708
44887 14.724767
44947 15.771155
45040 17.062422
45136 18.655621
44870 13.265492
44565 37.728786
42297 672.173096
41884 884.280579
43650 817.774475
44877 14.696958
44538 15.538474
31049 267.583282
45176 25.372166
44928 15.537609
44967 16.382971
44453 13.902843
45168 14.714812
44519 15.540889
45112 18.215748
44584 28.206511
44918 15.359859
44969 16.729881
45114 18.563398
45152 19.71174
44908 15.149825
44757 7.765774
44859 14.098309
43179 36.816612
44587 34.714165
42307 1373.274048
43668 642.324402
44197 556.823853
44763 7.894214
44795 10.394004
44968 16.06069
44899 15.201925
40794 122.788727
43284 970.209167
44506 14.660448
44873 14.625744
45055 17.739614
44815 13.160797
45187 39.282516
44957 15.374846
44924 15.887599
44594 28.008818
44974 16.0446
45077 17.311113
45021 16.842234
44667 62.456543
44447 14.061874
45188 35.538101
43203 35.183865
45209 38.346451
45190 499.92276
44895 15.341138
44806 11.582014
41413 732.581787
43671 24.3062
43273 128.032318
44161 2095.71582
45041 17.99066
44583 16.612736
42275 23.0245
44845 13.788338
44776 8.561923
45014 16.654194
45103 17.686598
44533 16.035856
45000 16.008543
44872 13.849634
44842 13.667911
44486 14.664596
45078 16.89246
43182 23.120277
45097 17.356964
44682 37.157646
44607 34.267376
43218 318.744049
41390 276.725464
45076 17.362682
44560 15.43237
44427 10.936025
44801 10.496767
41418 123.024239
44121 158.758408
43249 131.847076
41944 523.799316
45060 16.687632
45039 17.454889
44843 13.685378
44866 13.906473
44913 15.392381
44953 15.456062
44942 14.510461
45011 16.077143
43725 16.108295
44445 13.513468
45164 10.15817
45155 18.809353
45038 17.718849
44602 18.050903
44794 9.902348
41381 124.997917
43253 141.017517
42820 316.946289
42793 15.965843
44938 15.316974
41409 21.134817
45051 16.269251
44501 13.713663
45116 17.192068
44965 15.270947
42751 22.230263
44470 14.677934
43791 17.680147
44159 16.931013
44446 14.838955
44659 41.798988
44139 37.22081
44480 14.890348
45074 15.449416
42796 18.197712
44614 35.687496
44502 15.259031
45230 22.843973
43266 25.218954
44798 10.686787
45195 57.330822
44793 10.032196
44840 14.955737
45082 16.70541
45081 16.453981
42330 71.306068
41371 23.702414
41952 20.116577
44858 13.787717
45042 17.042753
44112 16.780769
44911 15.467978
44097 14.801392
42801 14.195419
44939 15.169287
44933 15.676098
44990 15.917129
45083 17.473429
42298 36.885475
42719 20.938707
44814 13.625539
44419 9.938801
44803 10.586382
42717 15.242191
45206 39.487221
43224 359.20459
44818 13.775999
45092 17.765621
44085 15.11348
41966 126.418854
45094 16.719177
45231 23.263041
45034 16.442116
42381 15.612691
45125 16.954746
44627 32.672943
42388 58.381317
43786 110.502373
41377 23.21694
42842 14.365438
44457 15.648516
44955 15.664178
45023 17.898191
44779 9.146567
44171 218.16124
45207 37.888847
43220 45.247715
42756 21.145302
43256 17.793947
42790 379.944885
45160 37.70504
42710 66.191536
45072 17.213249
45035 16.744991
40819 148.385727
45002 16.638571
44567 22.14707
44576 20.891451
45091 16.651703
45108 17.592199
45015 16.980158
44765 7.835505
45052 17.494154
45184 19.941996
44958 15.686026
44512 14.526482
44553 15.969829
44087 42.28413
44543 14.722394
44766 7.874948
44760 7.836821
45240 128.997253
42380 753.264404
44656 35.872368
44800 10.672453
30439 527.10376
44907 14.696362
43646 16.615278
45071 18.451204
42296 47.287979
41914 2570.85791
44894 14.580332
44786 9.265927
40135 215.788864
42732 17.506573
42274 14.446159
44754 7.454658
44762 7.244092
45214 24.338528
44789 9.332999
45194 22.666374
44212 158.702866
43698 21.754276
44919 14.883538
43756 26.014753
45217 37.801331
45238 20.40098
42739 23.492008
44661 59.233593
43693 18.244246
42316 47.551083
44561 15.856515
45044 16.478918
45026 17.33919
44970 15.774505
41372 19.108952
44826 13.202883
44771 8.400796
42325 40.882935
44180 18.625217
44797 10.843667
39549 956.472229
44671 16.854818
44886 15.535176
40830 19.496498
42343 27.231445
39503 18.36359
42847 17.602489
44824 13.93867
40169 14.460849
45084 17.352482
44962 16.041357
45005 15.983817
44611 66.284126
42326 45.533234
44129 13.153764
