355
24.7 -0.941 217 0.0105 -0.000612 0.0185 0.707 
42856 739.319946
45654 11.937585
45798 16.390381
45808 16.103537
45699 12.564542
45866 17.835228
45802 16.214954
45898 33.307907
42364 743.9104
43722 662.011963
42775 178.647324
45514 10.519117
45590 11.40768
45602 11.065778
45750 13.7783
45657 12.087814
45694 12.45597
45861 18.097977
45482 10.005561
44638 32.865551
45232 32.580574
45903 33.669777
42336 147.188797
45851 17.462378
45894 34.125576
45774 14.476129
45406 8.361774
45893 19.602303
45858 18.086584
45856 18.040979
45508 10.160169
45512 10.375295
45611 11.766763
45815 16.431925
45153 11.663374
45748 13.254071
45607 11.591328
45700 12.25433
45509 10.084213
44159 37.505501
45776 14.681989
43246 27.029179
45895 30.159054
45253 31.395483
45761 14.129254
45515 10.252963
41489 530.893677
39650 1493.068237
41482 129.947586
45846 18.335487
45860 17.850946
45218 15.196795
45572 10.953318
45506 10.022696
45636 11.932274
45108 11.877425
45562 10.998623
45586 11.060443
45555 10.855879
45526 10.540002
45770 14.66231
45581 11.275562
45163 12.200946
45878 18.806402
45909 28.449778
45441 9.103409
45915 29.89257
45474 9.814886
45551 10.910814
45266 275.52475
44682 29.697411
42023 343.541382
40220 147.134232
45766 15.208771
45910 17.576958
44972 10.411847
44740 60.430904
42373 37.394848
44640 18.503923
45130 12.191675
45592 11.325385
45541 10.735546
45890 19.87051
45827 17.526505
45834 17.682066
44991 10.234934
45517 10.265754
45012 10.010495
45702 12.24878
45793 15.671127
44673 28.2537
45228 14.849017
43286 497.455475
45942 365.195465
45872 18.714203
41455 149.849426
45286 35.83593
45854 18.160059
45762 14.769719
44968 10.371391
43272 31.818026
45836 17.663843
45575 11.169916
45831 17.9254
45597 11.836175
45676 12.023659
45557 11.06788
45105 11.681349
45510 10.370045
45764 15.675324
45714 12.486114
45703 12.527274
45601 11.257372
45926 34.075584
44210 34.145393
45284 10.556372
45963 579.857483
45928 125.875053
43288 41.767372
45883 16.911625
45862 17.587986
41995 153.805618
42909 3195.781982
42383 59.538498
44692 37.619041
45666 12.209262
45617 11.690405
45833 16.057156
45079 11.784096
45669 11.787442
45759 15.320207
45182 12.350266
45042 11.21685
45604 11.498398
45677 12.105864
45925 28.421764
45739 14.907758
44931 8.863605
42804 19.615957
43820 119.027893
42451 56.244133
45949 255.760391
45574 11.03211
43259 10.268059
45587 11.301241
45919 63.22327
41442 18.229187
42474 16.422874
45571 11.20032
45765 15.170492
45646 12.027827
42338 10.36362
45708 13.413885
44565 10.299506
45695 11.805099
45747 15.092196
45832 15.6978
45889 19.939331
44704 38.891796
45278 32.902504
44659 14.006757
44981 8.925235
42785 15.46247
45935 37.443359
42430 13.994779
45852 18.097616
45885 19.387684
45567 10.867984
45633 11.788088
44161 678.058594
45799 16.596628
41430 155.515747
43796 32.458668
45844 18.409962
45710 12.266681
45763 14.619523
45649 11.9862
45900 11.072053
45260 30.250429
44267 450.515717
45391 7.231371
45899 16.685175
45410 8.253573
43847 128.850677
44650 17.825666
45647 12.852637
45564 11.309496
45585 10.784406
41987 2015.239258
45771 16.019867
45707 12.322322
45202 13.476429
45498 9.932604
45494 10.069168
45409 8.418627
43775 477.822266
45655 11.924481
45683 12.354981
45563 10.806559
45495 10.413824
45663 11.410185
42365 32.396404
42828 222.925018
40193 385.083008
45454 9.352712
45267 17.461945
45118 11.863934
45560 11.098381
44988 10.154196
45886 19.961332
45529 10.355898
41473 312.009583
45768 16.740135
45867 17.030617
45686 11.465538
45125 11.722374
43291 61.06316
42393 33.1838
44614 9.158289
42821 15.43342
