358
175.035 -13.96378 132.827 0.037634537124929715 0.4923989385086758 -0.020233209864272357 0.8693201620746581
42297 718.40918
43650 619.393188
46428 134.882935
46301 14.893143
46252 13.026508
46234 12.895115
46426 25.564404
46377 25.164536
46256 13.415797
46084 9.352553
42307 520.365417
43668 699.880859
46440 124.493088
46183 11.186218
46205 12.135936
46366 17.081791
41403 112.212959
39556 504.730865
46257 13.133767
45624 9.945112
46182 11.053046
46109 9.727954
45575 9.581452
46169 10.680769
46231 13.073199
46429 28.867266
46358 15.232137
44087 35.208641
46339 15.345067
45726 13.13836
46208 12.143524
44587 27.066853
45824 28.682114
45209 26.925571
44197 339.301056
46310 15.005764
45788 15.511421
46147 10.101145
46213 12.125021
42384 178.088684
44577 15.792669
46253 13.362343
46193 11.128372
45995 9.203382
46020 8.906337
45993 8.539371
45619 9.842874
46163 10.193489
46018 8.923772
45735 13.760118
46392 24.721712
46226 12.802638
41413 305.553802
46346 15.702555
46281 14.363244
42296 34.642387
46244 14.037659
45765 14.251355
46399 35.457733
45159 27.337542
42380 373.398743
45700 12.054553
46393 44.00095
45534 8.816935
46299 14.896654
46024 8.90634
45981 8.444345
46247 13.561129
46249 13.512174
46243 12.945563
45557 9.194804
46142 9.872661
46088 9.014586
45702 11.75407
41418 115.827644
46232 13.160797
44600 25.516022
46430 27.450876
46151 10.11628
42306 34.293842
44607 28.119204
43218 625.740906
42333 347.375214
42298 30.021317
46408 26.944994
43179 30.117001
46413 91.773888
46204 12.055057
45830 15.683842
43253 124.598129
45585 9.185151
46322 14.935932
43249 131.057938
46414 51.322411
41917 354.908295
45756 14.73312
45758 15.32261
46236 13.655382
45975 8.628578
45631 9.931825
45724 13.548441
45811 16.052996
43203 24.723829
45217 28.571772
46137 10.010837
45763 15.400165
46274 14.168883
42820 504.009766
46221 12.100356
45692 11.42248
42767 139.361771
45506 8.720887
45838 20.042923
46325 15.699003
43182 15.065413
46086 9.189523
46233 13.136009
46056 9.086315
45720 13.493253
45845 26.828194
45213 36.185123
45155 12.247304
43223 25.704624
41381 130.640015
46296 13.938027
46320 15.814833
45773 15.170057
46090 9.931324
46160 10.365381
43746 177.72731
42330 63.814156
46372 20.142101
46342 14.878085
41371 15.697237
46242 13.387753
41409 13.26674
45553 9.441744
46062 9.864597
46027 9.356988
46101 10.030853
46215 12.679333
45691 12.868148
45688 11.73282
45772 15.687988
44614 32.625435
44139 31.764071
42325 38.872986
46418 27.899172
46238 13.893397
46239 13.571752
45998 8.736222
46241 13.214038
46167 10.499887
46262 13.633365
46352 15.36062
46112 9.679893
46285 14.779842
46103 9.774613
46240 13.807781
46318 15.242887
42788 511.273682
46363 16.899494
46100 9.597508
46229 12.739019
46143 10.042735
46235 13.041142
46248 13.195544
46034 9.199025
46017 8.808473
46073 9.213858
45965 8.482405
46141 9.933946
46096 9.457406
46093 9.604139
45978 8.471869
46045 9.204942
46082 9.242966
46334 15.274732
46289 15.398167
45950 8.364633
45914 7.467992
42269 112.698891
42709 129.468048
45990 8.505739
46309 15.096376
46303 14.975453
46323 15.599195
46164 10.437098
46136 10.084281
46180 10.803941
46128 9.887149
46068 9.158887
46014 8.877526
46130 9.775144
46351 15.695802
46333 15.377415
46104 9.521172
46059 9.360791
45987 8.655354
46015 8.840117
46037 9.021749
46184 10.970155
45940 8.015181
45400 7.513001
45822 31.147699
42790 524.318298
45815 31.762165
45988 8.41827
46364 17.460217
45786 15.24889
46190 11.151839
46069 9.104171
45968 8.279689
46263 14.142629
46270 13.617825
45816 26.706112
46370 16.666586
45171 31.111988
45923 7.550475
46157 10.726619
46051 9.108495
46025 9.171399
45929 7.856893
45937 8.01424
45829 27.264534
45438 7.566038
46365 16.320412
45878 33.869476
46170 10.667026
45032 9.414476
46265 13.788622
44567 15.195923
46091 9.664322
45567 9.287388
45015 9.385682
45497 8.309842
46172 10.635684
46255 12.744618
45687 12.700305
45745 12.915442
44968 8.737699
44682 30.550381
45749 13.52439
45131 11.03618
46259 13.30538
45126 12.081335
46162 10.461924
46120 10.172853
45718 13.30393
46005 8.283305
45847 33.301094
46245 13.048578
43220 34.439659
45803 15.933723
46267 13.399732
41389 120.459435
45601 9.381428
45982 8.61249
46154 10.093779
45966 8.52551
45645 10.091782
45639 9.634262
46029 9.262625
45884 243.893799
44586 11.734197
46176 11.025496
46288 14.617285
46345 15.355142
45195 55.646275
46341 15.534188
46135 9.439263
39503 11.325077
45004 9.45765
46166 10.304261
46072 9.325643
45616 9.757761
44171 427.870026
45808 16.159885
44632 303.016754
