383
55.9 -5.96 232 0.0272 -0.00163 0.041 0.706 
46505 107.423515
49380 136.500839
42856 365.468719
45299 351.723663
43257 306.601288
49097 8.166828
41480 122.29213
48985 97.181274
49011 106.578812
49379 118.700821
46996 272.638306
49386 62.77824
49352 15.240252
49224 10.956337
49459 22.093689
49387 22.161873
49389 20.959389
49391 24.505148
49251 11.310095
49129 9.103278
49114 8.621101
49222 10.695561
49284 11.687825
49239 11.116104
49235 10.823152
49327 13.735696
41437 253.595001
49080 7.621649
49483 20.728445
49140 9.002254
48932 15.289756
49350 15.277175
49217 10.816036
42336 119.89991
41430 114.089958
49398 72.686279
48946 60.442986
49390 23.247519
48952 24.867561
49233 11.127734
49179 9.843373
49322 12.95346
49399 73.891563
41959 727.962769
42364 635.828491
46459 200.24025
49313 13.059984
49146 9.200337
49236 10.931535
47480 94.476051
47975 29.07012
48464 107.981583
48969 61.818722
49464 22.626377
49395 23.45331
49120 8.488638
49237 11.037484
48794 10.752301
49215 10.768584
48959 35.877029
49112 8.661259
48862 12.50139
49378 78.020607
40889 126.472984
49087 8.018298
49210 10.421433
42374 415.305359
43847 111.12603
49330 13.383937
49402 22.893656
48458 22.324987
48957 23.711531
49404 22.339163
49178 9.791947
48457 25.109756
49414 21.887352
47463 20.367281
48958 22.142263
49255 11.356781
49334 13.747531
49190 10.165854
49193 10.449575
48472 151.542725
48965 32.255375
49358 16.216051
49241 12.002909
48920 14.798925
48336 11.913598
49220 11.348825
49346 14.929488
49401 25.383247
49406 28.771132
49351 15.278205
47992 147.530762
48442 35.96196
49418 42.7556
48451 11.917421
49265 12.013946
49412 172.306702
43345 114.39827
39650 318.121277
49106 8.562045
49422 24.180876
48447 23.370167
48508 26.029682
49413 22.67034
49428 21.595655
47989 23.497202
49468 22.830051
47920 10.458697
49234 10.821842
48323 11.053546
49318 12.779887
47921 10.263553
49324 13.884109
49470 13.633716
47894 9.911792
48688 7.795444
48348 11.984854
49486 26.544226
48930 15.468308
48973 29.328581
49213 10.308966
48833 12.199985
49271 11.893581
48285 10.01221
48250 8.573529
47474 100.866798
49194 10.070412
49425 22.611088
49435 22.035938
48484 14.785986
48303 10.444557
49469 25.377769
48828 12.015105
49240 11.167244
49475 585.066467
49359 16.262939
46462 30.580984
49339 13.402716
41455 128.748795
49474 591.883179
49269 11.537591
48975 105.895424
41473 99.224472
47994 133.985016
48475 25.104198
49254 11.630519
47457 10.299427
47459 10.429101
42832 116.395576
49375 20.736076
49369 21.83865
49299 13.676308
49000 447.452271
49337 14.712195
48918 14.774117
44159 17.345205
45928 60.959988
49181 10.43522
49489 26.303946
46991 105.589035
43247 39.743507
48002 136.555145
48494 76.130188
49453 21.820847
49373 21.324299
49258 11.016989
45903 12.59055
48355 11.573919
48784 10.85158
47998 11.199703
49094 8.021387
49353 16.191593
49070 8.008691
48935 118.07618
49172 10.010892
49305 12.477722
49137 8.959538
48443 23.549814
49038 7.461955
49192 10.150741
48824 11.557446
49282 11.6367
49052 7.223047
48679 7.805787
49364 20.644073
49366 19.961456
48437 22.76833
49062 7.799664
49150 9.039637
49083 7.784529
49201 10.156586
49229 11.60603
49091 8.21994
48914 12.892026
49076 7.907978
49354 15.089597
48689 7.694195
42858 399.59845
43232 117.002518
49374 20.119955
49300 12.522025
48498 22.685061
48680 7.559888
49115 8.400208
49348 16.958483
48672 7.85455
48873 12.865123
48424 13.687922
49257 11.394175
48667 7.428984
49033 6.782546
48445 23.668953
48861 12.96838
49126 8.746197
49119 8.301666
49109 8.491465
49031 6.854432
48349 11.576958
49199 11.56614
48822 11.232252
48968 88.524216
49079 7.909184
45311 163.439133
48506 22.528383
49153 9.035971
48826 11.65494
49125 8.453246
46968 357.324799
48398 13.485229
48425 14.171904
48248 8.984626
49082 7.979842
49214 10.603441
48919 13.488981
49307 12.276558
47999 80.624924
48456 22.585114
47503 369.208618
48462 131.193314
49263 11.445992
49223 10.742534
49250 10.953578
49158 9.45402
49332 13.930093
48887 14.703935
48266 8.662257
49074 7.651501
49225 10.706797
48992 23.67247
44709 154.852081
49342 14.126222
48799 10.309845
46491 32.044422
43842 120.477715
43318 119.526398
48903 15.459195
47450 10.161802
