389
194.6963 -15.51367 142.7543 0.030889473948349202 0.5693789768804227 -0.03428030131403744 0.8207790701690779
50087 19.385427
49881 13.725839
50154 70.03981
50157 114.885681
42788 571.455994
45818 297.271606
49751 8.279833
49758 8.272891
49482 30.104864
49896 16.316338
50147 377.146698
50177 28.335775
50148 556.970337
47409 419.641754
50173 69.15876
48923 71.501167
49792 9.354172
50234 101.745186
50255 118.373329
48508 112.741913
49022 115.051163
50176 74.986641
48924 95.504807
48987 97.698616
48512 120.491432
49994 18.465317
50171 57.257416
49985 18.023294
50033 18.725391
50029 18.592014
50141 20.810915
49898 16.255175
50152 22.103245
49885 14.185343
42297 640.704163
50284 740.526978
50236 142.206528
50259 27.930588
49481 29.887506
48930 681.734802
49746 8.383533
49784 9.265036
49828 9.941306
50178 393.153503
50163 288.761932
43284 1382.843872
50179 279.773499
48988 128.961884
49865 11.481682
42269 116.109322
41360 123.804977
49471 167.945496
49491 98.119041
50168 91.596504
50041 19.085432
50012 18.747961
49941 18.316992
50123 19.466211
49983 18.383272
49699 7.440289
50188 41.827351
49754 8.565492
49763 8.491817
49911 16.769667
50022 18.525354
50166 22.861448
49869 11.3184
49837 10.461937
49883 14.562326
49775 8.877836
50281 214.839767
50061 20.066231
49752 8.351352
49748 8.158638
50162 69.057976
50242 63.681046
44197 550.213928
49508 136.783112
49366 11.441754
48991 111.020142
50194 125.219757
50025 18.974993
49499 87.447762
49555 18.947786
50133 20.285997
50125 19.533907
50081 19.093523
50075 19.393848
49271 7.432843
49709 7.533341
50195 42.425098
49753 8.482696
49830 10.083973
50196 31.449282
49755 8.504611
49847 10.759808
49860 11.601831
46383 527.30072
49498 145.865112
49567 128.165405
49697 7.513864
49225 6.957369
49240 7.056063
49506 407.863007
49358 10.96539
45240 93.881027
50027 18.087061
49404 16.450788
49959 18.081743
49945 18.27663
50200 255.853134
49804 9.479869
49986 18.38475
48403 76.799568
49934 17.386749
50120 18.277393
50108 19.833845
50010 18.175875
49693 7.380233
49305 8.592056
50203 84.891029
48402 54.307552
49853 11.032565
49376 14.136096
49475 35.849789
49859 12.133477
41413 195.193008
45234 171.51088
40794 93.156593
49749 8.384069
49907 17.341322
50050 18.835758
49670 7.214146
48469 139.966919
50063 18.510794
50245 143.302475
49841 10.62618
50206 214.770737
50038 19.562838
49962 18.421391
49982 18.504126
50212 160.666428
50077 18.457626
48999 79.103317
49942 17.990774
49263 7.359005
49701 7.378895
47870 23.507618
50202 22.83153
49351 10.524515
49574 27.11945
49486 73.214256
47907 164.252945
42833 304.908234
49840 10.946006
49337 9.933818
47430 122.565941
49988 18.445604
49695 7.383142
48790 6.761396
50224 109.513298
49817 9.702514
49849 11.017921
49964 17.815075
48896 9.470997
48436 70.918236
49518 164.683182
50044 19.213734
49344 10.410857
50213 1195.185181
47876 24.89608
50124 20.093567
49779 8.922347
49794 9.017008
49742 8.309868
49851 10.996256
49891 14.893334
50132 20.824411
49669 7.382636
49729 7.865554
49531 90.896347
50247 123.814629
49856 11.338763
48916 11.460142
49521 19.102772
42767 114.796379
50225 75.584663
48421 59.567539
49973 18.200111
49553 27.965399
49667 7.19947
49858 11.04745
50217 29.162909
48456 26.611427
49370 12.174478
39556 556.141113
50052 19.317175
48444 18.123493
48981 79.303864
48490 38.981087
50017 18.678518
48921 15.123846
49530 55.852821
49261 7.345963
50226 887.493896
49956 18.343233
47908 22.902182
50107 19.392864
50230 23.609837
48904 10.265859
41395 641.25415
41389 126.681145
41966 220.947083
49816 9.808123
49977 17.828732
46903 120.331604
48485 162.541763
50227 875.743896
49845 11.482606
49544 53.810986
50138 19.187101
49864 11.428555
49350 10.666529
48429 29.593885
48257 7.434879
49723 7.69522
49838 10.126104
49644 6.856769
49863 11.170967
49646 6.949124
49624 6.474458
49375 13.784207
50088 19.468718
49731 7.919877
49778 8.857837
49861 11.400281
49960 18.759663
49648 6.91926
49688 7.234931
49659 7.03195
49874 11.991858
41366 385.118042
48411 31.28381
49929 18.562613
50068 18.881826
50047 18.144442
50043 15.893922
49807 9.578919
49912 18.330366
49948 18.07214
49725 7.836685
49777 8.775569
49479 73.251419
49628 6.691861
50105 20.305538
46440 98.137993
49939 17.995136
50040 18.643024
49734 7.764663
49822 10.101426
49831 9.94171
49740 7.850462
49805 9.428794
50078 17.913389
49739 7.974531
49691 7.458475
49842 10.119213
49029 366.438873
50035 18.558149
50089 18.755251
50000 19.065691
50119 19.221586
50126 19.477705
48418 18.170095
50086 18.814634
49260 7.389319
48420 29.862627
49278 7.76871
49738 7.845661
49770 9.226286
49958 18.131151
49744 8.518279
49880 15.11445
41403 93.156593
49806 8.697938
49703 7.531465
48946 20.648504
49414 17.15658
49873 11.686836
50067 18.815485
50097 19.162376
49705 7.301785
49786 9.009867
41390 143.681839
49976 19.135872
49658 6.836417
48945 20.055996
49510 157.365662
49303 8.225712
49537 73.40638
50070 19.038303
50066 19.102858
50059 18.780231
50103 19.183058
50004 18.544222
50024 18.773624
49833 10.001825
50096 20.142324
49341 9.915212
49676 7.354564
42790 376.185974
49570 700.035156
49578 180.944443
49018 162.885742
48392 43.983425
50015 17.964447
50018 18.10586
30439 425.604492
49875 11.513951
49835 11.429933
49800 9.143351
48816 7.461516
49324 9.108769
49331 9.798437
43273 81.114639
49968 18.429892
43180 34.596901
50071 18.634912
49884 13.696942
49347 11.409119
25858 309.394806
48260 7.093598
