42
-0.885 0.12 36 3.54e-05 -3.79e-06 -0.00156 0.707 
7235 11.643229
7282 13.194598
7246 12.18844
7290 13.64806
7210 10.393952
7306 14.37866
7359 20.370384
7137 7.891712
7322 15.038209
7202 10.198696
7183 9.590357
6154 40.038582
7253 12.486248
7254 12.51514
7345 19.030979
6566 38.436047
6152 36.330563
6206 86.244621
7317 14.942241
7281 13.127061
7301 13.977467
6828 7.964314
7225 10.926531
7156 8.350311
7361 20.591539
7164 8.796576
7237 11.750177
7300 13.949402
7280 13.125271
7334 16.830294
7294 13.733319
7159 8.624052
7198 9.983035
7316 14.934123
7154 8.29936
7186 9.699742
5288 52.426636
6565 38.817856
7368 20.892199
7315 14.912414
7289 13.544915
7021 79.705017
7298 13.878943
7107 3.80879
7252 12.473396
7278 13.101196
7142 8.007711
7228 11.134543
6911 10.968563
7340 18.417063
6568 24.175537
7336 17.171495
6892 10.421621
6848 8.900403
7277 13.100467
7247 12.276855
6164 40.453453
7020 53.987579
7008 16.955856
6996 14.432649
7375 21.410091
4860 29.16485
7329 16.050377
7197 9.957479
6635 34.210701
5708 35.684589
7181 9.528407
7374 21.293926
7350 19.394611
6992 14.287943
7243 11.990602
7250 12.373236
6889 10.793992
7169 9.091092
7258 12.646292
7309 14.55792
6815 7.436725
6459 10.975008
7212 10.512528
7353 19.785072
7332 16.362486
7370 21.441612
7147 8.105656
7140 7.964394
6862 9.304289
7311 14.645587
7295 13.736484
7010 16.74848
6535 13.421639
7338 17.412722
7136 7.88932
7180 9.464447
6874 9.869105
5290 29.484301
7215 10.55864
6547 16.077829
6663 40.222836
5721 34.709515
7 55.06863
7376 21.41753
7358 20.287876
5715 28.413212
7075 22.18479
7168 8.898928
7266 12.720878
7256 12.610344
7362 20.710655
7184 9.61875
6590 21.322527
5714 30.185432
7195 9.943734
5765 26.696905
7218 10.783745
7007 16.60075
6579 26.142578
7182 9.563181
7314 14.86252
6601 28.199371
6849 9.14792
6450 9.937976
7143 8.014726
6863 9.254402
7216 10.592086
7199 9.999967
7130 7.791692
7157 8.353485
6918 11.282043
7223 10.8893
6173 37.2062
7036 20.882896
5292 35.550438
7276 13.092769
7263 12.709167
7331 16.26696
7234 11.602001
7221 10.870472
7265 12.720854
6212 29.696993
6134 15.961218
6576 46.380295
6090 13.196792
7177 9.279489
7209 10.360291
6435 9.102404
6195 39.224766
7248 12.28562
7060 21.822159
5735 21.737261
7355 19.800589
7354 19.795681
7302 13.995427
7264 12.718028
1555 37.548969
5314 81.186714
6227 87.319092
1512 27.639963
7367 20.851765
5312 23.308853
6639 20.559305
6646 30.283178
7222 10.881873
6449 10.20462
6853 9.287958
7318 14.952198
7213 10.517264
7224 10.89311
7192 9.906549
6999 13.560622
6483 11.504992
7305 14.236275
6623 34.685814
7320 14.99988
7189 9.763875
7284 13.333878
6184 24.127678
5724 21.06897
7319 14.952937
6448 10.337605
3841 40.296345
5341 38.555065
6628 36.981068
6901 11.031386
7325 15.280815
7327 15.3401
7287 13.445597
6649 32.535835
6643 29.946564
1963 39.644009
7312 14.82399
5767 25.623512
6595 27.9277
6165 14.834933
16 29.728275
7328 15.664207
6198 48.599194
7335 16.954
6574 73.156059
6935 12.126132
6924 11.770346
6487 12.47178
6952 12.407034
2828 36.040745
6930 11.908838
6633 26.739399
6802 6.621121
6876 9.966114
6112 13.608515
6855 9.001999
6932 12.109229
6720 3.548361
6870 10.251084
7016 40.153908
6209 39.137493
6492 12.635948
6809 7.427652
7035 34.782711
5700 12.750607
6104 13.479876
6873 9.902966
6188 19.346956
5728 42.66597
6413 7.624399
7066 28.583603
5334 30.681311
6719 3.558195
6411 7.683535
6614 42.366222
7039 27.527811
7071 40.310032
6040 9.268423
6447 10.227631
6417 8.228185
6620 38.555065
8 41.318405
6592 9.737359
6187 14.770989
7077 45.872692
6617 40.130054
6308 3.45309
6226 30.936466
6886 10.94929
6201 40.296345
6661 26.153505
6638 32.836235
7057 21.298462
6964 11.537861
6600 18.657349
6548 14.826654
5645 10.170608
7078 43.175381
