428
103 -5.33 256 0.0231 -0.00132 0.0283 0.707 
59306 66.521599
59244 108.302956
59311 72.101952
58501 77.131668
59199 15.548624
59195 14.95949
59342 65.275017
59125 9.288135
55034 359.001526
56311 369.509399
53964 413.278168
59304 66.382172
59188 14.635764
58348 58.422138
59156 10.344224
59254 38.409077
53516 449.941132
59060 7.438063
59118 9.429046
59070 8.042886
59171 12.334085
53515 276.291992
56659 90.880737
54838 194.845627
59217 16.181772
59253 741.694702
58073 40.728748
59029 6.469669
58733 9.494802
59069 8.045362
59131 9.505532
59185 14.28309
58361 84.188728
59084 8.712489
54092 182.576736
55747 1896.6604
55748 259.300873
57549 66.015373
58338 12.376419
59204 15.429408
59090 9.052994
58452 40.761429
58502 332.070557
59385 77.14666
59262 375.55188
52237 64.560104
56212 70.39386
59323 100.827164
59158 10.663931
59202 15.570241
59278 73.551353
59183 14.032509
58792 15.340341
57567 211.716705
59361 64.548782
58768 13.673923
58838 102.532112
56709 104.303864
56828 528.287781
48526 88.096214
59142 10.17628
54835 29.159023
59092 8.835774
59122 9.419661
59124 9.591015
59107 10.454771
53061 201.837799
58788 16.214539
58726 8.417009
59111 9.358342
59308 28.965496
58816 34.409149
52015 71.904778
55082 70.368896
57916 17.318689
59200 14.729241
59027 6.399371
59103 9.653595
59284 66.213966
59133 9.355116
58842 89.343765
59068 7.702515
56788 28.281006
52051 68.368729
57149 63.430416
58528 82.253601
58544 93.558395
41489 266.617065
59100 9.190891
55320 38.519981
59205 15.116267
58339 16.064001
58755 11.245418
59178 12.592411
58891 9.475604
59063 7.556875
59245 350.374878
57171 79.69001
58012 83.088242
50102 79.599609
58850 52.685886
57555 64.518127
57558 80.300446
58856 88.987404
59116 9.561654
58302 8.958995
41430 62.256004
58721 9.123715
52186 69.1987
58419 78.319878
41482 117.495033
59157 11.334462
58390 186.908188
59187 14.923629
55779 269.60553
59099 9.135088
57190 95.663071
50668 74.81073
59094 9.513123
59114 9.531286
58314 9.008167
58864 28.586048
56738 31.684507
59293 20.856798
50632 41.325665
50053 44.636715
51646 38.825214
59175 12.951293
57583 15.546473
55349 112.427521
57245 83.013298
59331 159.0009
52079 89.493607
52217 67.330452
52730 73.493141
53718 51.029682
58332 11.954879
59502 9.228753
59697 15.80936
59720 17.91205
59561 9.857308
59537 9.532202
59459 8.029847
59547 9.61099
59677 14.306355
56804 363.918793
56789 278.558472
59506 9.304398
59674 14.106984
59229 17.834427
59512 9.394964
59728 19.321348
59688 15.240874
59692 15.451352
59511 9.390797
59641 12.629313
59549 9.614366
59542 9.559596
59553 9.663527
59465 8.303598
59571 10.051284
59670 14.039769
59581 10.331114
59476 8.679039
59702 15.964007
59718 17.525053
59605 10.877409
59691 15.413341
59717 17.445873
59541 9.55186
59480 8.811938
59636 12.487157
59643 12.685944
59632 12.240977
59607 10.941112
59473 8.572546
59466 8.360304
59519 9.427365
59513 9.402685
59543 9.570618
59510 9.339856
59555 9.668764
59544 9.580105
59509 9.332279
59658 13.291621
59557 9.714767
59736 21.005756
59562 9.861901
59675 14.160716
59737 21.012638
59482 8.838548
59628 12.167468
55719 668.986389
59499 9.19533
59698 15.930406
57100 67.43502
59625 11.542168
53096 53.974789
59565 9.904432
59469 8.460646
59491 9.132158
59567 9.994553
59490 9.00887
59493 9.149725
59639 12.550586
59648 12.871069
59570 10.033132
59722 18.406919
59594 10.607054
57518 31.877605
59659 13.360248
57674 82.6008
59721 18.317503
59484 8.852527
59481 8.812158
59574 10.098807
59590 10.553525
59705 16.052
57553 81.233582
52979 65.840828
59683 15.132496
59500 9.202833
59324 98.256821
59575 10.133893
59652 12.929195
57998 297.494446
59644 12.738304
59657 13.186241
59081 8.719978
53097 18.149445
59724 19.088158
59640 12.596345
59629 12.213736
59655 13.102116
59696 15.756754
59654 13.048806
59646 12.787762
59626 11.54488
59586 10.449198
59596 10.701582
59517 9.409471
59494 9.157153
59684 15.171289
59622 11.493432
59497 9.212285
59619 11.390148
59486 8.908725
59554 9.66435
59740 21.522497
59592 10.591273
50039 35.006195
59739 21.30407
49399 39.956955
59192 15.243217
59734 20.846048
59577 10.19655
59483 8.848745
59495 9.160787
59546 9.604477
57183 89.721214
59528 9.495156
59516 9.407492
59530 9.498026
59645 12.770685
59170 11.658341
52496 14.418393
58535 57.213047
49379 69.354774
59681 15.054073
54944 16.36932
57120 16.132891
59650 12.888206
57543 15.460964
55765 280.899719
59694 15.616612
59708 16.17038
59551 9.62431
59532 9.511014
54571 379.309418
59548 9.612357
59518 9.41307
59527 9.489297
59715 17.23991
59699 15.94865
59623 11.534248
57176 80.92186
59738 21.014862
58730 9.531286
