443
118 -2.82 264 0.0323 -0.00144 0.0374 0.706 
61882 19.603672
61786 14.092896
61792 14.629661
61846 17.372206
61550 6.703427
61821 16.22011
61622 8.735201
60156 511.520782
56789 297.703644
60994 23.523468
61648 8.64268
61669 8.895179
61796 14.278289
61574 7.02068
61726 10.19714
61595 7.567925
61608 8.2621
61551 6.544488
61691 9.156797
61767 13.047091
61758 12.066912
61800 15.2735
61807 15.896468
61567 6.850895
61633 8.581779
61729 10.270425
59244 75.193535
56804 412.07132
60539 69.961098
54838 169.573502
53964 290.114166
61814 15.831826
61880 19.443844
61418 43.971241
61851 17.700495
61414 18.788427
61421 18.683306
61858 18.858259
61582 6.968031
61369 16.048897
61681 8.857979
58348 42.971153
61688 8.956581
61730 10.177422
61596 7.848347
61586 7.143007
61556 6.672838
61710 9.344364
61699 9.548728
61738 11.064505
61785 13.749957
61761 12.137118
61663 8.746763
61350 13.950689
61046 67.465118
61806 15.869136
61629 8.537358
61636 9.039379
61232 7.629914
61703 9.267922
61424 72.713753
61771 12.22154
56311 492.975616
58451 682.357483
59755 140.602234
61734 10.453635
61572 6.841989
61630 8.317247
61811 16.975393
61453 23.434313
61755 12.176988
61228 7.753921
61412 17.546652
61724 10.132842
61783 13.887989
61638 8.538162
61709 8.646128
61587 7.274357
61702 9.322142
61341 12.436436
61456 22.761353
61808 15.777895
61010 62.25631
61775 13.025974
61772 12.310467
56212 51.028351
54092 249.049652
59768 311.153412
54448 275.788025
56660 46.878311
61842 17.793074
61237 8.181702
61672 8.861816
61705 9.611644
61865 18.04096
61787 14.098949
60544 20.945234
61645 9.017799
61557 6.800694
61765 11.948007
61439 196.850983
56828 372.763062
58500 22.223883
61781 13.837886
61768 12.272038
61791 15.316124
61441 56.053978
61889 19.930319
61358 15.311397
55311 289.769958
61769 13.196161
61618 8.361713
61575 7.003583
61727 10.197033
61410 17.660601
61847 17.713684
58804 23.393476
53508 49.179775
61795 14.238701
60900 8.73347
61278 8.81761
61872 18.579075
61840 17.578205
61617 8.57566
61708 9.199993
60896 8.614646
56213 25.122473
61023 67.364197
61620 8.307814
61892 21.095814
61355 15.231151
58390 146.485947
60963 12.854212
61604 7.85454
61766 12.789797
61189 6.207592
61685 8.966496
60143 8.877123
61852 17.802551
53972 23.109509
60523 10.290006
58361 63.585396
61714 8.963863
61706 9.540866
61788 14.909403
58073 23.107994
60167 17.87464
61797 15.469232
61282 9.280506
61635 8.778335
61739 10.526033
61469 51.149193
50707 57.530239
60168 17.907352
54000 41.72319
60902 8.960133
61589 7.172059
61641 8.409675
61640 8.829797
60912 9.455469
61713 9.279515
60190 53.908287
57183 72.851395
55794 21.579657
61773 13.169313
59274 53.090252
55349 120.238182
60620 17.875168
57612 270.570496
54869 23.10833
60499 8.674913
60502 8.5683
61273 8.575654
57096 10.248669
61863 26.572063
60913 9.481915
61628 8.913484
61683 9.023399
60905 8.780276
51696 66.057098
61438 16.785404
51976 75.941719
61820 15.481885
61445 27.143909
58838 60.1208
51613 57.416092
50039 24.537153
60964 13.429019
60971 12.626075
60530 12.055938
61756 12.104012
61715 8.903398
61649 8.613559
61302 12.16917
60951 11.524724
60979 14.103099
61779 13.183914
61372 16.187929
61280 9.290975
61274 9.479706
61718 9.109925
61646 8.619265
55765 508.001526
53515 490.462585
61750 11.210618
61819 18.11039
55505 24.2903
61464 42.511013
61215 8.081413
53556 23.572105
61893 18.972725
61794 17.158039
61055 17.911949
50632 27.281166
60596 28.639423
58532 20.980215
52051 38.309204
50053 23.982744
60919 8.586432
61753 11.614607
61900 55.878132
61898 22.965462
61907 136.665359
55266 452.958069
61908 23.322636
61937 11.993003
61051 156.558655
51563 81.053032
61639 8.441289
61396 16.985586
61921 51.539852
57998 115.195175
61487 388.356628
61920 51.18919
57268 48.3554
61965 54.408993
61647 8.666389
61944 32.124954
53206 120.03817
52264 54.787121
52186 50.156544
51286 23.329191
61939 34.261276
61684 9.014714
52079 39.3978
