463
260.527 -21.51116 156.258 0.029821770090771804 0.6913447107738009 -0.04004504571613049 0.7207978546217627
63886 147.953568
64592 13.528208
64595 13.979559
64657 469.971436
62733 49.780643
63923 372.4133
64566 12.582604
64380 49.284935
64381 43.188007
64659 154.682327
64660 151.291794
64692 36.731426
63612 54.149632
64620 16.251223
63135 76.126541
64538 9.845815
64586 13.668477
64528 8.752478
64565 12.719626
64639 17.907808
62732 38.185268
64695 25.242361
64278 20.234074
62753 53.154247
64722 38.208012
64696 37.800209
64720 300.970154
64658 400.442627
63138 334.740051
63897 194.3685
61934 51.268543
64286 84.569946
55695 308.433014
63592 24.477282
64346 32.136211
64628 16.192791
63892 34.797104
64235 13.863338
64585 13.425015
64593 13.737434
64561 12.666699
64591 13.803248
63870 14.876987
64288 29.745821
64290 19.771828
60578 49.96199
64693 31.646296
63530 35.82481
55389 262.256592
54372 160.196243
63144 362.506073
64293 32.65992
61570 50.632862
64697 39.88129
54849 162.031616
62755 27.512842
64520 8.591475
64663 46.863956
64627 16.478682
64598 13.985348
64276 18.88695
56205 50.829838
58840 54.306156
64573 12.777354
63930 39.515358
64705 203.268906
60190 53.807793
59402 169.410645
62304 72.689613
63829 8.730181
63864 13.731226
64558 12.504074
64266 17.3109
64258 15.658336
64244 14.879219
64298 25.063522
57224 49.92271
61025 48.685638
62321 73.664406
64641 18.027637
54063 243.557037
64672 313.016968
64369 618.45813
64617 17.156279
64580 13.444884
64232 13.375783
62328 26.984154
64608 15.013711
63518 13.345058
63143 15.313464
64309 20.577127
63564 41.705513
64630 17.156811
64376 57.613266
62761 59.105133
57556 117.280197
63910 221.579285
64375 127.71302
64351 44.226654
63175 18.204182
64674 144.171173
64370 809.538391
57928 41.352306
63948 33.847363
63160 29.71645
63104 8.664154
64537 10.215217
64662 17.219223
64576 13.686448
64584 13.269402
64643 17.924742
63596 16.59255
63150 15.825041
63931 19.92938
63165 20.068134
63573 48.212856
64687 92.56385
64125 5.13582
55293 165.077057
57557 142.511307
64224 10.505762
64539 10.058113
64333 35.37487
63177 18.836805
64718 36.676056
64359 46.132973
60121 38.632
63152 17.195629
64623 17.290491
64332 36.275043
63577 16.162045
64363 13.460531
64236 13.315927
63873 13.990339
64685 324.95874
62718 18.290173
64684 94.119675
64536 9.485983
64690 19.20756
63580 42.016933
59338 108.764862
59410 129.56842
64356 10.943261
64503 8.723805
64562 12.419907
62333 24.914932
64719 50.666393
63579 35.158539
63581 30.933001
64681 325.641998
63791 5.146995
63783 4.854753
64330 28.583668
60592 45.4095
53044 43.197407
64611 14.470965
63877 15.068648
64920 17.634533
64804 9.170283
64275 35.498268
64885 14.809297
64886 14.910628
64859 13.609478
64844 12.49266
64849 12.834804
64839 12.208992
64818 10.004252
64273 52.372154
64928 19.60421
64861 13.637362
64990 43.188007
64816 9.642583
64880 14.577303
62358 56.483776
63943 637.744202
64781 8.009368
64787 8.265321
64838 12.033319
64904 16.029491
63884 29.043262
64834 11.380207
64846 12.537799
64893 15.274823
64877 14.433239
64871 14.607651
64937 20.199831
64927 19.501917
64830 10.897765
64918 17.147661
64889 15.110495
61087 228.442596
64713 464.59021
64734 36.291424
64823 10.391044
64809 9.319595
64783 8.246799
64801 8.932636
64821 10.218184
64842 12.370561
64901 15.816093
64931 19.787077
64795 8.630687
64780 7.927758
64785 8.252238
64860 13.615255
64878 14.511145
64277 18.873533
63527 28.934086
64911 16.678011
64772 7.378102
54392 342.707062
63192 197.610596
64906 16.278656
64746 4.709427
64574 12.45313
64820 10.178221
64942 20.799377
64791 8.440706
64814 9.522938
64793 8.570475
64786 8.25885
64825 10.502001
64827 10.69043
64831 11.056635
64865 13.72348
64587 13.444259
64863 13.703756
64845 12.531712
64870 14.181937
64873 14.335552
64913 16.29497
63151 35.672058
64940 20.483271
64311 56.840729
59741 29.506084
64926 19.3734
64800 8.896955
53023 310.438477
63551 90.687996
64431 5.242899
64939 20.363232
64817 9.80604
64837 11.714141
64883 14.77869
64803 9.072428
64789 8.373379
64812 9.462472
64564 12.585609
64731 167.732559
61519 40.916256
64750 5.177297
64811 9.398425
64794 8.627327
64898 15.634356
64832 11.261275
64933 19.991182
64909 16.51582
64872 13.925358
64603 14.743451
61036 132.937363
64326 239.253189
64355 19.754604
64134 5.350089
63158 36.027863
64784 8.250072
64751 5.179379
64755 5.354815
64778 7.84181
64936 20.18795
64941 20.69347
64888 14.924576
64881 14.59288
64616 16.214622
64354 21.306858
64790 8.419788
54938 46.048832
63181 23.970476
64921 17.9736
63520 13.551246
64914 16.790552
64944 21.209574
64923 18.636568
60648 244.796417
