474
270.0395 -22.31694 156.3437 0.03517671719114139 0.7062113804274445 -0.0327300326512349 0.7063687632427321
65770 59.090832
66001 6.719675
64710 169.972931
64657 342.679321
61087 256.049164
66217 396.891693
64366 465.612183
66230 74.710503
65896 66.65007
64952 150.674332
65359 41.905464
65771 42.324715
66174 17.527859
66106 10.745523
66203 20.077969
65992 6.637294
65988 6.685441
66007 6.897718
66097 10.661084
66133 14.10852
66076 9.141098
66205 21.635279
66149 15.539549
66176 17.376366
65363 20.559139
65864 37.312668
65429 241.979233
66046 7.741079
66231 516.429626
65766 25.567749
65903 85.098083
66173 17.122786
64968 41.083427
66051 8.276738
64660 220.272614
66244 114.174065
65993 6.480893
66140 14.808087
64281 20.334051
60578 39.888058
66107 10.866575
66008 6.799544
66026 7.486659
66009 6.826392
65691 9.153273
66188 20.532814
65801 37.716015
66162 16.123716
66038 7.763657
64964 28.127548
59418 361.186462
66338 286.024017
64720 392.57019
64963 26.579765
65887 340.137085
66238 81.846489
52774 319.618408
66197 19.289127
66304 27.421951
64977 76.392128
66141 14.955015
65792 17.267593
65036 19.018753
64692 19.91688
66027 7.469196
66129 13.089233
65788 21.567015
62732 27.119913
64695 18.66445
65740 14.067731
65340 12.062166
64979 40.638302
63612 43.85463
64734 27.177832
65372 31.734386
66116 11.882599
65897 218.973724
54063 405.622406
60190 45.839909
54372 202.024017
65370 76.913521
64730 96.231361
65042 443.80899
65875 215.280426
53023 334.907776
65374 57.929935
64982 80.397797
64722 26.68392
66128 13.043027
65796 915.515991
65906 29.738787
66251 440.977356
63892 27.524141
64693 19.127312
65619 6.822549
66099 10.80084
66095 10.239951
66262 264.768921
66305 24.472094
66118 11.701416
66081 9.152323
65357 30.599478
65727 11.670244
63530 27.784424
65289 7.843916
64996 5935.983887
65396 400.379517
66261 313.043976
55948 472.46286
65379 20.959719
64731 120.79628
61570 35.478931
65813 73.087433
66265 720.6922
64948 66.727463
66185 20.774576
65265 6.882057
66200 19.610868
65259 6.83931
66182 17.778105
65349 12.810387
66006 6.741168
66105 10.612274
65945 5.339668
65927 5.100507
65382 23.191906
66119 11.549689
66199 20.070036
65702 10.180799
64989 13.799469
66114 10.798213
65653 7.972323
65760 15.519667
65823 29.487175
65649 8.254207
65696 9.829158
65818 26.911934
64975 21.690704
61036 172.813141
65824 166.784271
54600 1464.910034
65402 387.85257
66143 14.685826
62321 83.368591
65826 29.96154
65761 16.28636
65079 24.667835
64346 19.262035
65713 10.661603
66073 9.525567
64370 183.179794
63910 150.624298
65831 97.150795
65829 47.021156
65416 71.355743
63527 17.29096
64656 448.194458
66077 9.078771
66100 10.771928
65697 9.965081
64927 10.421177
65997 6.750987
66056 8.388835
63930 28.576914
66268 312.558624
65652 8.03923
65751 17.167677
66150 20.494444
57928 34.748074
65080 41.955025
65835 26.516527
66280 270.512878
65461 42.870483
57960 91.390846
64375 117.538528
66271 35.689301
66157 14.481196
65418 94.32589
65419 467.704132
63158 29.156748
57557 191.323257
64928 10.706716
66067 8.882214
65227 5.390399
65654 8.001271
66138 15.642791
60641 33.216
57605 46.343739
64974 14.552181
65312 9.342784
65762 17.803026
65694 9.97974
66137 13.716574
66166 18.999632
59338 88.323517
66169 20.287989
65846 64.607971
63580 30.622276
65425 114.416817
65681 9.35006
63564 28.823435
66286 479.771759
54566 69.001694
65081 96.059586
65333 10.312482
65424 79.048668
66195 19.498802
66110 10.419501
66201 17.859959
66160 16.097923
65778 500.770386
62698 78.834236
66289 241.188812
64273 39.779858
64694 27.187374
65071 361.330322
66342 90.135437
64967 26.798531
62358 41.343422
64343 35.805416
66189 19.54339
66055 8.421603
63192 164.025955
54392 454.156708
65860 659.810791
64699 26.912733
65070 18.886499
66004 6.853231
62753 36.899837
64978 43.132854
65805 60.391537
66233 77.272461
65433 53.978172
65827 69.955704
44197 360.233673
65700 10.919072
62307 20.737396
61974 38.073769
63151 28.650925
66322 83.628807
64998 40.65313
64339 23.93251
66014 6.815643
66284 208.751312
66083 9.314695
60648 215.014359
65714 10.698462
64665 32.559357
66339 42.133747
64376 38.469109
62755 19.220058
65000 23.655439
65051 22.504919
65047 10.683883
64937 10.532545
66144 15.001811
66278 945.207031
64683 27.739031
60592 33.876255
54625 2379.175293
65025 47.92178
56814 148.552353
55312 244.919159
65308 9.024592
