497
139 -3.15 299 0.0297 -0.00139 0.0316 0.706 
67719 65.370438
69289 174.897919
66219 275.375397
68134 99.4646
69621 14.099483
69656 18.920067
69673 68.629562
69162 28.045929
61479 277.778595
54393 484.919373
68242 193.477219
66668 274.981873
67584 42.409657
69639 15.400332
69142 15.818122
69238 60.285324
69678 35.50452
69459 7.923568
69171 49.062931
69688 23.581736
69660 19.806549
69630 15.538104
69680 220.985519
69301 244.523041
53516 333.159454
69681 187.277527
69167 70.928535
69170 196.710724
69682 293.289856
64007 518.136292
69156 17.472204
69576 11.010148
66681 231.178787
69239 42.638039
67594 44.015285
69377 5.731163
69686 34.319233
69160 21.272026
69099 11.907007
69488 8.908207
69497 8.847204
68676 25.402006
68688 23.770912
69655 18.152143
69134 14.425993
69649 17.165926
69243 20.663673
56822 133.07666
64312 146.587387
66229 104.10891
68255 383.524719
69691 62.748154
69527 9.590163
69554 10.730773
68101 10.643135
69235 272.579803
67134 23.833633
67135 20.293339
68990 6.166564
69201 196.570679
69150 15.459346
69653 17.879419
69141 15.429032
69734 261.489838
69689 21.792763
68118 25.871033
66784 286.404572
69729 589.274231
69543 10.561093
68602 10.471045
67176 253.019043
69517 9.170027
54838 169.040833
69120 14.078467
67752 258.120361
65090 338.776093
68583 9.296103
66662 25.582943
68698 22.217623
69647 18.885658
68703 20.639126
69107 12.277543
69525 9.562936
68638 12.816463
68123 21.854866
68597 10.318564
69516 9.661935
69479 8.607639
61439 163.180832
57714 247.873337
69288 341.950409
68759 113.478302
67694 52.748032
69586 11.704576
69536 10.593049
67659 55.203156
69710 256.89859
59816 78.576698
65845 309.319458
69464 8.244269
68613 10.652535
69360 5.343497
69518 9.40256
68641 13.059944
69719 146.121887
69124 13.979336
68704 22.187891
69237 44.312611
69143 15.07618
66701 162.151611
69727 9.232953
69528 9.492786
54586 197.906219
69354 5.442023
68644 11.923866
69206 41.816055
69553 10.706201
69097 11.866999
68710 80.517578
59755 111.660469
68224 34.773762
69545 10.16546
53118 188.109695
69470 8.294547
68226 15.834669
69051 9.719957
69533 10.054037
69338 5.134494
66233 15.968704
67146 22.562683
69624 14.421963
67223 43.786289
69718 63.084148
66723 164.57222
68720 41.430145
65860 64.421417
59331 81.759552
69229 17.964575
69350 5.285841
68964 5.710855
69225 229.598984
68231 43.756569
67686 102.747795
67202 823.715027
69565 10.990699
69116 13.229296
69594 13.905887
67629 20.617949
68536 5.449729
68948 5.763078
58390 83.481483
55748 181.995895
69094 12.568845
69521 9.548915
68724 29.837791
69395 6.114607
69169 52.2631
69642 15.661793
69650 16.690987
69244 255.333603
68679 286.734344
68127 43.386299
69386 5.923094
69672 22.809795
69575 11.07028
69626 14.167541
69438 7.117028
65487 170.37883
69185 44.249306
69549 10.980854
69212 286.462708
59768 173.01561
69502 9.401613
66765 338.396973
67599 422.054382
69458 7.822474
69421 6.485183
69391 6.109959
69501 9.442696
66692 24.698923
69093 12.396788
69252 193.757629
69486 9.291165
68685 7.862603
69547 9.957713
69460 7.611194
68634 11.574552
69489 9.144666
68038 5.372689
68954 5.568541
69224 15.05825
69214 33.614971
67674 124.293274
69203 31.648504
67640 81.087189
69427 6.636442
69712 50.422787
69457 7.626295
66351 170.349121
69215 23.076838
69347 5.4048
69541 9.636239
68198 82.081886
69275 51.342743
69604 12.829462
69096 13.04565
69276 45.117191
68713 59.552738
69054 9.870563
