537
142 -14.6 320 0.0394 -0.00265 0.0415 0.706 
74254 19.328259
74263 278.369202
73438 302.403442
73860 102.550331
72164 222.624115
71145 312.324188
74228 18.060131
69181 240.558365
74276 262.978851
74260 18.421724
66790 437.419495
73448 221.062454
74127 10.656325
74341 41.866783
74181 16.059816
74264 28.927824
72054 73.092484
73889 94.993324
69681 131.762268
74275 283.565277
67614 90.214508
67741 85.85051
73486 235.937393
72965 198.882477
72573 202.668808
71663 176.991684
74340 28.966949
74028 7.513024
74332 27.402308
72149 277.269196
70153 107.707764
67752 620.452271
74287 380.445679
74040 8.495066
74030 7.417393
74052 8.232195
74104 9.845296
74126 10.478597
74175 14.621913
74155 11.865446
72483 30.471949
71083 40.128784
74365 31.369272
74290 52.17823
73822 76.601776
73777 16.779659
64312 105.268707
73865 27.398111
73453 217.876785
65487 200.873688
73826 190.871811
73706 8.528862
74042 8.283895
74034 7.450468
74154 11.650919
72971 9.66713
73735 12.0078
74161 11.500053
74109 9.934618
74038 7.96019
74158 11.435335
74079 8.718458
72982 39.480839
73722 10.841649
65841 213.130798
72064 88.437912
66327 110.789642
72161 225.738327
73868 25.408665
54838 118.883049
74314 43.154106
74347 201.24292
74225 18.065012
72144 159.841385
73757 13.648162
72946 12.178389
74050 8.482855
74125 10.11981
72501 28.838947
71562 20.49041
73681 8.582499
73315 9.981027
74298 17.660872
74061 8.90557
72129 49.587055
73454 47.820324
74311 48.005829
70717 18.420576
74397 19.387388
57714 178.757965
70154 18.144958
73747 12.499299
72936 11.348145
74305 21.632145
71646 43.623253
72554 30.334099
74060 8.775993
74081 8.886042
74035 8.182013
72118 17.688925
66725 224.632324
74356 85.716087
54586 148.020813
55724 100.104347
74381 87.951622
71677 263.43161
74296 236.94101
61439 238.131668
72940 11.886202
67743 70.850189
72466 9.638605
74062 8.788297
74355 24.552998
73852 20.175724
70238 17.673122
72457 10.277606
71116 24.351406
65166 76.282921
74382 81.658615
72937 11.578169
55748 152.817337
74351 196.625458
74328 224.632324
66351 129.659698
74239 19.326317
67656 124.733963
74169 13.697393
74215 16.94771
74171 12.173457
74327 206.95224
73849 112.440468
69737 577.825989
61049 220.839508
73471 150.574295
74206 17.039164
69239 18.335539
74129 10.125975
74166 10.065843
72949 11.19387
74147 8.821211
68710 92.684769
74380 36.840321
66766 53.236244
72476 9.636967
74065 8.923805
74063 8.683394
74252 17.025139
74786 19.309759
74800 19.677595
74812 20.208992
74794 19.480125
74759 18.739159
74514 9.138362
74636 12.654545
73364 16.568836
74609 11.597134
74810 20.053209
73440 189.847488
74489 8.748439
74522 9.23529
74515 9.152732
74583 10.946025
74461 8.240977
74661 13.707897
74777 18.848043
74446 7.735572
74675 14.837429
74805 19.771181
74724 18.02948
74726 18.081087
74544 9.761496
74806 19.807753
74781 19.084944
74797 19.58773
74803 19.755819
74739 18.4946
74753 18.648102
74723 18.026781
74659 13.630277
74751 18.629951
74468 8.359489
74508 9.075954
74557 10.511415
74057 8.10339
74671 14.538188
74284 59.153034
74479 8.568948
74538 9.668352
74505 9.043949
74562 10.586612
74556 10.503434
74802 19.748093
74527 9.396215
74614 11.688127
74612 11.651091
73859 436.007904
74827 21.363775
74667 14.181129
74793 19.453539
74716 17.813452
74709 17.445496
74754 18.693735
65090 263.447998
74344 271.026642
74804 19.762644
74763 18.754925
74765 18.799984
74677 15.083467
74825 20.990549
74472 8.497828
74471 8.410298
74512 9.116439
74100 9.694212
74499 8.893858
74593 11.241996
74664 13.78159
74680 15.5176
74611 11.650459
74532 9.444099
74771 18.925846
71664 103.755089
64007 317.294708
74624 12.156747
74600 11.423244
74585 10.99598
74707 17.300442
74560 10.559948
74791 19.444439
74750 18.252085
74733 18.346148
74784 19.226255
74721 17.977646
74787 19.315397
74685 16.153412
74526 9.366587
74518 9.223835
74713 17.644333
74597 11.332328
74617 11.762845
74783 19.149317
74598 11.391026
74548 10.019422
74607 11.581391
74495 8.835116
74481 8.601238
74534 9.499873
74565 10.612514
74462 8.24362
74441 7.671987
73723 11.168953
74551 10.256756
71550 21.486593
74648 12.960731
73688 8.751405
74789 19.3943
72479 16.230547
74463 8.257867
74516 9.207784
73715 9.821981
74577 10.852915
74528 9.417383
74591 11.226474
74613 11.678368
74588 11.128241
74536 9.608153
74572 10.733871
74668 14.215367
74654 13.409791
74503 8.927305
74631 12.367718
74553 10.468352
74426 6.448972
74494 8.821701
74779 19.069885
68683 46.203461
74752 18.644228
74645 12.877431
74630 12.241738
74039 8.25293
53516 243.193253
74688 16.387695
74549 10.119375
74123 10.584599
74813 20.322142
74720 17.974312
74066 8.378318
74662 13.728168
74705 17.205914
74767 18.807459
74817 20.415146
74696 16.934807
74643 12.867085
74714 17.683489
74319 193.153534
74790 19.424557
74740 18.506296
74745 18.556456
74529 9.423959
74594 11.25607
74559 10.536688
74584 10.988226
74695 16.897606
74582 10.902293
74519 9.223914
74485 8.721152
74496 8.863617
74747 18.59972
74811 20.120577
74757 18.710453
74814 20.327021
74743 18.541771
74621 12.02482
74718 17.903913
73906 29.515478
74704 17.201725
74649 13.03126
74622 12.10756
74703 17.143112
74711 17.585064
73898 19.261948
74566 10.631012
74596 11.301902
74153 11.68389
74555 10.486037
74592 11.230166
74533 9.45892
74708 17.427273
74698 16.953707
71158 20.290648
72459 9.759306
74586 11.105917
74772 18.953794
70161 17.837271
74700 16.979092
63985 121.7015
74727 18.141668
67202 290.074402
74570 10.693326
74151 11.5295
72947 10.809619
73322 8.821211
74602 11.485867
73460 23.718882
