545
316.2406 -26.78025 158.9387 0.05136656782815013 0.6881683346611155 -0.037933164770423036 0.7227357012696985
74756 12.746473
74464 540.680237
74899 20.381237
73951 390.734344
68743 241.349228
73949 140.232742
72583 175.747452
72621 245.838913
72632 155.219238
72582 341.408051
74626 8.099132
74694 12.116449
74795 14.962785
74724 12.483947
74860 18.84009
73947 31.16436
74814 16.324921
74912 19.634609
74722 12.645061
74359 13.24267
74518 304.66687
73955 158.68898
74541 106.649521
73395 80.763359
74581 6.71441
74602 7.39574
74631 8.095476
74597 7.419677
74866 19.250883
74715 12.578505
74750 12.347084
74468 26.250542
74903 18.883635
74685 11.545972
67870 268.806641
70343 224.152603
74382 14.253299
74400 14.979056
74754 12.524504
74862 19.348503
74354 12.912382
74340 13.050503
74737 12.763659
74897 19.734131
72097 174.130554
74467 466.707275
74726 12.67946
74739 12.582181
67862 98.799149
73952 194.107086
73518 371.639526
74487 159.558243
54096 149.844116
73460 97.179787
74477 24.809801
74582 6.723638
74807 16.029694
74588 7.319063
74478 21.89488
74859 19.257946
74479 38.379593
74637 8.327867
74492 26.058041
72218 243.016418
69256 95.410095
74318 12.016219
74613 7.865481
74671 11.108651
74839 19.514711
74732 13.251071
74760 12.83407
72500 182.01416
72544 208.69342
73428 336.086548
74633 8.20506
74255 9.774267
74680 11.933737
74209 6.690802
74595 8.144711
74589 7.337253
74679 12.129703
74621 8.153102
74881 19.84598
74857 19.606752
73508 64.459343
74808 16.32954
74332 11.960361
73018 12.680523
74341 12.887159
74801 16.596628
74874 19.006514
72512 34.138786
74027 350.297546
73385 12.492574
73469 419.253876
73962 402.93277
74523 58.711124
68865 91.704971
69758 75.047791
74667 10.483882
74658 9.653503
74253 9.178868
74599 7.673155
74220 7.430325
74672 12.347468
74410 15.920541
72626 15.129251
74914 19.741585
74798 16.642332
74855 19.56097
74838 17.465115
74480 20.252693
74885 19.451973
74434 19.115709
73904 12.577713
73966 22.954254
69371 45.242878
74865 18.864786
74013 33.732738
74770 13.571284
74757 12.975687
74444 18.874584
68339 204.229919
71263 232.972656
73519 277.111877
64660 117.7696
74050 57.467796
65429 80.354561
64952 95.097176
72965 89.183151
71215 316.559174
74833 21.191313
74619 8.223826
74638 8.683953
73794 7.864463
74608 8.006318
74652 9.900935
72524 16.070667
74816 15.513088
74491 17.804573
74497 19.120977
74831 16.674244
74297 12.738946
74395 13.314492
74834 17.039106
74032 19.966227
71233 23.654514
74786 13.374177
73898 13.218694
74459 18.969479
74696 12.195305
54372 93.795052
74501 49.842968
73471 202.960297
74884 20.939985
71266 252.716965
74674 11.718424
74815 17.020895
72193 16.308737
71175 14.782475
72538 16.729198
74308 12.562376
73895 12.991908
74755 12.918493
74388 15.555537
74824 18.207888
74030 23.498833
68804 134.522903
74498 579.222778
73038 164.604218
68751 35.62373
74043 119.712296
74869 18.963884
54849 103.479492
74889 23.801653
74787 13.394482
74691 12.796205
70721 54.674145
73996 259.990936
71699 323.930969
74684 11.931332
73900 12.955964
74052 28.400536
74339 11.811283
74837 16.480713
74854 16.45104
60618 92.328995
74887 20.684607
64680 34.155586
68310 204.935181
74494 19.961489
74535 23.209982
74539 198.038925
63910 124.300575
72159 70.492325
53989 105.872467
70307 39.374348
73443 207.334015
59338 70.341614
71285 78.443718
74512 150.328323
68799 209.827805
74782 13.772696
71257 13.035647
74721 12.34295
74670 10.842402
73978 18.198286
74916 41.213818
74917 51.055428
74918 93.026939
75020 448.00473
74940 40.626343
67851 207.374649
64658 239.962921
75002 72.082314
70709 155.866943
74927 154.580658
74470 207.262955
74919 249.651825
75036 184.379181
75031 166.706543
74938 63.312782
72997 301.14859
74924 116.792702
74925 73.448837
74922 24.949978
74939 36.3447
73397 21.94175
74472 202.18161
74964 217.209763
75005 395.442719
74944 9.588368
72606 30.846449
74952 16.080843
74969 33.565662
73869 12.760087
74961 25.752264
73441 171.735855
75038 88.52298
74976 45.886612
74977 28.537102
74970 24.480114
73376 12.237224
74973 233.015396
74984 219.533936
74983 19.41148
74520 19.969398
74985 303.835938
74987 41.434334
74990 36.469421
72207 43.601986
74507 258.582855
74844 19.683146
74995 46.320076
74993 20.17243
75034 22.126812
