573
129 -14.5 356 0.0287 -0.0021 0.0315 0.706 
79528 184.125229
80508 91.728813
76274 176.061752
80000 198.29866
78912 176.811798
72581 357.284576
71145 350.868561
74836 144.966019
78465 57.687588
74834 197.086212
69266 168.216873
78515 121.299309
78977 62.731728
80502 137.291779
80440 28.380608
73440 197.31279
80429 171.694061
80371 12.767886
80430 26.015818
80404 16.930584
76611 242.979218
80445 174.094757
77987 76.979256
79971 306.29071
80436 227.795197
80277 8.585986
79454 43.101822
79450 51.659771
80031 153.350616
80449 121.903587
80361 12.572228
80372 12.899123
80286 8.576274
80452 69.828003
79461 42.470783
78975 72.787094
80422 31.516401
78976 197.579849
80516 233.611176
77496 240.772705
79965 135.755234
80454 253.25618
69235 407.656799
75420 70.737328
73086 108.944939
77066 184.722458
80253 7.585871
80352 12.297325
80209 6.728932
79952 11.351949
79943 16.964554
79517 41.650665
79923 13.70111
80414 17.581898
79504 406.427216
80006 72.790436
80456 169.666382
67737 223.030716
75839 129.626617
79462 271.50177
78932 69.120369
80369 12.133153
79964 11.18283
79934 16.174437
80300 8.193436
80462 164.80072
79951 18.138557
80455 19.318115
79977 24.18889
77165 42.362549
76293 37.877773
73826 203.395874
77531 316.6539
78488 161.617157
70153 76.469398
80270 8.700633
79973 19.465807
80411 17.762341
79903 13.07678
80295 8.472273
79766 7.514166
79523 25.352716
80464 137.041397
79933 16.524954
80364 11.970665
79481 22.030777
79984 94.240501
79482 153.874573
80466 130.572861
72556 294.33667
79483 157.617599
78052 153.770248
77532 263.311462
74872 244.048462
80496 43.129635
76650 46.38707
78963 144.632538
80343 11.608401
79444 13.872666
79842 10.870593
80337 11.677144
78950 43.581936
79935 16.96682
80012 281.884796
77154 175.553101
79003 197.367996
80420 17.848387
78966 156.558655
71099 41.804768
54838 54.546398
73889 52.525074
77077 19.639467
80297 9.31234
80374 12.801245
79456 10.689377
79915 15.329675
78927 19.198383
79883 12.109968
79791 8.465744
80281 8.538518
78042 19.115278
80497 24.778048
69737 1034.541992
79404 12.042974
78995 51.945019
55748 68.642914
80274 8.551064
80294 9.102431
79809 9.421509
78474 10.659196
78508 19.749996
79420 11.107043
80409 19.953554
79900 12.010355
78926 12.993855
78477 12.876915
80290 8.604117
79793 8.581467
80261 8.508965
80425 150.617142
80426 50.862408
79948 294.760193
80922 18.237171
78464 69.26815
80884 15.363073
80919 17.775965
80932 18.67378
80941 19.134027
80961 20.51646
80874 14.363017
80858 13.541998
80887 15.532022
80760 11.426966
80937 18.904831
80673 9.873525
80596 7.615274
80692 10.260304
80661 8.992909
79501 51.803905
80487 45.901871
80520 176.274353
79954 68.563614
80833 12.895652
80729 10.764165
80879 14.820322
80779 11.705644
80855 13.490845
80900 16.190292
80873 14.338644
80854 13.485838
80748 11.166724
80772 11.607929
80672 9.835715
80866 13.777067
80917 17.665489
80799 12.101931
80856 13.511369
80561 6.507761
80622 8.342248
80630 8.443433
80595 7.579786
80629 8.419922
80633 8.533584
80831 12.849217
80947 19.372749
80890 15.741169
80953 19.582869
80968 21.501289
80869 14.096947
80959 20.726973
80726 10.743704
80696 10.329818
80666 9.209431
80832 12.86078
80660 8.958133
80851 13.354748
78922 118.706367
77601 163.420212
80810 12.319268
80761 11.436839
80902 16.207752
80773 11.657037
80778 11.699341
80784 11.879786
80576 6.961778
80594 7.57456
80738 10.87958
80824 12.692575
80691 10.233779
80584 7.395102
80717 10.603388
80865 13.7757
80838 13.07067
80628 8.417266
80891 16.311775
80883 14.950332
80783 11.859596
79931 15.672364
80868 13.936605
80732 10.796744
80850 13.333331
80750 11.233385
79472 201.738403
80880 14.827572
80493 194.585907
80572 6.897576
80610 8.133313
80714 10.565756
80728 10.755033
80621 8.341356
80592 7.552956
80847 13.30301
80705 10.472513
80634 8.549542
80689 10.228529
80675 9.908587
80699 10.364857
80792 11.950638
80946 19.371508
80776 11.694283
80862 13.63701
80563 6.586569
80618 8.306129
80889 15.679175
80659 8.887057
78466 20.731981
76640 212.353912
80700 10.378051
80785 11.881487
80766 11.488886
80788 11.925176
80390 13.968972
80804 12.178949
80725 10.72286
80872 14.289968
80688 10.19592
80767 11.496597
80906 16.551313
80852 13.446764
80721 10.659781
80737 10.86625
79924 15.103522
80965 20.969893
80930 18.432325
77563 40.77792
80899 16.161469
73860 62.579643
77572 322.942535
80662 9.036319
80958 20.339912
80936 18.830549
77538 197.481537
80782 11.812269
80802 12.155257
80759 11.415318
80663 9.088783
80679 10.026969
80843 13.260534
80707 10.4899
80597 7.624372
80574 6.9239
80853 13.483253
80967 21.437557
80716 10.577054
80670 9.702499
80667 9.266097
79928 15.280851
75366 48.401749
76670 171.828796
80966 21.422731
78537 199.391434
80650 8.775513
64312 99.973534
80690 10.23306
80757 11.409846
80809 12.301488
80775 11.675158
80687 10.179665
79843 11.339917
80822 12.642339
80948 19.416941
80591 7.519977
80744 11.054605
80615 8.290123
80957 20.16942
80935 18.811304
80915 17.613964
80674 9.876745
80888 15.580441
80859 13.56633
80408 17.264893
80794 11.995908
80770 11.588868
80677 9.93332
80894 15.895513
80586 7.404139
80755 11.381941
80626 8.404743
80631 8.47078
80697 10.355948
78998 21.735104
80758 11.413969
80863 13.661214
80816 12.475148
80790 11.938583
80765 11.471068
80892 15.836486
78929 11.984514
80010 35.268967
80910 17.292892
80311 10.34296
80818 12.504566
80639 8.60638
80694 10.309711
