576
129 -14.7 359 0.0297 -0.00217 0.0326 0.706 
80043 161.331787
76274 144.657242
80508 82.925484
80978 43.695599
80000 171.538681
78912 154.918182
80423 135.513321
72581 200.673721
78914 157.807571
80934 16.139801
78977 60.240002
80429 161.045364
80425 145.286087
76611 233.48233
80445 155.857376
79971 238.525238
80932 16.197252
80436 189.101227
81050 210.157669
80874 11.62411
79514 20.06712
80722 7.688177
80019 37.825424
80430 22.507023
80884 12.271303
80871 10.88012
80890 11.865158
78975 41.518589
80968 19.305489
78976 320.238983
78922 116.708984
77496 257.294128
80454 226.737808
80501 23.038868
79948 242.598618
69235 240.30574
80975 185.293808
80717 7.641345
79922 12.343844
80824 9.603997
80725 7.783689
80922 15.991868
80831 10.458594
81052 169.811569
79517 40.022305
79461 37.574745
80750 8.452306
81033 113.988586
78480 304.842377
80404 13.838685
73860 58.187656
78932 84.180916
81043 353.466125
75839 209.064453
54072 169.822937
54535 231.794815
77563 39.149075
80946 16.214539
80675 7.190488
80788 9.23027
80456 185.150635
70171 101.486641
69298 196.100204
76293 34.811981
81037 51.706882
79504 215.836548
73384 65.217361
70153 78.406914
80783 9.185321
80891 13.563041
78917 36.307816
80705 7.551788
80691 7.275174
79523 20.597752
79944 14.302714
81051 40.383732
81009 107.311417
77165 39.219437
76650 46.613514
78466 17.142082
80919 13.901001
81003 37.755482
74872 178.659882
81053 238.644012
78053 207.296799
77154 124.004433
77531 231.284042
80466 163.296234
79982 114.636803
80418 16.089561
80455 16.255882
64312 70.722359
79952 8.513496
80732 8.441536
79903 10.382397
80714 7.737038
81014 52.217976
68779 70.386841
80471 133.276367
78963 104.721855
81041 50.273289
71099 50.126846
80959 17.482449
78966 161.604813
69737 243.081543
74915 63.396221
80419 16.443968
81018 116.265579
80936 16.430904
80728 8.476661
79923 10.810236
80352 10.010616
80908 13.188048
78950 43.734119
81028 20.36973
79928 12.30891
80818 9.882113
70252 101.651535
79490 111.292549
80935 17.415396
78995 50.952194
79940 13.667984
80877 12.649775
81016 29.413488
80930 16.111034
80816 9.444126
79444 11.069491
81019 46.936352
78926 10.361085
80894 12.811033
80910 14.342352
80923 15.870484
80744 8.490738
81350 12.778768
81436 17.180857
79954 58.933437
76276 142.472946
81415 15.972961
81266 10.361996
78913 116.116753
81314 11.550661
81363 13.549656
81194 9.248319
81311 11.439147
81296 10.92521
81340 12.621338
81230 9.796115
81113 7.578755
81100 7.109347
81218 9.636601
81093 6.755914
81283 10.594949
81253 10.148809
81109 7.360028
81226 9.728431
81388 14.368834
81335 12.397828
81412 16.102331
81423 16.254217
81444 17.894384
81200 9.379838
81352 12.962768
81232 9.842381
81202 9.386507
81359 13.306383
81373 13.83481
81138 8.153976
77987 75.482239
81154 8.480747
81259 10.233731
81308 11.334179
81385 14.614779
81285 10.661836
81400 15.58241
81343 12.652641
81305 11.290302
81358 13.218851
81324 11.801485
81162 8.662204
81112 7.54774
81434 16.960838
81280 10.536984
80858 10.577054
81108 7.354275
81312 11.443538
80023 41.114552
81336 12.483352
81439 17.579172
81424 16.254633
81447 18.129341
81193 9.242232
81254 10.150862
81364 13.601009
81208 9.505042
81251 10.131258
81331 12.055572
81355 13.159202
81181 9.04815
77066 150.198547
81067 70.362663
81346 12.680048
81408 15.795635
81269 10.434577
81189 9.169431
81161 8.661485
81429 16.460955
81234 9.872709
81322 11.774492
81307 11.313858
81118 7.747591
81244 10.042525
81210 9.540329
81233 9.86774
81433 16.892033
81245 10.051165
81195 9.266827
81360 13.33616
81219 9.669353
81248 10.120456
81461 19.377714
81216 9.599656
81149 8.366032
81450 18.221001
81375 14.085237
81389 14.732574
81274 10.481117
79872 8.81998
81278 10.511119
81158 8.593117
81502 13.092944
81339 12.613365
81030 54.4907
78946 255.287415
81404 15.702768
81438 17.353691
81425 16.29982
81240 9.959754
81313 11.516567
81247 10.099841
81276 10.500368
81211 9.545698
81207 9.489261
81205 9.433147
81301 11.179311
81143 8.332833
81111 7.542477
81242 10.018126
81192 9.241997
79934 13.55599
81366 13.624926
81443 17.852076
79977 21.354364
81372 13.829131
81168 8.746269
81377 14.127824
81282 10.587317
81464 19.612808
81250 10.120738
79483 179.381607
77572 275.698212
79951 15.721254
81417 16.083612
81391 14.821689
81348 12.770724
81246 10.057293
81304 11.207506
81288 10.731518
81303 11.197313
80861 11.060236
81160 8.647964
81319 11.753026
81126 7.874156
81468 19.83637
80372 10.326427
81272 10.46304
81302 11.193879
81286 10.672624
81173 8.786488
81477 20.896744
80464 147.056717
81392 14.895518
81257 10.198641
81462 19.521971
81380 14.234631
81356 13.182552
81345 12.66024
81430 16.47802
81403 15.671901
81395 15.092465
81284 10.627075
81290 10.768589
81198 9.318795
81317 11.663524
81478 21.181345
81123 7.80772
81374 13.934128
81144 8.338764
80872 11.27297
81449 18.216663
81376 14.112847
81406 15.745306
81387 14.685368
81237 9.905622
81209 9.528895
81323 11.782625
81279 10.52859
81046 39.068024
81384 14.431664
81153 8.41149
80907 14.541451
81453 18.560307
81058 377.873291
81448 18.215462
81413 15.906801
81379 14.186436
81357 13.21705
81238 9.911254
81252 10.134501
81220 9.671299
81289 10.745283
81334 12.322023
81258 10.20355
79943 12.477588
79481 18.978678
81184 9.083549
81196 9.268788
