580
347.1167 -30.17753 161.3076 0.047589290300838465 0.6709956149742514 -0.034896672472708605 0.7391091708160041
79519 110.390953
81160 167.677185
81116 181.439484
81097 19.511385
80806 7.855959
72583 140.786163
80586 199.113205
80841 8.496066
80919 10.740698
81041 14.825858
80894 9.84638
81020 13.63903
81036 15.158252
81130 22.247124
81188 118.984398
80653 348.490479
79054 210.478104
81120 294.47998
81021 12.793223
81121 285.827667
80594 264.073853
75410 163.98996
81079 15.988244
80889 9.470022
81086 16.65535
78574 57.362411
81103 20.844679
81075 15.375944
80810 7.860189
81125 34.096992
81126 37.608349
80522 12.523136
81128 36.305946
80590 47.632763
80883 9.397398
80925 10.824166
81027 13.575175
81085 16.568155
80602 25.430593
77615 52.1194
80132 115.109566
80130 137.370483
78589 363.086456
80538 13.433273
81011 12.940795
81023 12.705132
67154 276.975922
81064 15.244167
81005 12.35172
80996 12.21343
81100 17.110235
80512 12.52484
80545 14.93328
80654 15.70675
80641 33.654789
80076 143.58194
80488 11.257382
80937 11.171508
81033 13.29652
79515 139.084
79066 165.744904
81147 131.523468
80902 9.811685
80662 239.023544
80917 10.732311
80932 10.92858
81002 12.771359
81090 16.553837
81029 13.338078
80897 10.025599
79522 17.754395
81098 18.423315
80890 9.456335
80940 11.258599
78597 42.762512
81135 191.96962
81078 15.910209
79103 36.478848
76663 198.08371
79536 152.470596
79580 142.380295
77624 156.703537
80904 9.775178
67862 48.743565
79063 33.328358
76718 273.513184
80500 11.77375
81071 15.501122
80116 51.947571
64952 77.784546
75427 45.285145
79059 35.815716
80926 10.839132
81087 17.43749
77137 100.268738
81061 15.639092
81062 16.092089
80460 9.38979
79078 111.658501
76642 289.532135
78579 250.182968
78118 252.541077
72213 72.722076
81143 299.585724
80779 7.218006
78598 130.503082
81110 20.953804
81111 19.577494
81037 14.014083
80988 12.914167
81038 14.581579
80134 15.841068
81080 16.017118
76316 36.080063
76272 147.486221
80908 10.538497
79990 9.531715
78622 30.396828
80523 12.978664
80946 10.917138
81063 15.808258
80901 9.667889
79014 10.274866
80927 11.259538
79978 9.351534
80459 9.468568
80967 12.047109
73443 151.12796
79499 10.65479
81157 43.196232
68865 49.801727
80097 177.441742
73028 35.174706
78098 36.757793
54600 205.613693
80642 234.725128
77611 13.946943
81030 13.91291
80982 12.028437
80942 10.99519
78587 16.619215
80524 12.481732
76231 75.27108
81081 17.391308
81091 17.997849
81106 19.181566
80953 10.277573
80037 13.703113
79132 52.194366
69334 41.16946
80480 10.615249
80503 12.7703
81066 16.732504
80104 27.926903
80045 14.305872
80491 10.760734
80963 11.352025
64660 63.943317
74917 15.573772
81010 12.736138
76706 29.581753
80578 19.72797
77188 12.481831
81095 18.148563
80854 8.58374
81022 13.056265
66217 271.227081
80964 11.659733
80862 8.931091
80923 10.943403
80748 6.503662
80794 7.237041
80980 11.856097
80770 6.93338
80781 7.29566
79098 43.62685
80746 6.438529
80758 6.307507
80830 8.174335
80728 6.035245
80773 7.095287
80786 7.336737
80579 18.025181
80803 7.869609
78082 194.089279
80869 9.286075
80427 8.30636
80895 10.025599
81031 13.326727
80952 11.24797
80944 11.047047
81108 19.900402
80410 7.609069
80382 7.028408
80777 7.101222
78618 165.874802
70300 144.238297
80918 10.841668
80478 10.212342
80798 7.646728
79971 8.656996
80548 15.084184
80089 207.323868
79474 6.990088
80813 7.925764
79601 241.928528
80122 51.260265
78080 11.854437
73460 66.340904
80877 9.497851
80633 30.552439
79979 9.428065
80377 7.021344
80961 11.000847
80829 8.915544
80411 8.04368
80712 5.976207
80755 6.231667
43790 116.713806
80008 12.081375
56801 123.762749
76717 350.123718
74486 40.066246
81076 16.185568
80983 12.073834
80888 9.592461
79543 35.774151
76307 115.337456
80840 8.751236
73471 143.325104
79491 8.922664
80720 6.031931
80826 8.034328
69760 312.285767
80808 7.856902
80659 25.981224
79026 9.379118
80531 14.534827
81052 14.78392
80934 10.997904
80976 11.546859
69758 44.060944
80990 12.076091
80948 10.340535
