589
121 -21.8 374 0.0238 -0.00219 0.0267 0.707 
83733 239.850769
83618 133.944046
83619 117.034859
83616 151.825348
83145 33.245651
83460 9.585542
82639 45.192005
83631 128.757919
83234 176.952225
83626 134.278259
83642 31.919748
83704 145.15657
83634 385.410248
83740 175.453659
83627 49.604485
82017 156.713196
73440 132.452103
76276 164.518921
83507 10.363436
83499 10.272784
83615 45.010376
75805 396.653076
82637 63.872566
72581 228.467255
83154 220.854858
82636 117.373413
83435 8.374868
82642 289.248596
82644 164.961273
82653 119.208885
76313 148.77684
80445 162.402496
61479 127.235764
83651 38.228024
83707 70.399323
83639 140.540009
83553 13.455076
83448 9.048202
83338 6.874919
83416 7.680877
83163 37.246792
83488 10.494512
83073 10.803569
83221 64.659538
77987 64.020676
78977 48.750675
83655 221.239594
82655 111.47229
83656 213.550095
82647 156.016296
83539 12.453661
79948 186.507446
83561 13.464355
80031 145.540833
80041 123.405579
83445 8.402151
83397 7.687265
83708 27.734064
83061 10.135203
83339 6.837234
83068 10.26556
83731 141.655334
83218 121.794868
83653 27.03758
83138 16.356016
81495 81.298973
83667 128.884674
83255 135.926682
82053 101.86924
82023 107.388092
83747 34.059864
80978 31.751366
83214 46.247208
83652 38.521149
83432 8.240464
83405 7.723383
83027 8.884476
83340 6.822461
83439 8.152454
83715 27.223974
83085 12.315165
82660 32.248985
83065 10.093799
83072 10.457905
83444 9.328002
83237 249.350372
77993 65.847656
83466 9.523881
81052 264.614441
74378 296.335205
83670 82.360817
83168 17.944319
78465 44.218956
79949 31.129375
67737 258.603912
82686 35.895889
82621 15.089462
83557 12.71041
83434 8.079064
82687 24.810577
83600 17.074831
70153 47.87553
74261 36.571075
73860 42.125919
80036 47.822529
79521 46.279564
83669 274.874756
83685 111.853218
81033 117.882195
83195 99.391426
82028 14.666568
83569 14.495485
83407 7.684009
83342 6.81068
83427 8.550325
83502 11.048469
83467 9.627732
76293 20.52737
78975 28.768265
83541 12.397985
83721 114.394142
54838 57.537048
79517 29.399054
83606 17.95825
80466 109.332283
67741 43.226227
82678 42.384605
82714 47.817848
83232 140.300903
67748 225.549896
73889 36.437611
82084 118.082771
75839 177.961411
83565 13.765912
68779 47.531151
54586 159.903778
83692 154.563736
83186 67.829399
83593 15.770743
83687 77.558434
79454 28.520697
83525 11.198025
83469 9.522581
80430 10.099418
83592 22.136917
83373 7.103359
83026 9.043344
82531 9.456638
83431 8.407058
79461 27.53754
79486 54.195847
83693 100.678093
83671 166.654037
82676 25.555967
81556 27.919657
82090 155.010834
73453 138.284393
83719 63.351948
64312 59.408157
74915 49.789623
83258 45.925774
83233 93.351059
83209 48.553856
83205 63.708515
83101 13.674865
83115 13.121589
83139 21.92005
83576 14.363407
83611 19.483995
83550 13.190446
82611 13.769636
83185 30.179838
83472 10.257313
82617 14.609105
70171 124.967163
83086 12.259079
81522 22.673618
83141 21.256077
83365 7.161826
83289 5.05868
83500 9.843434
83527 11.770913
77600 350.017578
83095 13.533491
83309 5.84014
83367 7.288451
83454 8.810146
83058 9.686966
83153 27.973282
83478 9.932846
83360 7.101912
83406 7.692108
82696 278.180176
82599 13.337189
83585 15.125684
83580 14.82309
83131 15.989593
83306 5.792127
83322 6.277514
83447 9.119581
83601 20.442322
83370 7.070102
82015 35.097713
83528 12.181099
83419 7.45555
81501 289.169556
80493 323.041107
81027 49.756069
83125 15.68235
83387 7.561248
83080 11.854504
83333 6.794168
83331 6.528233
83543 12.721391
83599 20.273609
83327 6.586255
83312 5.821529
83347 6.859279
83319 6.283962
83290 5.044646
83315 6.066507
83248 165.296204
78470 43.355789
83337 6.828022
83330 6.593997
82487 7.997908
83494 10.25053
83485 10.201145
83286 5.134307
83353 7.11305
82701 25.962954
83224 122.4832
83305 5.815866
83310 5.727342
80994 61.206181
82615 14.315765
83183 140.426559
83480 10.304658
83197 28.782478
83390 7.59261
83399 7.588156
83036 9.69285
83470 9.728162
83371 7.072291
83303 5.711486
83349 6.910216
79483 125.267921
81012 44.76289
83110 14.780333
83605 20.581196
83463 10.383542
83030 9.139539
83351 6.890017
82537 9.455876
83517 11.566751
83534 12.333733
83369 7.127741
46968 192.839722
82077 104.49395
81053 107.196838
76698 31.98583
77496 225.549896
80440 13.827685
83511 10.881547
83020 9.286973
83533 10.359242
83357 7.328506
82933 6.861117
83409 8.302588
83140 16.020514
83588 14.138692
83307 5.872926
83350 6.959398
68163 37.936607
78030 40.570793
82076 192.220947
83564 13.628456
83116 13.635604
83127 14.645114
83546 13.637794
83520 12.385665
53118 205.51886
81479 10.201325
83075 9.040936
83368 7.413051
82509 8.264853
