59
-1.153911 -0.2368661 46.01395 -0.0026453401917196566 0.013181633392681844 -0.025573654618645584 0.9995825303124386
9055 14.51798
9049 14.042067
8731 51.007038
8685 26.804186
8680 55.045719
9094 18.230732
9133 20.29616
8944 9.297695
8936 9.209666
9070 16.011021
9136 20.627928
9062 15.304312
8823 6.789438
9048 14.006015
8220 30.053997
8884 8.330276
8834 7.061799
8989 10.445484
9001 11.286374
8615 14.223137
8843 7.251985
8856 7.636259
9099 18.489107
9098 18.45756
8888 8.40612
9041 13.590639
9032 13.186905
9119 19.344259
9109 18.907743
8690 26.314886
6485 56.775677
8311 49.514748
8741 52.80637
9085 17.33415
9131 20.125313
9037 13.337854
8987 10.398548
8908 8.777097
8831 6.921892
8930 9.064425
8610 15.894917
9134 20.54105
8617 15.072869
9017 12.238735
8597 14.040793
9077 17.074902
7730 31.81452
8873 8.079665
8972 9.863494
8892 8.552272
8682 45.433868
9053 14.134963
8842 7.243336
8990 10.478208
8852 7.566383
8992 10.506788
8694 29.977028
8853 7.580157
8669 18.864113
8926 8.982554
8665 18.521524
9038 13.347309
9034 13.203411
9137 20.753239
8653 16.907076
8734 47.738045
8787 25.493843
9039 13.516258
8903 8.726414
9072 16.178516
8869 7.987365
8968 9.672859
9061 15.240033
8664 18.184372
8624 15.674956
9005 11.582828
8594 12.830939
8947 9.337316
8847 7.316701
8523 9.782564
8970 9.804723
8691 49.214272
8772 25.976017
7393 50.463058
8851 7.552776
8549 11.455697
8836 7.151092
5200 44.398586
6080 30.508989
9106 18.740023
8862 7.834162
8910 8.828084
9103 18.69141
9014 11.977961
9030 13.181177
9118 19.334879
6582 30.180986
8905 8.766459
8208 15.288909
9058 14.929243
9115 19.286358
8872 8.072814
9003 11.531023
9080 17.183764
8907 8.773458
9074 16.665798
8927 8.984766
8931 9.081419
9018 12.400153
9066 15.568046
9076 17.047901
6496 32.793926
8943 9.295341
8525 9.977169
9101 18.658554
8601 14.264608
8845 7.280103
8973 9.903614
9046 13.810033
8861 7.789585
8969 9.72823
8536 10.528197
8546 11.516739
8865 7.915376
8924 8.964458
7762 45.050293
7831 30.040348
8250 56.221725
8280 51.531906
8509 8.723836
9102 18.67926
8890 8.435078
9013 11.935655
9087 17.652182
8285 33.496254
8916 8.878935
8863 7.868653
9078 17.112541
8587 13.613153
8744 19.233316
9073 16.334118
7752 18.44381
9029 13.134372
9052 14.08599
7662 8.298021
6508 32.045715
8946 9.332664
8528 9.902286
8977 10.043113
8141 10.449198
8180 13.785809
8702 32.415257
9125 19.786674
2712 29.677355
8991 10.495101
6932 29.540056
8779 72.602348
7 45.159546
8248 26.193314
8697 45.120396
8706 33.652649
7725 50.58567
7766 54.29594
6487 29.575415
8203 15.827959
8868 7.945281
8898 8.645504
8881 8.275366
8561 11.872435
8519 9.679701
8745 19.620806
9132 20.265749
8723 27.720263
9121 19.385094
9079 17.128454
8619 15.10557
7661 8.369859
8959 9.438674
8129 10.048834
9010 11.86354
9026 12.996523
7281 10.82688
2387 30.318169
7376 68.961975
7806 25.480698
8798 51.890263
8718 51.828007
8711 50.605423
8254 54.848877
9104 18.697472
8866 7.922145
9086 17.416542
8595 13.663713
7351 38.510872
8714 26.694998
7342 34.237446
8965 9.570748
5652 69.397598
2719 26.088875
8914 8.8751
8966 9.626244
9016 12.109529
4765 18.626905
8778 17.653284
8759 49.705051
7350 25.325518
3117 27.906897
8722 49.364246
8719 46.344414
5633 25.691
8715 36.121315
8262 48.435345
8720 44.55341
7764 14.542767
8985 10.329366
7306 14.844783
8526 9.628579
8527 9.974082
8252 17.764427
9035 13.251955
9108 18.828539
8984 10.235808
9025 12.929643
8548 11.571514
8729 30.976534
8764 27.14275
8769 48.345367
6538 50.906445
8724 56.603104
8760 51.198269
8730 29.715338
352 31.428736
7688 10.905963
8958 9.399693
8954 9.374022
7000 36.752686
8651 17.810366
8603 13.638503
8627 15.793239
8537 10.741153
8684 50.952602
8448 6.859628
8209 15.305013
8468 7.345567
8479 7.763804
8568 12.289055
8642 16.962242
8452 6.817334
8469 7.322734
8584 13.198485
8569 12.508169
8463 7.230787
7369 17.842119
7751 49.858425
7388 18.374802
8476 7.873424
8508 9.122005
8465 7.248094
8517 9.800364
8498 8.488093
8513 9.362468
8559 12.189639
8290 29.491968
8776 55.892643
7777 19.540926
4770 18.396475
8489 8.460026
8270 43.90102
16 19.146605
8551 11.706442
8297 26.841917
8727 49.750225
8762 27.593842
8590 13.981129
8609 15.812037
8531 10.190783
