598
102 -17.2 387 0.0245 -0.00206 0.0289 0.707 
84725 59.152481
84623 115.920685
85053 156.298538
85185 158.734604
83619 124.747444
85058 143.388214
85218 110.497566
83626 115.578873
79956 124.323692
84627 131.473099
85254 5.302517
85417 12.583739
85371 10.526452
85373 10.799169
72581 251.480927
85184 122.508011
85077 88.32843
79528 121.621078
83735 166.046127
85220 39.916389
85063 176.08371
85061 133.881912
85081 139.905243
83704 105.247772
84717 71.626183
79529 125.23951
82017 155.111176
84903 6.615354
85280 6.360839
85354 9.452106
85458 17.797937
85157 25.60285
85060 24.695658
85447 16.024475
85471 18.92252
85363 10.579909
85463 17.776438
85155 38.293495
85068 117.98185
80508 61.788044
84119 202.420074
83628 232.682404
85338 9.118128
85051 139.386246
82644 183.046463
85221 42.788445
82637 53.625122
82014 39.357021
75884 434.011292
84143 133.743744
85062 20.761534
82647 152.843094
83627 45.993633
82655 98.919197
84151 74.058746
80509 181.589951
85190 60.18576
80020 121.180099
85232 153.346909
85355 9.856437
85430 14.318356
84997 12.512501
85474 19.577494
85352 9.252703
85469 17.468334
85327 7.836608
85330 7.918756
85365 10.176035
85394 11.264811
85396 10.44722
85415 11.993716
85400 12.563125
83245 38.061901
85230 132.973557
78922 115.051163
85098 175.895935
85103 133.941208
83707 58.38937
85225 122.681976
83633 35.343662
85168 103.982758
84694 148.079498
84636 109.412346
83255 137.462662
85253 5.238157
84943 7.866285
85277 6.397553
84582 12.506832
85342 8.423787
84629 18.847485
84123 16.704861
85475 20.30765
85368 10.311134
84121 24.790236
82015 25.720554
85013 13.990786
84692 136.806686
84638 25.07045
84952 9.015994
80445 112.724899
85114 100.008171
77987 52.923
83154 214.701752
84647 116.885139
85424 14.2589
84984 11.11973
83218 158.461288
80043 128.298767
81067 42.053383
85174 116.696114
85234 115.633598
85376 11.805554
85386 11.310115
85372 10.184163
85331 8.456837
84098 12.846462
85404 11.048968
84094 13.048177
83145 23.794607
85526 19.867962
85422 14.199998
84735 40.16254
84731 148.790787
83635 17.051151
84659 177.548416
83186 88.517426
84661 80.224617
82023 111.026932
85120 127.231941
75839 233.456573
84699 228.372772
84946 8.21304
85392 11.397027
85387 11.420235
85446 14.473077
85412 12.682891
84074 8.436489
73860 36.127277
85000 13.030197
84617 16.349762
83650 17.273558
85175 30.370369
84688 19.846476
84646 16.944523
84225 150.97525
78932 53.122231
84168 25.483049
85121 60.758755
81033 140.591339
85201 154.098618
83711 95.168442
85088 84.885361
84670 148.832642
83747 26.604515
78963 170.55043
84668 124.384575
85199 206.743362
85366 10.327786
85321 7.397454
85382 11.604228
85427 15.871179
85435 15.456749
85397 12.406743
85395 11.696426
84203 88.810211
70153 64.865608
85483 23.247965
81056 109.614433
77993 67.160431
85134 44.147327
84669 123.394783
85145 21.789024
83195 72.348808
73384 51.260677
85182 57.634705
76255 179.222122
85144 102.162605
85153 89.252098
74392 41.273018
74261 25.705976
84075 8.392934
85379 11.686664
85011 13.569461
84103 12.343316
85036 16.893335
85038 16.763979
85137 92.813469
70171 138.959213
81490 23.395891
84674 24.735193
82076 128.102051
73453 93.491249
82084 95.631378
73849 150.627869
73889 27.387299
85172 69.482269
84198 74.214981
85154 56.547657
83719 50.916649
81542 84.555305
84954 8.624157
85150 30.618807
85009 15.581244
54838 49.000462
83643 18.628777
85407 11.877364
84606 14.194872
85418 13.08926
85486 122.16861
85487 56.753353
85491 40.04401
85595 228.982162
85493 122.894478
85492 136.367462
84715 117.385345
85485 103.421349
85499 53.244278
85065 61.834373
85706 7.842812
85835 17.629589
85775 11.393295
85594 38.824738
85075 45.502235
83155 128.041351
84709 136.038803
85679 6.599246
85684 6.884071
85693 7.397204
85459 16.292585
85710 7.905634
85754 10.395944
85755 10.560888
85819 16.430756
84144 102.092796
85708 7.860482
85599 152.430328
85522 54.789249
85702 7.753655
85725 8.370487
85692 7.375193
85715 8.036707
85744 9.878332
85777 11.593719
83615 41.976936
85779 11.707812
85094 129.050995
85808 14.251171
85781 11.729623
85695 7.414687
85532 39.14859
76313 122.948013
85727 8.425173
85828 17.240494
85704 7.821617
85752 10.377611
83236 25.452713
85764 11.073554
85790 12.53744
85810 14.310498
85735 8.874431
85730 8.577157
85762 11.037508
85545 187.365936
85728 8.447769
85713 7.932021
85834 17.48801
85709 7.903962
85845 19.137054
85812 15.290593
85756 10.667765
85606 23.088375
82096 38.869419
85202 130.4133
85551 132.595932
85124 115.854057
85820 16.44729
85428 14.116455
85549 126.138855
85826 17.009792
85539 153.58429
85753 10.383822
85747 10.192156
85425 13.499649
85801 13.594298
85576 48.845924
53118 95.972481
85183 71.872223
85636 20.549692
84677 103.755936
85569 140.139893
85771 11.212612
85006 16.953299
85750 10.271289
84597 13.29897
85356 9.818823
84583 13.21445
85556 99.335457
85584 108.483353
83695 74.329216
84210 118.479347
85621 144.454865
75420 38.628006
85573 29.790897
