62
3.37 0.411 47.1 0.000959 0.000157 0.0379 0.707 
9188 48.163124
9104 13.117056
9190 24.083481
9189 57.686016
9180 20.197262
9118 14.481923
9184 19.775276
8927 7.228671
9195 41.230007
9083 12.146881
8373 48.620773
8739 25.074608
8364 57.309605
9202 50.513237
8738 46.315681
8737 50.315113
9216 26.463705
8979 7.921591
9206 31.076056
9207 34.241875
8665 14.32165
8680 14.198808
9066 10.826455
8650 12.836464
8298 28.737799
8934 7.107366
9197 58.751865
9098 12.887552
7803 30.560673
9038 9.319419
9087 11.754609
8820 24.395002
9212 49.202068
8340 25.60605
8830 49.612625
9133 16.179134
9109 14.270636
8672 14.011918
9097 12.387984
8931 7.123056
9021 8.714163
9267 24.076448
9102 12.930222
9219 32.74725
9041 9.322963
9270 25.74506
5288 43.942337
6164 28.707527
8833 23.788055
8747 29.220345
8708 16.287378
8682 14.248893
8916 6.672318
8933 7.19858
9064 10.806998
9054 10.603901
8698 16.717087
8976 7.81163
8654 12.993377
8980 7.839414
8583 8.782135
9122 15.585737
8653 12.92054
8712 16.194349
8581 8.753009
8975 7.553881
9114 14.179847
8717 16.767321
9278 22.775843
8657 12.790879
6576 29.586576
8638 11.695807
7016 29.355968
7 43.007824
9304 58.576809
8803 50.786339
8318 50.809502
7798 47.373001
8346 52.893024
6566 28.859526
8954 7.575392
9052 10.280785
9110 14.50836
9126 15.866123
8806 33.403748
8586 8.685533
8959 7.593877
9150 17.268185
9233 24.890127
8248 12.606798
7452 62.367596
7837 44.503761
9236 42.87743
8759 32.860535
4864 51.23214
8777 50.069931
8316 24.493523
7417 49.369236
6663 29.095161
8978 7.864522
8567 7.810582
9127 16.645969
9121 14.704803
8265 14.872075
9169 16.837172
8798 18.966604
8709 17.574162
9237 46.865685
8767 26.278841
2391 29.459064
7080 30.869242
8674 13.712485
8322 32.302795
9287 32.671261
9040 9.234216
5708 26.277807
9240 25.679781
8768 33.792423
9239 48.193462
7877 24.395658
3220 54.250484
8844 58.546566
8585 8.667323
9062 10.195396
8651 12.886767
9043 9.49544
9174 18.15671
5728 28.593256
7359 9.305843
487 27.581198
8839 27.419109
5740 60.780853
9065 10.634259
8384 53.833336
9247 45.744144
9248 30.99309
7427 26.63364
9250 24.219612
9252 51.33942
9244 53.231781
8807 47.448044
8778 42.88728
8773 52.854282
8652 12.936821
7077 33.784065
8198 8.858942
9307 35.627628
7758 10.302903
8684 14.391532
6194 34.542606
9256 53.823299
7880 42.414898
5721 27.1633
8817 49.607586
9154 18.286566
1555 27.503309
9105 13.868243
7078 30.522774
8584 8.546896
9003 8.545182
8659 12.410792
8271 14.786296
8711 16.790997
9055 10.592563
8740 25.748297
9023 8.719284
9024 8.532403
8745 28.532486
9162 18.167107
9077 11.807755
9230 45.424442
9120 15.701778
9045 10.543581
8351 31.095001
9112 13.898537
8323 55.239651
8643 12.75427
9022 9.18869
4860 16.903763
7402 12.818357
9135 16.124657
8779 53.186302
6192 54.80154
8781 49.075825
9257 45.359222
8780 50.737644
8811 57.369667
8828 58.234081
8692 17.382025
8713 15.651196
