620
382.4797 -34.05166 167.8984 0.04514983270016172 0.5916872666734289 -0.03561949259453076 0.8041137499203593
89613 6.855044
89848 21.153826
89788 16.639639
89635 7.685404
85499 104.434235
89383 19.798458
89804 18.8137
89730 11.716551
89759 13.185379
89409 115.243263
89408 120.46286
89787 15.80216
89791 17.038431
89779 14.412307
89032 112.835068
89637 7.717066
89640 7.737396
88384 103.536011
89664 8.353992
88999 107.580032
84286 118.46608
88471 36.828999
84693 172.292679
83806 103.854362
89843 20.884991
83355 131.068756
88005 121.276146
84262 112.14756
86400 109.434029
88998 31.939978
89850 21.271955
86974 106.951294
88917 286.59201
81160 123.726578
89402 21.309504
88938 103.77713
89420 68.611763
89662 8.291389
89731 11.718281
89713 11.022042
89718 11.361556
89645 7.822002
89712 10.989348
89802 18.681252
86391 73.307228
87894 94.078537
89738 11.886246
89773 13.262002
89395 71.155846
87423 99.328461
88028 112.846092
83716 106.914375
89746 12.317894
89676 8.991858
89425 161.255997
89037 180.106613
84956 100.028656
84949 108.413902
89652 8.023445
89692 9.58061
83724 113.834305
82259 136.222656
89509 18.31275
89794 17.475353
89430 20.856251
88919 18.444237
84138 105.280052
84670 105.46978
89562 119.923683
88541 120.996529
89431 90.413612
88390 36.429459
88009 114.231575
89846 20.963732
88372 28.387585
78077 124.232483
86101 93.709236
88915 164.272064
87530 266.586304
86597 211.06752
89660 8.170506
89760 13.235383
88937 24.027437
89675 8.973263
89418 21.34532
88546 60.862995
89714 11.054951
89728 11.648654
89359 17.547403
87892 31.12007
89812 19.230478
89751 12.544808
89761 13.235411
89786 15.423823
89702 10.322355
82712 87.698967
89324 12.239367
87904 27.119564
89678 8.998146
89710 10.937416
67154 171.653458
86000 133.156189
84236 113.986534
87109 132.585541
89443 140.886902
87057 164.625549
89426 233.63266
66217 177.548416
88914 142.353165
84579 96.407417
87524 31.078337
82711 89.863419
83240 104.943382
88506 81.760605
86065 39.382404
88931 191.802917
88957 115.781181
79601 253.357239
89795 17.787518
88934 21.320236
89658 8.136502
89636 7.699625
86002 25.6803
89670 8.666294
89720 11.431404
87523 22.213272
89832 20.382938
88364 21.14312
85496 26.835678
89273 8.262079
89705 10.503486
89826 19.963591
89813 19.272032
85896 38.436977
89732 11.725183
88512 84.810532
88380 24.567911
79515 89.111816
84980 103.989571
89824 19.80525
88397 57.804695
86048 135.646484
89688 9.406063
89733 11.759512
89709 10.922847
89314 11.370182
89758 13.15529
89412 29.322554
88865 11.857238
89707 10.878079
85390 98.681694
87009 133.558075
89817 19.471781
89708 10.920727
89591 3.103265
85117 149.915756
81792 145.499969
87940 130.084686
89455 99.684761
87933 229.740189
86998 151.257553
89001 170.273758
86408 218.256836
87935 312.174469
89851 21.273523
88858 11.314045
89736 11.826288
88890 13.292345
89684 9.108286
89666 8.528919
89706 10.524201
89360 19.087742
89810 19.165819
89303 11.07508
89711 10.950876
89855 21.483831
89797 18.344385
89800 18.648609
86444 347.586761
86599 160.70607
89741 12.011877
89327 12.060346
89470 110.542534
86418 26.693426
86529 21.324389
87070 109.960846
84991 91.152084
89799 18.440462
85938 43.18037
89044 18.414339
87909 18.323689
89638 7.723449
87953 196.306335
89749 12.527793
88879 11.962294
79547 116.409447
88959 22.344509
87947 101.068283
89458 143.097412
85397 173.058044
87001 162.924393
80668 101.246346
87432 118.758537
89428 12.191447
84203 109.032852
82713 67.813103
87565 98.33709
88978 113.77108
88963 138.758804
88413 19.602999
89686 9.248781
89739 11.898519
86472 112.707893
89587 143.147415
89514 113.304169
89830 20.193857
85916 26.868607
84977 89.923233
89469 138.37027
86996 143.790833
89792 17.24128
85433 492.106476
89744 12.183874
89747 12.345314
88414 74.831558
89046 27.747395
87068 27.392969
88897 21.47533
86421 68.114983
89784 14.906078
89352 14.949434
89805 18.947758
89828 20.088799
87980 136.569092
89844 20.917601
89840 20.753662
86394 26.108772
87938 184.651276
85524 90.603241
78617 40.765354
89464 67.34848
76272 137.837143
89698 10.117182
86016 110.18026
85527 109.962753
88977 191.583008
73435 101.763123
89572 170.623749
88868 12.446966
89725 11.57491
89737 11.875387
88848 9.815786
89704 10.4188
89836 20.656984
89674 8.952868
81164 126.505745
79580 118.402023
89336 12.156084
87995 87.571068
86055 21.005547
89357 19.377773
89827 19.964783
88421 20.057579
89825 19.963434
84205 89.975471
87950 130.956573
89017 26.130636
85023 57.499279
85586 114.293259
89835 20.516693
81124 127.084259
89491 93.454788
68858 280.955658
88871 12.673265
85545 108.03302
89742 12.011877
88398 18.558109
89796 18.138403
88846 9.845403
88852 10.153321
89849 21.1728
89682 9.058619
64952 42.667404
89494 20.293501
86466 25.323902
85122 106.109535
86545 108.334831
89474 78.190651
84155 20.267916
88453 25.8801
87962 105.108398
86426 709.915771
87456 3200.009521
89481 59.944294
89315 12.585896
88990 137.308105
89523 89.576302
78155 112.5401
89496 106.129929
87971 121.330605
87992 28.057701
86440 75.776787
87975 309.123688
85396 215.46669
89556 106.988228
83766 126.205284
84656 141.11467
89554 20.481422
82707 22.663908
85973 100.924515
87579 180.476456
84653 81.831726
85032 105.55481
89757 13.104705
89768 13.385228
86020 101.797791
87498 28.824024
89833 20.457996
89385 19.453524
82800 104.302147
85458 53.606335
84692 91.835609
87038 158.530518
80132 120.628769
89363 19.277737
89697 10.031657
89856 21.51207
87898 106.313835
84149 109.677856
89033 136.044632
88913 26.375877
89211 6.838588
80112 356.642456
85559 106.39399
89269 8.337889
84552 118.080574
89560 122.6642
87908 115.410828
84297 128.902985
89250 7.819296
89267 8.262681
89073 27.075739
89214 7.124166
89255 7.855328
89399 233.125534
89377 19.959072
89516 119.872749
88830 7.788023
81743 118.144287
85374 124.031075
84281 103.529259
86003 111.085205
89072 126.024948
89427 249.893143
89465 57.013226
89266 8.32559
88831 7.823275
89282 9.043498
86454 168.319427
89240 8.576308
87916 325.562683
85380 153.324692
88968 264.460144
85050 16.312216
83737 100.837967
89271 8.343717
89249 7.386578
87877 11.832789
89306 11.159816
56801 217.079819
85961 100.310707
88349 14.452588
41413 227.983307
85914 176.443329
89261 7.613275
87072 65.029686
89244 7.896914
86980 18.344227
85968 58.304127
85469 136.46051
87492 135.079132
88826 7.628622
85130 16.276049
89065 24.177469
85466 246.741623
87426 18.675098
89369 18.738031
83756 132.687363
89462 22.709866
87552 89.099312
89298 10.892419
86100 96.168694
84597 18.595581
86485 93.034775
88882 11.592925
89321 11.62394
89331 11.745515
87078 48.500824
89495 72.420181
87619 20.849539
89566 22.44759
87997 29.737602
83768 103.998085
85136 83.586975
84223 86.164459
85070 103.097275
86450 74.779129
88427 21.947096
87476 26.089571
89338 13.693398
89563 157.286728
89328 12.73497
89335 11.575164
89285 9.814406
