627
41.5 -14.6 425 0.0334 -0.00242 0.0459 0.706 
92264 158.348663
90266 94.66478
92382 111.887711
92446 201.552719
92250 119.642372
90421 231.103073
91840 103.447464
92292 179.438629
81494 145.367569
92252 24.674738
86359 91.039696
83626 100.00502
83619 108.454636
90262 121.935196
92189 16.395185
92387 73.878662
92245 20.433376
90762 64.789497
92117 12.630997
92227 19.03928
91248 117.92926
85218 106.328079
84627 113.009773
89920 93.499504
89409 127.958794
90853 102.317345
84623 104.761589
92288 115.798073
92263 108.635544
90422 162.236526
87424 112.482292
91841 88.899734
88805 113.694687
90267 93.253723
84136 105.037117
83618 94.457787
83264 118.415276
91719 16.992655
91727 17.661018
91743 19.619595
92275 23.503267
91850 51.265228
92244 94.946457
91752 103.181877
89776 137.38533
92316 107.898102
92398 106.252464
88965 100.439224
92289 132.659637
89453 136.127747
91352 111.744957
90300 201.873093
91361 118.99778
91785 437.962555
92269 131.748596
87374 104.533081
90864 190.503906
91702 14.893457
91270 70.349411
86901 114.775627
85599 112.123795
92068 9.311206
92298 435.148895
92196 16.608305
92002 7.163095
90805 201.765656
83223 123.889511
88848 321.217041
92133 13.536455
92075 9.725198
91686 14.382308
91895 24.111601
90769 27.522621
89427 60.416531
91756 21.256681
66668 161.682999
92071 9.725019
92155 13.477272
92334 80.266449
86009 132.336182
92285 30.802607
86282 88.539024
82655 101.62957
91260 15.256804
85065 37.352833
82636 106.667435
90394 65.747101
91617 9.07154
92134 13.441669
92060 9.164124
91812 22.962805
92341 29.470274
90356 19.640287
90757 22.459419
91777 20.692898
88353 200.508972
92267 288.506073
92335 100.82476
87787 30.030403
86270 34.433125
88329 197.521469
89305 55.664322
91616 9.050284
90763 14.491937
88290 33.004086
89866 30.193327
85516 103.143326
80445 255.164307
88976 83.902847
90895 21.173153
92233 19.383572
91355 21.195414
86761 96.884727
92312 30.9606
89462 116.326279
88474 115.084526
90879 60.38895
91737 17.640118
86930 79.982101
92338 36.992592
89837 49.228008
90819 203.417038
87293 20.780491
91309 204.226639
92345 105.917946
90802 283.600098
92353 292.213531
88923 139.781281
91619 8.998924
77126 122.125145
82053 110.861206
92328 20.820997
85913 105.212891
90958 105.225967
85542 74.085533
81033 137.031052
85068 81.351051
90823 63.071304
91865 33.674599
91296 48.697586
85168 134.266907
92058 8.945617
91664 12.900302
92343 15.756089
92420 140.997162
90354 21.041183
77538 145.960678
87318 52.307442
91924 73.448837
90748 13.655896
92339 20.634565
80508 34.648247
92423 54.500519
90310 73.194
90364 19.963278
86070 96.485786
92055 8.846911
91172 12.527843
92355 44.35548
91187 13.865336
91833 28.427362
91830 52.780476
91836 79.559219
92209 17.949974
92220 19.721169
70171 87.182426
87316 20.69293
90881 97.815247
91176 12.559597
92416 67.17038
85144 90.654984
87303 52.274715
90341 75.591866
92378 81.860207
86907 96.530518
92452 10.751027
92358 22.560719
91901 93.591835
89823 12.229956
91824 29.321133
88374 55.811832
85621 83.34507
86805 162.17128
85973 109.677856
88895 134.089706
86022 92.671921
91380 83.108902
92428 122.067627
91406 108.339912
88454 110.120071
86453 106.093582
79956 122.045341
84118 135.896149
92199 17.755138
92005 7.186954
92152 14.337268
91271 37.926411
92023 7.522302
91386 96.523186
92294 232.031967
92268 237.667084
92096 11.990602
87269 109.396324
86851 38.576378
86275 94.004028
92135 12.941896
92061 8.872484
92083 10.690772
92037 8.079532
91579 7.49766
91453 130.871567
89290 126.09877
88847 155.874588
85901 136.097107
83155 94.881195
91848 113.132584
90741 12.99694
91712 15.448928
92131 13.112099
53088 128.141479
92039 8.014761
91847 129.079849
92188 14.665238
92185 16.87632
88863 135.682724
89911 197.246902
91687 14.01433
88291 21.097811
89793 105.5513
86068 162.520966
92070 9.724467
91728 17.765968
87416 109.704384
91860 76.402237
85938 102.973557
92047 8.456296
88423 209.902374
91317 121.803047
91681 13.821756
88444 169.984314
89904 75.086838
88315 21.263977
90908 108.032104
91188 13.050335
92187 16.447844
88960 103.909164
86059 168.499207
90904 64.195427
90789 13.742637
91869 121.998444
85201 119.188751
92128 13.959338
91740 19.887936
92458 120.013214
89270 15.057215
85120 92.932999
84173 53.869873
89938 253.25618
87379 124.065002
91835 106.476059
91328 61.860878
85146 91.810379
89334 275.077179
87339 286.485321
92171 14.055797
87870 49.973
77987 29.3076
88440 20.801865
82068 125.668297
82023 90.543816
82716 41.202053
89844 59.30468
92132 12.680864
79469 49.970245
90715 12.576462
