64
4.19 0.453 47.7 0.00147 0.000181 0.0434 0.706 
9189 52.903599
8736 55.088219
9202 50.774155
9552 16.235641
9577 18.542801
9333 6.756648
9119 14.240712
9511 11.767531
8711 15.984542
9184 18.929571
9537 13.345647
9334 6.58594
9485 9.973486
9339 7.044087
9518 11.96762
8298 29.268021
9441 7.973855
9195 41.378716
9571 17.085703
9494 11.137027
9495 10.730555
9499 11.106577
9481 9.678916
9541 14.531904
9196 47.768566
8734 49.734249
8740 25.001551
8340 24.222153
9187 42.984825
9205 22.782953
8738 47.908039
8793 50.34663
9582 18.118063
9206 28.867134
9216 25.705248
8925 6.369542
9513 11.800903
8979 7.278651
9418 7.713458
9517 11.716723
9207 33.954781
9546 16.495998
9118 13.717373
8680 13.542691
9111 13.388925
9482 10.128091
9496 11.16118
9097 11.797659
8289 28.126801
9536 12.317314
9452 8.423999
9428 7.850511
8745 27.234247
9162 16.881973
9272 52.529419
8830 33.883934
7798 43.805622
7807 49.138103
9553 16.144909
9584 19.177975
9335 6.877078
9545 14.974447
9493 10.89184
9528 11.882187
9066 10.110964
9438 7.920425
8650 11.979089
9023 7.985497
9443 8.237428
9304 51.178051
8373 48.851936
9434 7.862058
9344 6.908754
5288 42.316673
8285 22.994902
9587 18.10453
9083 10.996773
9510 11.625393
8976 7.192327
8980 7.27414
9391 7.588754
8682 13.664653
9548 15.922736
7467 34.875843
9122 15.080565
8654 12.294301
9064 10.086552
9429 8.289993
8653 12.070444
9109 13.546274
9522 11.844758
9024 8.128471
9054 9.725153
6576 29.789639
9431 7.833548
9515 11.842626
7016 27.365582
9572 18.371891
8660 10.661567
8824 55.155209
8833 22.315102
6574 50.273289
8318 45.069798
8346 50.463459
8750 44.847935
9110 13.622003
9021 8.093805
9278 21.701082
7388 11.708967
9447 8.313774
9052 9.885914
8717 16.326685
8719 16.36042
6164 29.336981
9425 7.838934
9583 17.307114
9165 16.609482
9233 24.145109
7452 67.379929
7 45.401546
7837 45.232243
9283 45.959015
8316 24.649546
7417 45.43972
3220 52.890381
9416 7.612362
8806 31.910284
8567 7.244679
8581 7.948523
9589 21.67205
7825 16.634539
9114 13.759581
8351 34.081848
2391 27.283628
7080 26.25548
9078 11.329473
8766 27.477127
6209 26.813921
8323 55.737122
8826 66.876801
9174 17.466352
8759 29.204956
9239 47.772881
9240 26.905378
8764 50.154564
8844 54.301979
8777 44.515305
8583 7.981221
8798 17.878967
8643 12.181402
8271 13.402461
9477 9.659881
5740 57.883732
9565 16.500172
8322 33.212788
9365 7.421923
8778 54.063419
8772 48.429436
9249 24.0109
9247 43.606178
8774 45.404953
5721 23.560431
8354 36.980152
487 28.171349
9062 9.736858
8320 17.37513
8651 12.061158
8265 14.300202
9135 17.512463
9170 16.148312
8360 23.49744
8813 24.238796
9256 54.72456
9413 7.337699
7427 25.063227
9250 23.65826
8781 56.970261
8811 55.675549
9255 42.325558
7880 46.908958
8807 52.70425
9257 45.540417
8780 54.204636
1555 28.257219
7077 30.509575
9453 9.452345
8659 12.357825
8273 14.205382
9137 16.177814
9703 46.552685
9595 51.839851
9197 54.937138
9702 51.252403
9599 49.566154
9597 52.198231
9708 29.23945
9603 47.63205
9602 46.700245
9608 55.545033
8784 47.257362
9592 45.670448
9613 22.526625
9615 51.673645
9598 23.255629
9706 22.862602
9707 29.478893
8831 56.290501
9623 52.136944
9268 44.958752
7817 48.129906
9709 33.832664
9640 32.259308
9648 22.110287
9147 16.414925
9732 22.999481
9712 23.924507
9269 22.809795
9133 15.785779
9637 31.445078
7811 33.420448
9643 58.277908
9610 29.908339
9619 31.512022
9491 10.984693
8722 16.480457
9676 56.191376
9635 28.537872
8698 15.390254
8640 11.090077
9655 35.211567
9753 63.603863
9660 45.661579
9295 29.585888
9224 27.462154
9082 11.304482
9668 31.826958
9666 39.840008
9659 58.173798
7443 16.214912
9479 9.756862
9678 23.978714
9667 37.476505
9689 60.650234
8773 45.401058
7877 24.580465
9244 52.479496
9728 48.749176
9144 16.483816
9527 12.011127
9248 32.966217
9237 55.215637
9726 47.982975
8810 47.122349
9307 30.420418
9303 44.995068
9258 52.495548
9141 16.066677
6618 55.185886
