653
40.4 -13.5 447 0.0229 -0.00189 0.0317 0.707 
96785 17.213902
96572 8.134001
96576 7.998855
96412 6.109418
92481 152.152756
96449 6.752179
96753 15.59523
96549 7.674397
96767 16.825476
96795 18.99412
96625 8.534995
96730 14.421209
96238 17.265715
96506 7.195448
96584 8.23195
96648 9.025259
96464 6.998168
96494 7.25384
96622 8.3232
95722 82.216858
96550 7.821588
96627 8.454247
96383 81.931503
95041 71.567253
96320 74.986641
96688 10.111205
96651 8.872893
96551 7.80894
96768 15.543581
96532 7.581406
96645 8.854445
96634 8.40183
96002 6.540309
96543 7.981923
96585 8.07228
96524 7.505791
94406 71.479034
94525 70.811081
92873 78.896927
96715 11.83365
96117 8.790956
96610 8.394047
96253 88.438835
95725 224.229767
95640 263.619232
95629 35.703751
96489 7.093266
96560 7.868927
93970 79.019646
92949 75.504677
91249 83.011124
96588 8.166807
96355 68.348122
93275 90.112091
92965 82.999191
95100 83.561676
96328 86.946068
95105 64.866272
66668 124.559021
86358 64.356125
96566 7.722528
96466 6.823208
96656 9.131357
96478 6.959352
96757 15.578587
96537 7.526814
96134 8.661943
96233 16.856876
96789 20.429892
96496 7.252788
96591 8.344682
96727 14.239786
95631 38.847301
95633 70.671196
96544 7.59148
96700 11.286605
96589 8.22027
96615 8.511679
96212 15.320724
96527 7.514131
96704 10.553262
91840 69.341896
84703 91.273933
95128 68.91333
95730 82.62014
84623 79.513893
92950 89.46209
96366 81.044243
96658 8.870259
96606 8.341108
96734 13.57721
85494 86.618141
94496 79.162979
95037 67.469055
92867 210.178101
94399 120.177879
95659 217.514587
93994 70.989197
95172 86.76786
96084 8.159062
87360 83.306252
94421 68.342972
90399 60.482132
96248 78.484436
92304 83.424454
95756 81.778503
96453 6.699562
96699 10.424299
95108 30.127718
96716 11.440589
96602 8.069244
96617 8.42572
96673 9.508693
90853 69.129395
96332 78.770676
88965 73.283119
89911 166.187363
96613 8.27753
96624 8.472962
96723 13.411753
96799 19.2565
96664 8.856113
96644 8.822767
96531 7.542719
96703 10.806069
96746 14.839371
96088 7.981101
96054 7.015076
96066 7.538904
96280 137.478653
95734 263.000641
96701 11.131821
89920 64.872238
96350 78.333405
83619 61.741783
96574 7.818093
96581 8.388367
95652 36.244194
92813 56.482269
95059 108.5158
95764 132.556824
96744 14.481461
86769 80.394234
85058 72.809212
96546 7.751602
85218 63.832439
86282 68.18959
86456 78.526176
96110 8.632939
96679 9.520183
96605 8.372416
96015 6.81065
93871 259.693237
96601 8.308748
96556 7.962826
96595 8.193638
96786 20.766287
96863 16.210608
94536 90.141998
96283 162.099869
96053 7.752605
96525 7.599153
96561 7.957846
96695 10.647285
89938 244.756897
96239 18.951887
96745 15.414407
96628 8.365944
96136 8.584773
94443 94.346916
95696 94.25309
96225 15.422831
96356 39.074154
96485 7.10727
96528 7.714835
96542 7.488301
96097 8.168299
96678 9.729742
96738 14.543316
93354 39.72834
79529 71.652046
83155 70.495842
77126 62.615124
96186 11.785397
96713 12.342452
96718 12.172599
88923 131.140488
96131 8.417311
96122 9.469259
96468 7.144108
96539 7.959582
96685 9.273052
96294 62.773895
96455 6.955311
96518 7.566608
96125 8.929627
92855 98.223007
95011 8.932969
96773 16.959616
96293 30.379232
95086 82.435661
95670 32.494377
95034 16.308947
93311 48.503418
96712 11.994645
96800 15.626383
93907 151.877548
95173 83.444183
96301 88.757454
95749 72.690857
87855 132.663803
96742 14.659043
96705 11.062948
96732 13.587041
96593 8.320953
96668 9.314019
95748 47.704689
95632 25.155613
93296 43.325321
96507 7.141208
85516 70.867584
95070 36.652451
91858 101.584053
96362 82.139221
96650 8.721823
96182 10.601184
96103 8.170464
95668 7.290091
85901 69.100998
96292 33.73238
86844 67.941528
96728 13.572267
96788 16.781544
88959 66.537804
85542 71.906815
96504 7.208035
96579 8.328462
96777 18.175055
94453 59.964108
93810 25.541267
93796 15.172812
86761 69.359695
90429 66.225708
77538 71.572899
84710 64.7743
87403 40.44482
93408 66.660568
95078 38.226643
90314 417.932831
96652 8.834465
96183 10.575724
96219 15.565641
96698 11.379901
96752 15.348887
96530 7.510593
95013 9.085135
96569 7.781905
96604 8.111702
96772 16.679762
96310 25.71722
85957 77.598
94535 88.114548
96724 12.930992
96743 14.79721
70171 46.395546
96792 17.535482
96756 15.949451
96763 17.02313
94499 27.549128
95085 28.4046
92885 32.127758
94539 26.623087
95784 42.971733
94515 81.357826
86022 70.063766
88478 60.093773
95093 37.512924
85172 40.876881
95715 54.88538
95083 209.94574
87379 73.265999
96706 11.041793
90311 122.873367
91372 64.5196
96224 15.362367
95149 48.279572
96702 10.21557
96109 8.595498
95581 8.581049
96750 15.805503
96529 7.348878
96577 8.194884
96811 69.451485
92249 110.277847
96807 74.404549
96893 62.352898
96894 76.733681
96895 81.06131
95733 76.252464
96815 72.951408
95143 268.309723
96832 296.622437
96834 101.323082
96824 55.229084
93800 77.353416
93904 37.026348
96948 75.21714
96808 128.188049
96845 205.761093
94489 67.094086
96694 10.648374
96849 30.989761
96817 184.49971
92266 274.565002
87424 73.89801
96132 9.110945
90390 63.724182
86315 99.542168
96928 30.251871
95653 26.158247
96833 61.086067
96860 52.994991
95066 48.391422
96872 64.349602
90804 77.73336
96216 15.125251
96755 16.569258
96855 15.816684
91801 76.0495
96880 90.826141
88976 76.860458
82647 82.139221
96886 99.948357
92833 188.661591
92936 76.947075
96874 48.524918
96236 17.117615
89462 80.68383
96307 71.7099
93388 46.156109
96885 43.249485
85124 80.350998
96687 10.001825
96264 51.374725
93416 43.773613
96889 31.493736
86400 75.328232
95717 31.978743
90958 76.513168
86930 75.457123
96802 42.150806
85201 77.282806
85174 79.146698
96314 63.545624
85611 80.569176
95617 11.666245
