654
40.1 -10.5 448 0.0222 -0.0017 0.0307 0.707 
96785 17.536499
96811 69.760498
96476 6.082918
95624 77.506363
96810 67.357056
96255 72.750824
95032 79.15657
92873 81.578362
92249 97.674568
94525 69.371445
96243 86.639999
96807 81.608765
96238 17.903667
95722 80.158791
96320 93.910187
96894 78.234001
96895 84.671432
96688 8.808509
96730 13.328896
96767 16.86001
96552 6.873014
95101 83.670685
94406 64.89843
96715 10.77174
96253 84.528572
95733 74.259888
95143 237.983856
96832 385.667725
96834 82.125412
96824 50.101536
96627 7.619029
93800 85.974304
84715 77.192619
96576 7.142694
93970 91.069733
96328 75.572975
95105 85.401375
91249 81.565262
95627 70.26767
95041 76.8479
96651 8.050064
96648 8.05889
96647 8.009236
96551 6.953956
96677 8.528713
96768 14.73866
96226 15.109524
96233 16.598494
93904 35.16925
93275 86.394814
95631 34.124111
96625 7.714343
96585 7.035128
96212 14.169832
91840 63.292591
95633 71.61245
92949 83.239639
95730 89.300423
84623 71.140701
85494 95.701637
96948 77.177368
92867 212.227493
96808 127.046753
96845 310.749908
86456 78.632164
96588 7.32124
83619 80.083984
95643 78.274506
95756 80.668968
90399 62.208126
94421 74.912338
96248 80.572746
96694 9.840658
96117 7.97919
95037 73.873077
96700 9.736702
96591 7.107931
96088 7.161309
96704 9.795784
96716 10.985052
88965 74.334435
96849 31.642826
96280 200.841125
96817 188.716263
92266 206.913879
96537 6.65184
87424 84.317001
96757 14.648088
96746 14.763366
96744 14.191509
86769 76.574066
95652 33.735065
96590 7.118488
96132 7.828145
96355 76.206017
94399 142.786102
85058 83.144814
85218 67.556625
86282 76.481377
87360 82.474205
83264 86.859245
96673 9.324715
96786 20.729544
96658 7.887517
96622 7.734738
96644 7.976008
96703 10.071697
96054 6.490725
86315 167.035431
93871 226.416443
84692 100.224426
96928 30.624048
95653 22.360167
96283 170.480042
95725 279.785828
89938 221.091797
96833 72.163406
96860 53.205017
96084 7.276991
96656 8.24787
94443 76.294601
96356 40.380138
96574 6.874763
95108 29.345659
93354 39.512035
96872 60.778526
87446 69.258705
79529 69.828003
83155 64.839783
77126 77.951164
92304 100.599144
96624 7.41874
96615 7.55195
96720 11.283587
96539 6.941884
96699 9.771222
96745 13.771696
96597 7.320362
96134 7.921117
96125 7.992764
96859 16.027388
90804 82.378647
95734 165.408157
96713 11.435624
96136 8.008944
96685 8.381458
96773 16.788023
92965 81.430336
96294 46.389782
95670 21.209999
96301 91.273277
95749 80.578888
96293 31.104216
96216 14.717753
96755 15.245155
96855 14.347375
91801 87.174644
96225 14.753264
95632 22.000933
93296 40.30146
96880 95.086502
88976 75.383675
95070 36.984299
91744 43.22961
96605 7.478635
93907 323.524567
89790 79.480553
96628 7.486526
95034 16.934153
96886 102.304977
88923 128.955994
96728 12.452123
96292 23.731113
96097 7.323047
92833 204.059296
96220 15.18849
95086 66.20948
93442 78.244118
92936 102.930161
95748 48.897831
96800 20.680834
96874 47.416512
96664 8.122847
93796 14.785642
96236 16.355448
88959 75.900871
85542 68.811401
85516 71.312874
86761 65.842194
90429 74.817009
96307 81.489899
93388 45.470955
95078 37.673275
96885 47.776295
85124 77.980362
87403 45.889931
93408 64.395287
84710 65.679436
96219 15.017332
96698 10.605548
96752 14.196331
96687 8.183204
96724 12.877627
96264 47.171703
93416 47.593849
80445 68.214493
96678 8.541447
70171 49.29871
96792 17.811016
96889 27.895372
86400 90.728813
86022 77.839844
96763 16.938534
95085 28.197367
95717 31.46471
86930 64.511406
96802 41.502037
96776 16.436094
96788 16.038074
93810 23.609705
95784 42.497356
85201 99.860336
85174 82.035233
88478 73.78595
96314 55.878132
85611 68.69973
85901 90.775833
96182 9.657721
95617 10.94295
96224 15.912481
96750 13.467354
96366 83.742401
96245 69.554947
94404 71.152657
94408 79.702019
95773 72.110138
91877 79.063927
96261 27.665071
96722 11.996038
87269 73.757668
96714 10.796199
86358 67.268578
90853 70.472374
83618 76.235298
96797 23.061962
94453 87.722588
95067 76.940086
95768 72.014458
95148 69.726028
93877 78.75016
91372 76.532997
82068 73.018097
96888 29.662313
96310 33.289921
96798 22.238554
96227 14.415676
93997 52.570736
85172 34.933689
88884 67.802605
85938 89.353195
96759 17.571535
95019 8.428662
