658
413.8009 -37.5727 178.3624 0.04468154508683367 0.5834346037481147 -0.028544391874914088 0.8104275663934594
96009 77.127686
96011 69.648018
96518 67.044495
95426 64.100166
95527 78.115623
96655 72.370247
96010 73.031952
96634 69.148972
96144 75.811165
96522 86.22998
95994 70.973724
94810 62.180714
96020 68.872223
92557 91.06842
95532 63.762253
94900 82.033112
95965 15.178106
96005 30.404396
95942 12.184464
96524 44.517487
96527 76.704948
93669 70.097794
96126 66.854622
96102 84.049156
86981 139.023865
96515 24.435368
91505 79.446243
92606 73.298767
96021 68.846092
93776 79.763084
85903 71.088936
96000 74.874352
93041 59.264
96355 8.640022
96350 8.572824
96420 11.137785
96454 11.932268
96104 33.636784
96449 12.86266
96022 35.936012
93043 62.69828
88999 58.634686
96145 63.686153
96026 81.113602
89532 80.41256
91498 213.671356
96647 76.562523
84262 71.732986
94960 65.287094
92077 66.952248
87615 70.557335
96034 82.849747
93059 68.058037
96379 9.723276
96404 10.507849
96357 8.575846
96472 14.47532
96485 17.405991
95922 10.905345
96544 52.660545
96543 24.537533
95466 49.329731
93666 31.569204
95578 89.645218
83792 81.017876
87894 69.460602
84138 67.871811
83716 88.003426
90503 70.751122
84553 69.938751
96285 6.858876
84949 70.434464
96056 293.124023
96052 121.004028
90563 91.319878
96364 8.66484
96446 11.638832
96356 8.709084
96434 12.236377
96541 18.101974
88028 72.234001
94355 26.636433
94334 179.050934
96065 83.08036
96063 193.577484
96457 12.880703
95478 195.266541
95908 9.751677
96057 45.142208
94259 52.172497
86530 78.754799
84281 107.570007
86000 101.09845
96504 17.727135
96567 57.94183
96557 212.583176
96487 16.393915
84670 71.325287
83301 70.259117
96377 10.152152
95399 12.998936
95982 16.149139
96563 21.219709
96153 68.528099
93167 88.667603
82709 68.613991
96455 12.977816
96076 378.972687
95496 71.653458
85380 116.773369
96503 17.171263
95903 9.603184
96148 56.443611
94274 29.192135
93712 47.587429
96579 57.371223
95548 88.079712
96116 85.091812
95379 10.88357
96501 16.78993
84991 80.626457
93785 78.837418
90425 71.763184
92037 83.16169
96430 11.930564
81743 67.118553
96405 10.60701
96441 11.491084
96565 11.214835
94870 26.406919
96055 28.304199
87015 81.40789
95367 10.865692
96473 15.524618
93729 153.963181
96594 210.066422
94317 209.526642
84607 77.927254
94956 67.592224
91573 77.679398
96497 17.750324
96400 10.657202
89395 35.051701
92054 61.974987
84579 60.555382
96590 72.293625
87613 68.808418
92048 75.938995
96630 73.854179
85009 81.72982
95912 10.853379
83780 83.971634
95930 11.759882
95381 11.773379
95980 16.613691
96367 9.507312
90464 64.761086
86048 62.734207
95915 10.777285
96411 10.935488
96031 12.661724
96599 128.594299
91516 27.611179
92558 28.489859
91934 43.546669
96406 10.741734
96461 12.698489
94829 12.642766
93732 66.894409
96122 40.123207
91981 42.705856
96118 43.914986
95899 10.28983
96436 12.18367
96088 34.840061
90486 74.911011
93734 68.973213
86101 64.715546
96597 55.660419
84203 61.494843
82711 62.355957
96632 75.572075
90517 70.425873
84946 74.199799
93148 69.810349
84683 97.187973
96652 150.717239
96071 19.833273
93718 32.058014
95522 38.565601
96458 11.824549
96447 12.026893
96622 13.95308
96509 15.879375
95958 13.976944
94378 77.913391
94809 69.907951
96658 70.564781
88917 200.994492
95984 17.519276
85914 487.520782
92443 71.161034
96275 6.599617
96332 8.04093
96262 6.023075
96273 6.641744
96352 8.490125
89032 67.525734
91456 80.46019
94390 67.614357
94896 73.524101
96680 70.957466
96282 6.672389
96333 8.328847
96270 6.703402
86554 81.298973
96429 11.324335
96337 8.502596
96272 6.666224
96378 9.745122
94819 90.124245
96469 11.386309
95987 16.069122
96418 10.597512
96403 10.808727
92469 75.824745
96424 10.875313
96500 18.470901
82259 65.193932
82264 68.183731
96291 6.944002
95365 10.903941
96376 10.54859
96281 6.815665
96371 10.064092
92038 285.872711
94953 52.223129
92531 36.427788
95364 11.010002
95960 13.220943
95486 12.997605
92452 19.455908
94894 47.692329
93825 63.442776
92619 64.375374
96480 14.615316
84980 63.633183
96596 67.470131
85593 69.741341
84956 81.874458
95360 11.176443
94803 11.047488
