67
5.55 0.51 48.4 0.00216 0.000186 0.0446 0.706 
9300 28.11721
10025 27.968601
10013 26.336933
9603 48.555714
10107 56.248619
10005 54.63792
10031 23.631714
10001 46.590599
9702 47.129692
9599 49.008781
9708 27.242544
9998 22.345806
8736 52.463455
10110 22.810452
9601 23.11788
9265 44.764469
9189 49.868214
9602 49.195969
9600 49.782204
9552 15.876159
10019 29.131201
9875 8.97613
9901 10.466058
9394 6.982132
9441 7.119813
9947 15.405285
9969 15.1844
9980 15.840565
9963 15.323521
8373 47.360279
9196 45.295807
10008 52.239025
9616 29.475883
9707 28.634968
10010 119.38707
10009 47.160145
6564 49.166641
9598 23.649714
8793 47.258064
9595 46.717766
9202 46.039654
9597 52.923439
10124 38.504566
9993 19.972004
9606 35.980911
9554 15.180828
10033 23.611637
9511 11.26649
9915 10.882302
9622 48.809879
10113 34.677574
8711 15.295759
9182 18.529219
9188 54.517834
9623 56.654613
9774 6.618367
10002 114.865944
9613 22.280769
9970 15.441409
9147 15.35646
9631 50.235107
7817 44.78878
8290 23.742472
9618 26.308126
9630 52.690258
9551 15.86307
9568 15.140433
9206 29.053097
10121 15.609299
9513 11.379269
9900 10.605176
9528 11.433915
10021 53.703583
9558 15.653279
8680 12.413922
9802 6.856568
8198 7.160453
9633 51.586746
9596 58.929062
10050 29.144169
8739 24.828815
5288 41.48143
9627 21.808407
8741 14.959719
9936 12.142477
9885 9.475855
9913 10.849277
9159 15.656466
8750 43.668552
8346 50.172394
10062 50.750214
9418 6.974096
10058 31.272562
9545 14.040328
9663 27.096304
9021 7.226705
9493 10.167807
9635 30.539215
8686 13.824796
10055 39.32095
8792 27.414967
8722 15.520956
10150 21.141924
9929 12.614555
9972 15.235856
10131 23.368168
9207 30.580542
9753 57.797329
10153 44.944115
9655 36.008659
10133 50.072697
8820 22.702965
10061 57.442841
9662 27.181438
9660 51.212307
6573 51.087879
8318 51.402592
8803 43.798973
9659 52.620396
9892 10.42116
9519 11.311485
9871 8.604455
9497 10.530083
8265 13.802019
8301 14.615485
9153 15.899404
9932 13.635633
9945 14.414474
9122 14.668389
9556 15.733642
8297 15.736995
10135 35.333435
9278 21.08695
2391 26.720495
9233 22.703775
9226 26.76882
9720 33.223732
9985 16.040504
7452 56.443611
7824 45.871033
9666 40.09129
10132 45.020908
9653 51.845779
10175 26.43231
10069 57.368629
6663 26.134668
8316 23.265001
3220 50.085335
4864 47.21344
7417 48.443104
10074 39.939739
10076 36.067768
10077 34.414463
9479 9.650954
7443 14.646115
9678 23.617344
7080 25.544865
9670 29.645002
9958 15.157207
6209 27.305098
10081 58.158344
9283 52.673649
9239 46.761459
7 36.926872
8 26.373413
9676 56.400997
5708 21.819984
9674 24.981388
6566 25.864025
9242 54.20649
8764 53.275993
7877 23.529743
10070 46.535286
8777 46.088772
9692 46.445427
10085 46.531876
9110 12.841993
9911 10.593747
9982 15.738569
9298 45.804859
8323 48.837658
9682 30.416048
8826 59.308281
5740 59.822315
9683 29.445812
9725 22.952181
8354 41.519402
9240 25.630547
10165 40.645195
10101 95.831985
10088 53.339092
9686 44.541531
10089 62.058571
10090 50.228748
9687 49.394581
9689 49.663067
10094 23.922525
8773 50.774967
10141 54.191223
8772 46.988449
7880 42.923225
8810 48.793755
8774 42.361702
9937 12.792496
9951 15.169848
9665 28.432709
8643 11.284348
8684 12.912684
10142 32.078579
8273 13.779646
6570 12.558619
10098 48.647964
7044 25.721804
9248 32.279972
9694 34.105232
9252 50.044285
10099 52.649628
10145 60.534599
10100 64.142899
9260 35.323803
10103 27.033436
7427 23.782042
9250 21.966759
10104 20.448412
8813 24.295412
9251 49.021648
8811 48.164219
8778 53.262142
9144 14.863606
9956 14.247806
6618 44.787834
10106 38.576145
8659 11.226553
8784 48.413189
10012 29.035627
10016 53.097355
9995 20.584198
9458 7.426089
9779 6.678298
9476 9.127052
9216 24.505337
10167 36.797199
9739 47.290798
10032 30.995661
9443 7.274257
8340 23.962517
9940 14.099373
9224 26.579794
10170 41.226929
9671 50.455841
7016 26.852245
9974 15.686142
10173 55.052399
9232 43.386005
9907 10.677214
9135 14.730967
9680 43.764862
9726 46.091785
7076 26.518078
9962 15.463148
9247 52.182358
9917 11.071006
10097 46.799713
9261 25.477272
8781 68.733566
8360 21.704348
9697 26.413729
1555 26.549788
9137 14.134082
