671
42.6 -14.3 463 0.0224 -0.00188 0.0307 0.707 
97832 61.096649
99012 218.786057
98488 60.413944
99570 51.492416
97347 52.1605
98933 63.157558
99494 57.266193
97337 58.933712
99072 59.980247
99427 14.612122
97346 60.95911
98456 66.635384
97933 60.288044
99572 49.909172
97842 67.115005
99352 8.773919
99408 13.958969
99374 9.71557
99482 23.182867
99580 55.78315
97932 59.351242
96245 58.906788
95153 54.072857
97830 71.261055
98455 63.963284
99060 78.533455
99056 54.229633
99585 57.206348
96248 52.712784
99506 62.706947
96894 62.874588
98388 59.202118
99500 50.679333
97420 61.351654
98516 60.268875
96383 67.903023
99376 9.654211
99437 15.193468
99380 9.505575
99491 35.318695
98883 13.482022
98364 35.517628
99627 34.291248
99332 8.688955
99442 15.681189
94406 47.316696
98356 63.133698
99493 58.034237
99511 23.410856
96810 46.520966
97862 57.039089
98527 59.862354
91877 47.048328
97478 51.219746
91840 50.937481
99515 58.13332
93805 60.259438
95041 61.647678
99355 8.553966
99438 15.280558
98357 15.512558
99519 15.61091
99287 6.380652
97827 21.126379
99419 13.948851
99343 8.357553
95633 53.225086
99327 8.563407
99337 8.291953
98941 24.070927
99386 10.431363
99535 53.383484
94404 51.209419
99061 62.185284
97878 101.470016
96845 288.849762
94496 54.572182
99071 56.453648
99594 60.128769
98493 53.716301
95101 68.892395
98339 9.744808
99381 10.505632
99333 8.187783
98936 19.214417
98879 13.072257
96275 35.486465
97845 20.286175
84703 60.557114
96350 61.281197
97973 96.4944
99030 216.338409
98394 33.566727
85218 47.993855
99420 15.295133
99507 13.311488
99439 15.241095
87424 62.552597
99076 58.757641
98463 60.036106
97896 61.527615
87269 66.608299
98909 55.741528
92447 61.066097
92263 61.748089
99559 55.706806
98859 8.795076
99388 10.852655
89920 61.375969
99319 7.944341
99328 8.216175
99314 7.668478
99338 8.464616
99353 8.963358
98977 20.402586
83616 69.50927
99435 14.43895
99599 33.929016
99544 24.2864
83155 53.307076
99083 17.298403
83619 52.34927
86358 48.30381
98969 15.491591
98966 25.283468
88965 56.961189
95112 58.30098
85051 66.907806
97350 59.768822
98980 36.89962
85896 53.3983
99078 61.092533
98522 52.467571
87446 57.492512
79529 58.526062
97874 60.806465
98950 9.441775
98344 9.483443
99421 14.02154
99560 22.080187
99564 24.766403
95066 34.61425
99342 8.220611
99475 18.557486
95631 21.583801
98902 14.216959
80445 65.37178
99449 16.0534
99418 16.38945
99604 66.05658
99480 17.983068
88959 58.762806
97441 57.858482
98983 19.777493
97865 37.992214
95149 31.897621
93388 27.294535
85104 61.897358
97406 62.453625
93997 56.056206
98989 45.856129
98520 59.158268
85901 64.465157
96880 59.279491
89790 75.304108
98340 8.809694
96849 14.925207
99478 17.512655
98984 33.41201
97904 30.352659
99052 19.832529
97978 19.691751
98893 15.473699
92936 62.306705
93904 19.783285
93311 30.780956
97905 72.937164
99452 18.52895
88873 63.38562
97915 57.626469
94515 65.52626
97440 27.631424
98987 48.690117
98995 65.244164
91744 26.828648
98985 70.186897
99566 50.749401
95148 55.592686
85169 67.438606
93408 44.246685
86761 48.128445
82647 61.056702
95719 87.198586
85611 68.586937
99311 7.599662
99569 23.281122
84692 65.82991
99432 14.166908
99972 16.403358
91903 227.87439
100006 20.01437
100021 20.586199
99937 14.589561
100023 20.87936
99489 53.292313
99794 8.781272
99739 7.80655
99836 9.651057
99691 6.756245
99747 7.893871
99981 17.606907
99915 13.206315
99744 7.836095
99939 14.687984
100024 20.973701
97833 35.831074
100034 21.133621
97924 63.37376
99946 14.980488
99918 13.382632
99608 54.689682
99832 9.59255
99848 9.92347
99870 11.078577
99992 19.341063
99987 18.791374
99840 9.719556
99858 10.244659
99777 8.455902
99874 11.347121
99916 13.374148
98908 37.186806
99770 8.314003
99960 15.87473
99826 9.516337
99695 6.826671
100051 57.206348
97928 55.455048
96893 48.618912
100009 20.095314
99028 66.997459
99811 9.199033
99721 7.349865
99734 7.777597
99824 9.503512
99830 9.558387
99702 7.029046
99869 10.995476
99833 9.619754
99994 19.485998
99738 7.804381
99709 7.219852
100014 20.227821
99882 11.651454
99780 8.52101
99852 10.063788
99991 19.259291
99510 21.150515
100018 20.358955
99974 16.479387
99813 9.229277
99782 8.563136
99587 61.011528
97423 59.077911
99940 14.709094
99748 7.943843
95038 58.558849
98523 61.320255
97991 60.83559
99789 8.738867
99834 9.62982
99820 9.709361
99941 14.773808
99412 13.914678
99982 18.31164
99887 11.776654
100000 19.792782
99336 8.331303
99856 10.313378
100022 20.761873
100004 19.91613
99973 16.40976
99358 9.269891
99781 8.547822
99957 15.690392
92950 60.875832
99943 14.834708
99772 8.394327
99736 7.784179
98005 60.985893
98519 56.85218
100013 20.218805
99875 11.381492
99703 7.118169
99722 7.393561
99543 43.32983
98359 13.308475
99891 11.8584
99878 11.472566
99790 8.743091
99919 13.438455
99935 14.321908
99776 8.453369
99849 9.93298
99733 7.741754
99765 8.16226
99920 13.53634
100002 19.85597
100007 20.031353
98973 70.392006
99997 19.666687
99956 15.687446
93994 54.098656
98926 16.251015
99879 11.491458
98442 50.166451
83264 71.377403
99763 8.143045
99705 7.127917
99784 8.646243
99886 11.759011
99938 14.651568
99758 8.065203
99873 11.198627
99846 9.812495
99934 14.242389
99895 12.192326
100020 20.551487
99914 13.134202
99999 19.765919
99922 13.626241
93869 62.689228
99407 13.050094
85599 52.607426
99964 16.033943
100008 20.084383
99369 9.492048
99786 8.663158
99399 11.863208
92965 67.318497
97977 36.907986
99950 15.255485
99959 15.866837
100012 20.154184
100005 20.010395
98476 39.610874
99759 8.076091
99863 10.599945
99844 9.780124
98342 9.272172
99712 7.276074
93416 29.218058
99750 7.946042
85938 50.368046
99947 15.108139
90429 56.556217
99988 18.974142
99068 22.36371
88876 58.024956
96301 64.314087
89415 48.091812
99998 19.686441
99926 13.800429
99948 15.133145
90946 42.317944
99980 17.191719
99968 16.127155
99829 9.545915
