673
425.7139 -38.76538 182.1916 0.04568725474837213 0.5877400964442512 -0.02804601276750254 0.8072717478972645
98745 64.401817
98889 68.27739
99313 62.126572
99299 19.140804
99265 17.717688
99317 57.852882
97037 66.957893
98826 49.795673
99315 61.677319
98867 56.139465
97551 59.973309
98829 69.126389
99320 52.638279
98890 57.918049
99186 11.771459
99280 18.027279
98164 40.43362
99243 14.996655
99419 52.683701
99306 49.362328
98828 48.336536
99405 21.239937
96011 58.447144
98895 68.968346
97690 223.023376
99415 21.867811
98196 22.155918
98865 56.545391
99330 59.957596
98681 12.682764
95585 47.832977
98751 48.340401
97553 50.935436
95531 61.710583
99462 56.052002
94900 57.722721
98262 57.796276
99117 8.387514
99109 8.309074
99103 8.162649
99308 20.00737
98172 35.31575
99344 18.598085
98158 35.012951
98763 18.950417
99312 24.709208
98174 52.678017
97027 55.119301
98738 21.854076
97544 65.136749
98335 61.754318
98776 21.661995
97698 19.675949
92447 55.309418
98759 59.458778
98336 59.592697
91505 55.836861
97063 63.936878
97135 48.714771
97056 55.683849
98662 12.389797
99287 18.762724
99125 8.528782
98771 19.18487
98661 11.971139
97570 34.913811
99296 18.886892
98710 14.749649
99291 18.644611
98159 34.970531
97576 60.541527
93669 64.985764
97738 46.966206
97582 22.167017
99311 58.419987
99464 58.074306
98307 23.446404
94896 62.914299
94390 64.268356
97075 150.443634
98627 8.261068
97769 50.911751
99368 72.934235
94966 51.480518
98633 8.117789
83792 71.104057
98695 14.48075
97581 20.576126
99148 9.741564
99163 10.502079
85390 55.994663
99374 75.295181
88999 53.289852
99213 13.68745
98130 11.805182
99283 18.579857
96690 69.27108
98795 60.765732
84949 60.052147
92637 68.441681
87894 57.816273
98750 59.069118
85903 59.909798
92636 61.532085
94968 62.892025
96680 55.445484
93060 55.151855
97752 53.755863
99153 10.268366
98666 12.357152
99292 19.559704
95433 23.654207
93049 57.993027
97574 18.899485
99325 10.532965
99094 8.100702
99190 12.138417
99206 13.132979
99377 22.830626
86530 65.921227
97643 37.290974
99286 19.145536
79515 63.381668
88028 60.491062
98904 57.756325
83737 70.149292
91066 21.439259
97604 19.075197
98721 14.577704
97605 14.734077
99381 25.144009
96634 54.576401
84946 52.926968
84670 54.152058
82712 47.03857
83301 55.774086
84956 82.184937
99227 13.891118
96527 63.021854
98626 7.285833
99115 7.974475
95454 23.348083
99230 14.517681
96021 65.077675
98818 58.503616
98127 11.957974
99279 18.903536
98219 25.943966
97092 39.858261
95548 57.177246
99336 25.61359
97160 65.559921
99390 56.586205
99244 14.658468
82709 64.513046
99231 14.46846
90464 78.062805
98679 12.598794
98227 21.21418
98733 16.976299
99285 18.964054
97655 47.599201
98349 70.839714
99159 10.283714
93825 59.001064
99255 17.042318
92054 45.182518
98689 12.529932
84157 60.252289
89543 61.759949
87613 49.911526
97641 30.104578
97635 26.647163
79547 51.084591
97668 23.721806
99402 53.852283
98830 80.783264
92035 23.936119
97610 19.71064
98799 22.398024
93167 69.956474
86048 44.544659
99228 13.448188
99160 10.12872
95578 81.524422
93712 36.037472
99251 15.71118
98659 11.391191
98629 7.80653
99018 6.162261
99414 61.757397
98869 58.827793
98891 67.696709
99102 8.075535
99064 7.253351
99208 13.015188
99048 6.867491
99253 18.703041
99144 9.993232
98911 54.861671
99432 55.267056
98257 66.839493
99361 69.963409
99264 18.300083
93806 60.010292
98204 50.030285
95994 53.269291
97747 50.595745
98604 7.385254
99106 8.037786
99127 8.811076
99351 59.830486
96025 56.039139
96658 55.15976
98613 7.859839
99425 47.867142
99059 7.364117
99101 7.961168
99157 9.899847
84286 43.922123
97764 57.368629
93692 153.59845
98639 8.755459
99054 7.132005
93785 63.325729
98807 62.974979
99245 14.46691
92465 59.807102
84133 60.86533
99209 12.661294
99191 11.593952
98819 22.575277
95530 59.919407
99378 30.874945
98855 32.532169
94935 21.230564
96057 37.942955
84991 68.437622
98760 12.481071
98634 8.346584
99176 11.499741
99185 12.219094
93148 65.076004
90541 81.892143
99161 11.341001
99428 25.840607
99271 19.348429
99429 69.310867
84579 54.327297
92558 18.606642
99239 14.027952
81743 50.016495
93787 51.952244
99145 10.694552
94242 19.555668
99218 13.630219
97528 8.142689
97016 7.144936
