678
45.8 -11.9 468 0.0203 -0.00165 0.0277 0.707 
100641 57.164375
100652 58.930702
100536 14.498919
100646 58.16021
100655 61.757397
100645 56.16193
100533 13.725022
100046 65.784897
100042 45.370728
99572 46.18565
99574 51.27475
100190 58.146099
100651 60.004906
100403 8.424022
100639 30.375017
100067 48.824894
99623 48.824142
100032 58.539009
100600 17.882315
100669 59.212124
95038 56.515194
97924 56.93029
98456 59.224064
97346 52.193939
98516 56.631371
96245 54.369625
96811 49.208549
100521 13.59881
100156 43.395195
99570 48.13866
100439 9.199533
98493 56.569317
100675 56.074768
97842 61.046135
100044 48.125893
100766 49.364246
100423 8.959462
100457 10.062433
100435 9.245738
100538 14.716048
100571 14.501469
99992 13.883677
100529 13.542576
100372 8.050451
100714 28.0411
98364 29.054293
100541 14.369485
98455 62.610497
100057 68.848328
94406 48.798439
100615 18.093401
100463 9.841166
97830 57.254833
98356 57.717739
100534 14.061345
99587 58.989826
100780 60.164093
98495 52.959633
93805 55.585873
98000 47.582973
99571 38.042404
99071 58.637932
94408 49.603325
95627 47.110462
100196 46.777306
99937 9.042378
100373 8.351695
100380 7.70871
100522 13.74219
100555 14.654003
100414 8.542539
100406 8.519696
100034 15.831432
99915 7.946284
100553 14.569042
100582 16.307566
100677 49.950985
100678 50.185085
97921 54.817627
99060 74.68985
100631 18.768021
100121 17.835178
100583 16.982407
99482 18.120287
97337 53.416267
95032 49.223904
98519 56.95359
100135 72.290337
90399 48.432575
100724 51.065487
100481 10.454307
98397 16.85323
100318 6.606057
100715 39.948784
100562 14.723658
100493 10.86692
99994 12.764755
100454 9.493424
89790 66.555763
84703 67.051933
100066 14.670388
100014 15.067934
99979 12.04407
100416 8.280168
99455 10.760282
95633 43.977028
100695 50.014328
96810 46.494057
100433 9.034813
100407 8.084767
100526 14.181588
91840 45.084679
99061 53.182293
99056 54.674614
100376 7.860335
100429 9.331649
100668 20.236959
100051 54.077808
87269 51.585281
97874 48.076702
100459 10.058162
94404 44.69751
94421 46.975586
100180 64.697083
83616 59.740707
99463 10.539556
100523 13.021994
100506 11.542603
100559 14.31445
100000 15.312172
86358 43.989822
100409 8.485802
96842 46.052006
100551 12.493987
100702 54.360668
100492 10.492257
100055 19.828102
100586 17.299864
98522 54.909824
86405 72.088142
85923 65.795509
97829 17.597527
100077 10.280152
100473 9.876334
100434 9.116452
100426 8.935829
99957 10.484349
100195 52.697033
97845 16.53091
100630 18.804062
97827 14.254426
97865 29.471642
83619 49.061226
98520 45.630081
99916 7.99531
85058 53.140347
91905 61.824741
100680 19.650923
99976 12.131437
97398 52.250198
100458 10.067139
97937 18.065205
88965 60.918903
100556 13.482881
99996 13.752965
100470 10.052175
100441 9.115314
95793 16.915432
100596 17.653519
99078 55.076992
84647 71.826698
100598 17.587158
100603 17.624329
100627 18.804035
100734 8.377157
100417 8.857311
99515 66.952248
98989 44.042912
86761 47.195721
100704 20.671711
100623 18.53368
69266 65.16449
78912 68.522919
91744 19.584438
85901 69.305664
95101 66.659164
89920 49.337399
100513 12.901849
100432 9.652876
98936 14.558187
100467 9.664791
99888 6.239713
93408 37.659088
96857 59.130726
100617 18.262346
100579 16.697416
100455 8.498169
100449 10.781713
98990 52.772579
100485 10.266506
99999 14.687083
95652 14.616999
92902 17.620733
100706 57.367336
98966 19.889555
98476 32.703735
95149 32.629795
80445 50.928902
99604 56.859051
93354 18.308922
98531 18.249121
92427 17.175652
85516 49.227528
86878 60.96233
93388 22.434525
85938 77.447517
91931 49.111408
100503 11.960519
84692 68.131058
99424 8.357333
99881 6.234188
100712 57.408566
99008 48.131363
100133 50.87178
100563 14.059228
99638 58.262402
100550 14.440493
100016 15.750852
99491 30.463909
100721 60.030998
100068 17.885073
94496 65.875237
96350 62.538349
95105 56.680908
96332 62.577023
100137 13.99808
95781 64.695107
100431 9.192934
98472 20.070925
92449 46.437958
96880 80.320511
85599 49.836613
100099 20.980511
93311 33.02829
95631 15.060322
100117 61.540733
97432 19.513632
100516 14.384116
99435 9.613462
