679
45.9 -12.6 469 0.02 -0.00166 0.0273 0.707 
101110 15.437472
101054 13.221742
101137 16.599838
101057 13.243361
101092 14.110024
100651 55.317608
100877 8.130626
100865 7.739565
100883 8.232024
101017 12.024797
101005 11.24116
101080 13.738861
101076 13.672715
101097 14.258843
101208 18.75289
101146 16.746052
101220 19.94063
99487 54.471535
99488 54.982922
101182 17.271185
100041 53.125343
100046 62.538967
101010 11.472555
100999 10.987009
100933 9.170755
101127 16.371325
101169 17.061207
98456 57.244766
101132 16.462107
101205 18.456944
99008 47.029167
99623 43.93063
101096 14.206527
100652 60.855415
99573 58.386684
99574 49.358871
100827 7.268628
100965 9.757146
100890 8.329019
100844 7.46888
100899 8.460611
100884 8.240399
100893 8.361185
100967 9.798761
100992 10.388103
101077 13.711568
100536 13.150876
100993 10.448423
100885 8.240988
100639 30.095732
101055 13.229757
101051 13.17743
101101 14.535792
100713 27.455624
101187 17.563005
101079 13.732636
100133 51.086441
100600 17.283302
101149 16.78404
101197 17.98531
99576 118.891251
101219 19.829618
100981 10.036382
101001 11.000524
100642 52.637192
100712 50.735821
101180 17.208723
100935 9.250169
100998 10.94378
100190 56.430569
101144 16.694124
101189 17.613134
101156 16.872194
99570 43.012192
100042 46.678444
97347 43.500729
101075 13.667477
101033 12.624091
101053 13.189308
98493 52.096737
101155 16.860905
100717 58.642807
100766 46.998188
97842 64.392021
100044 48.023254
100826 7.263
100961 9.684705
100970 9.857018
100892 8.356575
100403 7.666225
100905 8.64873
100880 8.196831
100872 7.942707
100975 9.907152
100955 9.584645
101081 13.761131
101025 12.473935
101011 11.48487
99992 13.206673
100814 7.147244
100855 7.574615
100572 14.957129
101061 13.373191
100952 9.551773
101228 21.14143
100655 59.584869
100067 48.59473
101126 16.313641
101204 18.453377
101045 12.906673
94406 45.471931
101143 16.688026
100963 9.739558
97924 56.993141
100051 54.66626
97830 58.137714
97932 51.577946
98376 59.732349
95038 52.936234
100631 17.622274
101157 16.892212
101199 18.015158
99571 43.811817
100780 54.529537
100675 57.288925
101066 13.475928
101071 13.565025
101047 12.967744
101158 16.946466
100721 58.491558
100196 48.366356
95627 46.65564
100834 7.357956
100988 10.15769
100980 10.026367
100900 8.471153
100436 8.739697
100915 8.773046
100969 9.842488
100928 9.096914
100932 9.160707
100423 8.791631
101073 13.652755
101007 11.300333
101058 13.257184
101067 13.498386
100571 13.734374
100866 7.743982
100034 14.349839
101212 19.034487
99491 30.775436
100922 8.955634
100974 9.89471
101000 10.606611
101231 21.492413
101125 16.216486
100154 27.789774
101105 14.704598
100139 29.185022
101130 16.434795
101209 18.7941
101085 13.892957
93805 52.730949
100678 45.618279
97921 56.405003
99060 63.308048
101176 17.106962
100615 17.018726
100068 17.041506
101124 16.204029
100978 9.989584
100583 16.64543
100829 7.292766
97862 51.816799
98516 53.556942
97337 53.087811
98356 57.512035
98005 57.723412
100135 57.506828
100742 64.798882
100919 8.900802
90399 44.745544
91840 45.794781
101188 17.590982
100682 43.492088
100016 14.397406
95633 51.053787
94496 51.76516
100495 9.870578
84703 58.902279
96810 43.177143
100414 7.921908
100538 13.833861
100555 14.240361
100971 9.865747
99463 9.830344
101035 12.675043
101203 18.319656
100668 19.343979
100093 51.312248
100022 14.561091
101221 20.319029
101072 13.576772
100909 8.711593
100695 45.876835
95105 56.211273
101133 16.500284
97829 17.820587
101193 17.699587
100853 7.550423
98519 54.918846
99076 58.31731
100882 8.224849
100894 8.376483
96332 52.473316
100534 13.235493
101004 11.111825
101164 17.014782
101117 15.806546
99061 54.969479
100953 9.566361
100726 54.502857
101214 19.166454
98534 50.76614
93820 51.991272
100610 16.250286
101153 16.846546
101162 16.984201
98495 48.585434
101114 15.679602
101150 16.818325
94404 47.644737
101038 12.781482
100987 10.134119
100180 64.52681
96350 57.192436
86358 42.274837
89790 61.143124
100522 14.066578
101036 12.677169
101019 12.23501
101198 18.006952
101046 12.936043
101090 14.042719
100917 8.78507
100768 17.277988
101201 18.306849
100918 8.78944
100913 8.769073
100873 7.990048
100818 7.195758
100841 7.452532
100837 7.41312
98394 26.866674
100407 8.05133
100562 14.141826
101086 13.923862
85923 63.802013
100943 9.394311
100920 8.90737
100947 9.477456
100939 9.334488
101196 17.968184
101135 16.590145
100966 9.765759
101200 18.023441
101211 19.018667
101210 18.941767
101151 16.835815
100137 13.077373
83619 41.568054
100997 10.846223
101118 15.902957
101108 15.262011
100630 17.926361
101183 17.300406
101163 17.007013
91905 58.468399
97874 49.064068
100904 8.558843
100609 21.620804
97845 14.621442
100976 9.977788
100874 8.02599
100946 9.470601
88965 52.7677
100948 9.509283
100983 10.046998
100958 9.638517
101100 14.494617
101185 17.483292
100009 13.917758
101111 15.440138
100702 53.129898
99515 51.362675
98520 47.356571
97827 14.196204
101215 19.172531
93311 30.878248
85599 52.692333
83264 55.100647
78912 60.583691
101184 17.429329
100627 18.319935
100598 16.457798
100526 12.52914
101012 11.645577
99996 13.550928
101165 17.030685
100926 9.054098
100515 12.23666
85901 66.335365
100875 8.054427
83616 64.423378
101021 12.269335
95101 51.361847
101032 12.616266
100475 9.748368
100066 14.08558
101009 11.45946
100910 8.728548
101060 13.346433
99994 13.604404
100851 7.532769
101030 12.556318
101015 11.818034
101023 12.454522
93408 48.785316
100903 8.549209
100950 9.540364
100937 9.317286
95163 50.002018
91931 48.563789
100896 8.396664
100962 9.686375
100706 72.811714
100531 13.076053
93388 18.844114
80445 51.061588
99604 54.628517
99979 10.530703
100985 10.12114
101159 16.947983
92965 56.501366
100117 60.0327
98990 60.172642
101024 12.465952
101014 11.814054
101003 11.055567
101181 17.258171
101166 17.047947
98476 37.453957
98442 43.191677
96880 65.047005
97432 19.234585
93354 17.050785
85938 78.341499
100984 10.063825
89920 35.423317
95631 12.255412
101222 20.439821
95066 27.9755
101031 12.610679
100559 13.983562
100914 8.772586
100850 7.531777
100646 53.159031
100613 16.892662
100669 60.69915
96811 64.535339
100372 7.039362
100616 17.258018
97346 51.580566
100156 45.030167
100435 8.3512
100550 13.75091
98364 30.225807
100057 61.373299
94408 48.406178
100136 54.151939
100380 6.974303
99937 8.18943
100484 9.503214
100677 51.611065
99482 17.014578
99071 56.240646
94421 46.816273
100416 7.790173
100433 8.287418
99056 48.995926
98943 17.503412
100454 8.669832
100680 20.027388
95781 61.864342
100077 9.477371
100429 8.442184
97865 34.82019
100388 7.129726
100473 9.308107
100431 8.150865
100596 16.751143
100636 19.66189
100519 11.982977
100481 9.773282
100556 13.103495
69266 60.085529
85058 54.087364
100099 20.426968
100704 20.185062
91744 18.919193
100523 12.743225
100432 8.541562
100734 7.909248
100579 15.326678
100121 16.654913
100506 10.997294
100485 9.446766
100617 16.822802
100055 19.333113
95149 32.755527
100513 11.645748
100623 16.791552
100603 16.711094
100516 11.859441
99435 8.176345
98936 14.613198
100470 9.146496
