685
434.4438 -39.58607 184.9369 0.048088361942347446 0.5881800296757765 -0.024975000496345164 0.8069126417937148
100479 62.828552
100489 56.122841
101104 15.632933
100494 42.197865
100579 50.692684
100496 45.14991
101214 51.428402
101191 39.780231
100956 9.843389
101108 17.209936
100850 7.758828
101222 56.504383
101127 46.585728
101220 43.124947
99320 40.896755
101051 12.872523
101103 15.224979
99873 52.199089
99857 48.110306
100433 12.900338
101245 46.399612
100491 38.950481
101046 12.978683
101244 50.931351
95529 51.278893
99879 52.052322
99867 51.65683
100864 8.601891
100959 9.750179
100938 9.607935
100885 8.864025
101106 17.342529
100837 7.491737
101137 21.452911
100490 48.304546
101140 34.737236
101072 13.843301
98175 52.820866
99872 60.172928
98828 40.859257
98866 41.266312
99419 42.525959
101197 39.991428
101049 12.723634
99315 51.269161
97551 48.57605
99949 58.411457
96011 47.397045
95425 58.523365
97728 44.279701
100852 8.076035
100982 10.59122
100973 10.509753
98257 57.714851
100022 50.805031
100787 5.489278
100943 9.602167
100948 10.085895
100978 10.521132
100514 16.307732
97575 30.056131
100968 10.378426
100616 22.756172
101107 17.530739
99993 53.000301
97037 49.312874
100516 19.183653
98174 41.5882
101077 13.37336
101150 42.06815
98826 39.055889
91542 54.452381
96607 57.403896
94810 40.870831
99462 41.727165
99895 41.021721
98751 40.703945
100999 12.116738
100410 12.516052
100859 7.914737
99330 53.297569
101000 12.426785
94898 48.095093
101163 49.110458
99958 52.021194
97135 40.535831
92447 51.596806
100808 6.631354
93669 46.92144
100622 33.644176
96145 48.466026
100950 9.687586
99781 8.194926
101202 18.992756
97576 61.983456
97740 46.135654
101015 12.453155
99815 10.491078
99946 23.45422
100461 14.944879
101109 17.637129
99881 24.695465
101016 12.797433
101036 12.741636
100909 8.933039
100974 10.688622
101073 13.143908
99336 14.772948
101082 14.24084
101154 13.387701
100325 8.193787
94896 49.496319
101170 49.79216
100435 12.383582
99996 41.789364
100404 12.52142
86555 39.682037
100284 5.462965
100953 9.400347
100320 7.974926
99915 41.979156
98204 42.462971
90464 60.268589
101012 13.057252
101054 12.304823
100858 8.434831
100469 15.017758
101110 18.07881
101069 13.447298
100931 9.173385
100979 10.834352
100937 9.200112
98738 12.920547
86554 49.523052
92465 48.016083
99306 41.166927
90009 39.159454
100413 12.290328
101039 12.650203
78077 52.2631
100895 9.073867
101031 12.366657
100810 6.733048
100819 6.706985
99832 12.211628
100438 12.578866
101183 39.346901
99814 9.901282
87894 44.035889
99966 45.654686
83792 87.352722
100911 8.507312
85390 40.967999
98807 53.611542
96021 46.265064
88028 57.194176
100478 13.813879
99291 8.835079
90503 46.432354
100356 9.370979
100474 14.25545
99845 13.303128
100355 9.747845
99259 7.97691
99287 9.783665
101236 22.739712
101178 40.946732
82712 39.185555
97043 44.372837
100875 7.922886
100946 9.35597
101206 27.95961
98172 23.683937
84670 49.617954
84946 49.765869
98304 12.357843
97752 47.64706
100453 13.400778
96527 92.901726
99267 8.15705
97697 65.702538
100282 5.306887
100918 9.900526
97180 52.428799
100963 10.070999
100887 7.894341
100883 8.84389
92054 41.9258
101176 19.957317
101093 14.142834
92037 52.658142
99884 13.601854
98771 10.198442
97160 42.936649
99405 12.24995
98308 13.479604
100614 12.196927
101187 48.356781
82709 49.535221
101043 12.376588
100428 12.356623
96022 12.803839
86973 50.9571
97092 29.308275
101120 56.253101
100907 8.795065
100627 42.02013
98829 56.722935
99859 25.199188
100626 50.149117
100912 9.154473
97747 42.358452
94900 48.097095
95994 39.635845
101009 12.828918
100824 7.265219
99311 47.894581
96531 57.848236
91505 49.138103
91575 55.445606
97764 56.602345
100390 9.58223
99346 12.785933
101248 22.893925
90499 42.703846
99374 51.715305
98347 51.044758
99959 22.219334
94238 41.666245
101205 54.319717
101173 23.417288
85374 50.816414
100970 10.003905
100376 9.299274
101033 13.005884
95538 13.105972
90473 55.396751
94956 58.160477
101008 12.237403
96051 39.572487
98862 51.057072
101171 9.331621
99827 12.014952
101182 13.202251
93167 51.888992
101085 14.751465
