69
6.77 0.161 48.8 0.00268 9.51e-06 0.0439 0.706 
10767 15.54147
9300 27.11586
10423 59.899059
10508 48.480827
9597 51.16238
9189 50.69997
10108 52.311321
10008 52.012245
8736 49.717892
9205 21.405762
10110 21.514767
9601 23.104589
8744 49.108845
10551 49.374226
10450 50.606228
9599 47.716877
10507 45.47356
9603 49.468075
10443 23.353472
10107 52.000744
8784 47.061928
9702 48.088718
10014 22.882374
10012 27.523872
8841 42.00248
9600 45.476818
10512 26.147905
10706 9.271427
10783 20.218355
10633 6.81198
9997 56.670792
10725 11.136135
10680 7.92659
9611 50.468273
9195 38.957767
10766 15.523916
10769 16.150166
10728 11.416662
9980 15.133352
10039 21.11879
10335 9.812721
10557 50.916241
9623 50.908894
10009 49.17654
10013 26.16094
10534 48.530109
10520 47.472164
10438 49.057625
10016 49.305218
10518 21.404966
10428 23.664608
9197 51.824619
9615 58.694843
8831 54.426247
10025 27.111576
10118 48.803127
9733 103.220451
8373 47.273899
10449 47.367699
9202 51.812782
9706 21.257784
10795 21.276516
10554 22.194794
9206 28.88657
10124 36.626976
10148 31.772654
10553 42.749844
10736 11.979721
10764 15.481131
10656 7.101075
9104 11.18546
10380 14.32884
10776 18.04998
10294 7.985115
10262 7.434375
10740 12.792232
9619 25.340071
10458 22.19487
10777 18.604843
10780 19.008703
7900 20.773012
10738 12.535979
10359 11.61552
9973 14.9172
10800 21.37816
10338 9.861455
10445 23.553265
7469 45.10117
9596 55.865105
9616 28.786522
9708 26.521511
9713 24.338993
9739 42.525391
7817 48.570198
10467 54.015133
10123 46.794884
10774 17.308636
9875 9.322771
10468 37.953159
10473 33.119244
10469 31.634628
10470 56.916641
9630 50.655479
9622 54.428577
9714 47.556068
9272 50.483521
10439 52.17207
10735 11.910704
7803 27.579161
10266 7.329352
10843 8.902387
10384 14.519274
8747 26.24197
9626 24.773214
10371 13.633423
10297 7.894788
10267 7.385577
10771 16.719133
10414 19.847841
10321 8.799641
10749 14.319514
10392 15.322638
9936 11.637604
10720 10.46196
10690 8.636754
8833 20.620928
10715 10.008787
10050 28.693907
8340 22.233843
8346 46.092789
10798 21.350235
10697 8.856965
10405 17.577324
10477 29.808378
10058 30.767385
10742 13.060911
9879 8.448206
10711 9.71065
10726 11.14866
10397 15.20867
10386 14.346593
10479 35.726048
10295 8.109718
10739 12.60307
10377 13.590865
10131 23.94562
10752 14.50899
10712 9.731964
8277 11.951638
10770 16.450741
10399 16.087687
7016 27.134747
5288 41.281471
10597 22.990864
9643 54.490231
10133 58.340553
10061 48.671455
9660 50.729942
9651 51.250748
9304 51.275993
6573 48.95966
9232 45.521156
10418 20.460123
8285 20.616426
10700 8.92074
10695 8.82717
9972 15.118964
10385 14.724656
10319 8.776696
10375 13.839605
9885 8.401052
10293 7.971707
10482 27.76086
9670 33.507389
10755 14.883264
10743 13.499434
6576 28.263885
2763 23.872028
10698 8.89077
10708 9.615668
8657 10.738437
10413 18.629406
10788 20.509403
6164 26.275904
9753 62.330864
9226 27.366053
9666 40.82196
9667 34.845032
10487 54.370323
9675 51.393436
9659 52.207241
10569 23.159277
9627 20.144051
8316 23.144842
9674 22.617653
9199 26.302025
9653 55.902977
8301 13.685474
10357 11.35542
10327 8.968878
8307 13.002036
8322 29.753767
10753 14.656167
10478 30.181559
9682 32.611694
7 38.112843
10065 26.424831
9234 48.332489
8248 10.47711
7452 60.680664
10132 33.256618
9239 45.981976
6196 30.685686
9676 58.446335
10491 65.109032
9243 53.360607
7877 23.275404
9725 22.168835
10493 50.22279
8323 48.141216
10320 8.90506
10737 12.085189
9233 22.293753
10746 13.694447
10692 8.797721
7078 29.301649
10165 34.971687
10089 59.921104
10702 8.961182
10713 9.851574
2391 26.141447
8826 70.218719
7080 24.446657
5740 58.498833
9731 24.959295
10579 46.051338
10495 104.102936
10090 42.491245
10415 18.029556
10792 21.120159
9240 25.119938
9249 22.74688
10094 20.909679
9250 21.280296
9727 51.736794
10316 8.39938
10496 32.484489
10505 29.980921
1555 27.872231
10088 54.238434
10101 83.927238
8674 11.614214
9687 58.782864
9260 33.422913
8774 44.706165
10103 26.421423
10145 56.789387
9238 23.167007
9951 14.370786
10402 17.17268
7077 28.304579
9694 30.953506
10500 26.022961
10022 34.192646
10005 55.076752
9602 45.863083
9552 15.245338
10410 18.095037
9476 8.519467
10207 6.60506
10210 6.608951
10208 6.785829
9598 23.45422
6564 50.734806
9993 21.080441
9551 15.123558
10019 28.380987
9216 23.098034
9850 6.753321
9963 14.445713
10170 41.32486
8739 23.217365
9568 14.740541
10032 28.88657
10290 7.994203
9646 22.629662
10248 7.191341
10167 33.323112
10300 7.818487
10416 25.376324
9671 49.054974
10252 7.327965
10272 7.373823
8741 14.305122
10355 10.70353
9224 26.232376
7824 57.060871
8763 43.347797
8606 8.143232
10373 14.171429
10323 8.835423
10339 10.118197
8755 32.578484
7890 47.778633
9665 24.764519
10325 9.150035
8806 27.167252
10081 54.902466
9247 44.825142
5728 25.944496
9689 50.12962
10091 41.90657
8777 43.580441
8773 45.609432
8783 25.04563
6618 47.612762
8813 20.208044
7044 27.276361
9256 46.805576
8780 50.371391
7076 26.251627
