714
29.1 -13 493 0.0209 -0.00175 0.0296 0.707 
105419 29.797222
105943 38.578957
105899 31.587223
104997 37.041901
106597 6.864573
106756 13.449384
106210 9.517243
106213 9.383663
106754 13.710058
106655 8.084531
106635 7.824711
106732 12.112208
106296 35.813496
104779 38.028393
105786 38.541023
104286 31.970531
106318 48.704075
103726 31.684507
106323 31.881601
105908 31.567791
106419 22.310007
105816 34.08601
105272 23.666857
103276 36.411495
102899 35.293373
105416 34.283844
103743 35.286705
106706 9.885991
106579 6.544819
106708 9.923859
106624 7.544135
106273 12.883421
106725 10.772074
106636 7.789227
106239 10.920349
106785 13.531018
105798 25.107523
106608 7.471477
106765 15.311156
103262 38.137337
105282 24.362385
104276 27.597559
104796 31.683718
104412 36.382965
105947 27.430006
102525 36.112278
104438 31.253323
106024 33.080425
103260 34.276684
106656 7.993991
105526 22.046036
103274 34.143559
102974 22.438032
103761 41.114017
106306 23.246008
104044 36.873268
103277 35.259274
104521 33.223907
104506 35.832489
106569 6.5262
106662 8.088083
106617 7.061666
106571 6.149889
106740 12.813178
106736 12.373381
106276 13.331889
106769 14.3841
106174 8.071285
105747 15.657139
105406 30.521307
106634 7.810256
105033 37.124626
106763 13.667433
103750 24.880083
106693 9.312749
106660 8.141922
105250 15.75054
105741 13.008162
103318 24.117828
104020 27.749638
106766 14.581353
105849 32.797993
104021 36.249989
102978 32.521702
104275 37.089958
106550 5.803217
106504 36.825581
102906 31.572029
102981 23.012901
106317 23.240904
102470 22.414192
104292 23.057983
104964 22.225012
102554 31.447569
106500 22.104206
104300 34.142136
104807 35.170418
105306 35.309269
101243 23.074198
103496 34.447693
105948 35.818745
102895 33.23917
103772 33.907276
106198 8.645021
106201 8.458966
105702 7.605141
106644 7.700969
106623 7.376058
106751 12.845423
106234 10.456011
106738 12.713565
106219 9.55495
106697 9.595073
105696 6.776628
105805 15.835933
106225 11.089605
106434 37.352833
104973 37.963142
103790 35.9907
106258 13.254224
106659 8.20612
106799 15.534492
104902 23.798887
106675 8.565954
105844 29.042002
105355 36.558655
103751 23.673298
106351 9.748638
103323 26.349255
106722 10.979963
103760 34.693584
103327 31.83725
103298 37.340698
106551 5.715002
106356 25.81424
103357 34.266636
105856 36.955456
105791 21.591579
106349 22.45001
102920 37.662327
104977 36.096828
103497 22.201893
98383 34.71891
106218 9.977663
106747 12.867183
106188 7.907062
101333 25.209192
106194 8.851915
105672 5.831537
106221 9.491318
105729 10.296588
106037 37.102501
105719 9.12346
106445 41.204723
106649 8.277123
106744 13.735562
105759 13.937324
103352 26.008253
104838 36.885769
106366 25.214096
106664 8.309324
106777 13.354249
106802 16.521471
106771 13.449049
105335 25.23855
105819 8.135626
103370 36.218559
103449 22.993444
104432 31.955559
103322 30.027208
105354 31.784103
104911 32.477551
97832 34.411011
102903 38.500713
106438 31.850744
103341 33.127018
103815 35.728409
103811 22.998192
100046 33.929741
104272 34.52467
104960 35.049671
96810 21.340799
100157 35.179966
106512 30.774244
95100 35.669456
105365 33.153091
103356 35.310741
104841 36.106529
100721 34.424725
106389 32.730705
105959 40.06675
106553 5.93675
106674 8.585388
105716 8.530958
104848 31.683243
105746 14.837793
106717 10.827378
106271 13.15514
106760 13.56891
105933 23.666328
101885 38.303661
102505 33.495018
104816 13.617884
105231 14.544199
100067 27.359097
106778 14.34744
102909 35.887573
106694 9.458018
105207 8.119294
106795 14.374966
103386 28.421827
103730 15.368055
101298 31.928074
104351 27.582815
105377 31.494829
103376 33.708607
103413 34.746029
103846 28.151115
104350 25.349276
102938 36.17461
101985 30.350483
103453 33.588478
106718 10.063916
103501 38.008362
99570 21.477583
102534 23.370533
97461 33.855392
106262 12.486862
106240 11.412625
106622 7.666235
106676 8.452616
101274 27.864098
105725 10.38226
106556 5.932235
106742 14.942254
106205 9.846327
106784 15.989885
101905 24.074121
106764 14.467455
103459 22.64653
106290 17.592932
103840 31.551558
106806 18.094044
105711 7.957647
103691 7.884021
106407 38.910622
106405 36.419823
106695 9.462952
106723 10.123295
100133 25.677132
106382 34.295135
103371 28.293732
105934 36.747078
105448 31.566536
103991 22.419138
97983 37.748917
105035 34.286804
102950 29.431448
105386 32.068455
99008 22.354538
103843 23.301582
95105 34.452179
102513 29.934282
103998 30.948792
102940 34.044342
98463 37.029156
106529 33.87273
106786 13.53989
106625 7.398023
106252 12.63253
105353 8.742428
106241 11.540579
89920 31.715605
106715 10.229114
106743 13.546881
102562 14.615417
104035 14.908536
103405 35.623829
102518 26.957462
103406 22.677668
104745 14.373827
103345 28.06477
97398 34.154209
103875 20.458359
103876 38.318798
101969 21.820435
104013 29.163578
85486 30.009293
105892 25.365376
98393 32.243256
104530 24.738182
84703 44.09919
106741 14.513865
106712 10.363707
106813 23.205614
106826 24.646868
106939 30.652412
104778 34.029667
106866 6.780934
106958 36.022243
106820 22.658449
106950 36.908199
106822 33.974762
106949 37.835793
106196 8.395254
106852 30.904999
107003 15.167593
106943 23.886351
106863 37.380207
106963 37.80043
106955 35.333534
106871 22.543619
104019 36.498192
106868 23.227345
102890 37.457603
106505 35.552826
106844 23.288122
106847 33.368114
104786 37.416882
106959 26.472807
106960 23.916849
106982 33.34586
106867 31.132618
106964 35.053249
105020 34.017715
107035 36.064899
103488 22.943514
106965 38.283798
106709 9.875275
106641 7.753627
105843 31.760893
106894 36.452045
105310 15.75054
107014 27.002398
106882 13.710665
106974 33.582348
105539 35.644028
101962 37.601891
106705 9.967193
106905 24.916496
106968 26.178089
106979 28.739847
106436 34.130802
106980 32.890575
102526 22.961309
106911 28.203848
99071 32.248333
104978 21.455738
106231 10.276525
103697 8.153249
107016 25.259733
106406 68.752914
107048 44.014828
106915 26.710323
106918 33.84964
106902 34.09333
107044 30.859264
106917 32.366352
106371 31.12743
107017 28.081648
106922 39.088345
106924 32.074368
107027 29.279356
106993 32.529667
106989 38.202496
92965 32.205479
104480 33.002026
104876 54.221298
106997 29.718119
106798 17.12005
106793 17.498034
105896 31.396414
104482 32.439266
106927 36.359997
106928 40.339352
