723
454.7312 -41.8346 191.9114 0.04261161776394672 0.5783967375208118 -0.02595439452721198 0.8142283668980996
104619 29.962212
107147 19.604088
107191 30.213152
106166 31.489206
106154 19.210405
106898 6.190695
107004 10.23124
107177 34.007332
105798 33.643909
106165 30.395227
106634 25.326401
107208 42.887493
106648 20.825266
107136 19.771736
105645 34.122082
104759 31.625334
107165 45.324417
106158 29.354748
107172 30.652117
107275 32.096092
106639 32.608471
106640 31.228731
106625 18.468512
107102 18.157722
107174 19.776508
107148 20.250206
107193 30.621243
107173 31.982286
106906 6.411454
106877 5.912814
106978 9.371726
107042 12.355709
106632 33.941349
106997 10.063772
106937 7.407352
105276 33.722706
106767 40.508678
107279 34.790241
106812 33.769691
103115 33.82077
107276 25.344622
107028 11.377729
107017 10.79146
106636 18.526192
107132 19.447208
105115 20.69101
107210 29.460361
103137 28.854116
107192 48.999233
102679 34.56752
107209 34.226559
103163 30.655207
105125 32.350849
107095 18.406946
106615 18.268206
106684 19.497305
106683 19.698441
107282 20.774372
102392 29.436804
107212 30.930891
106484 6.4023
106094 9.517885
107066 13.229178
106090 9.309567
106991 10.001794
106505 7.443909
106099 10.344813
107053 12.546445
106605 13.5043
106665 30.011244
106931 7.515545
103336 32.755863
106667 33.233994
104653 30.765596
106511 7.307204
107221 18.247208
106168 19.845701
107034 11.920374
106329 35.388374
107144 19.670433
106196 23.719944
105143 20.374388
107199 23.14052
105755 20.613197
107030 11.461632
107200 11.525461
107044 11.668718
103751 29.439943
107164 21.803801
107205 28.491032
106184 19.106335
106709 30.832819
104668 32.321377
104226 27.825819
104855 29.602852
104757 18.741045
100490 30.012236
105804 31.939175
106286 33.453548
106948 7.585572
107071 12.978823
106573 10.166211
106582 10.754013
106900 6.324342
106215 10.496361
106499 6.681923
106933 7.342922
106580 11.000656
106284 23.966179
106940 7.539423
106988 9.787299
107315 32.036503
106778 24.254232
107043 12.052197
107310 35.091702
105608 13.931285
106832 37.461693
103122 20.862314
105735 19.290972
106596 12.626124
106193 20.830355
105141 19.755005
105763 30.727335
105336 19.83095
102814 30.368553
107227 31.578545
103195 28.081463
106334 31.474653
106283 33.105648
107286 28.08392
106350 29.057882
107189 25.527149
105834 29.657465
102313 31.740891
106876 5.924918
106801 31.742317
106221 19.406378
102857 30.04973
104693 29.472874
102345 31.279957
107337 29.390615
107058 13.059004
106985 9.867035
106567 9.683081
107007 10.209362
105868 23.761618
105564 7.335889
107104 18.170115
107228 34.14521
98318 30.025719
105366 27.869968
103160 25.065205
103665 30.284143
106337 36.306778
103170 31.30818
106551 9.66063
106710 27.164055
104605 12.483548
103680 33.276661
105353 18.788177
105120 13.657835
102718 25.41469
104250 29.769354
104805 34.301945
102730 33.531254
103622 18.678093
107236 31.355177
102676 31.152435
107241 33.526852
101260 31.799702
106842 37.099899
103097 10.870305
107060 12.620479
105575 8.027725
106735 22.58901
106495 6.834996
106106 9.472239
106938 7.410455
102767 26.575399
106570 9.974646
106579 10.932513
107301 28.002272
104349 36.189457
107339 23.488924
103301 20.55611
105185 18.890686
107142 20.276297
106109 10.217649
107079 19.324377
106975 9.420303
105817 25.563633
106736 27.95801
107154 18.829098
107247 22.677485
106234 20.879292
106113 11.311646
107346 23.438572
107055 12.378977
105770 20.686426
106238 33.367195
105188 31.215376
107299 32.218674
99870 31.926168
106241 26.948826
101774 18.833761
102354 32.612701
105051 6.82935
107008 10.198655
104607 10.577565
107246 22.219374
106892 6.174395
101220 19.737228
107152 20.330536
103302 24.389473
107057 10.725505
106126 10.460368
106102 9.801484
106547 9.803315
105723 33.998226
102398 35.90868
106963 10.046441
105254 29.829206
102820 30.687538
84553 35.089958
103270 31.785536
107143 20.024279
107121 16.476202
103232 31.123272
107254 27.650915
107244 31.03793
107003 10.623335
102785 25.187912
105596 9.754539
100636 34.152374
104182 22.442274
105300 34.435364
97037 30.825186
107350 27.732246
104178 33.118553
102772 29.974129
96021 32.273899
106235 25.149935
106253 19.077089
96125 31.865568
107249 37.962208
102759 37.795708
106345 23.118258
106928 7.424344
106973 9.487794
106908 6.718772
101151 22.023787
102776 25.632202
106986 9.741893
106537 9.493908
107268 24.270433
107080 19.74375
106623 19.71731
101838 18.098183
103686 25.184147
101839 19.971376
106315 29.070187
93776 28.787306
104576 10.527377
106999 10.098671
107265 33.033958
106252 38.689903
107117 18.237408
93669 20.186443
106563 9.49885
104147 10.060105
106097 12.345794
99419 21.341553
104284 32.410789
97188 34.540302
106737 27.772516
107259 25.633883
99993 34.044891
103719 33.197159
107257 35.788338
106755 23.814684
103364 19.62487
106302 34.034672
106806 34.105782
107006 10.369731
106544 9.735172
106987 9.486093
106587 12.789024
106051 6.599918
107125 19.910385
107198 31.967474
107159 31.701157
107162 29.948116
103088 24.119991
104752 25.518379
107190 28.387014
103111 30.055563
106556 9.568728
104120 35.480713
107333 37.336361
103146 30.860203
102886 33.837173
105621 18.680153
106680 19.298359
104684 19.719929
107065 12.15417
107114 19.221338
103831 33.286167
104225 31.162832
107137 19.862648
102391 31.545679
106490 6.374894
106069 7.466622
106992 9.907477
103341 20.261642
107128 19.878069
105084 12.609326
106107 9.790498
106959 8.177709
106124 10.027095
106290 31.853779
101758 19.916597
107245 29.486012
104697 18.838062
107016 10.933812
102427 28.852051
96618 24.179541
102766 24.667955
107039 13.752846
102874 18.798552
97576 30.678347
102780 34.19099
105298 20.541349
106818 24.661406
104190 38.057339
107270 26.257868
96126 33.442913
105729 41.510445
