733
457.5849 -42.14874 192.9215 0.041686445566042146 0.5803717424201233 -0.027412356673397156 0.812821901499898
108160 19.7913
108072 15.657062
108185 16.392179
107147 16.754425
108091 16.439922
108187 29.847748
107677 26.111671
108135 18.356157
108131 17.753874
107680 22.284765
107776 32.154438
107804 31.275335
107673 30.471218
106790 28.729738
108179 33.516941
107163 30.19706
108167 20.100086
108064 15.557252
107684 29.999617
106317 21.251492
105622 29.853924
108331 33.014896
108206 28.402569
108071 15.517467
107125 16.595478
108184 27.68375
108205 25.136545
107168 29.747633
108211 27.254822
106164 26.456429
107278 28.796967
106647 26.064192
107924 7.154564
107877 6.192204
108175 19.025476
107917 7.012884
108076 15.653126
108208 30.824736
108191 27.402308
106627 30.474142
107564 10.406967
107162 25.79788
105276 32.74725
107177 29.064665
107771 31.668865
106166 27.846685
107279 31.338928
103115 30.428289
107688 32.428997
108138 18.162657
108178 19.590147
108101 16.549221
107969 8.2574
107918 7.041064
107555 9.984369
108058 15.260324
107620 16.3647
108108 16.608023
108087 16.776201
105755 17.513176
107990 9.175973
108274 16.67569
108155 19.623262
108122 17.825516
104750 16.342505
108102 16.49992
106634 22.694246
108199 28.379847
102392 27.909473
106324 27.776888
107107 15.333395
108322 32.60165
107313 30.543327
104644 29.787403
108183 24.712969
108280 29.249821
106821 28.070972
106165 27.917938
108284 26.780787
107701 26.405602
107779 27.791113
106158 26.31794
108226 26.56745
102320 28.48053
107905 6.759395
107478 7.019108
107528 8.862404
108153 18.694561
108066 15.941084
108228 28.744303
107716 32.045555
106632 31.604399
107933 7.456785
106656 29.529066
108229 30.145882
103336 30.149603
107310 29.766876
108291 25.934322
106193 18.523382
108162 19.591568
107523 8.206052
107484 6.97835
107943 7.451412
108031 10.119246
105621 16.261044
107643 17.592907
107996 9.131102
108013 9.056971
107309 29.870634
107736 22.198013
108165 20.817005
106636 15.274694
108060 15.795596
107625 18.189255
108096 16.184547
105143 17.659956
107950 7.985641
106640 28.591196
107589 15.628594
108290 47.294231
104752 22.761126
104086 26.759232
107808 28.487175
108294 28.815653
106191 31.107264
108293 29.265862
104653 27.892431
105743 26.202717
107683 28.693907
106279 29.988991
104855 26.676605
108047 12.991728
107923 6.958735
105343 32.055748
107333 34.030296
108077 16.117126
108100 16.313608
108092 17.210682
107936 7.69758
107028 8.138009
106648 17.464058
105115 18.086359
107199 21.689621
107987 8.780692
107967 8.069213
107565 10.301883
107955 7.992916
108230 27.980679
108166 20.434198
107973 8.717189
108237 29.004261
108289 30.311655
104805 28.241135
103088 22.177584
107743 26.039768
107638 16.749321
107580 14.908195
108083 16.525146
107722 21.954342
108240 30.234442
103751 28.675022
106286 28.227325
106223 30.20022
106709 29.183817
107209 30.166647
107887 6.350311
107495 7.077391
107501 7.661887
107053 9.324921
106579 7.996146
107549 9.859528
107940 7.773703
105868 20.596716
108086 16.622543
108115 17.162746
108176 20.774559
107729 29.694216
106269 16.657732
107970 8.599793
108089 19.791485
107742 30.630106
107991 8.997939
107975 8.290481
108253 37.858803
107228 29.530714
107829 29.550365
107849 30.57745
108337 31.130291
107579 14.233068
107845 20.943645
107739 20.559238
106832 32.658154
108099 16.707609
108334 30.445797
108239 32.302631
107811 24.952429
100490 27.421242
102313 28.851526
107787 28.920511
102814 29.494366
107725 28.697327
108078 15.798897
107004 7.000413
108044 12.564542
108152 18.255154
107993 8.815929
108007 8.964974
108025 10.295053
108024 9.830527
105141 17.618032
102739 32.895687
108244 31.671707
108113 17.33124
106094 6.391397
107502 7.228383
103680 32.741844
107962 7.848221
107519 8.024216
108149 19.257771
98318 29.444174
107961 8.425056
108238 27.710222
108159 20.78896
108169 19.955341
107741 29.295567
107200 8.059844
107660 18.526449
106228 22.749813
104684 16.369963
106778 20.484114
108296 31.934517
105254 29.471676
107025 8.070472
108256 24.185043
108257 30.654207
107655 16.742542
105770 17.876047
106337 29.490393
108246 28.052124
104693 28.001654
102676 25.17601
106234 19.888372
103170 33.463245
105608 10.383602
108042 12.018084
108302 28.225945
108000 8.905558
107578 15.791491
107331 30.927877
104349 34.053108
107244 21.636679
107247 21.025848
107876 6.825658
101151 19.773767
108128 17.270693
103301 17.036854
106241 22.326107
107770 24.767315
105353 18.547865
108269 25.866238
97037 27.303925
100506 26.549011
108068 16.534796
107791 19.468016
107339 20.321068
107668 19.029638
99870 27.402544
107302 30.528351
108258 29.124386
96021 28.75042
107965 8.18619
108121 16.645058
106290 25.889597
107297 28.653898
106780 30.088495
108298 33.218521
108130 17.190229
107246 17.209097
108082 15.664381
102820 30.095198
102759 32.64724
107764 26.938936
107853 27.149611
101758 18.22805
107558 12.323315
105084 9.256777
107568 10.618104
108037 11.825319
108136 18.503141
107658 21.264601
106345 20.334181
107766 29.335897
108146 19.466883
107268 21.397682
108329 35.022221
108154 16.515497
97576 27.998444
108073 15.176868
107259 21.660831
107769 29.78915
106252 32.779366
103232 34.78738
108265 22.090633
104178 29.397827
108114 17.306372
108098 18.277643
104182 16.509937
106737 25.279039
107822 27.107641
102780 29.738716
104697 16.539997
102874 16.089949
105188 28.951267
107154 15.580039
93167 34.31274
107553 9.617481
105300 26.562004
105120 10.218119
108267 29.031048
108193 30.118429
108173 20.138142
107772 29.732868
107957 7.846606
107964 8.021904
108095 16.463303
108190 26.742214
108045 12.296635
108104 17.559048
108139 18.14859
107646 17.50556
105125 30.64267
103085 29.18852
107311 26.841009
106809 27.362988
104340 27.252014
107866 5.426819
107436 6.1851
107909 6.73282
107703 31.583336
107914 7.137933
107639 16.940409
104225 29.057617
105804 26.333984
107472 7.031739
108033 10.541201
107486 7.219844
107904 6.992858
108120 17.759533
106354 31.36323
108038 10.939463
104668 30.074352
108168 18.504597
107988 8.842535
105336 16.472782
108075 15.533409
107509 7.748773
107017 7.668429
108028 10.357486
101221 20.375841
107941 8.255693
107144 16.700644
107043 8.855026
107600 14.919842
106583 8.913912
108301 32.377739
102898 26.115967
107015 8.299599
107870 6.092338
108143 17.857033
107657 20.768698
99993 28.828342
108030 12.362758
107654 17.627092
101838 15.359004
106235 20.940536
97188 31.960114
104307 29.001396
107091 15.185584
107547 9.044503
107767 29.792435
