742
7.34 -10.4 503 0.0217 -0.00171 0.0322 0.707 
108839 18.229946
108871 44.745266
107320 27.229927
109420 28.144876
109419 24.458803
109328 13.620322
109201 14.448617
109169 13.332008
108428 27.238804
109345 20.158022
108865 26.789232
108347 29.628958
109199 14.185882
109252 15.619877
109231 15.359506
109315 19.462214
109177 13.580503
107817 14.328032
108283 13.878655
106830 27.672153
107828 27.338631
107836 25.370747
107832 29.704634
109467 23.86965
108863 26.137009
108360 23.307013
109340 26.575455
109348 22.635551
108860 24.985418
109044 6.097076
109088 7.394121
109368 28.794876
109350 26.972807
109087 7.36674
107845 26.610647
106296 27.539331
108868 26.058203
107950 30.46961
109470 28.046797
109256 15.997931
109244 14.835765
108750 14.002618
108299 14.347569
108770 15.717402
108458 28.127798
106816 24.605228
107322 27.011156
108891 23.173983
108876 24.070335
109435 25.01948
108344 25.61762
108943 27.075508
108343 24.324543
109323 19.84992
107309 26.730394
107831 23.122509
109104 7.399488
109121 8.675956
109141 11.02363
109485 27.130341
109220 14.510183
108829 17.252321
109353 26.452902
107318 12.661332
108769 14.8323
108886 11.416411
109298 18.087692
107975 28.291338
109221 15.368762
109232 15.269782
108952 15.791098
107947 15.773427
108775 15.525861
108859 19.209484
108766 13.812814
104021 27.284801
109193 14.583363
108306 15.354733
109302 18.618242
105254 27.368059
107879 27.527273
108479 25.623306
109378 23.336906
108336 23.150158
108897 24.707573
108684 7.453354
108853 17.725056
109143 11.022329
108373 25.994411
109385 27.697773
109092 7.310102
108893 25.402819
109296 18.189894
108346 25.77976
106856 15.290842
108791 15.398521
109210 14.779559
105801 14.909486
109310 21.243046
107869 18.127064
107314 27.867706
108957 26.608307
108951 27.915239
109386 22.290857
103745 27.082321
107491 30.116287
104020 19.767273
106855 15.699371
108300 14.732522
106826 14.722804
107343 27.319988
103274 24.04627
108250 12.677649
108359 24.513
108894 26.152752
108773 14.535185
108463 25.983137
109388 26.470903
103262 27.981049
106853 28.804281
108954 26.962156
108362 27.420412
109170 13.377529
108221 7.592465
109204 14.873094
108481 25.640171
109111 8.272258
106026 28.689499
108466 27.115974
109295 18.639851
107331 15.878253
108899 27.581676
109450 29.773716
109236 15.374604
107014 17.42732
108787 14.668631
105816 24.273031
108491 19.679798
109183 13.878337
109395 21.794708
109392 27.307976
108296 13.970425
109164 13.010974
109208 13.750047
104888 13.752906
107399 24.124104
109300 18.344803
108506 27.188189
104779 25.527714
106963 25.561934
109110 7.741528
108919 28.820753
109119 7.540661
108235 12.21796
109227 14.978407
109301 17.230017
108843 18.162268
108914 26.193747
108282 15.141282
106979 19.076546
108496 27.40905
108956 27.550203
108772 15.262157
101377 25.458836
108386 25.538391
109188 14.221425
107493 29.148718
109000 28.288816
106895 26.71645
109267 15.943285
109207 14.295341
105355 25.319761
104272 22.442829
105306 25.509563
106980 23.3445
109407 22.570301
109408 26.049543
103761 28.910307
106943 14.116611
108961 24.513378
109168 13.161697
108382 24.483347
108785 14.712195
108910 19.725763
108721 10.346516
108442 25.782272
108825 18.805399
107788 13.432555
109412 24.690184
109480 27.659527
108932 25.273003
109255 16.001051
106881 14.184947
108396 25.313
106894 25.642551
106968 24.144651
109297 17.290113
104976 15.687213
108800 15.864934
105335 15.60414
104973 28.825201
109320 22.298706
108934 25.837242
108923 29.947411
108409 25.288605
106397 27.763834
106911 19.602652
109238 15.237894
108446 16.090969
108317 15.238717
107497 14.807156
108977 28.195177
103790 25.431305
107964 23.313944
103318 15.138214
108236 12.953526
108495 29.011814
100157 26.632299
109417 25.657265
101333 18.127064
109150 10.75547
109483 25.013664
109263 15.043695
108765 14.034193
108970 29.782932
105869 25.847338
108004 16.878742
108988 28.159479
108786 15.047956
103370 25.546097
104912 14.345755
108474 24.772827
108818 15.004186
109261 16.326077
103855 27.050566
109327 22.065821
107383 18.220486
108841 17.063637
107994 31.025797
103383 30.251007
98393 24.712957
109334 23.975546
109115 7.625992
109086 7.133895
108881 22.3416
109347 22.960314
109277 15.545027
109499 26.482689
109290 18.152351
109360 26.413071
109273 16.254843
109474 29.323841
108477 28.505972
107490 26.155876
109077 6.893405
109211 14.171983
106304 27.443609
109376 26.229452
108882 23.875662
108352 26.446842
107342 27.063393
109075 6.906091
109118 7.502253
109488 26.663387
104044 24.729607
107894 23.344284
109097 7.196884
108505 28.250683
108504 28.65933
109262 15.796618
109400 20.030153
108293 14.019342
109501 14.207273
108217 7.228992
108666 7.518686
109237 15.454228
109411 28.574986
108925 23.739897
108847 17.661068
105522 21.812675
104773 13.884345
107976 26.376863
108689 7.459027
108858 18.790596
106479 16.327965
107913 23.206505
108237 11.965483
104848 25.036348
107470 24.871653
109312 17.02491
109457 27.325661
108810 16.405519
108417 26.651413
107921 25.621445
107941 20.910669
108425 25.155203
108936 28.00783
108320 14.001768
109414 27.491522
107773 12.005167
