752
-74.4 -19.6 500 0.0298 -0.00267 0.053 0.706 
108764 11.53909
109353 23.640556
108868 23.574469
109425 24.752838
109294 17.255779
106296 23.468002
109822 19.292841
107841 24.084074
108351 23.831409
109357 26.829781
109924 23.646456
107474 24.20664
109919 23.739809
109290 14.42537
109256 13.141324
109774 14.698607
109923 28.300037
109651 10.929399
109636 10.075973
109711 13.849286
108770 12.972386
109860 20.100403
109958 24.70022
108011 22.391863
108943 22.787205
109499 22.717176
107321 26.353165
105942 22.741991
108860 21.325033
109340 24.919527
109611 8.292765
109759 14.470406
109330 20.072828
108477 26.234112
109949 23.653942
108854 15.36865
108992 24.052919
109244 12.36064
109595 7.407205
109676 11.951335
109167 10.8294
109729 13.999314
105349 25.771187
109361 25.36948
109604 8.266801
108250 9.697113
109354 22.540539
103745 24.342352
108939 23.457426
108458 24.115034
109976 24.975002
109882 11.834278
108775 12.746506
109810 17.011103
106505 19.436136
109703 13.45343
108464 23.220167
109698 13.251927
109679 12.872836
109310 18.88438
109689 13.1415
107342 22.786713
109723 12.819076
109597 7.376949
109666 11.799982
109671 11.542824
107490 23.858259
108994 23.786318
109300 16.873415
109842 20.679722
103761 25.123615
109959 25.285381
109613 8.017053
108759 11.858101
109204 12.755647
108498 26.925686
108950 22.163651
108493 24.78211
109709 12.790828
109634 9.853347
109722 15.065092
108725 11.202618
109386 20.882107
109816 17.196455
108488 24.349913
107309 21.72224
107351 18.188435
105943 23.533754
108504 25.644417
109715 13.656124
109848 18.686859
109501 11.601747
109252 13.840329
109780 15.653858
106959 16.194588
102465 24.050917
109160 10.245378
103262 23.458206
109485 22.843439
108359 23.252817
109488 23.306927
105947 17.100916
109395 20.952215
109392 26.864117
108954 28.494141
103453 24.609365
107491 25.029934
108957 23.99321
106026 23.653236
107888 10.285672
109743 14.488391
109802 17.399446
106856 13.245294
109710 12.324534
105798 12.383057
108506 24.205763
105824 13.570186
109827 17.855991
109490 23.230021
108899 22.834074
109402 22.382076
109165 10.624526
108397 23.590408
109757 14.569376
105462 20.402979
107509 21.539654
109617 9.533232
109647 10.253212
109659 11.586907
109825 19.881989
109829 19.338022
104779 21.673456
105254 24.071156
108343 21.592241
108977 27.636896
97983 26.154045
108959 20.198933
109267 13.155072
109641 9.674244
109742 14.254514
107383 17.849918
109407 21.012602
109408 25.761614
103750 12.305571
109301 14.638329
109608 8.354937
105801 13.485394
105306 20.560537
109638 10.338699
108843 15.588875
108394 16.159864
109615 9.94308
109656 11.884177
103988 13.261254
109974 23.717552
105355 22.14649
108961 24.38554
103790 21.385143
109903 21.544476
108444 20.509867
103322 19.094744
109807 23.145643
109821 19.489788
109690 12.547659
109694 13.210643
109904 25.122126
104998 16.995884
108495 25.16663
103383 23.54999
108446 13.26832
109285 14.842041
109935 22.812418
109000 23.707369
109443 23.436302
101377 24.337593
108425 24.272566
105335 12.40272
104848 22.3055
107497 12.063025
109327 22.690592
108934 24.990679
103370 23.082417
104007 23.797638
103356 24.390926
108923 26.345457
107964 21.149035
108988 22.853632
103386 20.0937
106881 13.246938
102480 13.116987
109783 17.490721
108317 11.909442
109295 16.096863
101333 15.652161
104973 23.717464
108409 23.787653
109685 12.257399
109854 23.988045
109331 24.769833
108340 17.94825
108882 19.369854
109880 22.603403
107845 22.584188
109956 25.75989
109302 16.817678
108347 26.019337
107975 25.374498
109170 10.981063
109337 11.97132
109164 10.390848
109385 27.375492
108769 11.939638
109704 12.958826
105522 19.807598
109441 21.518194
109450 24.345619
108235 9.069895
105322 22.230068
105915 22.525307
108300 11.76084
108853 14.945652
108282 13.059541
109495 20.954945
109304 17.26054
104773 11.55732
109693 13.637405
107399 21.163626
109793 15.164007
108004 15.129576
109682 12.089138
