758
464.1011 -42.73706 196.1766 0.04443161298709809 0.5269377170755991 -0.040947754623742776 0.8477533576942026
109639 17.879118
109611 13.908674
109515 10.597406
109394 7.208746
109095 11.3248
109715 21.434229
108673 21.687519
108666 22.098246
109546 11.229645
105622 21.58094
109485 9.739315
109787 22.1717
109411 8.557908
109399 7.594409
109623 16.445799
109437 8.370929
109564 12.391973
104120 24.551573
109432 8.443366
109721 22.304012
109396 7.185377
109699 19.462944
107688 23.600754
109722 21.974588
109517 10.587803
109490 9.858801
109458 8.931361
109501 9.88596
109482 9.455469
109447 8.422345
109057 10.64093
108665 19.313297
109295 23.314116
108091 9.569176
109527 10.430849
109765 22.92078
109675 18.851345
108815 21.255293
106790 19.684488
109691 20.242718
108191 20.767305
109700 23.793091
109292 22.35088
109561 12.009628
107804 21.713327
107168 20.475412
107177 22.058405
108670 23.756151
109664 20.461359
109221 22.315613
109641 18.02508
109720 22.15785
108663 22.291719
109459 8.742235
109730 26.850315
109537 10.961112
108178 13.518646
109605 12.926958
109711 11.265471
109090 11.447808
109034 9.834859
109466 8.973586
109040 10.116506
109461 9.094595
108984 8.490215
109068 10.795698
108612 15.144894
109075 11.008772
108170 14.801874
108131 10.009677
107841 19.855103
108280 22.213194
108689 22.045998
106166 19.017101
109464 9.238608
109477 10.085959
109773 23.327734
107785 22.02879
109578 12.611806
108691 10.771895
109504 9.829998
109554 12.208664
109692 24.396221
107309 23.703831
109470 8.930752
108572 10.343121
108618 13.82877
109582 12.892707
107163 23.240904
106318 20.763979
109111 10.943195
109671 19.819778
108330 11.017993
109657 16.610113
109521 10.465704
109528 10.472634
109530 11.188061
109686 19.363178
109779 23.007648
109690 18.889927
109640 16.381819
109507 10.302134
106812 21.636162
109450 8.592451
109007 8.990248
109102 11.250461
108102 9.640134
109261 21.674934
107684 21.049973
109467 8.969293
108621 13.676779
109326 23.856377
109735 27.261724
109302 25.979418
109303 24.48691
103115 23.433016
108570 11.338859
109663 19.322701
106638 22.975515
109038 10.37361
108818 22.276859
108209 18.641874
106648 11.141234
109472 9.063765
104759 18.898642
108177 14.747149
107623 9.525817
105276 22.913668
108288 21.542431
106627 22.701504
109540 11.122179
109127 13.561954
109558 11.545358
107310 23.615675
109634 17.156696
109800 23.752419
108648 16.769579
105093 15.139576
109772 22.199139
106365 21.924288
108119 10.470104
108072 8.903422
109677 18.996847
104644 21.905909
109745 21.918915
107700 21.103559
109552 10.63087
107593 8.482764
109586 12.462307
109257 18.359501
108060 9.163804
109141 14.942276
109087 11.189367
109673 21.580427
106225 22.264362
105755 11.044529
105343 23.37092
109089 11.036333
109591 13.397004
104753 22.202631
109631 15.482168
109636 17.26074
109794 24.916105
109014 9.267131
106191 23.119562
108548 9.762861
109000 8.416201
108721 19.334187
109744 25.339615
106831 22.824965
103124 21.306572
109497 9.615559
108108 10.125257
108983 8.393118
103287 21.551788
107683 20.049377
109344 22.876274
108683 23.089909
107742 21.773037
109514 10.375009
105868 17.032993
109645 17.271608
109120 12.511588
109126 13.262418
106168 10.69521
108337 22.825621
109475 9.206235
109043 10.320443
108130 10.311469
106842 20.39695
102313 20.65114
109703 19.94503
107730 16.683224
109676 18.556238
109100 11.416421
107632 9.682755
102325 9.680756
105621 9.662857
109273 21.469086
107297 20.366398
108788 22.531141
108113 11.223944
108169 15.382593
108252 26.596716
104664 14.104884
109656 19.455132
107856 23.559862
109307 19.773243
109622 15.115314
108236 23.414265
109812 19.698044
108748 18.126572
108822 22.285147
108246 21.80249
109128 13.990893
109548 10.173369
109643 17.110004
109646 17.900513
108327 22.693066
106289 22.25032
109758 21.464224
108596 11.6002
103122 10.598901
109493 9.883744
109487 9.979192
108296 23.638004
104178 21.538193
109810 21.019941
103170 23.013485
102752 23.399597
108302 20.702309
103301 10.729397
108610 13.965539
108787 13.191583
108745 22.802588
107847 21.418179
109599 14.058699
103680 22.258198
102739 23.900375
107754 22.57295
109430 8.441862
109698 20.669086
109502 10.073112
109478 9.484881
109448 8.661814
109569 12.221964
109229 20.784096
109738 20.120657
109434 8.368436
107825 25.332893
109231 19.280342
109598 13.224219
108682 22.353634
109426 8.312022
109311 24.998894
109520 10.386642
108083 9.54078
109099 11.046758
109076 10.779035
107716 23.1717
107221 8.657138
108334 22.788021
109565 11.200435
109801 23.934246
109471 8.818892
109573 12.011127
107639 10.316009
109488 10.505284
109748 22.285303
106778 16.148924
109518 10.429778
109668 20.471848
108998 8.436769
108099 9.819437
109274 21.911728
109208 17.806932
109637 18.85462
107331 23.302565
109658 18.770988
107339 12.094398
108994 9.502908
106234 10.99857
109796 22.006727
103341 11.386926
109614 14.659415
