768
466.714 -43.00329 197.0063 0.0453890937402013 0.5943081082313758 -0.032637108425708175 0.8022920427210376
110145 18.957714
110076 15.515286
110127 18.558027
110036 11.109618
110258 21.376144
110234 20.529892
110246 21.926407
110220 19.1723
110007 10.709505
110227 19.7208
110212 20.077906
109886 7.090363
109945 8.717896
110233 21.010065
109712 25.434259
110259 20.664177
110025 10.592342
110237 19.292114
110179 19.970371
109217 22.020769
110152 19.137804
110185 19.496767
110084 15.865865
110198 20.92284
110203 19.664007
109939 9.173597
109292 20.880047
110226 20.912848
110129 19.254793
109958 9.432323
110268 23.094337
110223 20.9196
110266 21.35343
109283 22.943804
109936 8.190196
108760 21.302069
110296 20.52976
110209 19.43129
110021 10.36147
110267 21.83255
109943 8.544372
110112 18.467411
110178 21.393501
110231 21.268108
110064 12.754833
110050 12.159942
108670 21.307787
110245 20.493254
109986 10.556394
110275 21.019314
110126 18.936119
109229 19.885569
110151 19.528786
107177 20.541914
110216 20.051405
109730 24.514324
108193 19.440956
109295 21.432421
109951 8.835252
109611 10.656773
109983 10.263544
110302 19.91638
110277 7.326625
110004 10.348042
110273 20.21031
109738 19.801113
109765 19.412428
108689 19.501617
110196 25.465879
108669 22.065226
109944 9.181768
109940 9.152309
109664 18.257568
108672 19.941492
109773 22.818893
110146 18.725046
109302 22.339243
107163 21.182053
109916 7.542812
107825 22.297041
109735 24.827553
110243 21.253658
110040 10.875378
109095 8.475133
109927 8.244599
106318 20.511723
110261 20.635235
110306 20.032175
109700 20.616543
110310 22.09663
110280 20.953701
110236 19.40786
109221 20.059322
107804 21.158689
109729 20.144913
110032 11.629773
105736 20.80316
110222 19.408216
107703 21.052904
109952 8.778517
109583 10.711908
109947 9.278553
109997 10.61869
107309 20.467295
109524 7.3486
109917 7.652499
109692 19.441492
110013 10.040754
109941 8.047754
110055 10.908942
109895 7.36322
105627 20.044695
109542 8.402669
110278 10.677927
107835 21.598997
109258 20.596615
109801 22.757151
110309 25.143213
110217 19.719576
109774 22.215603
108217 21.837355
110242 19.528246
109772 21.745672
110282 20.710342
110138 19.929131
110238 20.677702
107771 20.833054
107841 20.852825
106812 19.798706
108803 21.169481
109988 10.287901
110162 19.154949
110041 11.875098
108837 21.565329
110001 10.271255
108191 19.82708
105343 22.951351
110046 11.862964
109663 19.818356
110285 23.670431
109326 21.101912
106325 21.211025
110210 21.483541
110061 11.989402
109634 16.020231
107809 20.817482
109572 8.425279
109111 8.300163
109327 19.995903
110190 20.537794
109779 20.978483
109298 20.222347
103336 20.418461
109266 21.255934
108288 21.061213
108818 19.503414
107849 19.74754
109261 19.066664
107854 22.266548
109749 20.878948
103124 19.795805
103115 21.246902
107673 19.393871
107310 21.328686
110019 10.100313
110172 18.569696
109344 19.958321
110029 11.943377
110042 11.832282
109929 8.428511
108744 21.205429
109530 8.10534
110043 12.232323
106191 20.662228
109102 7.904954
109926 8.179834
108178 9.871744
108827 19.686625
109987 10.515061
110069 12.909381
109636 15.295538
108745 22.101244
108246 19.193741
107297 18.214678
107742 22.732954
109745 20.426474
109520 7.635671
110292 23.275745
110038 11.701761
109155 12.68251
110062 13.154119
107716 20.079683
107729 19.349903
109120 9.477839
108787 10.33077
108738 22.319769
108822 20.028194
108162 9.782293
103170 21.701454
108252 21.02697
110195 21.428587
102409 20.522793
110161 17.713041
108236 21.194778
105718 21.139179
107847 20.885334
106289 19.944529
107730 15.704846
110081 19.275425
108258 21.480198
103680 20.057358
110092 17.241713
103116 7.337557
104664 11.20163
109274 20.093597
109086 9.591471
102739 23.157082
109334 22.525946
110140 21.386295
109609 13.216292
110165 19.910385
109935 8.176855
110175 20.6138
108187 19.427931
110324 22.54538
109855 6.538087
109914 7.453861
109502 7.044216
109721 19.547602
110065 13.15908
110047 11.668989
109981 10.658937
109284 20.156487
109604 10.251721
109930 8.038394
109960 9.871161
109980 9.979693
108767 20.454504
110039 11.718864
109517 7.363239
109883 7.259778
107162 15.652894
110194 20.754137
110199 20.220028
104115 19.716331
107686 20.015568
102313 18.458124
109090 8.090801
110313 20.332163
110070 13.295333
106638 19.51996
107347 20.020554
109928 9.281862
110000 9.963315
109907 6.81617
109550 8.572535
105362 20.403307
109867 6.807546
104753 20.430286
109782 21.206032
110002 10.361187
110289 21.370893
109885 7.243293
109089 8.297626
109565 8.163756
109318 19.313473
108334 22.886333
110239 20.333986
110023 9.916226
109685 21.167929
109335 20.761467
107331 20.84119
110115 15.472855
110293 20.30687
