770
55.5 -15.7 508 0.0255 -0.00207 0.0342 0.706 
110313 21.061283
110760 18.434599
110879 20.204973
110842 19.381914
110864 20.786884
110836 18.947418
110841 19.999115
110557 8.138556
110875 22.349306
110850 20.863993
110314 24.339739
110622 10.189212
110962 19.460796
110823 20.160774
110753 18.314756
110797 18.459518
110813 19.007139
110871 19.823799
110243 15.192015
110333 19.862865
110595 9.888561
110745 18.360935
110570 9.103056
110886 21.939589
110880 19.410946
110947 19.845297
110820 18.745443
110527 6.940229
110790 18.957771
109854 20.782394
110586 9.514199
110639 10.141322
110817 18.640779
109331 19.748461
110885 21.362698
110635 9.82042
110619 9.842187
110380 18.983671
110766 18.643461
110770 18.82201
110678 12.971877
105942 21.036793
109420 20.735636
109880 18.747602
110793 20.276199
110891 20.099131
110563 8.57924
110894 22.465696
108347 22.16342
107845 19.802656
110944 21.532934
110743 18.161722
110653 10.566151
110597 9.68644
110555 7.795504
110854 18.729795
109425 20.528797
110942 20.170893
110537 7.790021
110602 9.670458
109916 17.32592
108011 18.551306
110764 19.016359
109499 19.176004
110172 9.699469
110125 6.806582
110625 10.779223
108937 18.57703
110335 21.717188
110542 7.729892
107832 19.565008
110529 7.044842
110741 18.514362
108477 19.999178
110345 23.084263
109956 20.441763
110948 19.687754
110860 20.444626
110355 21.307716
110831 19.570435
110798 19.144554
103262 18.696268
110897 21.090172
110240 14.715161
109369 18.817883
110548 7.810121
110344 21.192089
110890 20.582462
110219 10.309794
110628 9.767539
110898 20.011278
105295 19.714373
110919 19.548565
108458 20.861046
109868 19.89024
110922 19.921629
109360 18.535763
109333 19.127312
109353 17.152966
110300 21.883789
110556 8.327774
107491 22.486778
110266 18.571543
107975 20.479506
110926 22.985079
110131 6.815069
108346 19.714434
110530 7.358485
110904 23.849209
108464 20.464523
110862 21.226873
107351 15.124855
108957 19.981747
110342 21.775873
110626 10.330508
109256 7.923415
105306 18.130117
108992 19.468374
105252 20.639864
110801 20.383461
110921 20.459908
110811 20.452528
107490 18.364969
109470 19.745146
110956 20.807524
109976 20.175186
110829 19.976465
110776 18.535006
110612 10.096832
110902 22.966209
110675 10.980303
110660 11.29085
110376 22.438864
110192 10.385912
110928 12.022134
110357 18.515875
110293 21.541407
107889 20.747051
110821 19.376295
110629 9.987628
110208 9.872074
109889 20.897776
108427 21.214321
108994 20.482412
108950 20.795326
110538 7.482068
108498 20.205359
108488 22.091019
109961 20.479109
108951 20.620762
108354 19.321289
109474 20.152073
102465 19.011692
103745 19.624567
110634 9.707476
110775 18.618425
110756 18.895998
108362 22.125193
110755 18.167828
110903 24.253654
110616 9.730339
108478 6.896256
110139 7.73446
105915 19.409937
110601 9.93611
109450 21.635721
107353 20.416229
110405 20.421154
109385 18.033936
109904 19.112114
110241 14.62737
107493 24.306759
109893 19.032148
109935 21.753717
104779 19.466465
108899 20.574926
110774 16.071278
109000 21.498596
105355 20.042734
109936 20.437651
109488 19.298916
110596 9.369928
110228 12.499324
110656 11.107665
108893 19.067867
110826 21.096548
110261 19.850695
110578 9.185959
108914 20.436598
108858 9.424952
110665 12.187341
108506 20.502186
110348 6.819001
110136 6.822195
101377 19.15807
108495 21.587103
106445 19.390673
110824 19.247206
109975 22.339243
109457 20.484064
108397 19.557957
110914 18.609642
110856 19.495749
110178 7.489601
104998 10.346533
109301 9.892613
110771 22.930134
110959 21.34166
110940 10.751901
109403 21.82332
109792 11.735259
109443 20.095886
108396 18.831945
110857 19.590601
110883 16.13695
110784 19.353678
110600 9.893877
109867 20.390989
110384 20.536467
110611 10.191698
110808 20.900457
110680 13.203954
110398 20.678005
110553 7.671691
110896 10.329458
110420 21.127502
110838 20.503113
106301 19.608023
110937 22.658569
108504 20.693335
105322 21.391483
110957 21.162497
110657 12.021428
110752 19.629723
108481 20.69907
108847 9.469479
110643 11.066395
110938 21.508718
103370 21.020149
108417 19.613171
110686 15.019002
110128 7.039796
108925 20.984238
108386 19.734529
