775
25.4 -15.1 511 0.0268 -0.00216 0.0383 0.706 
111459 16.608088
111577 21.09795
111510 19.034372
111433 18.815039
111512 19.386234
111239 15.7539
111027 6.995863
111349 17.936995
110548 6.832389
111429 19.124489
111440 18.873926
111140 9.138644
111362 18.49872
111141 9.091626
111213 12.138252
111156 9.323722
111386 18.686749
110836 17.733421
111233 14.922366
111480 18.860388
111284 18.49332
111378 18.303024
111390 18.03583
111344 18.015669
111418 18.774485
110850 18.650635
110745 16.958483
111019 6.975138
111043 7.206489
110879 19.548384
111262 17.04241
111110 8.703867
111235 15.534037
110998 6.41148
111353 18.100969
111265 17.525961
111163 9.494213
111555 19.836618
111329 18.6712
111503 19.723803
111264 19.073421
110622 8.779888
109331 18.359926
111485 19.465927
111422 18.315166
111371 18.598276
110547 6.927106
111448 18.193125
110864 19.754604
111475 19.363237
111103 8.588256
111153 9.187434
111269 17.487385
111104 8.500222
111338 18.112999
110842 17.923933
110813 17.744621
111588 21.09697
110871 19.391384
110333 19.138727
111320 18.212536
111411 18.601574
111182 10.292933
110742 20.014433
111585 21.037281
110243 13.736008
111579 20.7288
111065 8.074549
111018 7.011374
111039 7.183174
111025 6.876795
111215 12.184722
111023 6.8519
111494 18.901791
111542 20.603565
110846 18.310953
111537 19.698044
110942 18.552498
111436 19.522001
111272 17.350964
111032 7.132781
110880 18.432673
111234 15.222807
111428 18.552145
111004 6.603835
110991 6.422956
111327 17.885401
111273 17.206625
111358 18.441332
111351 18.050493
111276 18.196617
110766 17.795643
111288 17.563662
111350 18.42008
110619 9.04299
111340 18.270754
110770 17.644529
111317 18.584791
111292 18.051775
109919 19.24633
111449 19.133018
110810 18.592096
111074 8.144517
111595 13.362497
111175 10.18846
111455 18.30061
109420 18.530571
110344 19.944153
110804 18.769768
111564 19.894104
111598 19.885569
110313 19.259232
111478 19.503653
110855 18.412577
111037 7.200662
111472 18.437811
111535 20.378033
110886 19.907888
111515 19.825409
111543 20.149643
111536 20.109888
111131 9.111442
111268 17.32025
111113 8.699025
111157 9.401544
111033 7.013538
109425 19.162811
111238 15.411863
110973 5.640964
110983 5.937437
110994 6.447783
110954 17.480068
110817 18.418879
111256 18.610895
110776 17.390881
111222 13.276393
111528 19.632029
111470 18.212641
111364 18.71892
110894 19.706724
111576 19.644661
110981 6.027817
110970 5.672487
110982 5.943807
110595 8.690204
111180 10.223679
110345 22.386732
111369 18.614115
111385 19.133478
107845 18.448954
110626 9.017556
111321 18.879831
111277 17.903023
110555 7.029454
111476 19.208548
110820 18.262085
109868 18.114239
111421 18.827032
111333 18.864281
110635 9.019094
110889 18.579584
111382 18.940298
111290 17.661509
108458 19.190376
111572 20.484592
109854 18.556835
111197 11.019391
111254 17.550724
111583 20.977999
110636 9.116517
111523 19.405903
111406 17.996115
110854 17.643646
110897 19.364536
111108 8.771514
110219 9.3997
110922 18.273436
111041 7.198585
110570 8.072413
111584 19.879717
110975 5.690194
111538 19.832777
110402 17.97014
110594 8.393179
107491 20.70116
111352 18.627056
111202 11.361353
111236 14.024606
111437 19.470104
108464 17.852177
111063 7.72702
111062 7.979115
108358 15.70574
111486 19.189913
110743 16.673763
111299 18.566181
111286 17.44446
111066 8.34483
111005 6.638855
110529 6.288154
111484 17.839537
105942 19.151253
111387 18.643982
110355 20.99749
107975 18.834738
111530 19.695417
109957 19.960705
109880 17.741348
109470 18.679493
110944 20.737465
110831 19.328993
111534 19.091026
103262 18.260561
111477 19.192638
109474 19.227566
110891 18.762947
111128 8.681329
110628 9.003633
110240 13.748022
111580 21.56218
107320 17.958858
111076 8.11971
110976 5.759699
109499 16.939301
111133 8.838837
110575 7.908047
110905 19.428822
110904 23.199213
110907 17.599684
107351 14.311805
111508 18.472137
111614 20.423716
111293 19.581327
111279 18.381411
110342 20.221058
111479 19.198906
108994 19.184116
105252 19.897034
107490 17.900387
111444 18.505608
110811 18.658308
111123 8.867287
111073 8.224812
111518 19.331406
108477 19.572908
111432 18.748487
111500 19.231234
108427 17.824865
108479 18.347353
110353 19.003498
110806 18.295971
110336 17.850721
109976 19.297333
111310 18.469343
110775 17.210495
109244 5.735802
110335 19.868397
110903 21.736145
110645 9.637567
111506 19.302612
110860 20.476534
111187 10.187022
110293 18.921505
111514 20.057737
111107 8.438166
108488 19.016474
110300 18.350746
110241 12.812506
111204 10.908361
110538 6.874131
109385 19.470165
110405 19.041792
109936 18.434546
103745 19.985268
102465 17.860912
110996 6.34017
111096 8.67146
111111 8.829103
105295 18.531706
106853 19.279932
110801 18.447882
110366 18.772043
111602 19.937954
111571 20.994574
108466 19.334702
111443 19.651714
108354 18.196774
111071 8.086379
109961 18.725763
111578 20.121677
108939 19.3815
109488 17.620392
110979 5.736815
111368 18.685898
109299 9.030926
108504 19.489227
110629 8.895247
110376 19.625658
111575 20.722441
108957 18.131981
111281 18.182081
111181 10.902143
110348 6.147656
108478 5.987812
106445 18.847652
107493 20.231237
110824 18.930079
111402 19.293053
109935 19.406319
107889 17.952156
111465 19.357941
111425 19.320702
110914 16.990473
110856 16.241329
111196 11.153876
108899 18.003309
111151 9.825522
110601 9.129316
110592 8.5938
111381 18.517872
111294 16.640751
111016 6.861956
110978 5.746988
111324 19.818726
108498 18.225029
110657 11.195182
108505 19.966667
109843 13.918399
110651 9.804965
110357 17.096922
108950 18.218075
111560 20.339392
109443 17.506042
106894 17.886772
111347 18.330988
111194 10.799756
111550 19.399618
111499 20.22924
111035 7.154532
111502 19.541647
111090 8.527441
110753 16.881748
111304 17.774323
111316 18.533978
111474 19.604269
111393 18.807348
110792 18.227695
111102 8.609471
111011 6.45419
110841 18.742954
111261 17.125463
111211 12.478029
111024 6.938622
111227 12.69821
111348 17.713671
111392 18.819653
111148 9.065489
110919 17.79674
111191 10.720842
111052 7.811802
110784 18.201052
111544 21.786932
110741 17.043919
110885 19.799694
110549 6.969098
111216 12.519013
111029 6.897546
110877 19.594711
111022 6.879947
111089 8.5571
110988 6.153402
111219 12.650599
111208 11.668025
111098 8.472984
110537 6.624515
111493 18.710646
110884 18.963602
110947 19.246622
111189 11.023793
111212 11.955194
111513 21.074984
110618 8.649372
111439 18.235968
110984 5.956947
111203 11.605055
111252 16.433542
111468 19.244814
111379 18.339087
109949 18.529112
111539 19.247381
110898 19.227566
111232 14.71281
110139 6.883579
111296 18.527597
111159 9.11513
111559 20.09576
111116 8.756322
111021 6.824217
111274 18.618343
111126 8.885843
110921 18.782093
110977 5.688395
111404 18.915869
111087 8.593812
110675 11.083411
111198 10.827858
111002 6.328263
111519 20.845364
111573 19.413675
111115 8.670495
110833 18.361677
109450 20.270891
109000 18.275698
111548 18.956242
111336 19.228003
111070 7.947259
111075 8.192199
111442 19.101707
102482 18.260614
108847 8.917226
108923 22.46999
109298 9.266529
110959 19.709354
104779 17.392786
111377 19.126678
111566 20.404749
107353 18.670815
