776
468.3295 -43.20345 197.5723 0.04268494879415587 0.5639934288885912 -0.03625474913285795 0.82387802524539
110762 18.337393
110888 19.196932
110825 18.322842
110897 19.206861
110505 8.671027
110665 18.239477
110749 18.623121
110755 18.396894
110866 18.537224
110408 6.778241
110686 18.143274
110622 15.432258
110765 18.518305
110768 18.030863
110774 18.86529
110518 8.956537
110220 17.509035
110807 19.156452
110481 8.470459
110036 9.441347
110726 17.960941
110976 18.611277
110233 18.821898
110400 6.622882
110809 18.596779
110879 18.655018
110930 19.383749
110814 18.484076
110669 18.099318
110653 16.739298
110618 15.288228
110350 5.471313
110378 6.193716
110127 18.890095
110645 16.857548
110750 18.608604
110246 19.3113
110413 6.81406
110711 18.067133
110597 12.258221
110519 8.869962
110541 9.536231
110482 8.464249
110203 17.633848
110257 18.354248
110801 19.050877
110713 17.623081
110793 18.641327
110829 18.955223
110535 9.134267
110838 18.942671
110616 15.211375
110722 17.878565
110227 18.005402
110975 20.177494
110704 17.246489
110971 18.816877
110798 18.31465
110940 19.475718
110791 18.626673
110922 20.31772
110972 19.711006
110255 19.081446
110864 18.934029
110129 17.125463
110965 20.32715
110445 7.591784
110424 6.969029
110595 11.941468
110997 20.407963
110794 18.243092
110296 19.53858
110687 17.365057
110259 18.782314
110617 15.13053
110808 18.595446
110371 6.13033
110648 18.073574
110699 18.445578
110803 18.426441
110632 15.865533
110532 9.272646
110731 18.643339
110237 17.941708
110657 17.479298
109715 17.47901
110724 18.24608
108663 18.326385
110759 18.367043
110860 18.439417
110184 18.267811
110263 17.155491
110671 17.795891
110202 17.610569
109292 18.587524
110830 18.832615
110198 17.704449
110548 10.173672
110073 13.192899
110560 9.980509
110836 17.992596
110789 18.037163
108670 18.247391
110889 19.894167
110193 17.172285
110802 18.508373
109639 13.716958
109721 17.640558
110902 18.934086
110561 11.501512
110420 7.054354
110924 20.02693
110268 19.456562
110926 19.771889
110216 17.90498
110925 20.442389
110509 8.946707
110650 16.68375
110422 7.121155
110491 8.573565
105736 18.548054
110209 18.203581
110384 6.465131
110374 6.172138
110021 9.029574
110574 11.045884
110654 17.892746
110004 9.045318
107804 19.026159
110300 19.650984
110611 12.985698
110960 20.860704
109302 19.751656
109723 18.68499
110360 5.739522
110917 18.273594
110733 17.741398
110851 18.331993
110223 18.131205
109930 6.65883
110533 9.121861
109735 21.992397
107825 20.628532
105276 19.024109
110501 8.812219
110562 10.708164
110414 6.877801
110969 20.7096
110766 18.271912
108673 17.48156
110236 18.001421
108331 19.330641
110983 12.983626
110273 18.147734
110022 8.988909
110705 18.371187
110658 17.912075
110887 19.668756
108671 16.95228
110271 17.704103
110358 5.63694
110486 8.666839
109722 17.555601
109295 18.603317
110685 16.889471
109948 7.106765
110163 18.531652
109765 17.475256
109798 18.673342
110540 8.842732
110989 19.432983
109958 7.995763
109981 8.458447
110355 5.523898
110817 17.412579
110361 5.813864
110619 13.745106
107177 18.033987
110393 6.770478
110385 6.459603
110285 21.826847
110011 8.833574
110013 8.718733
110310 19.792843
110055 10.497513
110128 17.996828
107309 17.868753
107162 13.233204
110967 19.837423
110639 16.801914
110824 18.628094
110678 17.474079
110667 17.618803
110329 20.540319
110217 18.385122
110923 20.87044
110919 19.881771
110280 19.094011
110483 8.637372
109611 9.065039
107771 18.251377
110670 16.758602
110455 8.170585
108193 17.148865
109221 18.091635
108689 17.599489
110014 8.760375
109773 19.870821
109774 19.267355
110286 19.834698
110607 15.298486
110243 18.669168
110629 15.256547
109326 17.882088
110582 11.036813
109692 18.975389
108813 18.328236
109917 6.209852
110952 19.860567
110660 17.442472
110446 8.119778
110389 6.672964
110376 6.389804
110333 18.118685
107854 18.831053
110572 10.490325
109258 18.852745
110865 19.363651
110812 18.456675
110452 8.042218
110479 8.052473
109780 19.379488
110954 20.253241
110282 18.440649
110019 8.913909
110506 8.523607
110474 8.538277
103115 18.550114
110906 18.126545
110747 20.162439
110849 18.407026
106638 17.924286
109729 18.265709
110903 19.402168
110162 16.735548
107849 19.362411
110284 22.784588
110614 14.058294
110032 9.205021
109748 18.436741
109700 16.990562
110630 16.227758
110397 6.572487
108818 17.357035
105343 19.630754
110672 18.480282
110845 18.779482
110813 18.171
110708 19.742506
110718 16.841675
105362 18.241991
107856 18.75552
110823 17.205833
107310 16.966955
104120 18.628202
108217 17.663868
110508 9.11189
110964 19.773798
108288 18.296076
104643 18.596016
110956 18.194479
103336 17.312363
110450 8.018035
109749 18.872187
103124 17.613598
107673 17.80657
110172 16.803926
109344 16.554571
110359 5.649014
107785 19.822067
108289 19.170622
110666 18.894142
110566 9.724989
110907 19.31506
110382 6.430348
110489 8.900172
106325 17.834929
107826 5.916163
108334 19.629358
108337 19.370031
110797 18.517061
108236 17.28536
109266 19.396597
110867 18.748432
106354 17.75931
110470 8.470747
110805 18.963884
110646 17.255816
110529 9.314402
108178 8.35741
110842 19.587519
110758 19.064289
110649 18.163826
108788 16.687038
104753 17.844049
110239 17.079815
109926 6.662688
110357 5.636885
104664 8.867973
110485 8.619434
109126 9.054698
109311 19.607962
106832 19.980614
103170 18.957262
110664 17.386642
109636 13.617124
110558 10.148112
108822 17.219456
110760 18.838091
110743 18.586927
110690 17.556377
110702 17.959063
110145 16.511568
110734 17.665564
110647 18.993267
110007 8.849966
110869 19.393398
110496 8.650303
110974 16.457178
110399 6.7535
110816 18.439096
110732 18.168554
110152 17.622005
110453 7.8146
110552 10.228355
110948 20.625517
110418 7.100245
110146 16.588476
110901 18.925678
110536 9.159241
110621 15.061607
110363 5.825674
110641 16.810955
110602 12.210988
110557 9.977028
110748 17.616432
110764 19.751963
110301 19.7831
109943 6.892684
110679 17.541973
110577 10.634526
109980 8.21321
110443 7.844779
110870 18.95347
109916 6.254989
110863 18.726206
110880 18.551521
109583 9.001781
111010 19.255785
110500 8.454185
110034 9.10455
110796 19.11735
110959 19.62208
110884 21.613113
108276 18.399025
109663 17.205088
110892 20.311741
110721 18.166216
107835 19.229197
110195 17.738176
107829 20.908854
110309 19.058825
107827 18.844408
110199 17.861364
107719 20.32019
110663 17.924829
109634 14.221544
109335 18.273752
108246 18.902128
110293 18.908094
102409 18.170895
109978 8.363029
110043 10.071609
110944 18.994232
110559 10.42554
