792
-95.7 -17.4 505 0.0289 -0.00249 0.0538 0.706 
111869 14.962274
111795 9.103827
111399 16.402765
111284 17.459112
111711 6.781057
111936 15.546396
111989 15.398614
111915 15.413753
111521 15.98756
111886 15.160966
111957 15.628816
112083 18.097099
112084 18.108711
111712 6.819354
111728 7.061135
111956 15.253689
112037 17.107931
112048 18.571325
111990 16.166859
111823 10.584141
111863 14.764876
111786 9.250883
111837 11.427351
111969 15.944486
111994 17.644136
112086 17.529867
111954 15.731264
112034 16.885204
111635 4.454986
111744 7.638992
111273 17.62027
112101 18.170141
111648 5.140204
111386 15.995614
111757 8.015252
112000 15.89436
112029 16.590816
111727 7.089393
111710 6.774091
111272 15.262304
112100 18.532274
111308 15.110638
111932 15.431245
111403 15.566481
112092 17.710546
111874 15.581339
110842 15.71997
111156 7.610464
111991 16.089521
111799 9.27755
111787 8.589185
111939 13.974944
111988 15.634434
112038 16.542194
111499 16.484264
111494 14.808709
110864 16.241745
112019 15.414389
111902 15.653164
111395 16.402935
111790 9.024054
111390 15.629508
111791 8.992336
111233 12.589802
111842 13.133279
110879 16.423256
111349 15.151669
112104 18.080044
110880 16.508692
112099 17.574112
110971 4.195139
111643 4.999053
111739 7.354087
111348 17.936768
111265 16.990086
111756 7.921226
111422 18.333025
111647 5.105906
111657 5.270307
111683 5.506249
111860 15.627594
111889 15.125719
111469 15.790568
111713 6.845917
111733 7.134468
111378 17.700106
111268 14.929979
111891 15.122117
111977 15.912123
111846 13.993052
111329 15.276366
111938 15.489552
111516 16.088827
112112 19.805313
112113 19.400034
111813 9.666821
111831 10.906975
111835 11.429593
112105 19.592777
111590 18.003922
111616 16.439838
111996 16.206884
111995 16.410692
112035 16.655088
110877 16.058151
111433 15.817905
111542 16.308193
111873 15.847631
111981 16.587046
111912 15.998637
111794 8.8332
111338 15.743979
110797 15.940683
111796 8.923717
111855 14.933069
111537 17.138081
111880 14.756744
112052 17.731638
112066 17.533787
111892 15.252993
111945 15.374455
111884 15.418693
111090 7.08747
111637 4.715953
111428 17.660183
111628 4.206125
111644 5.00932
111634 4.465049
111357 17.63118
111277 16.940092
112089 17.579197
111389 18.458364
111686 5.405805
111650 5.208571
111649 5.178883
111854 15.51813
111986 16.443926
112026 14.722838
110501 4.333518
111685 5.555554
112085 17.448463
111674 5.437101
111535 16.79788
111216 9.517957
111340 15.246107
111906 14.664866
112047 17.381168
111536 17.300383
111222 9.036703
111829 10.972201
111154 7.534539
112005 16.506676
110944 16.25609
109854 15.890899
111882 15.497074
111471 16.579121
111780 8.122182
111826 10.943139
111351 14.736368
112043 16.340675
111959 16.08235
112097 20.338675
111515 17.215395
108868 15.230201
110942 16.076853
110820 18.158684
111321 17.852903
111286 16.647535
111317 18.073124
112011 15.789154
112090 18.016768
110854 14.640995
111696 5.676487
112087 18.825287
111942 15.404218
111982 16.064772
112004 15.200088
111495 16.178598
111827 10.247685
111630 4.293591
111687 5.495127
111803 9.678476
109425 18.245766
110983 4.436631
111627 4.168775
112091 17.295906
111476 17.377888
110897 17.564098
111992 16.596802
111543 16.57687
111798 9.140347
111876 15.807942
110776 14.811818
111971 16.133589
111387 18.046106
111299 17.583286
111274 16.076792
111684 5.425847
111005 5.505431
112008 15.233124
111708 6.445791
112081 18.63129
112080 17.969887
112088 17.974236
109322 10.239233
111851 14.4378
111288 15.457163
103262 14.702692
110635 8.087161
111108 7.14535
111693 5.680153
110817 15.697004
111923 15.512178
109499 14.982184
111538 15.776836
111534 17.75643
110982 4.419407
110973 4.133549
111645 5.092574
107342 14.319066
111819 10.303221
110922 14.95086
111879 15.438523
109470 16.213671
111444 18.442657
111679 5.531618
111654 5.30212
111655 5.342787
111804 9.834516
111894 15.604773
110775 15.359431
107493 16.1299
111761 7.839452
112077 18.093027
110634 8.04502
109949 15.39783
111948 15.984461
110947 15.552299
111806 9.193346
111252 14.867966
111848 14.696838
110798 15.222241
111962 15.92673
109244 4.373272
112049 16.878023
108504 16.295012
110628 7.167873
110886 15.716002
111901 15.1813
111267 14.676322
110996 5.36908
111226 11.238017
111232 10.811635
111852 13.420164
112120 17.778055
109936 15.748938
112078 18.144337
103745 15.952056
112039 16.124821
111853 15.414089
111704 6.383356
111736 6.987772
107490 14.882985
111985 16.245443
111838 11.693185
107320 15.131486
111867 15.334358
110789 15.962401
108994 15.710713
111368 17.655149
111105 6.396915
111465 17.755611
112056 17.604565
111764 8.064423
111723 6.722058
111130 7.949821
111676 5.469264
110907 16.143309
111139 7.923163
108943 15.417495
109488 14.638801
111742 7.431843
111124 7.212046
107491 14.80833
111927 15.959312
111230 11.340696
111822 10.525789
111965 15.134372
111602 17.404703
111450 18.141979
111415 18.042492
111258 14.609197
111123 6.296255
111767 8.289062
102482 15.14372
102465 14.755579
111432 16.027348
107022 15.908017
110833 14.794702
112098 18.431229
111096 7.076681
112118 22.822769
111750 7.998789
110829 15.327806
111930 15.258307
110978 4.330522
111002 5.338109
109299 7.402887
109904 16.926071
112095 18.260614
108498 16.107845
111735 6.949063
110376 15.295943
111548 16.075956
111424 15.486907
111330 18.190649
111429 15.986312
111215 9.737591
112123 5.467309
110813 15.220125
112124 55.138924
111658 5.320046
112126 19.034601
112125 52.196297
111966 15.781699
110855 15.445621
110321 14.947481
110812 14.718845
111709 6.656267
110790 15.876715
111279 17.621199
109976 16.675951
111337 17.234365
107975 17.819714
111993 15.598486
107889 16.242701
110957 16.146511
111425 19.418127
111839 12.259363
111921 15.5405
108505 17.252581
