100
0.816 -0.0918 0.651 -0.00586 -0.793 -0.0929 0.603 
5789 554.569458 81.590118
4521 352.763031 287.962067
5036 246.456467 294.790802
5980 361.51889 403.105438
6080 431.088348 286.759033
5746 143.6689 381.654449
5837 112.538895 400.22052
6066 577.369385 288.5383
5870 461.101379 351.406067
5962 178.926971 429.745514
5993 79.373817 389.453247
5861 83.301178 367.869934
5971 37.9128 417.662964
5883 118.283501 328.675018
6046 150.092041 298.348969
5907 552.422607 121.577515
4915 595.723694 147.062653
4564 485.530914 184.947876
5192 501.662872 174.539459
4699 503.867981 161.689926
5510 463.183258 384.269165
6040 60.022072 307.549744
6011 86.81974 359.237518
6061 199.460464 295.9758
6093 195.530304 284.70047
5720 178.611069 428.766113
5833 208.088806 408.421448
5913 296.050201 292.943146
5547 246.688431 293.56073
5123 144.057739 381.655945
5441 577.444824 243.891159
5973 36.9669 417.844177
5893 90.168793 304.168427
6016 327.986298 342.550293
5954 98.860115 437.521179
5914 549.418762 213.527863
5704 486.74353 191.299118
4678 472.849365 194.240189
4683 502.610321 161.070755
5631 143.354279 380.713257
4523 352.475006 288.536865
4533 577.058228 287.784302
5122 360.732513 402.525238
4865 207.731308 408.676422
5313 298.841858 292.74826
5549 245.843231 295.272827
6051 217.012421 296.053772
5160 158.317627 298.319305
5137 169.852219 366.762329
5976 35.820229 417.129211
6026 118.283508 328.675018
5774 90.363007 303.972382
5909 574.530762 211.52623
4936 512.379761 216.862228
4910 574.609863 164.909637
5283 327.58844 342.747467
5959 104.323181 434.578217
5843 80.933907 389.843994
5060 501.060394 174.53421
5775 88.174683 303.316376
3953 573.604858 233.661713
5995 80.232422 389.138428
5862 83.067078 367.948669
5667 150.308701 297.955078
5910 574.805969 210.402786
4949 472.88147 198.242355
5319 576.268005 159.868652
6083 431.089844 286.32309
4732 360.968201 402.757629
6057 208.57811 296.253326
5364 103.245651 435.473419
5124 143.636383 381.278351
5941 501.477356 161.329773
5346 494.248199 159.646164
5777 88.176117 301.962585
5610 467.916779 426.096832
5254 476.168549 393.621613
5125 144.636139 379.252045
5798 188.33847 257.150665
5985 42.832108 404.871552
5289 128.332947 316.209991
5788 566.149597 81.978813
5083 546.400879 223.789337
5911 576.81366 208.724213
4946 486.509918 189.944031
4830 576.554932 228.971741
4823 499.2034 175.867081
5126 143.030167 380.869995
4582 512.959167 221.728027
4347 552.607849 82.390984
4868 208.603958 408.008514
5257 470.124176 391.632568
4995 436.953644 415.333527
5249 143.417892 381.066406
4692 544.642944 221.875992
4590 480.703339 152.597122
5305 152.310257 297.960876
5896 85.920013 303.752167
5550 246.790192 293.423889
5571 376.102295 283.603821
4165 544.575195 207.283997
5799 452.378967 103.654373
4824 495.350372 174.861343
4808 519.261108 215.911041
5908 575.888 147.94429
5796 298.017548 249.005051
5794 467.116119 284.668671
5859 270.605286 375.727936
5871 518.167847 345.385986
5928 512.528015 282.615234
5830 208.088806 408.421448
5756 159.193039 376.833832
5714 94.960121 436.537872
5812 593.801392 441.245728
5931 375.86908 283.93457
5627 79.373817 389.453247
4565 504.249298 161.108887
5514 270.604095 375.532593
5874 486.756622 347.694977
5713 94.960442 436.930145
4136 608.943604 237.198654
5189 471.315643 155.522537
5899 74.748711 301.644073
5252 475.271545 393.570679
5876 486.760986 346.989258
5809 55.396637 446.732635
4793 592.753784 217.219269
5923 431.089844 286.32309
5844 79.670036 389.704102
5842 64.518051 388.021545
5435 367.976013 285.066132
5543 158.317627 298.319305
4956 591.286194 136.397018
4653 589.455688 109.532692
5924 429.397858 286.614136
5860 164.748276 373.267456
5929 369.009552 284.030701
5675 590.602661 134.041595
4654 590.462708 109.874619
4145 592.976807 216.882767
5320 574.579773 158.178589
4688 514.722107 222.630814
5847 80.007469 389.364746
5831 209.413879 408.014252
5895 87.370316 302.775757
5921 375.607819 283.604767
4914 576.417175 210.341797
5912 576.532166 241.940125
5561 573.516968 210.330124
5778 152.310257 297.960876
5845 80.00827 388.632446
4806 456.750977 187.358337
4832 463.603699 176.89357
4348 563.645203 83.604721
5588 483.687042 103.96051
