11
-0.00055 0.000295 0.000291 4.66e-05 8.26e-05 -1.23e-05 1 
44 333.95282 174.448639
45 336.912567 158.741318
196 262.265564 221.149963
60 295.232086 161.731491
52 142.512619 90.295898
98 152.275726 82.486366
37 488.916107 174.619781
39 486.881317 163.868286
90 282.740845 96.810509
63 245.897919 160.101471
51 168.484344 116.226318
200 149.185486 106.714272
15 226.823456 218.32869
56 144.753387 31.238947
62 288.868347 39.269363
65 215.902878 130.239044
66 200.095932 151.794785
67 275.643677 130.64415
68 204.361511 219.437332
69 215.279816 190.781876
71 313.015991 219.046692
75 55.800339 134.439468
85 210.105164 126.427544
92 72.952621 50.132175
29 97.070915 48.905865
25 46.955666 33.709652
94 112.569206 52.671597
95 84.991653 126.521294
246 113.365036 89.488937
4 497.448761 157.150833
102 490.122314 203.982391
103 591.784729 228.932571
104 549.099915 229.753525
105 373.601898 164.760986
107 336.907959 155.804901
255 372.762146 193.316971
112 587.931763 66.581276
113 570.615112 70.259132
114 585.455383 35.924133
115 571.276245 42.330105
6 470.765991 103.521164
7 493.93222 88.242744
118 456.742676 51.282795
124 62.851616 415.907227
133 244.424103 244.070435
134 177.429413 345.620453
140 607.59259 399.235626
285 588.032654 272.907593
160 444.692505 302.527557
153 498.05661 254.111877
251 335.920807 159.131607
168 307.416138 128.747665
206 47.311089 34.070183
256 327.59201 191.029572
188 257.783722 126.711853
190 255.532776 115.124611
181 496.866974 156.950592
5 482.859436 148.636429
177 265.762665 161.700974
183 337.106049 155.609558
195 276.166809 214.94043
191 86.808151 50.347507
24 72.964005 49.364403
31 73.25209 33.300797
199 169.090714 113.702568
173 488.914337 174.424484
175 480.668854 161.466522
238 265.083557 97.695862
197 463.683838 211.853607
215 235.006287 171.361282
64 176.687607 164.914398
217 303.85321 131.085281
220 214.883057 191.571945
221 200.759018 204.672562
58 285.787292 191.108521
12 170.848267 168.48613
367 71.91256 228.888626
227 149.582138 223.864319
210 294.636139 68.743942
233 223.73526 127.050957
234 209.720337 126.044365
236 198.380157 96.009262
237 294.512329 99.830154
239 86.687241 64.24614
240 57.944859 56.518864
242 125.149445 65.199768
243 84.022079 125.94268
245 102.694916 123.518509
247 491.54776 215.566742
248 490.322174 204.964188
249 591.395508 228.931183
250 549.487427 229.950607
254 370.676453 220.896698
111 439.195007 212.879807
259 588.126282 66.77639
260 570.807251 70.067291
304 584.124451 35.701691
263 493.868439 78.953148
264 601.428833 127.268433
265 456.351196 50.89463
122 107.856087 375.701904
273 104.33815 407.485321
274 173.795578 272.220459
132 280.879242 242.425552
276 177.622086 345.425781
277 192.573593 317.237152
281 606.823303 399.239899
148 324.023193 424.726166
150 431.246613 431.31781
394 145.826752 34.908596
385 215.825546 190.855957
318 112.146545 51.783848
421 391.405548 227.642212
309 274.270996 129.838989
174 496.243317 164.660065
301 318.356537 97.690544
425 294.279449 99.138596
205 59.481861 48.233463
297 498.294464 78.052101
298 475.844299 69.552139
299 484.163757 55.684639
300 468.770874 58.380829
324 264.611572 97.930321
331 87.03759 50.576458
192 73.194115 49.36097
303 573.602173 49.272915
166 341.033875 103.244232
167 322.604645 101.842201
327 493.366669 154.814087
328 478.03006 153.25676
329 487.726654 147.752594
330 482.152985 147.695374
395 294.002045 162.010788
307 265.532837 160.762894
384 203.007767 217.905273
376 313.93576 217.491837
378 295.329315 190.363159
368 66.552299 228.439194
373 157.093475 205.460587
370 213.095352 33.224945
404 223.496048 127.518639
405 209.484207 126.279533
403 289.894684 126.954002
399 57.944859 56.518864
365 83.788727 125.943771
366 88.170158 88.174248
345 591.39386 228.462372
346 549.486511 229.715897
387 335.44635 160.541702
388 336.866882 154.904938
389 587.656372 66.077148
390 571.039551 70.069138
361 473.376526 108.498779
362 492.763367 87.769829
341 600.72406 126.098564
402 338.151978 75.592339
401 457.513519 49.975174
267 158.72525 376.55722
268 111.125557 372.174561
271 63.428276 414.539459
357 104.103859 407.485504
510 173.562027 270.563995
325 273.927734 97.864471
426 255.305984 98.004242
427 279.033722 94.509262
400 46.464622 48.299908
432 275.407043 129.551956
419 355.928772 231.583267
371 148.380981 223.587769
585 379.477814 134.609253
441 377.242584 49.791702
435 494.244995 159.309494
436 477.481323 154.092148
437 489.133789 149.167358
442 147.665237 105.711067
443 152.809586 90.612419
430 249.707016 154.978699
445 363.883972 84.508003
520 234.542099 146.700195
440 222.722351 146.824707
446 409.287445 51.620457
452 591.676147 229.025955
453 549.768188 230.561935
467 222.943527 126.687622
468 209.47789 126.837669
470 184.552322 103.7043
461 430.279236 135.08847
374 138.888412 154.432602
457 215.544556 190.858337
344 64.54599 415.106384
463 295.615723 190.362305
486 499.692627 215.096878
487 491.359497 215.047409
488 491.305878 206.571167
353 106.640656 376.125122
471 498.634094 87.253586
472 493.598572 87.218475
479 498.569305 77.217545
480 493.541321 78.858147
482 585.333313 42.856064
332 72.641914 49.369247
492 457.950439 218.247467
313 371.205811 175.087616
474 328.307648 185.191528
380 366.237854 221.267914
381 371.296509 193.840652
397 270.039276 166.657318
502 299.273712 126.075905
503 294.27829 99.415604
504 137.508698 119.192429
505 141.065079 90.692711
506 456.384583 48.579472
449 597.843506 112.944046
451 139.603088 48.867489
511 289.429199 39.804264
591 64.870995 229.007751
521 274.381714 130.229202
433 264.199432 128.295303
523 270.360443 122.224121
530 410.641296 52.624638
422 362.811829 228.147079
423 391.628967 226.153595
418 148.386047 222.570633
517 493.598572 87.218483
518 477.326935 65.054245
528 299.176025 56.322342
529 319.473267 44.382362
534 341.88147 102.026558
526 323.511871 102.008163
541 376.233002 50.449677
531 327.587891 78.121368
524 349.952148 74.183823
533 323.520294 72.163002
438 239.59697 148.669083
543 478.164398 155.445389
542 490.140076 149.513596
552 550.764282 228.875931
602 84.797089 125.883087
450 151.723083 45.13623
456 204.575562 218.180603
557 237.062363 209.79567
484 106.303802 375.108551
515 313.132141 215.714172
555 174.284103 267.384308
458 232.319611 62.648315
459 176.616898 342.886383
631 118.381493 354.798431
481 588.038574 65.749947
562 438.155487 179.343994
538 223.617645 126.680244
581 209.477905 126.837669
563 480.713684 220.417694
565 492.689209 214.377121
575 374.895081 162.55452
577 337.894104 154.287048
573 458.621216 218.251328
574 420.213165 222.147964
571 137.18663 117.518669
572 169.374649 113.216461
566 101.107552 87.552475
490 73.29969 49.691017
583 294.823181 130.113342
584 305.149811 100.042015
579 323.484222 215.709198
580 373.007446 193.164627
582 499.641266 87.260406
586 486.328156 169.677399
587 345.826599 46.38295
360 176.459152 318.451996
659 446.552979 300.219208
595 489.860352 209.883301
596 458.584198 212.122757
649 198.721451 151.127747
594 335.838867 155.094955
640 325.968964 214.057358
556 205.389847 216.947998
648 124.583267 69.752487
597 343.367462 223.984634
598 335.912933 223.978729
558 99.404129 422.313141
633 426.095764 109.818329
627 152.454453 209.940323
634 93.152245 67.498642
568 98.074448 53.029144
606 477.917175 222.033859
607 458.614166 217.025223
514 311.049805 231.429626
609 316.026855 221.496933
610 291.196472 224.007568
603 492.291504 214.781677
604 582.883667 67.681068
570 570.832153 62.756004
625 434.349609 209.51178
619 498.427216 86.449272
620 493.543518 79.192543
617 223.159973 131.508957
611 479.827789 161.119232
612 489.381866 153.945053
622 476.517853 64.648476
623 466.807556 59.781235
624 483.723511 55.069771
615 244.772003 160.358521
614 230.191391 155.638092
645 138.510574 151.745941
632 355.395233 114.060913
548 100.304787 86.751732
466 65.483513 414.973694
639 101.843361 407.656708
641 237.064697 209.385361
646 131.78273 81.773346
545 151.274155 55.170395
653 408.632294 54.603729
650 484.736267 170.876205
654 471.882355 91.055008
554 176.611206 342.072876
599 148.308441 132.31427
454 102.54673 122.974625
656 244.28183 243.926849
662 483.639893 157.279068
663 483.610413 154.371155
660 489.415314 157.337097
661 489.386658 154.429535
664 337.321289 156.070877
476 337.316467 153.150879
673 316.5242 221.00058
668 550.450256 230.659164
626 541.805054 233.547913
666 146.617905 224.613602
701 266.858521 89.792816
686 146.755768 201.20488
679 472.569733 212.70311
680 458.065155 206.73053
674 431.937073 212.445374
677 325.472076 215.048325
678 319.514313 203.172546
670 471.213898 67.497993
671 465.387146 64.575745
681 478.395599 221.546936
682 458.139709 218.493805
672 310.55365 229.939667
689 150.676025 76.364273
698 492.43988 171.920532
697 495.640259 212.849091
692 325.471802 188.374939
693 361.240082 226.98674
695 497.4505 84.997559
696 471.394836 90.569923
688 354.899017 112.617973
690 428.165985 121.867699
637 103.293602 417.914124
638 65.483521 414.973724
630 175.645767 342.066101
605 572.750732 62.293972
702 243.708786 64.159142
703 443.638519 301.134705
709 333.222076 211.484131
710 329.645294 211.482498
706 364.715698 78.786499
721 456.918152 208.485764
722 456.867432 201.43486
715 494.763214 173.690277
716 491.13623 156.191055
717 311.747101 229.34285
718 315.332794 218.620682
728 205.536591 226.088516
729 308.182495 215.058533
730 498.516418 212.281174
714 326.066864 190.147232
731 361.832764 225.797363
669 543.5354 233.554291
652 209.918961 127.797165
737 497.438934 83.263428
738 202.320618 339.336945
699 177.94252 339.153229
81 236.066849 60.641262
34 275.436615 161.83194
19 377.813171 216.143936
20 361.92157 221.074966
9 71.91256 228.888611
38 490.710266 160.007767
119 339.768494 100.547325
22 304.247131 131.472137
77 155.751633 130.89299
82 200.072815 57.046818
83 273.132019 64.241951
93 140.720886 63.190536
99 113.365036 89.488937
101 482.508087 221.605621
120 120.341927 400.222351
289 525.251099 298.107788
162 375.337341 398.178772
201 231.616669 157.306595
229 157.783112 206.161545
53 236.219681 35.652935
266 367.712128 104.505051
187 275.450775 130.063614
21 314.103882 147.013275
207 328.760101 128.724823
216 198.917206 152.976639
226 60.251705 228.930618
40 304.42804 69.863754
235 222.910324 94.606766
169 285.497314 130.583267
314 374.006775 166.33252
17 381.817108 228.093018
121 159.193039 376.833832
283 374.945435 397.791656
497 270.039276 166.657318
178 255.122452 161.782928
302 294.279449 99.138596
334 73.329002 41.083755
336 152.588104 82.252037
469 218.281006 90.028
409 324.023041 423.794983
211 278.326416 38.920761
369 222.027512 62.281574
396 289.741638 157.79863
393 116.323341 55.942993
391 572.217407 49.254715
386 200.289032 205.148544
288 445.085327 301.933044
428 260.420074 92.976128
424 365.662689 220.406372
434 249.988495 124.736801
499 234.2948 172.026535
439 217.574417 155.298187
464 98.189194 423.602722
478 138.888412 154.432602
475 379.562927 146.376175
493 405.607819 223.113449
348 203.238113 186.722076
501 199.113052 152.132965
507 444.523926 301.935883
525 327.587891 78.121368
483 158.733002 377.9664
465 101.572945 408.335327
564 500.688354 214.424973
415 379.477814 134.609253
616 218.067245 153.338516
651 491.881744 163.664322
667 140.878998 221.714233
647 151.274155 55.170395
618 223.213165 126.684669
732 337.404144 223.979675
