113
0.965 -0.0934 0.583 0.00899 0.865 0.103 -0.492 
6737 309.048065 199.166718
7200 506.721619 294.40976
5004 381.227905 401.065063
7096 69.640106 416.904358
7025 420.468323 403.719727
5547 396.804504 304.546997
7176 335.982361 301.929993
7189 448.584442 303.494934
5746 282.550995 396.265656
5507 482.878174 416.025604
7151 471.738403 330.919525
7157 230.896469 326.365479
5663 238.618149 303.680695
6902 220.716553 398.766296
7120 200.137054 388.847778
6364 227.898148 456.315308
7078 276.852539 442.869415
7080 165.279572 437.54126
7091 112.533928 416.903412
7181 302.047333 301.914825
7190 98.508232 300.440887
7097 69.251877 416.903564
5123 281.370056 396.6492
7003 582.279297 441.559723
6981 296.439758 286.763
7203 155.270065 284.00943
6986 225.163239 244.899216
7079 539.11499 444.033752
6095 334.799744 259.200836
6383 346.452026 438.675629
5823 298.071838 443.319153
6888 248.441101 413.961792
7159 129.888184 325.17453
6702 149.592407 320.538818
5893 238.228699 304.471161
6176 180.402435 304.190308
6452 513.651123 304.01593
6080 597.471924 306.404694
6778 112.533936 416.903442
6662 220.128464 398.566742
7121 200.138596 389.043091
5861 225.783249 372.848389
7182 294.074921 302.29776
5796 446.354279 250.879761
7137 71.853889 355.25766
6599 513.418274 304.487579
5774 238.224014 303.520294
6355 319.679932 256.320587
5137 309.757111 378.974518
5631 281.365448 395.714966
7011 69.016975 415.963074
7191 71.953636 298.829926
6889 248.910339 413.731384
7195 449.286346 303.333435
6396 142.001266 394.809937
7112 125.176872 399.010193
4733 538.411499 442.85556
6733 154.11348 284.715424
6867 174.384872 425.932953
5993 220.59404 398.102448
6157 228.813477 370.058472
6779 112.365746 415.791565
7196 285.224365 297.979309
7161 144.492981 321.459473
7061 311.095917 188.902924
6523 437.192657 417.71283
6400 140.323608 396.497803
7102 248.34726 414.007843
4523 514.006104 305.255005
7192 83.146652 299.938354
7133 226.022919 373.413452
5973 174.107864 427.059204
7108 157.172699 403.321655
7085 111.690308 416.809662
7150 561.661316 332.107117
7162 145.051971 322.026825
6941 111.634071 328.711456
7163 151.718414 318.663788
6741 307.661987 185.208237
7183 335.215515 302.328674
5775 237.375931 303.801361
7099 69.577797 416.810303
6851 302.808014 203.357712
6205 304.898346 191.022308
5549 397.733063 302.505188
6098 337.995728 259.200745
7083 321.474396 434.744202
6134 175.108368 424.019714
5124 282.551361 394.375275
6734 148.280991 285.724579
5777 237.029526 302.430389
7169 562.979736 304.004456
5289 273.977081 321.093109
5667 300.721039 300.591125
5125 281.248169 395.418488
5304 295.679657 301.489777
7164 154.797562 319.966858
7160 116.31916 327.160614
6317 175.434174 306.861023
5896 234.588303 303.239899
7007 174.706818 424.82962
6780 111.556252 414.977814
5844 220.686462 398.395203
7187 334.430023 259.781555
4773 513.048401 303.792053
6704 146.626083 321.395905
7017 91.637497 414.990845
7016 71.279488 414.985565
6097 503.184235 73.470581
6739 301.657562 200.232468
5929 547.692627 297.899414
6943 117.764969 327.163177
7118 219.709656 397.902405
6099 304.637878 197.265671
6609 283.252045 197.327896
6944 118.917015 324.824219
6660 136.489075 395.082458
