15
-0.00107 0.00082 0.0016 0.00011 6.77e-05 0.000102 1 
21 314.091461 154.826492
187 285.410309 146.139923
110 409.479828 226.193359
258 403.546112 220.215103
5 482.855408 148.247314
6 471.654785 94.82991
7 493.93222 88.242744
246 100.732315 87.608543
77 155.74234 131.863556
60 275.461334 157.916382
58 295.180206 175.483276
45 336.912567 158.741318
230 233.122009 63.54488
81 236.066849 60.641262
196 262.265564 221.149963
10 157.178482 184.435593
11 145.698166 172.819504
12 169.869858 169.666916
13 143.826385 166.011826
17 387.764038 228.1091
19 377.813171 216.143936
20 360.933624 225.05777
37 488.907104 173.643387
39 486.881317 163.868286
56 144.753387 31.238947
63 235.111496 160.202469
68 204.361511 219.437332
71 313.015991 219.046692
76 120.671066 162.30159
78 163.660065 223.596497
85 210.105164 126.427544
192 72.952621 50.132175
29 97.070915 48.905865
25 46.955666 33.709652
93 140.711487 65.127136
94 111.602959 51.709427
95 84.023895 125.553909
244 88.090012 88.640121
102 490.122314 203.982391
103 591.784729 228.932571
104 549.099915 229.753525
105 373.601898 164.760986
107 336.907959 155.804901
256 325.997742 192.217209
113 570.615112 70.259132
114 585.455383 35.924133
115 571.276245 42.330105
116 599.97052 113.092606
121 159.193039 376.833832
134 177.429413 345.620453
140 608.547668 400.206329
162 375.337341 398.178772
153 491.301849 252.133133
158 526.024719 297.322144
160 444.692505 302.527557
151 432.02594 431.898621
164 60.03933 300.305511
276 175.28537 344.232513
360 176.309418 323.036957
34 275.262543 158.113312
178 255.122452 161.782928
228 129.889877 233.364899
79 103.295372 227.597595
218 268.347656 132.442688
188 257.732697 132.529037
237 303.947845 100.950508
30 86.819923 49.191441
314 371.671967 173.390549
261 586.558838 42.608093
186 284.7341 161.583145
92 60.363773 49.588524
206 47.311089 34.070183
4 496.866974 156.950592
217 313.337402 132.226578
169 284.902405 131.168579
251 335.920807 159.131607
173 488.914337 174.424484
175 480.668854 161.466522
15 226.423706 219.914398
199 165.521805 121.875061
51 169.090714 113.702568
200 148.223465 105.753166
221 200.75058 205.854141
223 257.272034 191.255249
224 145.378174 165.218597
227 149.582138 223.864319
214 253.760452 35.568768
233 223.73526 127.050957
234 209.720337 126.044365
235 222.910324 94.606766
236 198.380157 96.009262
240 57.944859 56.518864
243 84.022079 125.94268
245 102.694916 123.518509
99 100.53875 87.415459
247 491.54776 215.566742
248 490.322174 204.964188
249 591.395508 228.931183
250 549.487427 229.950607
183 337.106049 155.609558
257 440.365082 212.887024
112 588.126282 66.77639
260 570.807251 70.067291
263 493.868439 78.953148
264 601.428833 127.268433
118 456.351196 50.89463
207 328.760101 128.724823
49 324.022095 102.072693
267 159.194138 377.029572
271 64.594254 415.717133
273 104.33815 407.485321
274 173.795578 272.220459
349 228.692062 244.892731
132 279.685333 242.426849
148 324.023193 424.726166
287 564.696411 266.39035
288 442.745575 301.944824
289 525.252502 296.930695
150 431.246613 431.31781
297 498.294464 78.052101
300 468.770874 58.380829
302 304.185333 100.488045
318 112.146545 51.783848
167 341.033875 103.244232
166 336.774811 99.080147
303 573.602173 49.272915
404 223.496048 127.518639
238 264.611572 97.930321
326 247.737885 93.911705
400 47.264965 48.548496
328 478.03006 153.25676
329 487.726654 147.752594
330 482.152985 147.695374
219 229.713257 220.611252
335 148.221634 105.985687
336 152.588104 82.252037
337 233.568069 105.141724
469 219.683182 90.014458
341 600.72406 126.098564
345 591.39386 228.462372
346 549.486511 229.715897
352 158.72525 376.55722
353 106.920876 374.995728
355 119.503677 356.663086
365 83.788727 125.943771
96 88.170158 88.174248
439 217.482712 164.015442
361 473.376526 108.498779
362 492.763367 87.769829
368 59.553276 228.464432
197 446.429962 210.79483
351 491.020264 205.439667
376 313.93576 217.491837
378 295.329315 190.363159
370 213.095352 33.224945
357 104.103859 407.485504
372 102.834488 226.895462
373 157.093475 205.460587
395 294.002045 162.010788
396 289.741638 157.79863
394 145.826752 34.908596
259 587.656372 66.077148
390 571.039551 70.069138
391 572.217407 49.254715
387 335.44635 160.541702
388 336.866882 154.904938
500 200.289032 205.148544
399 57.944859 56.518864
191 73.194115 49.36097
401 457.513519 49.975174
403 289.894684 126.954002
405 209.484207 126.279533
408 525.947388 297.400726
284 324.023041 423.794983
427 279.033722 94.509262
443 152.809586 90.612419
309 275.407043 129.551956
522 265.20755 129.627213
418 141.698624 228.704315
371 148.380981 223.587769
421 391.977142 228.216827
422 361.090576 228.144073
380 361.084412 224.699326
310 259.986023 144.780167
440 222.722351 146.824707
441 377.242584 49.791702
437 489.133789 149.167358
446 409.287445 51.620457
384 203.566605 218.186325
450 151.392624 43.800163
451 139.603088 48.867489
445 363.883972 84.508003
452 591.676147 229.025955
453 549.768188 230.561935
459 176.949783 342.549805
461 430.279236 135.08847
467 222.943527 126.687622
468 209.47789 126.837669
510 174.953598 269.42926
486 499.692627 215.096878
487 491.359497 215.047409
488 491.305878 206.571167
483 158.723709 376.275421
484 106.640656 376.125122
471 498.634094 87.253586
472 493.598572 87.218475
464 98.189194 423.602722
344 64.54599 415.106384
389 587.380066 66.07338
478 138.888412 154.432602
480 493.541321 78.858147
474 328.307648 185.191528
331 72.641914 49.369247
332 59.452213 49.607811
308 254.650909 173.550873
504 137.508698 119.192429
502 299.273712 126.075905
506 456.384583 48.579472
507 444.523926 301.935883
449 597.843506 112.944046
511 289.429199 39.804264
409 323.172089 424.353516
530 410.641296 52.624638
579 323.484222 215.709198
490 99.321732 47.413605
538 223.617645 126.680244
539 239.861923 122.493591
540 233.781433 122.555923
521 270.108521 156.504578
525 327.587891 78.121368
541 376.233002 50.449677
542 492.185181 153.569122
543 478.164398 155.445389
550 280.021759 240.568146
545 151.723083 45.13623
560 232.319611 62.648315
588 196.387619 261.246735
454 102.94532 123.778336
554 176.602707 340.852509
557 237.062363 209.79567
590 158.718079 375.260834
631 118.381493 354.798431
492 460.620972 216.220032
558 98.189972 421.906708
559 100.223984 407.657959
466 65.882637 413.756866
563 480.713684 220.417694
565 492.689209 214.377121
555 174.284103 267.384308
481 588.038574 65.749947
570 572.04187 63.567814
529 319.473267 44.382362
575 362.667664 180.833786
577 337.894104 154.287048
515 313.132141 215.714172
571 137.18663 117.518669
572 169.374649 113.216461
581 209.477905 126.837669
415 368.56665 132.189102
534 341.88147 102.026558
582 499.641266 87.260406
517 493.584351 85.211868
583 294.823181 130.113342
584 305.149811 100.042015
547 272.100861 164.610748
566 99.091179 87.561974
567 73.29969 49.691017
586 486.328156 169.677399
686 166.797485 219.621567
653 408.632294 54.603729
640 325.968964 214.057358
678 321.004211 201.689621
626 542.769775 234.525421
594 335.838867 155.094955
649 196.278137 153.578232
637 99.404129 422.313141
603 492.291504 214.781677
606 477.917175 222.033859
612 489.381866 153.945053
604 582.883667 67.681068
605 570.832153 62.756004
619 498.427216 86.449272
620 493.543518 79.192543
617 223.159973 131.508957
618 223.213165 126.684669
514 311.049805 231.429626
609 316.026855 221.496933
610 291.196472 224.007568
573 456.153076 209.656403
625 434.349609 209.51178
518 476.517853 64.648476
623 466.807556 59.781235
624 483.723511 55.069771
670 471.61969 55.004337
562 433.874695 155.774567
616 218.067245 153.338516
548 102.54673 122.974625
599 143.470703 134.773453
600 119.486534 118.044067
629 157.514053 376.065857
630 176.611206 342.072876
632 355.395233 114.060913
513 152.454453 209.940323
633 426.095764 109.818329
597 343.367462 223.984634
456 205.389847 216.947998
641 237.064697 209.385361
642 198.192596 207.18248
636 54.593342 79.866867
638 65.483513 414.973694
465 99.414314 407.6586
646 131.78273 81.773346
648 124.583267 69.752487
652 208.670929 126.846771
650 484.736267 170.876205
651 491.881744 163.664322
595 489.860352 209.883301
654 471.882355 91.055008
589 133.421844 422.303528
657 111.55072 371.045715
659 444.126038 300.640686
611 483.639893 157.279068
662 483.610413 154.371155
660 489.415314 157.337097
661 489.386658 154.429535
664 337.321289 156.070877
476 337.316467 153.150879
701 266.858521 89.792816
556 207.319992 218.410828
668 550.450256 230.659164
669 541.805054 233.547913
702 243.708786 64.159142
685 146.617905 224.613602
666 140.878998 221.714233
688 354.899017 112.617973
672 310.55365 229.939667
673 316.5242 221.00058
679 472.569733 212.70311
680 458.065155 206.73053
681 478.395599 221.546936
596 458.139709 218.493805
607 449.420135 215.498505
674 431.937073 212.445374
647 150.676025 76.364273
690 428.165985 121.867699
692 325.471802 188.374939
691 443.654572 224.310669
693 361.240082 226.98674
598 337.404144 223.979675
677 325.472076 215.048325
695 497.4505 84.997559
696 471.394836 90.569923
622 471.213898 67.497993
697 495.640259 212.849091
698 492.43988 171.920532
699 175.645767 342.066101
700 572.750732 62.293972
703 443.638519 301.134705
706 364.715698 78.786499
721 456.918152 208.485764
722 456.867432 201.43486
715 494.763214 173.690277
716 491.13623 156.191055
710 318.911072 218.61879
728 205.536591 226.088516
730 498.516418 212.281174
733 543.5354 233.554291
713 326.066864 190.147232
731 361.832764 225.797363
709 329.645294 211.482498
737 497.438934 83.263428
738 202.320618 339.336945
100 514.379822 232.554474
80 157.977341 205.964142
33 254.641159 172.765381
59 307.138092 159.734161
57 304.122314 174.471497
31 73.25209 33.300797
1 467.349548 147.108856
44 333.95282 174.448639
53 236.219681 35.652935
64 176.687607 164.914398
220 214.883057 191.571945
83 273.132019 64.241951
87 206.588638 91.683876
23 301.494751 127.602516
98 152.275726 82.486366
120 120.34137 399.241608
125 50.394226 425.585815
128 134.015564 423.772888
131 242.453598 244.07373
135 215.194443 320.341583
281 607.970215 400.405151
198 154.973618 131.288635
24 60.363773 49.588524
91 265.083557 97.695862
215 235.117218 159.616119
374 144.918793 164.75499
226 60.251705 228.930618
229 157.783112 206.161545
82 200.072815 57.046818
210 294.636139 68.743942
111 440.752594 212.494659
262 571.755615 49.248798
122 106.687309 375.701538
298 475.844299 69.552139
299 484.163757 55.684639
304 584.351929 35.70718
321 341.033875 103.244232
379 266.422119 200.742126
367 72.147293 228.418961
402 326.852753 75.582909
343 98.46991 424.450592
423 376.552399 224.734406
442 147.665237 105.711067
419 355.928772 231.583267
436 477.481323 154.092148
430 249.707016 154.978699
385 215.544556 190.858337
369 221.891479 61.728592
479 498.569305 77.217545
574 420.213165 222.147964
495 151.90657 193.091446
505 141.065079 90.692711
501 199.113052 152.132965
503 294.27829 99.415604
524 345.89679 78.146523
551 106.303802 375.108551
552 550.764282 228.875931
493 403.911377 224.822311
377 261.216461 217.902863
568 73.29969 49.691017
327 494.244995 159.309494
587 345.826599 46.38295
460 194.54393 314.479492
549 294.48172 240.55307
627 152.454453 209.940323
634 100.304787 86.751732
667 140.878998 221.714233
689 150.676025 76.364273
682 450.000916 215.501999
683 103.293602 417.914124
639 97.469971 409.125519
687 149.435577 239.257736
694 65.483521 414.973724
665 340.273346 151.405762
717 311.747101 229.34285
718 318.911072 218.61879
739 177.94252 339.153229
