16
-0.00242 0.00207 0.00436 0.000298 0.000231 0.000142 1 
80 158.941925 205.957458
30 73.092186 41.508617
84 267.404114 37.42889
6 471.654785 94.82991
7 493.93222 88.242744
103 591.784729 228.932571
44 333.95282 174.448639
45 336.912567 158.741318
10 157.282272 172.715469
11 145.698166 172.819504
13 145.748962 166.96936
1 467.349548 147.108856
196 263.058258 220.948441
107 336.907959 155.804901
17 381.817108 228.093018
105 373.601898 164.760986
34 275.461334 157.916382
32 266.462524 174.646027
33 254.618744 175.71228
53 236.219681 35.652935
39 486.881317 163.868286
25 46.955666 33.709652
56 144.753387 31.238947
62 288.868347 39.269363
64 174.744461 165.714813
65 215.902878 130.239044
67 275.450775 130.063614
71 313.015991 219.046692
76 120.671066 162.30159
77 155.751633 130.89299
82 199.880875 56.662567
85 210.105164 126.427544
93 140.711487 65.127136
29 97.070915 48.905865
98 152.275726 82.486366
5 482.859436 148.636429
102 490.122314 203.982391
104 549.099915 229.753525
109 371.771179 193.510376
110 409.479828 226.193359
2 477.259064 65.890152
112 587.931763 66.581276
113 571.583191 70.26683
114 585.455383 35.924133
115 571.276245 42.330105
118 456.742676 51.282795
120 120.34137 399.241608
128 134.015564 423.772888
134 177.429413 345.620453
280 99.672668 341.589752
148 324.023163 424.532135
150 431.246613 431.31781
158 526.024719 297.322144
140 606.816895 400.411896
91 265.083557 97.695862
227 148.664108 222.456177
251 335.920807 159.131607
202 223.51825 146.862854
37 488.914337 174.424484
175 483.002045 162.659866
261 586.558838 42.608093
183 337.106049 155.609558
184 332.321381 132.219345
4 497.448761 157.150833
177 265.532837 160.762894
191 86.808151 50.347507
15 226.423706 219.914398
204 221.253006 139.88533
197 463.683838 211.853607
207 328.760101 128.724823
205 60.363773 49.588524
198 154.973618 131.288635
217 314.523712 132.224594
221 200.289032 205.148544
73 247.61142 191.51619
224 145.367889 166.388016
225 121.052254 163.077805
228 129.889877 233.364899
210 294.636139 68.743942
234 209.720337 126.044365
169 284.909088 130.0047
237 294.512329 99.830154
240 57.944859 56.518864
243 85.188843 125.937218
246 100.53875 87.415459
247 491.54776 215.566742
249 591.395508 228.931183
250 549.487427 229.950607
252 367.883606 133.508133
20 361.92157 221.074966
255 371.294006 193.270905
111 439.195007 212.879807
258 405.135925 223.39743
259 586.97467 66.760872
260 570.807251 70.067291
262 571.755615 49.248798
263 493.868439 78.953148
264 601.428833 127.268433
265 456.351196 50.89463
122 107.856087 375.701904
271 63.431904 415.713531
273 104.33815 407.485321
274 173.562027 270.563995
276 177.622086 345.425781
160 446.646332 301.530212
281 607.587036 400.212158
284 324.023193 424.726166
297 498.294464 78.052101
298 475.844299 69.552139
299 484.163757 55.684639
300 468.770874 58.380829
302 294.279449 99.138596
254 370.676453 220.896698
318 112.146545 51.783848
319 138.830475 33.547161
303 573.602173 49.272915
422 361.090576 228.144073
315 154.962509 132.453384
331 87.03759 50.576458
332 73.194115 49.36097
328 478.03006 153.25676
329 487.726654 147.752594
337 233.568069 105.141724
341 600.72406 126.098564
130 172.641357 276.95047
343 98.469406 425.863922
344 63.428276 414.539459
361 473.376526 108.498779
362 492.763367 87.769829
345 591.39386 228.462372
346 549.486511 229.715897
459 175.285385 344.232544
353 106.921249 376.407532
211 278.326416 38.920761
371 148.380981 223.587769
373 158.482407 205.450928
368 63.19138 229.013794
414 172.176254 276.240143
357 104.103859 407.485504
248 490.322174 204.964188
365 85.188843 125.937218
366 100.768845 88.11277
370 213.095352 33.224945
321 341.033875 103.244232
376 313.93576 217.491837
378 293.897583 190.36763
379 266.708588 200.455566
384 203.566605 218.186325
396 288.893158 156.393829
389 587.656372 66.077148
390 571.039551 70.069138
394 145.826752 34.908596
181 496.866974 156.950592
239 87.765717 77.011703
399 57.944859 56.518864
387 335.44635 160.541702
388 336.866882 154.904938
401 457.513519 49.975174
309 275.407043 129.551956
407 135.775284 86.539841
233 223.73526 127.050957
405 209.484207 126.279533
288 446.254669 301.927185
296 182.809952 424.55835
421 391.977142 228.216827
380 361.362518 220.396637
482 585.367676 44.505138
415 380.836182 134.2836
419 355.928772 231.583267
381 371.296509 193.840652
427 279.033722 94.509262
430 249.691971 156.666534
310 260.157074 124.646255
436 477.481323 154.092148
437 489.133789 149.167358
441 377.242584 49.791702
440 222.722351 146.824707
445 363.883972 84.508003
446 409.287445 51.620457
511 289.429199 39.804264
461 430.279236 135.08847
545 151.723083 45.13623
451 139.603088 48.867489
385 213.858978 190.872559
369 221.891479 61.728592
469 218.281006 90.028
470 184.552322 103.7043
515 313.132141 215.714172
484 106.640656 376.125122
398 87.389702 77.571838
486 499.692627 215.096878
487 491.359497 215.047409
452 591.676147 229.025955
453 549.768188 230.561935
464 98.189194 423.602722
466 64.54599 415.106384
471 498.634094 87.253586
472 493.598572 87.218475
479 498.569305 77.217545
480 493.541321 78.858147
478 138.888412 154.432602
481 588.038574 65.749947
492 459.627136 218.257141
493 403.908783 224.136047
490 72.641914 49.369247
474 328.307648 185.191528
572 169.374649 113.216461
504 137.508698 119.192429
505 141.065079 90.692711
403 289.894684 126.954002
503 294.27829 99.415604
506 456.384583 48.579472
507 444.523926 301.935883
360 176.525131 320.207703
449 597.843506 112.944046
467 222.943527 126.687622
579 323.484222 215.709198
530 410.641296 52.624638
534 341.88147 102.026558
525 327.587891 78.121368
541 376.233002 50.449677
542 492.185181 153.569122
543 478.164398 155.445389
551 106.303802 375.108551
552 550.764282 228.875931
549 292.413788 240.554886
550 278.783234 241.397232
450 151.392624 43.800163
557 237.062363 209.79567
510 173.282791 269.428101
558 98.189972 421.906708
559 100.223984 407.657959
573 458.614166 217.025223
473 368.828003 178.817978
577 337.894104 154.287048
571 137.18663 117.518669
563 480.713684 220.417694
565 492.689209 214.377121
377 259.50705 217.90947
566 101.107552 87.552475
568 73.29969 49.691017
526 351.984558 74.189919
529 319.473267 44.382362
582 499.641266 87.260406
517 493.598572 87.218483
502 299.273712 126.075905
423 376.552399 224.734406
496 373.007446 193.164627
586 486.328156 169.677399
587 345.826599 46.38295
594 335.838867 155.094955
626 542.769775 234.525421
514 311.049805 231.429626
609 316.026855 221.496933
610 291.196472 224.007568
648 124.594368 67.341461
606 477.917175 222.033859
596 458.584198 212.122757
625 434.349609 209.51178
562 438.155487 179.343994
604 582.883667 67.681068
570 570.832153 62.756004
661 489.386658 154.429535
612 489.381866 153.945053
619 498.427216 86.449272
617 223.213165 126.684669
538 223.617645 126.680244
518 476.517853 64.648476
623 466.807556 59.781235
624 483.723511 55.069771
632 354.899017 112.617973
637 99.404129 422.313141
638 65.483513 414.973694
465 99.414314 407.6586
634 100.304787 86.751732
597 343.367462 223.984634
640 325.968964 214.057358
456 205.389847 216.947998
641 237.064697 209.385361
633 426.095764 109.818329
646 131.78273 81.773346
666 146.617905 224.613602
627 152.454453 209.940323
581 211.092163 126.819481
650 484.736267 170.876205
651 491.881744 163.664322
653 408.632294 54.603729
603 492.291504 214.781677
595 489.860352 209.883301
654 471.882355 91.055008
554 176.616898 342.886383
659 444.126038 300.640686
686 146.755768 201.20488
680 458.065155 206.73053
668 550.450256 230.659164
669 541.805054 233.547913
647 151.274155 55.170395
683 103.293602 417.914124
639 97.469971 409.125519
660 489.415314 157.337097
681 478.395599 221.546936
682 458.139709 218.493805
556 207.289642 224.30986
664 337.321289 156.070877
674 431.937073 212.445374
618 222.717209 127.654442
622 471.213898 67.497993
701 266.858521 89.792816
702 243.708786 64.159142
672 310.55365 229.939667
673 316.5242 221.00058
687 149.435577 239.257736
667 138.002548 221.728775
652 211.081284 127.784058
679 472.569733 212.70311
688 354.923462 118.384926
690 428.165985 121.867699
689 150.676025 76.364273
692 326.066864 190.147232
694 65.483521 414.973724
620 493.543518 79.192543
696 471.394836 90.569923
698 494.353943 170.967056
716 491.13623 156.191055
662 483.639893 157.279068
697 495.640259 212.849091
630 176.611206 342.072876
605 572.750732 62.293972
677 325.472076 215.048325
703 443.638519 301.134705
706 364.715698 78.786499
709 333.222076 211.484131
717 311.747101 229.34285
715 494.763214 173.690277
663 483.610413 154.371155
721 456.918152 208.485764
722 456.867432 201.43486
713 325.471802 188.374939
728 205.536591 226.088516
730 498.516418 212.281174
733 543.5354 233.554291
693 361.240082 226.98674
598 337.404144 223.979675
695 497.4505 84.997559
738 202.320618 339.336945
699 175.645767 342.066101
214 262.531433 36.489899
100 514.383606 233.535156
63 245.897919 160.101471
59 305.148865 161.698959
57 295.232086 161.731491
31 73.260239 32.919914
19 383.77655 220.14006
220 212.362503 189.823608
223 247.61142 191.51619
83 273.132019 64.241951
87 206.588638 91.683876
23 302.28125 128.569046
94 99.956268 51.781181
95 86.936165 126.512154
116 599.97052 113.092606
121 159.193039 376.833832
125 50.394226 425.585815
131 244.424103 244.070435
135 215.194443 320.341583
151 432.02594 431.898621
287 574.412964 270.914856
164 60.03933 300.305511
12 170.848267 168.48613
51 165.521805 121.875061
192 60.363773 49.588524
24 47.311089 34.070183
206 33.842697 40.262962
215 235.038788 167.833801
374 146.716797 145.352814
79 98.657127 227.615967
226 62.58511 228.922226
229 158.948654 204.977158
235 206.592453 91.298203
352 159.194138 377.029572
289 526.410217 298.106384
238 264.611572 97.930321
304 585.874939 42.593136
330 484.98291 151.927322
336 152.588104 82.252037
186 294.002045 162.010788
178 265.532837 160.762894
367 62.353477 228.45433
372 106.995338 229.695343
404 223.496048 127.518639
351 491.020264 205.439667
402 345.215942 76.985756
355 118.102692 355.24939
408 525.947388 297.400726
442 147.729004 97.341591
468 209.47789 126.837669
488 491.305878 206.571167
574 397.090607 224.797607
400 61.09354 49.573418
495 151.90657 193.091446
501 202.434036 155.463242
395 299.1315 164.815948
524 327.596191 107.998222
631 118.381493 354.798431
555 174.284103 267.384308
327 498.293762 163.724869
583 294.823181 130.113342
522 270.345398 124.230995
584 294.963257 98.083282
460 196.559967 314.491852
548 84.797089 125.883087
616 218.280838 133.97673
611 484.592834 156.319412
642 198.192596 207.18248
649 191.421799 156.056091
454 85.605431 125.476234
476 337.316467 153.150879
691 449.420135 215.498505
678 325.471802 188.374939
665 343.215027 144.420868
718 308.182495 215.058533
731 333.222076 211.484131
737 497.438934 83.263428
739 177.94252 339.153229
