25
-0.0003 -0.000548 -0.00224 -4.68e-05 -4.62e-06 -4.66e-05 1 
111 439.195007 212.879807
4 497.448761 157.150833
45 336.912567 158.741318
9 71.91256 228.888611
17 381.817108 228.093018
105 373.601898 164.760986
25 46.955666 33.709652
37 488.907104 173.643387
39 486.881317 163.868286
41 292.669678 70.858238
51 169.090714 113.702568
54 222.564514 39.572662
56 144.753387 31.238947
180 151.887207 82.48893
98 152.275726 82.486366
63 236.090927 160.192993
64 176.687607 164.914398
780 204.203293 132.31073
68 204.361511 219.437332
71 313.015991 219.046692
196 262.265564 221.149963
73 246.62854 191.325745
77 155.751633 130.89299
85 210.105164 126.427544
236 198.380157 96.009262
90 282.740845 96.810509
91 265.082092 97.888306
94 112.569206 52.671597
95 84.991653 126.521294
102 490.122314 203.982391
250 549.487427 229.950607
107 336.907959 155.804901
258 405.135925 223.39743
112 587.931763 66.581276
113 570.615112 70.259132
114 585.455383 35.924133
115 571.276245 42.330105
7 493.93222 88.242744
118 456.742676 51.282795
49 331.897705 102.460266
270 110.191124 372.173889
127 120.338203 438.500366
134 177.429413 345.620453
844 172.375031 312.200958
293 60.041718 299.32666
140 608.547668 400.206329
153 498.635742 254.506134
158 526.024719 297.322144
160 446.641449 302.517639
151 430.074951 430.934143
34 275.448914 159.873535
237 294.279449 99.138596
261 586.558838 42.608093
304 584.124451 35.701691
181 496.866974 156.950592
173 488.914337 174.424484
175 483.002045 162.659866
191 86.808151 50.347507
381 371.294006 193.270905
198 154.973618 131.288635
200 148.214233 106.915825
15 226.823456 218.32869
207 329.946533 129.501129
67 275.450775 130.063614
190 255.532776 115.124611
197 463.683838 211.853607
775 176.924698 164.443741
216 198.917206 152.976639
217 314.523712 132.224594
220 214.408981 192.284027
221 200.289032 205.148544
367 72.147293 228.418961
368 62.353477 228.45433
230 232.538788 63.357018
204 221.253006 139.88533
234 209.720337 126.044365
235 222.898758 95.763084
240 57.944859 56.518864
243 84.022079 125.94268
245 103.466805 124.485939
246 100.53875 87.415459
247 491.54776 215.566742
248 490.322174 204.964188
103 591.395508 228.931183
104 549.099915 229.753525
251 335.920807 159.131607
183 337.106049 155.609558
254 370.676453 220.896698
259 587.656372 66.077148
260 570.807251 70.067291
263 493.868439 78.953148
264 601.428833 127.268433
265 456.351196 50.89463
755 105.704437 408.073303
274 173.562027 270.563995
276 177.622086 345.425781
277 192.573593 317.237152
845 169.169388 248.569321
148 324.023163 424.532135
394 145.826752 34.908596
238 265.083557 97.695862
376 313.93576 217.491837
433 264.356049 129.913223
303 573.602173 49.272915
166 341.742523 103.245804
298 475.844299 69.552139
299 484.163757 55.684639
300 468.770874 58.380829
421 391.977142 228.216827
328 478.03006 153.25676
329 487.726654 147.752594
332 73.194115 49.36097
335 148.221634 105.985687
505 141.065079 90.692711
341 600.72406 126.098564
249 591.39386 228.462372
346 549.486511 229.715897
461 430.279236 135.08847
343 98.470512 423.037231
271 63.431904 415.713531
366 100.768845 88.11277
272 119.556587 438.579254
273 104.33815 407.485321
460 193.265961 316.059967
361 473.376526 108.498779
362 492.763367 87.769829
352 158.72525 376.55722
76 121.052254 163.077805
12 170.83667 169.657303
370 213.095352 33.224945
233 223.722473 128.213837
405 209.484207 126.279533
210 294.636139 68.743942
211 278.326416 38.920761
227 149.582138 223.864319
373 157.093475 205.460587
377 261.8703 220.952591
378 295.329315 190.363159
387 335.44635 160.541702
388 336.866882 154.904938
318 112.146545 51.783848
319 138.830475 33.547161
395 294.002045 162.010788
396 289.741638 157.79863
389 586.97467 66.760872
385 214.883057 191.571945
401 457.513519 49.975174
408 525.947388 297.400726
288 446.254669 301.927185
443 152.809586 90.612419
419 355.928772 231.583267
422 361.090576 228.144073
435 494.244995 159.309494
436 477.481323 154.092148
330 482.152985 147.695374
432 270.342896 124.565575
371 148.380981 223.587769
497 270.050568 164.962936
439 217.574417 155.298187
440 222.722351 146.824707
426 263.765167 97.936737
325 264.611572 97.930321
326 248.589615 93.07309
441 377.242584 49.791702
345 591.676147 229.025955
453 549.768188 230.561935
510 174.284103 267.384308
511 289.429199 39.804264
365 83.788727 125.943771
450 151.392624 43.800163
451 139.603088 48.867489
771 203.439423 55.204849
445 363.883972 84.508003
484 106.640656 376.125122
464 98.189194 423.602722
357 104.103859 407.485504
471 498.634094 87.253586
472 493.598572 87.218475
404 223.496048 127.518639
468 209.47789 126.837669
490 73.29969 49.691017
486 499.692627 215.096878
487 491.359497 215.047409
488 491.305878 206.571167
478 138.888412 154.432602
570 572.04187 63.567814
297 498.569305 77.217545
480 493.541321 78.858147
474 328.307648 185.191528
476 336.866425 154.623291
492 457.950439 218.247467
493 405.607819 223.113449
501 202.434036 155.463242
424 365.662689 220.406372
494 125.052406 228.77626
504 137.495651 120.868942
407 134.376083 86.54792
506 456.384583 48.579472
502 299.273712 126.075905
507 445.085327 301.933044
449 597.843506 112.944046
522 264.199432 128.295303
530 410.641296 52.624638
446 409.287445 51.620457
517 493.598572 87.218483
518 476.517853 64.648476
534 341.88147 102.026558
537 245.890106 128.458237
467 223.617645 126.680244
539 239.861923 122.493591
541 376.233002 50.449677
525 327.587891 78.121368
437 489.133789 149.167358
543 478.164398 155.445389
459 176.616898 342.886383
353 106.303802 375.108551
548 102.94532 123.778336
545 151.723083 45.13623
558 98.189972 421.906708
465 103.259842 408.334076
515 311.060364 217.781158
569 588.038574 65.749947
600 119.486534 118.044067
572 169.374649 113.216461
573 460.620972 216.220032
563 480.713684 220.417694
564 500.688354 214.424973
565 492.689209 214.377121
473 371.249115 183.598923
577 337.894104 154.287048
423 376.552399 224.734406
579 323.484222 215.709198
582 499.641266 87.260406
586 486.328156 169.677399
549 294.48172 240.55307
854 444.523926 301.935883
595 489.860352 209.883301
607 458.614166 217.025223
626 541.805054 233.547913
604 582.883667 67.681068
653 408.632294 54.603729
776 174.446243 165.941406
603 492.291504 214.781677
616 218.067245 153.338516
617 223.159973 131.508957
637 99.404129 422.313141
606 477.917175 222.033859
679 472.569733 212.70311
601 102.54673 122.974625
514 311.049805 231.429626
609 316.026855 221.496933
610 291.196472 224.007568
596 456.153076 209.656403
625 434.349609 209.51178
623 466.807556 59.781235
624 483.723511 55.069771
619 498.427216 86.449272
620 493.543518 79.192543
614 230.191391 155.638092
615 237.619095 143.439865
611 484.592834 156.319412
542 490.140076 149.513596
633 426.095764 109.818329
678 319.514313 203.172546
594 335.838867 155.094955
566 100.304787 86.751732
597 343.367462 223.984634
640 325.968964 214.057358
581 209.477905 126.837669
646 131.78273 81.773346
647 151.274155 55.170395
466 65.483521 414.973724
559 100.223984 407.657959
456 204.575562 218.180603
513 147.588898 222.167908
649 198.721451 151.127747
777 191.421799 156.056091
650 484.736267 170.876205
651 491.881744 163.664322
654 471.882355 91.055008
550 280.021759 240.568146
630 176.611206 342.072876
659 443.638519 301.134705
662 483.639893 157.279068
663 483.610413 154.371155
664 337.321289 156.070877
665 337.316467 153.150879
612 489.381866 153.945053
660 489.415314 157.337097
556 207.289642 224.30986
384 205.389847 216.947998
627 152.454453 209.940323
686 146.755768 201.20488
666 146.617905 224.613602
667 140.878998 221.714233
702 243.708786 64.159142
668 550.450256 230.659164
669 543.5354 233.554291
538 223.213165 126.684669
672 310.55365 229.939667
673 316.5242 221.00058
689 150.676025 76.364273
683 103.293602 417.914124
674 431.937073 212.445374
670 465.387146 64.575745
681 478.395599 221.546936
682 458.139709 218.493805
690 428.165985 121.867699
692 325.471802 188.374939
632 354.899017 112.617973
652 208.670929 126.846771
598 335.912933 223.978729
677 325.472076 215.048325
695 497.4505 84.997559
696 471.394836 90.569923
697 495.640259 212.849091
680 458.065155 206.73053
698 494.763214 173.690277
699 175.645767 342.066101
709 333.222076 211.484131
710 329.645294 211.482498
706 364.715698 78.786499
716 491.13623 156.191055
661 489.386658 154.429535
728 205.536591 226.088516
717 311.747101 229.34285
729 308.182495 215.058533
721 456.918152 208.485764
714 326.066864 190.147232
693 361.832764 225.797363
712 209.918961 127.797165
57 295.232086 161.731491
20 367.895142 222.084259
92 60.557728 49.393536
78 163.660065 223.596497
80 157.012848 205.97081
109 373.792358 202.232407
44 327.989258 186.282333
824 196.237991 388.817413
767 284.35495 361.126129
267 159.193039 376.833832
852 446.641449 302.517639
186 294.241791 161.539429
189 274.367371 116.135498
83 272.350037 64.246147
399 43.559322 45.491341
400 33.842697 40.262962
228 133.376694 228.646606
62 278.326416 38.920761
169 284.909088 130.0047
19 377.796356 211.375381
262 571.770142 50.40266
741 121.899231 445.177673
275 220.46907 242.528259
360 171.601669 312.393646
822 386.707031 405.896362
289 525.251099 298.107788
397 265.532837 160.762894
24 47.264965 48.548496
380 365.662689 220.406372
336 152.588104 82.252037
223 246.869675 190.614014
374 146.309326 164.742584
86 222.433441 95.536453
391 572.217407 49.254715
268 106.921249 376.407532
791 176.672363 342.830231
758 386.473907 405.430908
205 72.641914 49.369247
429 270.096741 158.194427
557 251.183594 182.071182
442 149.286209 112.395378
427 268.868835 94.575256
757 386.189117 405.712708
469 223.280777 94.973076
587 329.944519 39.749592
571 141.065079 90.692711
425 294.27829 99.415604
584 323.512451 100.013374
631 118.381493 354.798431
124 65.882637 413.756866
574 405.944183 222.085892
580 368.828003 178.817978
302 305.149811 100.042015
529 345.826599 46.38295
760 386.87677 404.364166
676 213.138443 160.673828
622 471.61969 55.004337
344 65.483513 414.973694
641 222.40094 214.391739
701 266.858521 89.792816
722 449.979218 211.968994
691 435.970154 204.809097
733 550.448059 230.07515
