33
-0.00258 0.000316 0.000781 0.000282 -0.00418 -0.000255 1 
24 79.66658 51.003597
107 340.875214 155.812149
83 277.042664 64.221718
94 116.456314 52.651512
118 462.580841 51.316437
7 498.79538 89.245018
34 271.485291 161.857254
33 260.642609 160.956116
93 146.504761 72.84243
45 341.873474 158.75058
114 590.152466 35.100845
5 488.660858 148.306641
56 149.616684 31.217981
12 176.881699 168.659393
68 208.844406 218.820221
897 208.46521 189.857269
948 206.39447 205.616837
71 318.008911 219.043594
13 151.533447 167.891907
81 240.89888 66.36908
210 299.53244 68.919556
85 214.961578 127.341873
25 52.526554 33.499763
95 90.824768 126.493599
245 107.351364 124.464592
102 494.953705 204.996445
103 597.624207 228.953644
112 593.676697 66.666496
113 576.41864 70.30838
117 346.577942 72.735634
926 137.926178 434.569672
274 179.969193 269.433014
952 175.172318 243.23439
291 437.888214 432.843689
140 613.331604 401.147247
970 106.645325 314.941284
927 69.638161 415.92514
939 290.298523 362.132385
105 379.9216 164.016251
17 386.179077 228.104706
15 234.656815 221.063629
191 92.597412 51.451305
37 493.551178 174.467194
63 239.934067 147.861435
217 318.082886 132.219879
169 290.820557 131.137436
4 502.666351 157.004608
261 592.241882 42.742992
304 589.796692 35.848232
891 208.199402 157.552979
73 240.728592 191.367859
221 205.419647 205.820816
196 267.813599 220.932495
198 159.608124 132.408142
227 154.214081 222.663132
369 227.870956 62.238205
234 215.548126 127.141533
51 174.907257 113.644531
190 269.787598 97.661774
243 91.016365 127.075821
99 106.368088 88.552177
248 494.903595 197.942978
249 597.234863 228.95224
251 340.683807 159.139801
183 340.676483 155.616089
260 576.610107 70.116982
264 607.228638 127.311035
49 327.56604 102.072815
122 113.698212 375.705536
272 126.591988 437.162537
953 211.084015 246.115448
974 309.606812 274.794769
158 532.207581 298.100739
151 437.108002 432.457428
394 151.424362 36.277794
299 489.7677 55.713036
511 294.491699 39.790333
328 482.239502 156.10463
395 289.721893 162.029205
396 294.019531 157.779816
782 209.98291 224.980103
376 318.249329 217.489227
378 299.626129 190.350937
892 171.438858 156.080811
368 77.737633 228.398605
373 162.65033 205.421661
370 217.30098 33.20475
405 215.075409 127.611923
235 223.877563 91.360847
238 268.844879 97.899323
365 90.788704 125.910652
247 495.188446 205.468475
345 596.999573 228.482635
387 341.15094 154.912857
297 505.293549 78.093582
361 478.964447 108.55307
471 503.944702 86.452034
362 498.358124 87.80928
268 112.529472 374.998779
124 69.014244 414.552948
343 105.499481 423.033356
954 211.878159 247.207611
791 180.864258 342.860443
360 182.10878 320.241608
408 531.512268 297.395294
381 376.37561 181.921585
205 66.030907 49.478428
426 268.84491 97.89933
326 248.560226 96.398849
419 359.374115 231.587967
423 371.393158 221.280777
329 495.851288 152.595749
440 229.333801 160.236069
490 79.259239 50.93927
310 260.114136 129.66893
446 414.340515 51.651428
357 108.321335 406.635071
271 69.574524 415.118073
468 214.523895 126.78096
469 223.329895 89.979424
560 232.014221 58.333092
771 208.483414 55.171165
445 368.966125 84.533463
472 498.634094 87.253586
480 498.57959 78.890106
486 504.690369 215.1259
487 496.360046 215.07724
488 496.307281 206.605118
933 158.723709 376.275421
353 118.409744 371.053833
374 150.483627 164.424026
949 173.346832 231.963364
494 131.711746 228.747879
482 590.251587 42.967457
492 462.978516 218.27652
424 395.394501 228.227173
435 500.909851 157.689514
388 342.00705 154.633102
774 177.171783 167.532074
450 156.436264 43.778469
276 181.980438 342.586182
441 380.28302 50.467937
584 309.229431 100.031647
534 345.96225 102.036987
437 496.156586 149.57254
521 280.508484 130.189011
432 274.424072 124.20182
531 323.519226 76.134865
429 280.323944 160.497604
522 274.24231 150.400467
530 414.683685 52.649837
552 556.790466 230.926147
451 145.653473 49.175663
459 181.440231 342.107635
788 200.594818 314.516785
510 180.302383 267.387238
352 158.718079 375.260834
600 125.108925 119.61776
344 69.90786 413.76474
950 174.338196 234.682037
574 422.246613 222.157333
569 592.010376 65.808586
422 366.940552 228.1548
579 329.696259 215.709732
563 486.720917 220.450745
565 498.689026 214.413116
573 466.611725 210.135284
467 233.802521 120.549362
458 224.016113 88.641846
586 492.339569 169.734573
476 342.006287 154.295197
548 105.140564 87.533615
587 323.527252 44.380714
866 110.339867 417.828156
515 315.200836 217.777863
640 328.454041 216.535477
564 504.289062 214.8526
595 497.062103 209.929993
898 210.188263 226.755936
456 210.237778 216.920074
461 438.751068 158.254227
672 316.022125 231.427094
651 496.690918 163.709946
612 494.194061 153.992371
607 463.44046 217.053848
557 241.956985 209.35762
641 229.739517 209.428696
650 491.950134 170.944748
581 215.937546 126.765152
626 547.57782 234.54277
596 463.410431 212.154175
749 138.280121 422.306976
570 578.036316 62.829269
776 179.262253 165.891724
620 498.380157 79.223373
648 129.423584 69.72995
611 489.405792 156.367767
543 484.519012 149.053238
625 439.205963 209.543289
541 377.050323 52.043018
622 481.357269 64.678284
623 471.648071 59.811138
627 157.252899 209.909256
566 105.133018 89.142784
558 104.262596 422.310364
559 106.701508 407.653473
577 340.774475 155.103622
602 90.443764 125.4533
664 343.24411 156.082794
594 343.236938 153.162933
677 331.435272 215.049622
518 479.905457 64.669472
670 471.175995 61.730713
660 495.161072 154.48613
606 484.164551 221.578018
683 106.209152 417.91217
873 106.214813 409.11911
513 143.755569 221.699554
720 223.140259 87.292625
679 478.362457 215.67482
951 172.5 233.30069
661 498.102142 160.329041
453 556.2276 230.680786
733 547.574402 233.569077
702 249.534576 64.118423
693 364.213806 226.992203
697 501.399048 212.884201
698 498.20816 171.973221
630 181.440247 342.107635
645 141.396774 151.720825
609 313.544342 218.026932
659 449.456665 301.106018
668 557.381592 230.101242
674 436.016327 211.880569
729 333.224091 215.050491
692 326.067596 200.799713
598 343.965454 225.771896
678 322.489136 222.189255
721 460.394836 208.509811
680 463.844086 205.010132
716 498.129028 163.238388
728 212.521088 226.056458
681 484.747314 222.755112
706 371.735901 78.821663
699 181.419205 339.178009
695 500.920715 83.285957
665 343.833344 154.915955
712 216.896317 127.718857
738 205.812241 339.364594
226 67.250221 228.905441
67 280.171021 131.196671
9 79.675835 228.860397
884 171.322769 122.97921
86 227.970428 95.327759
92 79.66658 51.003597
250 555.291016 229.97258
278 100.845726 280.45752
160 450.536469 302.497986
166 345.285553 103.2547
167 327.56604 102.072815
186 290.674957 161.554565
236 203.603394 98.465462
29 100.751038 49.071098
991 204.94519 152.714844
246 106.368088 88.552177
39 492.680725 163.924591
104 554.903137 229.775574
6 476.535248 97.773903
263 499.694153 78.060638
985 114.482071 381.587982
129 105.498924 423.9758
1000 211.084 246.115433
134 183.253525 345.663361
997 193.758499 320.197876
288 450.928711 301.903839
298 480.044128 69.580009
504 142.518585 120.82859
332 79.259239 50.93927
303 577.729126 47.950287
399 63.414349 57.801964
400 51.283348 49.802258
501 207.47551 155.407822
216 203.581757 152.92482
371 154.215286 222.427536
228 135.669342 233.342377
204 227.096054 140.988052
240 63.647507 57.567944
318 117.736877 53.148396
366 106.37027 88.086563
978 138.316956 434.569794
980 139.247849 423.031006
277 199.567551 316.099518
986 112.361351 375.111603
367 77.737633 228.398605
330 487.726654 147.752594
407 141.10675 83.997429
854 450.695099 301.904999
588 200.419662 263.298401
443 157.828934 92.247124
313 376.37561 181.921585
635 90.753937 65.106491
542 496.195068 153.608032
616 222.922882 153.286591
992 208.588776 134.085739
517 503.262177 86.48114
777 193.809647 158.455261
597 348.334503 223.990234
653 413.483856 54.634583
466 70.31263 414.984009
465 106.214813 409.11911
624 488.565399 55.094254
863 133.422974 424.745117
649 201.112045 153.524582
642 203.030472 207.148529
694 71.279488 414.985565
647 156.114792 55.147087
717 322.489136 222.189255
996 210.186127 227.248062
