70
0.138 -0.06 0.475 0.00449 -0.358 -0.0403 0.933 
2590 402.615234 237.101303
3188 451.623016 164.205292
2932 561.492493 235.673355
3186 405.663422 236.007935
2089 454.130798 163.27594
367 562.829529 235.002258
2239 527.297241 52.858112
3362 403.779327 54.573589
2595 416.710327 128.239059
3191 443.246002 126.853882
2234 418.623901 90.554314
3320 409.376465 64.897308
3223 527.393799 74.555412
1601 448.622986 234.579117
3107 408.587738 230.082825
3350 261.816437 229.429153
2077 532.421753 111.268616
2095 415.06955 236.626144
2913 326.879639 239.043213
3215 318.904663 240.076248
2328 563.828979 121.869514
2346 564.391602 251.148361
3477 288.788116 62.253765
3432 251.792953 160.049789
3489 247.610962 230.541138
3006 382.241913 156.984222
2517 500.079712 128.017212
3523 348.512909 63.165535
3229 442.651978 90.116684
3543 307.430817 401.408997
3419 296.248444 364.11441
3564 249.914856 373.631226
3125 156.468842 425.763397
3592 179.655594 294.710541
3518 276.097076 260.993591
3466 241.459854 251.036484
3581 178.266144 325.997009
2572 322.011871 323.779297
3243 347.533386 62.971725
3544 308.21814 400.244049
3570 296.644012 363.919891
3553 221.187485 384.529877
2466 494.152069 86.386322
3441 180.84021 227.250137
2627 451.623016 164.205292
3537 508.236847 419.881287
3532 79.776543 433.376831
3534 50.494923 434.333435
3096 355.178741 253.203232
3228 533.674561 236.546463
2160 268.907288 281.112396
1381 489.379974 258.035889
2349 409.909302 237.715439
2365 437.258545 131.812531
3436 252.771271 160.628357
3005 381.08252 160.498062
240 477.167023 57.038845
3493 267.622894 70.254791
2639 411.11264 250.839767
2638 524.647217 174.9189
3126 157.05307 425.176819
2069 411.347168 249.16954
13 564.319885 169.11644
1671 500.077972 127.82312
2070 398.828003 235.11087
78 576.022888 236.849213
2594 434.211273 175.061981
3538 61.14072 422.742371
3491 326.393463 167.363571
3501 335.404358 131.058701
3485 252.769287 160.863144
3480 314.048798 132.458298
3244 348.003906 63.202583
1369 321.422272 324.634735
3386 507.456635 419.293915
3444 240.708847 229.991333
407 559.918823 78.360367
3445 382.337799 56.44072
332 493.370941 47.092918
3550 496.055542 384.72525
1561 524.143494 174.720215
374 562.870544 168.220917
227 562.829529 235.002258
2054 499.963104 127.449471
3539 60.67123 421.567719
2325 488.174927 257.514862
3238 325.439484 167.599258
245 519.581909 124.255447
3495 266.664978 70.371117
191 507.941986 46.039288
3530 521.237549 435.493958
3568 546.812927 369.368835
3566 158.718079 375.260834
3420 295.453613 363.445496
504 558.249207 115.75045
2179 399.850098 234.42598
3213 266.452026 229.020508
3340 499.843323 257.528381
3471 281.641479 145.501068
2013 509.423645 420.233032
3549 514.524597 393.460663
2073 473.431335 83.72274
2719 418.026459 91.546822
3364 347.888855 62.264992
366 520.447205 84.035881
2727 416.012085 68.996834
3398 77.973511 406.655609
3563 158.723709 376.275421
3104 345.45108 61.465603
2626 412.524841 236.520416
3454 411.544373 236.023438
2340 367.74176 130.977173
3453 239.428665 226.633987
1800 520.179077 84.16848
2997 436.876251 48.798405
3542 75.953758 405.63913
3562 65.46656 378.398438
2188 437.639984 130.811279
3068 296.76123 362.039032
3182 495.754639 300.909119
3517 264.037018 75.479324
3511 556.808899 111.392632
3347 254.56131 159.300018
3462 255.153702 158.711151
2086 393.863586 233.007889
3202 276.418579 148.055969
3459 236.48027 230.101868
3527 278.803741 228.991348
3473 266.858521 89.792816
2833 354.257172 99.383743
2830 391.82959 83.152809
2798 403.930725 76.074921
3349 268.906311 280.616577
3476 266.227417 96.112366
3217 280.787384 227.003738
2817 368.524384 130.595627
3200 351.883789 92.487038
2810 375.737549 153.309799
