84
0.466 -0.0769 0.655 -0.000251 -0.608 -0.0731 0.791 
4447 565.429565 36.493679
4431 279.449066 152.027634
4343 256.261139 98.920349
4288 316.894989 133.386078
4454 583.855286 190.841446
4453 580.107361 226.937088
4455 578.016724 189.841858
4112 339.991943 235.010773
4452 571.605896 73.167824
4440 284.064026 271.979156
4412 89.126022 441.429169
4344 255.673935 98.925232
4433 274.11615 152.256683
3829 583.079651 191.42334
3436 592.451538 145.645721
4467 538.868225 192.377991
4118 352.776184 238.814972
4136 308.176117 227.545715
4139 308.209106 200.318649
4009 421.173004 222.038239
4463 542.498657 79.78846
3912 233.649368 430.021149
4211 188.673981 426.461334
4413 247.368103 431.07132
4318 466.448761 425.286285
4442 283.267944 272.377655
4345 255.29184 99.667793
3441 492.49646 219.577332
3601 567.597473 225.562317
4120 338.628326 183.494064
3770 422.597504 224.897858
3838 483.946228 132.325592
4281 353.631897 59.633541
4192 327.566711 441.021515
3466 568.151489 252.310745
4055 466.686066 424.581329
4458 568.835144 187.617233
4043 233.495209 430.448669
4052 188.437576 425.991211
4193 328.274872 441.114532
4459 574.609985 232.622818
3863 540.407532 42.298519
3765 500.544525 117.398102
3772 477.785034 119.19384
4145 307.634583 200.605301
3766 482.583313 162.562073
4387 314.617828 132.736938
4280 364.265686 156.405258
4422 158.72525 376.55722
4146 220.857803 163.69928
4147 321.038727 138.102051
3444 568.156189 225.564423
3610 541.942993 79.446167
4204 237.938614 428.399811
4212 189.27179 424.081604
3784 422.255768 224.211548
4142 304.308777 152.955505
4292 346.145569 164.46022
4275 364.597107 154.379517
3776 476.964539 117.578629
3786 419.364746 162.916199
3790 422.24472 221.746567
4051 186.847183 424.880585
4152 313.655975 135.692001
3798 484.345856 132.128433
3989 480.702362 218.37912
4153 482.506805 190.316238
3796 373.082703 212.158173
4390 308.597443 201.701233
3787 484.665497 163.593689
4348 260.921875 101.325417
4461 569.073975 188.460846
4293 419.871368 241.480606
4159 313.617004 158.993637
3850 474.54184 116.590073
3803 423.217987 221.258316
4021 478.379517 218.610397
3953 283.152527 232.951797
3946 279.654144 207.999817
4165 254.232956 206.334763
4157 307.573914 226.962448
4158 310.583923 200.216965
4297 329.63858 193.695404
4005 343.27179 167.791565
4349 272.258301 153.328903
4164 308.174683 222.197586
3795 476.552704 83.111954
3942 279.776581 179.645874
4438 283.455139 155.010605
4295 328.447388 191.329712
3802 422.052765 222.435791
3808 505.499542 226.376495
4380 567.496765 229.822174
4372 583.855286 190.841446
3859 521.918579 46.75695
3500 610.445862 32.111382
4138 316.002289 241.003143
4319 508.242096 415.959045
4315 328.94339 441.991425
4311 398.640289 452.513062
4256 610.494141 296.454193
4272 433.078125 246.103745
4176 492.402679 175.62822
3489 579.717224 226.544968
4122 363.136536 131.15271
4137 352.776184 238.814972
4269 419.29071 222.26741
4047 233.258926 430.213654
4127 349.801697 183.233093
4346 253.17276 116.072922
4374 582.842346 190.486221
4328 602.894348 399.024109
4129 328.305359 178.369873
4143 321.409241 236.741287
4121 335.205536 200.595505
4150 313.203156 160.37558
4375 541.942993 79.446167
3874 580.90564 224.936584
4141 366.951416 234.357224
4347 254.339249 92.359901
4049 173.099518 428.070404
3486 570.706726 233.651581
4151 323.482086 238.88208
4341 254.173676 219.166061
4065 274.2099 155.260788
4067 283.74231 235.929092
4163 483.991852 135.2164
4162 501.095947 107.578552
3459 564.297241 223.123947
