90
0.604 -0.107 0.682 -0.00665 -0.688 -0.084 0.721 
4343 369.227753 94.892014
4677 402.315582 179.690781
4699 334.931641 161.677963
4755 170.562759 333.802734
4776 256.328827 294.827606
4747 293.247314 356.25946
4746 266.56076 360.047211
4765 84.355545 296.341187
4521 200.391953 284.715271
4751 605.730957 345.405304
4600 466.143768 240.249603
4564 318.031525 184.308914
4716 188.747284 446.412689
4732 207.868088 380.121735
4591 452.969299 182.298157
4567 428.250275 164.431152
4167 519.331726 219.249466
3764 603.112854 239.522003
4344 368.830902 94.12085
4288 433.738495 130.609589
4770 194.754776 285.290863
4767 83.385719 295.755157
3912 338.178467 451.498505
4169 541.422974 245.18837
4780 393.341095 272.346008
4768 255.934128 295.024902
4778 300.019196 274.789001
4569 428.929962 140.108536
4683 332.588837 161.949875
4748 292.573792 356.374725
4602 465.764008 181.243912
4345 369.307159 95.046265
4139 419.628632 199.247604
3768 541.191223 245.187698
4271 512.023743 242.277939
4779 299.540283 275.028351
4523 194.520203 284.81601
4738 158.72525 376.55722
4717 188.510788 445.707275
4733 207.786774 379.730316
4142 418.610291 148.40506
4689 328.304169 174.96463
4146 333.446106 161.386093
4524 193.401215 284.812653
4781 392.010223 272.969482
4275 480.826111 154.12709
3770 546.407776 225.47908
4403 519.707031 220.285522
4118 466.418213 238.735046
4300 587.830688 117.908836
4144 452.988129 233.570526
4145 419.063965 199.243652
4387 433.592499 130.096008
4126 495.377838 100.612801
4478 427.728271 240.333069
4739 158.723709 376.275421
4147 439.74939 138.885162
4648 218.640015 277.699158
4772 194.40535 283.791443
4389 481.262695 47.038563
4141 468.761169 238.742599
4577 490.676178 212.329956
3789 548.743469 224.812805
4274 548.407104 160.065704
4280 484.163055 153.488632
4347 370.375854 94.166481
3946 390.2117 204.527985
4582 344.188446 217.786072
4143 454.663269 232.552841
4581 422.100098 197.560852
4120 454.294769 179.498413
4740 158.718079 375.260834
4787 375.216309 269.544189
4348 372.386078 90.193237
3780 578.394714 111.011597
4132 580.997253 149.729385
3786 542.372131 159.222
4130 468.36087 239.150345
4292 458.156769 163.318771
3784 547.54071 224.807861
4151 436.908234 236.591461
4390 419.676239 199.588974
4150 421.750793 158.076889
4584 452.428833 239.101059
4349 387.493378 150.478912
4694 428.54361 156.689316
4005 457.668701 162.827881
4165 367.119751 203.245346
4152 428.229279 127.651901
4067 420.315796 227.162781
4158 420.170898 200.574661
4656 402.352783 171.048782
3790 547.540771 224.807861
4293 553.387085 245.273712
3803 546.95636 223.053696
4157 422.068146 225.986053
3953 393.863586 233.007889
4295 442.847443 190.753464
4159 432.028229 155.56076
4384 487.601593 149.181519
4703 553.961304 244.106873
4811 428.638977 164.239502
4651 300.019318 274.988739
4138 427.19751 241.133148
4793 408.438507 213.297791
4113 539.05011 159.430588
4112 454.483185 234.287308
4269 545.99408 226.416183
4136 418.137482 228.210526
4533 393.341095 272.346008
4630 462.98642 414.748627
4679 430.471558 152.739029
4795 446.332581 240.192123
4710 477.18576 216.659744
4009 546.686096 225.480209
4834 343.175018 219.649719
4660 394.514679 236.485748
4814 358.417755 191.797012
4479 429.90448 163.0215
4605 546.009949 151.305298
4121 451.950897 199.490784
4688 342.115143 214.342484
4535 366.752991 174.725235
4477 428.899017 163.686874
4654 399.138641 130.411667
4592 457.47525 162.299683
4726 479.669037 422.400909
4831 402.364807 172.513809
4823 325.966644 174.623825
4590 310.665955 153.156097
4698 364.194397 218.070618
3997 466.914978 239.145782
4692 365.676117 216.588837
4804 343.953339 215.060318
4809 428.63324 165.441376
4806 289.821442 185.491562
4841 562.032776 237.026779
3942 390.04071 176.233704
4825 403.845093 141.3134
