94
0.701 -0.102 0.676 -0.00557 -0.74 -0.0882 0.667 
4915 496.436005 152.274384
4992 373.313232 408.885071
5109 346.705475 410.923584
4977 608.635925 454.428802
5164 183.918198 294.529816
5169 274.145142 287.917236
5123 61.842052 383.583984
4468 579.940613 184.975006
4271 612.301697 251.474258
4834 423.188995 217.335098
5172 456.076355 90.822983
5178 452.838196 150.840775
4564 397.828064 185.366852
4811 517.802002 164.146072
4111 522.272156 141.99501
4521 273.747894 287.91629
4600 558.827026 245.240601
5125 62.231045 383.975922
5167 60.074314 286.408661
4591 544.616516 183.045776
5153 77.548363 301.639099
4136 506.669312 232.131058
4288 522.176941 129.168304
4343 455.487762 90.238487
5077 450.900452 216.502579
4936 423.967651 216.349686
5154 599.79187 299.361816
4865 130.097183 405.133881
5122 282.524445 390.813873
4565 402.475586 175.01416
4699 413.674164 162.410919
4567 518.503418 164.853043
4812 532.235291 136.933655
4118 559.29187 245.24202
5166 218.403336 292.021576
4523 273.747894 287.91629
4602 543.79071 201.543777
4533 477.31192 280.502838
5161 59.331593 303.08728
4344 456.420807 90.247208
5120 461.216949 397.882019
4866 130.79863 404.664093
5060 410.41571 177.05928
4683 413.684814 163.537872
5078 527.796387 179.801804
4388 509.274902 159.44693
4142 505.84549 149.326401
5170 273.177307 288.488525
4281 570.416626 39.281342
4141 559.851379 245.807175
5160 78.108162 301.638153
4478 529.79425 244.025696
4441 478.789886 238.775284
4710 586.589417 217.19606
4918 539.770264 235.59697
4011 584.815979 193.583725
4292 576.238098 153.139267
4139 507.938324 201.607269
4345 456.700714 90.249825
5083 451.236877 218.208939
4688 424.249817 216.351212
4856 365.653992 439.374481
4868 130.237381 404.945801
5124 62.837898 384.634399
4732 282.192383 390.671997
4939 528.452637 178.121048
4477 518.328979 163.897812
4150 512.266907 157.79007
4146 413.678467 162.861679
5126 61.829727 383.279816
5163 59.951088 302.014465
4970 580.962036 241.144058
4785 468.786377 277.622131
4945 528.791504 243.006729
4577 586.924377 216.859955
4121 544.631042 202.504471
4347 456.890594 90.43837
4145 510.595367 200.272797
4120 544.519104 182.268188
4692 446.535095 219.017349
4582 426.143005 221.272369
4946 399.646698 191.266479
4799 366.800201 184.942322
5018 387.058716 376.072998
4870 130.572662 403.590881
5132 158.718079 375.260834
4773 273.863861 288.559052
4130 559.646057 244.319153
4144 545.190063 239.403992
4147 530.17218 137.356415
4819 506.770416 231.948715
4573 477.989594 239.181168
4581 508.995697 200.261871
4959 559.379578 181.136002
4822 544.913452 181.057297
4280 578.587158 152.140533
4387 522.867615 127.634949
5177 475.085785 168.352127
4479 518.328979 163.897812
4823 407.296509 177.440826
5162 60.75671 302.824463
3942 518.325134 163.413025
4931 518.655884 132.050507
4584 538.942444 239.383255
4963 559.167175 245.291275
4151 524.551147 242.262115
4067 478.470581 239.182739
4390 509.962036 201.242264
3946 477.740479 208.629608
4925 515.179871 131.443405
4165 486.696869 174.781754
4961 547.032043 244.085648
4152 518.655884 132.050507
4348 459.144379 82.967407
4157 508.968079 229.90715
4158 508.814209 201.818863
4951 301.086395 190.177689
4698 446.535095 219.017349
4825 490.964539 138.766373
4159 511.947754 159.870956
4005 560.634827 181.142334
4295 532.947021 191.471939
4275 553.591736 163.648651
4809 522.312744 156.466507
3953 477.897064 240.357513
5086 539.930847 202.009506
5035 164.567932 295.444397
5268 527.817139 366.917297
5284 582.324768 331.642761
5293 383.73764 306.784943
5313 214.652237 292.481506
4851 367.68045 439.787567
5233 373.313232 408.885071
5265 159.194138 377.029572
5101 530.904541 438.138641
4138 516.351929 246.293869
5287 40.522129 322.86792
5296 77.547371 302.226532
4941 378.728302 197.301895
5244 480.679199 387.671692
4999 134.946274 377.863831
5281 139.630096 343.440277
5288 40.133518 322.868652
5297 58.084877 303.246918
4606 580.23407 241.085327
4566 378.925537 197.104919
5048 474.88678 163.747269
4852 366.503754 439.092163
4949 387.00531 197.620636
4679 518.40332 152.234772
5266 158.72525 376.55722
5036 164.569229 295.837982
5308 106.872162 300.204468
5324 285.677887 286.745789
5250 61.997742 383.505524
3987 585.515686 217.192001
4660 480.078278 241.474106
5260 380.98761 375.53009
4921 492.525879 154.245224
5257 386.371033 377.090149
5289 41.067894 322.020996
5299 77.548363 301.639099
5312 165.265778 296.076477
5300 78.108162 301.638153
4143 529.79425 244.025696
4926 520.896606 185.755753
4694 509.619171 157.525177
5304 59.951088 302.014465
4969 558.896912 181.133575
5249 63.040298 383.279236
5305 60.75671 302.824463
4656 486.696869 174.781754
4824 405.336304 176.935989
5251 62.556267 382.791656
4808 429.034668 215.37944
4832 372.385162 186.720093
