3
10.000000 0.000000 0.000000 0.000000 0.000000 1.000000 0.000000
6 393.790755 275.138326
7 203.808621 313.135048
11 71.774886 328.294857
16 374.137603 276.737365
22 239.844556 147.839136
28 97.638026 186.408603
30 226.247353 311.854492
32 18.598172 184.707257
34 513.754034 224.213989
35 492.665444 171.503953
38 454.199361 311.560362
40 339.013430 170.422145
45 573.816883 103.500384
55 454.269874 161.742950
60 433.750734 179.536310
62 45.735751 156.455466
68 209.748007 296.473939
69 250.904034 208.475692
72 491.339790 373.887126
74 572.238329 233.197022
76 525.103414 69.622848
77 102.301408 130.970060
78 123.174968 259.574224
81 207.740346 189.285416
86 407.777890 308.674418
89 626.854177 100.953125
91 221.514795 316.945453
92 627.652089 297.257627
96 255.485031 122.677509
99 203.264668 259.980026
100 594.445193 186.620870
101 544.286100 111.753767
112 161.504926 203.659543
113 478.131357 117.737394
115 416.223328 200.291228
119 501.427825 224.787228
121 39.927597 181.404914
123 77.773371 235.304698
127 44.569476 347.570130
129 376.337937 233.537745
131 0.242002 18.940687
133 187.130529 314.336593
134 32.206062 367.769039
135 327.792731 288.376445
136 626.344344 308.241901
145 298.330583 97.400187
146 587.105314 327.143926
148 239.024169 154.457070
152 396.716393 211.863308
157 498.116618 260.903906
159 183.199770 233.806810
160 499.901667 262.148415
162 63.558309 259.318810
163 369.190254 255.410225
165 354.589606 168.586972
166 193.141207 189.915202
170 263.251885 248.866666
171 312.910275 98.440176
172 568.469798 116.645245
174 214.208651 274.102302
175 536.664506 334.264354
176 512.150653 175.458680
180 621.569672 444.755833
182 28.794442 287.396834
184 424.308042 374.761198
186 452.825115 205.065499
190 143.004676 332.338881
198 546.330100 122.697857
202 305.550567 93.336962
205 255.992260 361.371358
211 395.341054 368.607930
212 511.683274 192.766546
213 35.999602 38.253434
214 430.302021 181.555631
219 457.903158 369.507081
221 211.430231 136.867129
224 118.980051 296.577955
227 53.108786 73.269695
228 47.590109 295.001243
232 220.132226 133.788840
235 532.142583 304.125913
236 534.607327 191.659192
237 368.548125 133.237724
238 534.118645 262.386853
241 184.862203 290.694997
244 458.154867 154.549489
247 505.182596 97.995210
252 465.712957 145.397472
254 518.291711 141.219104
258 409.563837 163.839415
259 11.329823 66.165623
261 322.472636 286.172727
265 302.796459 128.955021
266 184.088682 284.456153
269 447.151793 135.427254
281 599.021286 273.539239
284 484.413490 181.816231
291 592.485191 346.384040
294 378.423617 329.820589
301 258.539874 326.797731
303 597.924366 197.665602
304 528.964352 187.640276
305 277.379488 101.597094
306 500.194914 236.193597
310 601.847265 330.862165
317 419.515327 359.411966
319 79.173405 226.712765
320 619.693898 258.046359
321 279.774071 302.927576
325 572.384794 260.492810
328 582.987547 222.303538
331 80.103024 328.934079
333 186.939543 328.335628
335 581.525551 215.553192
336 241.510626 310.586299
337 317.149352 178.428774
338 486.305337 155.093697
340 454.032582 178.539338
343 291.611640 218.101925
349 221.188265 359.120782
357 358.117120 268.269999
358 365.981542 259.615454
360 237.772152 187.843839
361 329.694400 325.822457
365 236.074551 350.432929
372 46.891174 69.701895
374 386.951015 13.658406
376 61.062634 158.511526
382 376.924905 355.685018
383 444.725857 37.794786
384 151.266625 204.716259
390 274.327921 261.131638
394 633.979190 290.417472
396 587.707150 237.701094
398 47.171337 149.787255
399 635.027650 233.470296
400 396.541725 156.780603
401 326.300872 66.668905
402 398.827556 312.328970
404 385.165581 21.347688
408 614.474878 236.761763
409 400.323113 230.070831
410 545.189938 199.107904
413 346.235223 300.288333
418 233.862436 290.080551
419 559.748995 161.998015
422 244.695658 31.742265
423 241.082638 345.565943
424 595.420254 177.790348
425 502.663986 179.241489
426 247.685621 261.721150
440 38.089632 157.301207
441 484.168226 374.941451
442 320.190973 251.525790
448 50.874804 228.424868
452 281.038056 256.124299
454 513.779005 246.059530
455 359.133679 398.145000
460 330.776131 197.197919
461 29.169020 266.534005
464 527.556650 218.155601
469 104.266947 260.945290
471 327.896107 384.045902
473 539.987043 189.824695
475 432.306694 156.972127
479 470.218302 426.867190
485 348.508840 215.022635
487 487.333116 169.184792
488 222.929089 231.645556
494 249.019558 373.343088
496 162.538975 135.298198
499 212.913517 264.215345
504 249.728953 306.746546
505 41.488957 161.983778
506 172.082324 268.833967
518 98.329225 258.047058
519 63.241857 278.047593
520 166.172441 230.857099
523 451.474754 311.758880
529 340.040554 272.498116
530 141.803135 190.563668
532 275.539289 251.547441
536 167.308272 401.463098
541 578.282708 266.161150
542 432.357173 176.468740
543 579.684044 293.101158
544 41.259438 121.068543
545 495.095281 247.176109
547 198.140151 243.953731
550 193.058886 427.622022
552 479.781959 370.819781
555 483.298087 18.444815
556 216.503522 149.749256
558 224.930220 298.371070
564 82.647167 180.526254
566 56.066374 226.446097
570 366.805633 259.694661
573 17.016943 432.596388
578 502.824069 136.882936
584 475.976873 345.388265
585 427.330033 282.113306
586 386.323010 192.038859
590 620.504816 265.518649
592 372.751027 181.755384
593 498.508308 302.037571
594 429.759885 202.175298
597 191.905498 108.027266
599 48.623599 153.842830
600 122.626130 166.823072
602 61.812596 182.339778
609 564.057194 330.157691
616 274.718778 301.083247
617 515.691142 432.906434
623 397.709778 389.983278
625 16.599529 148.562740
635 180.373113 211.628511
636 64.926057 278.351569
638 45.223609 30.754778
640 263.175386 304.488571
643 11.797908 325.698638
646 148.476027 287.905954
647 202.594553 360.644338
648 378.510822 299.797554
650 316.781149 269.124803
651 429.441318 189.335409
652 86.551521 322.726683
653 536.056888 204.460964
661 408.632700 130.730100
662 547.468668 77.806592
665 73.022322 147.381928
666 633.021718 208.652490
670 85.470710 99.144956
672 532.542263 245.621141
673 251.433896 197.002176
677 369.093456 407.908652
678 34.024304 342.037279
682 538.798692 227.745839
689 0.812763 124.013351
691 338.498748 223.123566
692 617.369039 141.689308
694 114.022614 72.271907
695 95.236407 187.423653
699 167.449314 340.845450
705 375.282526 155.171346
706 144.420055 346.318078
710 242.270727 213.562702
716 592.007746 63.725872
717 460.697077 435.735271
720 303.108491 329.211328
722 387.973460 66.391021
723 13.711986 301.672670
726 280.386656 149.021296
727 217.444925 248.915639
732 584.088265 152.207823
738 226.074138 159.210376
739 176.640076 280.309891
740 111.954113 269.006160
743 24.438233 152.502369
744 503.481572 333.680051
746 621.421140 264.616512
748 255.513256 262.705869
749 479.682822 300.497534
750 318.167082 203.761173
752 218.412914 145.947038
754 428.784903 113.316718
756 117.404431 186.364110
757 246.571072 95.343771
758 480.666479 333.449277
762 360.792717 238.281161
763 104.121021 270.462409
767 574.596417 343.227375
769 537.842873 415.167915
770 216.431162 272.263678
772 307.496867 251.576169
773 146.463925 153.959395
776 486.639967 174.444166
780 357.040465 365.929062
784 190.660179 202.924918
786 357.637278 211.088447
789 271.574994 201.472338
790 351.676843 147.095090
796 161.930179 202.911469
797 231.813797 205.773971
798 431.921082 232.839363
802 91.838565 240.539159
804 593.470318 266.536208
805 298.951557 332.952923
812 205.708602 214.032698
816 536.374599 205.228587
818 224.848267 328.769939
822 590.310580 117.238709
823 213.586996 332.807611
824 482.038536 329.802002
826 357.148670 131.147530
827 377.624350 0.631477
832 291.632282 237.149002
834 613.273264 341.232676
835 473.238445 65.536482
838 117.255891 255.888217
839 251.075355 322.726694
840 54.624123 187.617087
843 164.430868 89.750525
846 211.630772 241.971507
851 134.034445 122.066309
853 618.170614 260.578246
858 374.367568 225.346584
859 586.285145 128.558990
860 223.129907 237.484625
862 555.044226 401.232918
865 462.037485 338.315710
866 408.627867 170.338631
869 240.974372 263.083709
870 80.659279 207.715623
871 412.864533 227.159732
872 395.283440 315.368291
873 37.424333 421.094521
877 52.570470 321.295912
880 400.721265 335.254400
881 45.957072 133.880857
882 249.444499 119.065137
883 628.238334 365.487158
884 360.927689 241.734106
885 169.940618 101.498379
887 267.400328 140.759247
893 488.596609 187.107361
899 408.613112 146.837749
902 525.084095 278.120533
903 169.597551 81.213911
904 199.385800 445.539849
905 87.641981 296.173658
907 509.078728 449.666271
912 316.603145 269.022582
913 521.882812 279.461906
918 446.813186 189.821043
922 419.613334 126.083266
923 410.078855 172.619818
931 57.101753 167.502710
932 385.994187 151.598015
933 59.143389 353.740917
934 118.541868 233.301315
938 530.368136 310.764761
939 7.359507 164.913441
944 130.337030 346.144787
947 605.215177 275.161305
948 550.909967 166.584253
950 164.907499 135.747723
951 338.310433 183.643234
956 135.204116 356.977566
960 246.721195 139.010129
963 506.810544 147.902752
965 8.742194 255.209371
969 403.946244 231.304740
971 622.277539 278.220635
975 352.497644 318.307965
980 562.055386 94.620625
982 359.543115 115.664841
983 212.532335 237.797317
988 88.197519 431.409110
989 387.272377 302.588887
991 460.651943 50.043291
999 505.527074 257.494953
