27
6.500000 0.215120 0.000000 0.000000 0.000000 0.377205 0.926130
1 424.334441 98.917463
50 166.307554 250.753079
82 462.437985 382.964769
85 604.121834 397.618324
102 310.601005 208.598084
109 151.665709 307.879241
137 453.145327 177.786410
268 75.345552 433.142519
314 13.796338 461.108452
318 460.612750 102.997852
324 250.039789 145.051426
344 217.204502 453.602829
352 89.084281 232.998096
364 96.472155 374.638106
393 437.060633 50.102259
444 543.921495 91.346609
446 316.863466 393.883418
447 262.256926 50.319068
482 160.696491 2.640648
512 15.578327 52.055744
538 65.288747 190.498156
568 536.268259 154.105806
601 385.485896 449.547815
606 609.118721 167.475160
620 400.646598 87.886804
621 210.637727 467.306426
642 37.296568 356.970792
680 457.624986 450.544659
702 513.319753 209.717468
707 20.655759 267.962711
734 289.241230 387.281854
777 180.014165 45.764395
785 495.267442 85.433436
811 339.641342 42.841467
842 267.569404 309.165071
850 203.958245 271.118318
914 216.655317 244.693755
943 191.809506 48.881367
945 114.206852 226.797080
961 601.070049 322.512708
981 207.461077 428.133470
