32
7.750000 0.994599 0.000000 0.000000 0.000000 0.051689 0.998663
23 73.762556 399.362097
44 133.333295 54.687599
126 317.733361 301.165834
137 146.862003 193.363359
154 279.383823 171.059368
173 503.314873 383.244209
199 89.499072 63.642903
203 337.069834 105.464089
206 326.925434 328.951823
207 74.490290 422.064737
234 111.539693 184.239144
289 18.702106 195.042936
293 207.805233 15.735204
308 64.493644 33.809911
315 481.917697 336.731714
348 386.653215 184.309377
352 422.858058 293.324113
468 332.043080 468.292107
498 398.839279 97.663525
503 348.049771 36.433406
527 374.185916 59.862760
546 424.640127 55.614381
568 104.568687 342.053484
588 74.829877 470.882791
589 58.568751 92.603832
606 189.801578 45.426257
615 253.855704 167.297011
639 13.896914 224.120687
684 509.386263 177.789714
728 517.515633 144.481992
741 340.923360 176.154426
765 332.288282 393.454093
800 370.126837 143.497913
801 595.154951 387.498694
815 398.238294 401.438081
852 447.395568 149.609380
867 118.907518 139.015920
889 202.336090 427.079025
895 207.714275 228.789234
914 484.484467 390.549973
915 245.472599 434.392991
920 261.631224 166.702331
941 103.765803 463.757464
984 109.636601 174.572648
990 139.274436 400.274521
992 361.725234 41.775964
1053 367.597467 84.259116
1058 637.997075 329.172675
1120 399.377748 378.048260
1136 236.957324 40.905158
1146 220.176729 103.417535
1158 438.306552 38.383650
1183 456.502011 393.918216
1203 499.731105 438.062205
1212 363.908468 409.333059
1219 258.201474 141.110884
1229 353.593706 212.287353
1244 419.240102 216.774582
1246 332.458049 306.601865
1296 383.843628 139.368977
1314 472.041739 309.165044
1325 322.105273 302.351928
1339 53.532196 64.035645
1345 607.310212 451.803279
1363 277.951857 188.106839
1378 619.339473 363.552376
1403 519.022518 406.506079
1458 411.632236 335.653869
1473 172.033541 455.533803
1512 134.857684 33.670111
1553 561.397044 155.419225
1559 508.719762 327.652271
1653 3.279686 430.780480
1728 246.117298 355.575086
1731 219.688073 417.785229
1741 104.308000 451.603321
1804 227.360263 53.305817
1810 207.696886 316.953327
1817 298.260783 382.108423
1825 373.722062 203.377826
1853 505.933362 476.426118
1868 192.485164 406.774816
1883 337.463847 275.012572
1900 358.154129 314.109909
1968 624.466186 79.001866
