8
1.750000 0.983986 0.000000 0.000000 0.000000 -0.088082 0.996113
19 423.389606 106.266352
25 413.817252 380.013082
44 90.348559 129.550397
50 322.949164 100.468626
64 422.864538 189.875302
73 280.669997 59.879763
88 529.647517 173.285925
94 496.326924 126.358364
102 189.848064 74.136873
173 341.792704 314.483724
177 271.096688 272.151185
199 4.072939 96.360829
203 249.726832 138.320549
234 121.946904 233.168258
274 70.239422 29.921432
315 323.246279 302.916281
352 228.373084 270.144398
468 235.707081 374.104193
483 542.741970 438.741127
498 282.696454 147.611821
538 37.477167 220.482805
546 252.772772 143.850192
568 78.222789 353.807105
587 116.695780 466.851068
606 127.110195 115.982221
615 163.261706 181.047639
642 584.989065 82.583241
707 448.011981 414.322674
718 203.461640 402.599900
733 84.336089 424.557248
801 329.198023 295.161371
821 437.414708 66.430311
842 451.656570 437.824883
861 135.047579 64.296062
867 79.135687 169.814276
914 293.191063 324.746095
920 183.660781 196.078312
941 75.184798 392.223417
984 48.161722 204.230343
990 97.380456 366.478026
992 233.203167 105.874582
1082 589.190175 167.512705
1083 615.192277 153.400258
1089 349.545793 108.668450
1151 585.520655 215.439873
1158 306.305062 120.985440
1176 538.142330 58.434599
1183 315.921477 312.000042
1212 267.929015 287.168197
1214 499.983888 332.566944
1219 163.899226 232.951991
1235 140.834948 51.869138
1244 286.095394 246.203882
1260 479.195785 225.756727
1287 408.481598 131.695241
1314 323.786462 272.799984
1332 468.702038 329.722490
1340 12.350055 306.753247
1344 454.943356 466.056621
1346 326.110315 469.337138
1352 282.985082 67.554718
1364 348.910156 78.681808
1393 52.927701 170.932278
1403 340.719645 335.131077
1473 108.184409 384.376174
1512 90.252441 130.451952
1541 30.180643 329.318739
1578 185.372476 16.443381
1584 377.958280 433.808356
1590 114.994537 55.223928
1618 518.419522 128.328112
1669 506.417136 219.544719
1687 420.428907 446.838566
1693 597.231307 310.003007
1728 197.968288 322.337888
1731 157.242929 299.358858
1741 85.315373 370.380358
1761 412.810694 333.297707
1810 149.771253 285.574264
1824 370.595292 287.894362
1923 328.074388 1.126389
1945 515.899259 405.940720
1963 296.338628 424.627379
1968 365.739299 162.179729
1993 496.115489 466.869404
