33
8.000000 0.989358 0.000000 0.000000 0.000000 -0.072180 0.997392
39 183.016478 201.480498
57 239.975562 299.706870
82 69.745613 412.944003
85 208.512038 387.725090
87 274.990693 259.711415
114 317.847188 7.624932
124 338.175689 458.943846
137 48.871260 147.523142
141 288.856980 9.421186
153 503.003914 364.305570
189 431.160733 40.725054
199 557.581649 144.139772
257 628.773371 252.778366
289 566.727307 113.584816
293 478.047129 182.428142
307 460.730306 355.141388
318 74.774790 50.560079
385 434.649403 427.660625
392 449.604570 346.789997
393 27.667331 3.195914
444 147.792171 73.345318
468 310.253450 213.272423
498 476.447718 236.170794
507 378.104614 210.363931
527 305.773803 235.714689
567 502.483108 83.525021
568 155.588243 115.550744
587 515.290218 150.164956
589 298.037540 115.763336
606 223.320144 161.890613
610 465.118218 357.599675
637 461.017184 391.659674
671 181.816031 117.500717
686 374.870439 52.480792
702 128.765507 211.662095
709 368.992049 1.470379
765 262.259144 223.500040
785 79.068312 48.192266
815 350.194137 243.003601
867 486.935555 145.504620
961 206.458402 330.003420
990 597.909972 159.971238
1000 500.550080 74.025567
