40
-10.250000 -0.319519 0.000000 0.000000 0.000000 -0.370219 0.928945
4 158.569817 303.170158
5 225.895727 180.486688
17 532.645106 407.616700
18 250.080059 152.031648
19 294.009016 292.071918
20 256.003544 164.924209
21 107.000910 363.170368
23 93.327109 358.010304
29 315.720325 191.878285
37 107.444390 286.438897
41 389.328253 406.039352
42 631.378493 361.829079
44 198.157091 312.869035
48 49.191598 222.134175
50 126.619268 139.813388
52 111.409856 418.649385
56 523.276871 155.855175
57 99.230459 232.020181
59 304.407663 83.641826
64 108.854769 419.840829
66 43.764666 210.411216
73 138.123575 100.607832
75 6.088030 285.922461
84 416.507509 211.724711
85 198.996883 229.031898
90 270.692600 15.287569
93 455.978208 289.962801
94 285.537164 150.077169
97 378.921675 338.080326
109 393.876073 194.684896
116 211.241892 304.592050
125 296.596940 304.192589
145 448.159422 253.312982
151 573.274209 146.149101
153 283.483887 268.731915
155 385.596960 429.689888
161 291.736052 163.260408
169 125.394064 92.582413
173 284.085670 139.100239
178 349.755099 344.603860
189 261.268347 251.893434
191 231.676997 198.069453
192 338.350455 166.157680
194 447.301593 93.614033
195 434.507157 457.217776
199 322.824681 266.342181
203 120.274835 128.564734
204 88.839061 348.008285
206 205.677245 146.512670
208 271.564026 9.098568
210 406.004879 190.057497
215 161.764704 159.628706
220 564.431195 342.783816
222 82.924454 336.139680
223 585.264493 322.422985
225 106.999775 282.577999
226 195.125046 307.039686
227 511.114466 313.383174
239 567.823710 74.410682
240 421.124691 423.368850
243 210.308950 318.693579
245 2.826641 177.320776
246 367.243161 159.054323
248 366.434742 388.300701
250 403.892730 60.379750
252 446.617850 226.407212
255 373.034826 60.417339
256 406.938006 257.392643
257 219.129221 250.064921
258 633.905386 217.294641
262 268.030189 211.298551
263 262.764825 276.173943
270 202.655388 355.622512
272 410.237929 225.971476
273 517.242899 302.238994
283 223.366144 81.011217
284 526.887871 214.873466
286 218.597807 262.864338
289 290.916908 267.732136
290 408.862500 105.075370
297 246.161560 210.506341
298 342.240952 310.096507
302 336.244124 195.968628
305 461.692029 245.161490
307 135.838517 263.581641
312 393.773421 259.082303
316 546.980343 91.477587
317 374.150052 192.362289
318 95.845459 210.472601
323 223.450739 145.366013
324 300.794056 183.968051
326 578.861508 354.849810
327 211.547343 133.415339
329 289.080121 359.560608
332 549.995300 146.868104
334 231.894566 169.227238
341 235.742729 226.060069
349 260.547970 316.650538
353 312.179510 291.205711
354 347.708053 349.300787
359 132.250660 261.744816
362 109.249245 141.487273
370 258.405283 310.818142
371 379.278800 286.336031
377 408.926208 201.517675
379 632.251038 24.560982
380 400.535439 218.142070
383 355.893463 235.245596
385 143.828260 259.389816
386 105.508122 241.830106
387 257.953275 358.725938
392 219.870634 262.940568
393 224.636306 212.444256
403 305.132436 121.185083
404 257.823609 215.021155
405 358.214312 311.497143
407 117.525853 273.370299
411 433.842531 162.846279
412 139.817060 304.999580
413 582.808397 232.089144
416 81.773332 225.307706
422 434.179887 274.287387
430 22.513387 177.903795
431 461.529454 373.060562
432 277.735669 259.072943
433 250.020323 206.757875
434 109.840119 249.368869
438 14.950192 475.679474
439 258.967536 129.908273
444 274.973801 225.112274
447 290.346786 210.201261
450 614.114632 417.055676
451 220.082101 337.980894
456 279.805260 152.538951
463 510.500708 422.303996
468 65.620312 238.054594
470 163.861430 329.983296
479 220.601291 127.954503
480 274.297343 260.197028
482 276.468213 192.419564
483 398.338712 252.353244
489 150.437070 367.159685
491 393.246204 13.483024
498 10.734996 272.080456
