8
-18.250000 0.983986 0.000000 0.000000 0.000000 -0.088082 0.996113
1 203.940835 210.736319
2 234.465658 267.816783
4 384.912257 288.999406
5 422.159460 196.244515
8 86.208428 387.732628
9 268.543928 323.713214
10 180.804524 254.299959
12 176.800321 199.306852
13 233.705193 263.210759
15 244.532127 187.423035
18 462.370558 161.893192
19 499.647645 287.518533
20 470.023815 171.898296
21 344.877601 317.966023
23 340.076051 322.140583
24 101.777215 212.660606
25 149.321801 333.419005
26 44.421106 359.329685
29 507.408050 197.961937
31 93.452925 203.929567
36 269.261446 173.033458
37 346.107771 270.340003
39 118.784461 225.685967
41 503.734628 351.596201
43 197.087321 251.753553
44 411.467552 297.201734
47 626.973355 453.234377
48 314.566152 229.582717
49 102.242860 355.789593
50 359.230693 170.284698
52 348.043716 356.011003
53 88.213008 101.442146
57 344.782384 234.198849
59 483.131083 115.286331
64 347.030545 358.070713
65 88.249921 321.895078
66 311.602645 219.904490
71 58.974971 138.754038
73 368.211336 138.585957
75 291.643518 269.595769
81 253.924065 316.664371
83 170.220976 149.921879
84 605.470144 212.957481
85 416.663260 230.981387
87 64.312755 236.921241
90 449.225013 75.002122
94 489.642741 159.593600
95 154.288582 248.651166
97 561.365846 328.652656
98 280.534302 422.785810
102 217.841882 195.559607
104 1.176988 85.349198
109 612.437438 192.719815
111 81.637788 397.187292
114 269.720336 244.209968
116 423.469408 292.382769
117 270.550739 366.466887
118 31.876540 178.990452
122 210.595233 297.104554
124 136.608677 242.509949
125 504.440864 299.466310
126 179.492786 157.932279
132 210.526685 301.825565
137 15.060172 211.456706
138 282.709563 378.519267
141 225.940732 239.733019
142 133.341014 262.777036
144 113.403299 99.276564
145 520.964554 248.325094
153 495.779956 266.821153
154 181.333522 158.858135
155 536.063847 390.871003
156 217.053787 132.112900
158 258.786607 176.207665
159 201.588701 321.057425
161 496.227617 170.619929
162 302.834495 361.104816
167 221.518219 218.061910
168 179.426876 265.568006
169 351.981518 152.512178
173 491.335474 148.348270
177 195.318364 101.169793
178 558.454841 342.471086
188 251.600205 287.591615
189 465.556705 250.220770
191 445.586849 203.672638
192 549.374404 167.613917
194 567.603303 127.585157
195 562.677981 408.985004
197 312.034598 392.257334
198 62.064920 199.009071
199 534.473830 265.554659
200 0.120938 163.194534
201 208.793460 238.838587
203 356.399763 160.924875
204 331.793438 296.903215
206 422.943583 161.883279
207 156.311988 334.782313
208 446.395464 74.654074
210 604.305401 191.029705
212 152.538377 5.671006
215 385.560062 178.856867
222 334.339106 307.759563
225 349.230247 270.757518
226 415.187934 295.762391
234 58.145417 284.830931
240 591.105872 404.666052
243 421.553944 303.062291
245 289.997067 199.759014
246 581.365026 158.024457
248 548.826206 372.241026
250 536.004011 104.521226
251 280.711033 277.262024
255 520.915971 101.767655
256 616.947898 257.750600
257 421.120040 247.618791
259 274.791178 420.186945
260 113.594094 194.940587
262 478.690131 214.021114
263 474.777706 272.748589
264 54.334975 328.342862
270 411.163161 327.845616
272 629.737997 225.214179
274 136.276454 133.005745
275 177.359635 110.690544
276 243.030907 280.924343
277 114.720296 177.994869
279 8.712772 211.013734
282 217.984622 227.695111
283 400.672145 144.988874
285 84.224825 337.020943
286 414.204580 256.240108
287 155.616212 191.139474
288 99.872535 235.394574
289 497.399101 265.318915
290 604.907292 108.477720
293 1.291142 267.665515
297 461.071729 213.528384
298 546.422643 306.954716
302 534.671649 199.237902
307 366.761802 257.132506
308 153.742978 133.010583
309 50.709653 103.768921
311 30.978403 275.500465
312 560.291032 256.435235
313 126.508916 286.475380
317 483.771049 210.018396
318 341.349744 219.579361
322 525.705748 419.869101
323 434.110358 161.654197
324 507.942951 188.016784
327 398.129256 173.704120
328 180.681813 136.351307
329 480.285199 339.722272
330 122.258206 270.633128
334 447.695911 177.775239
337 214.373794 241.632299
339 394.867023 95.620741
341 450.170790 227.772817
342 85.241187 274.814735
344 180.399083 185.003351
346 391.834276 116.377949
347 18.855229 443.582335
348 106.973231 206.368142
349 394.654082 275.163161
350 173.406262 251.045430
353 505.262367 284.828951
354 514.929819 328.605555
356 273.677768 275.381783
359 367.380229 256.664998
362 342.802142 183.979420
363 286.957803 152.452313
364 164.243359 174.059932
368 150.121439 318.979691
370 467.507333 302.481260
371 582.357847 285.388043
377 609.421912 201.912546
380 595.084826 218.926352
383 545.990700 235.668208
385 372.340204 254.277415
386 349.044763 241.349245
387 458.564088 338.857127
391 225.622599 177.115339
392 433.098283 259.224543
393 434.474199 217.271641
397 171.773880 428.600868
403 486.519907 143.604605
404 415.228580 225.429246
405 564.060667 309.691383
406 102.739808 253.169372
407 350.324738 261.086317
411 622.643895 165.373244
412 364.176786 282.959110
414 77.021717 226.785558
416 333.895206 229.524917
417 20.100830 153.597766
421 189.834653 273.344211
422 536.263617 263.860302
427 175.635754 129.176131
429 385.377277 101.529371
430 300.386524 199.943228
432 491.721718 257.842706
433 442.316566 214.467581
434 351.646678 246.899899
438 298.349544 374.864269
439 456.317640 150.191212
443 31.304160 328.516122
444 483.428584 226.560996
446 285.612629 200.983658
447 483.954618 214.729891
451 434.661897 323.085619
454 248.415389 170.417522
456 483.029553 162.878281
458 231.414721 145.456704
462 50.905094 223.404941
466 218.170382 101.023661
468 323.275640 238.760011
470 388.943936 310.396058
478 174.639100 65.248100
479 378.127585 189.674661
480 464.580374 256.251330
481 11.482540 93.949784
482 470.881932 200.491400
483 607.224373 252.502393
484 101.726146 174.706222
486 77.049082 224.732168
489 368.212847 321.382789
491 523.932661 73.457506
493 34.695687 339.772761
495 258.191205 297.813085
496 1.447034 307.091164
498 294.693949 260.080222
