20
4.750000 -0.999293 0.000000 0.000000 0.000000 0.018791 0.999823
1 99.109765 110.843088
82 161.468512 353.039063
87 269.925298 263.184510
124 347.162453 383.908972
137 136.959850 165.862715
141 328.308606 70.973424
189 369.435511 97.248492
199 543.119156 171.887485
257 398.741355 265.152045
289 514.145325 127.986892
293 477.954998 193.455931
307 423.533397 319.685528
318 153.972850 115.520073
385 440.551740 399.105685
392 438.742777 338.528777
393 123.138313 53.559239
444 196.340744 126.423750
468 293.329813 213.522434
498 454.447154 230.404008
561 263.214724 19.508906
567 470.514938 127.339608
568 182.093956 129.201093
587 468.493515 157.291373
589 275.690432 148.670754
606 225.626263 196.167680
610 468.265487 360.481315
620 88.713404 90.415579
637 463.736885 373.273557
680 118.146443 389.797534
686 357.292031 98.150976
702 188.362104 224.375036
764 300.152656 416.603701
765 287.866185 221.767764
785 134.559857 111.062560
795 346.750446 428.518044
811 44.117688 4.148848
815 372.238211 236.375755
855 325.847616 416.488677
861 435.151349 148.206983
867 434.295639 164.433106
961 246.940298 288.678985
990 554.881062 170.978872
1000 493.127637 124.003781
