11
2.500000 0.598472 0.000000 0.000000 0.000000 -0.331336 0.943513
21 580.237856 357.621441
37 336.809792 432.170987
108 415.743322 469.470657
124 15.703987 427.219539
142 306.730052 334.984295
179 463.633503 284.905617
188 524.837233 124.581242
189 153.554196 107.936953
199 241.302291 170.617675
209 623.770275 254.197904
234 409.398271 150.720686
257 126.843830 233.488488
289 236.636133 155.987134
307 153.333228 332.120949
355 377.494448 453.995051
356 377.618206 405.233369
371 449.723141 211.253270
385 148.581881 380.752169
412 431.327588 1.426434
421 280.909810 406.491809
436 497.926937 313.876474
468 18.679177 193.320866
483 253.919540 375.606150
489 630.812679 373.624881
495 512.456741 79.771128
498 190.843726 222.987528
500 560.156752 78.903916
551 369.928180 29.056157
567 199.966444 155.480058
587 165.528472 198.623772
589 25.626711 137.124818
604 473.880081 316.075452
627 512.450707 468.039425
634 556.273479 427.043170
657 444.533781 405.590077
676 514.247042 413.084797
729 353.120021 251.364267
733 364.823512 178.896918
764 47.004636 432.904439
774 368.278829 378.738635
795 101.253119 394.084906
803 374.740913 33.278753
815 95.114566 219.288968
855 56.394656 403.724541
861 219.805560 175.350028
867 158.533756 173.420134
878 584.280668 132.107411
935 346.419505 138.140232
942 365.962951 448.737208
952 447.090098 308.858450
959 214.997758 22.414167
973 338.745047 191.854166
990 276.063127 180.182577
