14
3.250000 -0.108195 0.000000 0.000000 0.000000 -0.381323 0.924442
21 511.339623 373.773469
37 276.409099 444.618589
142 311.469780 316.073483
179 406.220054 298.359693
188 454.126702 105.724834
189 51.870971 80.122772
199 186.389803 165.551440
209 576.875638 267.499415
234 318.155100 188.101350
257 44.526468 245.655421
289 191.956947 150.407588
307 100.929074 336.790359
356 335.740069 413.329283
371 454.886748 206.006280
385 86.851641 396.938852
405 463.265544 176.912489
421 229.614772 436.099342
436 468.755085 332.646388
483 201.248876 358.891893
489 585.084235 391.441257
495 437.136670 91.696461
498 129.632315 239.509339
500 466.410277 130.983670
551 317.673489 37.899163
567 134.285222 109.215390
587 110.587779 181.076554
604 423.316754 329.511062
627 455.514067 460.832731
634 553.038491 438.058415
657 405.971800 400.006177
676 500.380799 474.484841
686 30.987013 64.899824
713 445.067483 221.875807
729 349.923131 245.716788
733 306.328052 190.266112
774 305.424064 360.915892
795 0.182313 430.549838
801 491.540855 249.194887
815 5.355032 237.785129
830 551.320572 216.297353
861 118.644206 160.709502
867 107.661775 163.440661
878 541.923525 153.270230
935 307.737470 116.080951
942 314.319106 445.056427
952 417.624980 321.255561
973 286.424162 226.813703
990 221.180609 183.360637
