2
0.250000 0.247404 0.000000 0.000000 0.000000 0.375379 0.926872
5 280.883110 422.815226
29 310.103544 51.951885
48 578.081486 38.192828
79 233.537432 55.001337
83 121.777297 269.739984
106 122.071306 171.768668
109 303.587327 286.379701
169 93.227764 399.715552
185 456.941812 13.662690
252 310.622682 67.159800
282 586.119064 20.599978
302 328.065788 38.706342
362 130.037656 323.205599
364 257.716830 335.993156
380 337.474098 230.175496
383 631.966133 112.395662
411 3.192914 34.376757
420 168.165600 421.592611
433 398.300602 396.549626
447 432.017304 118.454844
462 556.964470 468.042163
472 520.955654 53.828666
482 340.638869 90.495648
486 556.814108 471.990677
510 233.551133 22.723396
512 183.690113 102.138324
538 218.871503 201.441485
543 415.356351 305.310703
568 597.246104 173.595821
591 0.239255 476.223016
606 639.491629 187.889645
619 110.932095 269.770449
628 479.732483 428.293306
642 338.457985 301.951582
680 556.348663 360.454353
734 403.460323 351.551069
737 339.782713 274.387516
761 176.950694 80.223267
776 155.727328 61.760560
785 536.514451 128.962347
791 54.999416 260.822871
811 459.772954 92.597725
844 130.629097 216.120581
850 410.281816 227.499253
897 108.552538 185.825100
945 256.133101 226.090636
955 533.432675 47.244910
961 623.628965 307.186993
985 530.791050 392.214835
