24
5.750000 -0.508279 0.000000 0.000000 0.000000 0.348039 0.937480
1 384.720884 114.540851
82 429.067667 361.345015
87 583.989091 264.386408
102 284.854078 212.422170
109 124.299792 306.314769
137 419.357359 173.279779
183 211.718431 11.631786
268 57.742438 434.068285
318 431.861542 105.137369
344 208.810443 445.509483
364 75.767088 365.303509
393 407.779995 76.695486
444 488.431065 95.801992
446 297.691821 388.541927
447 230.216061 55.395930
468 597.836421 218.531641
482 150.084482 40.679477
538 50.983016 184.628615
568 479.343055 149.215889
589 638.920695 113.473819
606 549.977404 175.770395
620 377.746104 96.926031
621 187.282607 441.105391
642 42.693583 338.477919
680 413.302444 378.188168
702 482.608065 217.839043
734 267.126437 395.897225
765 609.155519 213.426102
777 155.025713 61.501315
785 417.504586 99.459840
811 318.837577 58.590885
842 243.001824 301.355338
850 179.455585 222.575395
914 207.450202 249.579569
945 77.698864 222.428623
961 535.870920 327.837265
981 191.139011 433.926996
