1
-9.41e-05 0.000606 0.000266 9.87e-05 -2.56e-05 5.11e-05 1 
13 145.367889 166.388016
77 155.751633 130.892990
85 210.105164 126.427544
94 112.569206 52.671597
227 232.538788 63.357018
26 97.070915 48.905865
92 72.952621 50.132175
0 477.259064 65.890152
4 471.654785 94.829910
5 493.932220 88.242744
79 103.874153 227.790848
9 71.912560 228.888611
50 144.186813 125.176216
63 236.090927 160.192993
59 307.138092 159.734161
57 304.127411 172.503357
34 276.424896 161.825867
67 275.643677 130.644150
14 381.817108 228.093018
16 377.813171 216.143936
252 370.676453 220.896698
37 488.907104 173.643387
38 490.710266 160.007767
39 486.881317 163.868286
64 176.687607 164.914398
170 255.122452 161.782928
19 226.823456 218.328690
68 204.361511 219.437332
218 201.536789 204.666870
71 313.015991 219.046692
375 263.058258 220.948441
73 246.627151 191.523010
80 157.012848 205.970810
83 273.132019 64.241951
95 84.991653 126.521294
97 102.495468 124.491135
6 497.448761 157.150833
101 481.536957 220.617249
102 490.122314 203.982391
103 591.784729 228.932571
104 549.099915 229.753525
105 373.601898 164.760986
49 336.912567 158.741318
107 336.907959 155.804901
256 405.135925 223.397430
112 588.877258 65.632538
113 570.615112 70.259132
114 585.455383 35.924133
115 571.276245 42.330105
116 599.970520 113.092606
118 456.742676 51.282795
124 50.394226 425.585815
270 119.556770 438.107880
128 96.908432 424.765167
131 292.834381 241.215958
147 324.023163 424.532135
149 431.246613 431.317810
153 587.053955 270.948334
157 526.024719 297.322144
249 335.920807 159.131607
180 337.106049 155.609558
62 287.888977 40.230438
405 135.775284 86.539841
201 154.973618 131.288635
51 169.090714 113.702568
203 148.223465 105.753166
188 86.808151 50.347507
33 255.611282 174.722290
212 235.117218 159.616119
296 584.351929 35.707180
32 266.449677 176.612732
171 496.866974 156.950592
7 482.859436 148.636429
198 223.518250 146.862854
200 221.253006 139.885330
236 265.083557 97.695862
186 307.337921 159.146011
196 47.311089 34.070183
204 328.760101 128.724823
66 198.917206 152.976639
182 275.450775 130.063614
219 285.725037 208.948700
224 149.582138 223.864319
225 129.889877 233.364899
226 156.625763 206.169510
367 222.728607 62.276352
209 253.760452 35.568768
231 209.720337 126.044365
233 198.368484 97.167473
238 57.944859 56.518864
176 151.887207 82.488930
240 125.138809 67.524986
241 85.188843 125.937218
96 74.520424 85.812805
245 491.547760 215.566742
246 490.322174 204.964188
247 591.395508 228.931183
248 549.487427 229.950607
17 361.921570 221.074966
254 324.003632 199.154541
255 439.195007 212.879807
257 588.126282 66.776390
258 570.807251 70.067291
260 571.770142 50.402660
261 493.868439 78.953148
262 601.428833 127.268433
263 456.351196 50.894630
167 322.604645 101.842201
120 159.194138 377.029572
121 108.635208 375.702179
123 61.880352 414.925751
271 104.338150 407.485321
129 172.254333 276.752747
292 292.356384 240.497406
133 177.429413 345.620453
275 193.265961 316.059967
139 606.823303 399.239899
282 324.023193 424.726166
159 446.646332 301.530212
150 430.074951 430.934143
298 475.844299 69.552139
299 484.163757 55.684639
300 468.770874 58.380829
385 215.544556 190.858337
311 368.379089 180.461639
166 341.033875 103.244232
295 573.602173 49.272915
398 47.264965 48.548496
329 87.037590 50.576458
402 223.496048 127.518639
323 264.611572 97.930321
324 249.145294 93.899498
326 478.030060 153.256760
327 487.726654 147.752594
328 482.152985 147.695374
333 233.568069 105.141724
335 233.742905 87.110146
336 215.435928 94.218361
393 294.002045 162.010788
384 204.401093 219.318665
386 200.289032 205.148544
374 313.935760 217.491837
376 293.897583 190.367630
372 145.477493 164.469437
369 148.664108 222.456177
370 103.389786 227.174835
371 157.093475 205.460587
368 213.095352 33.224945
403 209.484207 126.279533
397 57.944859 56.518864
392 145.826752 34.908596
357 85.467552 126.215836
348 491.020264 205.439667
343 591.393860 228.462372
344 549.486511 229.715897
378 335.446350 160.541702
379 336.866882 154.904938
494 371.306274 196.120544
387 587.656372 66.077148
388 571.039551 70.069138
389 572.217407 49.254715
361 473.376526 108.498779
362 492.763367 87.769829
340 600.724060 126.098564
399 457.513519 49.975174
265 158.725250 376.557220
266 107.856087 375.701904
269 63.431904 415.713531
360 103.259842 408.334076
272 173.795578 272.220459
274 177.622086 345.425781
412 172.176254 276.240143
286 446.254669 301.927185
416 148.380981 223.587769
439 377.242584 49.791702
316 260.147552 125.761810
437 217.574417 155.298187
537 245.890106 128.458237
438 222.722351 146.824707
433 494.244995 159.309494
434 477.481323 154.092148
435 489.133789 149.167358
428 279.033722 94.509262
443 363.883972 84.508003
444 409.287445 51.620457
447 597.843506 112.944046
450 591.676147 229.025955
451 549.768188 230.561935
445 151.392624 43.800163
446 139.603088 48.867489
460 222.943527 126.687622
461 209.477890 126.837669
462 218.281006 90.028000
463 184.552322 103.704300
466 98.189194 423.602722
342 63.428276 414.539459
350 106.640656 376.125122
352 119.503677 356.663086
459 430.279236 135.088470
476 498.569305 77.217545
477 493.541321 78.858147
464 498.634094 87.253586
465 493.598572 87.218475
484 499.692627 215.096878
485 491.359497 215.047409
486 491.305878 206.571167
472 585.333313 42.856064
491 151.906570 193.091446
470 293.897614 190.367645
306 254.173965 162.260483
495 270.050568 164.962936
492 459.627136 218.257141
479 328.307648 185.191528
480 379.550873 144.692551
304 258.319458 176.353470
498 203.805954 185.869034
499 199.113052 152.132965
420 361.090576 228.144073
502 137.186630 117.518669
503 141.065079 90.692711
504 456.384583 48.579472
415 299.273712 126.075905
501 294.278290 99.415604
505 446.207947 301.927399
206 279.030853 38.458080
531 410.641296 52.624638
533 319.473267 44.382362
174 289.429199 39.804264
579 323.484222 215.709198
517 493.598572 87.218483
518 477.326935 65.054245
423 275.407043 129.551956
522 264.199432 128.295303
538 223.617645 126.680244
539 239.861923 122.493591
431 249.707016 154.978699
520 235.536072 148.709625
541 376.233002 50.449677
530 299.122437 74.190918
526 351.984558 74.189919
525 327.587891 78.121368
543 478.185303 157.465271
542 492.185181 153.569122
508 173.282791 269.428101
549 550.764282 228.875931
457 176.949783 342.549805
551 102.945320 123.778336
455 205.389847 216.947998
558 237.062363 209.795670
474 108.323341 375.109192
452 221.891479 61.728592
548 156.737885 173.802551
545 151.723083 45.136230
654 241.830490 243.931015
515 313.132141 215.714172
559 98.189972 421.906708
560 100.223984 407.657959
468 62.872204 415.101288
395 275.193390 161.543549
521 274.381714 130.229202
576 169.374649 113.216461
566 588.038574 65.749947
511 570.832153 62.756004
478 368.828003 178.817978
481 335.838867 155.094955
563 480.713684 220.417694
564 500.688354 214.424973
565 492.689209 214.377121
570 460.620972 216.220032
577 209.477905 126.837669
567 101.107552 87.552475
528 309.281891 76.151108
581 499.641266 87.260406
600 323.486694 199.219711
585 486.328156 169.677399
586 345.826599 46.382950
546 292.413788 240.554886
650 408.632294 54.603729
637 99.404129 422.313141
611 223.159973 131.508957
612 223.213165 126.684669
669 222.717209 127.654442
608 230.191391 155.638092
605 477.917175 222.033859
606 458.614166 217.025223
602 582.883667 67.681068
603 572.041870 63.567814
634 85.931160 65.140785
620 434.349609 209.511780
514 311.049805 231.429626
614 316.026855 221.496933
615 291.196472 224.007568
618 498.427216 86.449272
621 476.517853 64.648476
622 466.807556 59.781235
623 483.723511 55.069771
625 542.769775 234.525421
597 148.308441 132.314270
629 355.395233 114.060913
601 426.095764 109.818329
643 237.064697 209.385361
596 198.192596 207.182480
636 343.367462 223.984634
599 325.968964 214.057358
627 152.454453 209.940323
638 65.483513 414.973694
639 99.414314 407.658600
648 131.782730 81.773346
593 124.583267 69.752487
646 484.736267 170.876205
647 491.881744 163.664322
633 100.304787 86.751732
651 489.860352 209.883301
610 218.067245 153.338516
652 471.882355 91.055008
631 176.611206 342.072876
655 111.550720 371.045715
626 102.546730 122.974625
547 280.021759 240.568146
657 444.126038 300.640686
662 337.321289 156.070877
663 337.316467 153.150879
658 489.415314 157.337097
659 489.386658 154.429535
666 550.450256 230.659164
667 541.805054 233.547913
699 266.858521 89.792816
664 146.617905 224.613602
665 138.002548 221.728775
700 243.708786 64.159142
679 146.755768 201.204880
681 472.569733 212.703110
682 458.065155 206.730530
683 310.553650 229.939667
684 316.524200 221.000580
670 471.213898 67.497993
671 465.387146 64.575745
674 478.395599 221.546936
675 458.139709 218.493805
680 431.937073 212.445374
672 103.293602 417.914124
690 65.483521 414.973724
686 428.165985 121.867699
687 354.899017 112.617973
619 493.543518 79.192543
677 319.514313 203.172546
696 492.439880 171.920532
660 483.639893 157.279068
695 495.640259 212.849091
697 175.645767 342.066101
698 572.750732 62.293972
676 325.472076 215.048325
701 443.638519 301.134705
707 333.222076 211.484131
708 329.645294 211.482498
704 364.715698 78.786499
719 456.918152 208.485764
720 456.867432 201.434860
714 494.763214 173.690277
661 483.610413 154.371155
726 205.536591 226.088516
728 498.516418 212.281174
713 325.471802 188.374939
689 361.240082 226.986740
693 497.450500 84.997559
673 97.469971 409.125519
737 177.942520 339.153229
731 543.535400 233.554291
702 213.058014 159.120178
