20
-0.0011 -9.1e-05 0.000267 -6.25e-05 0.000127 -4.52e-05 1 
367 222.036163 61.127357
81 236.066849 60.641262
127 134.015564 423.772888
753 104.728874 407.092468
90 282.740845 96.810509
829 165.667130 106.765327
193 262.265564 221.149963
85 210.105164 126.427544
91 265.082092 97.888306
4 471.672516 96.762917
5 493.932220 88.242744
57 305.120850 172.500839
34 275.436615 161.831940
11 145.698166 172.819504
833 167.106522 156.047958
13 145.748962 166.969360
14 381.817108 228.093018
17 361.921570 221.074966
48 333.952820 174.448639
49 336.912567 158.741318
105 373.601898 164.760986
37 488.907104 173.643387
38 490.710266 160.007767
39 486.881317 163.868286
53 236.219681 35.652935
54 222.564514 39.572662
56 143.979706 30.275713
12 169.676498 169.668839
65 215.902878 130.239044
778 204.203293 132.310730
838 201.536789 204.666870
71 313.015991 219.046692
73 246.634033 190.536774
78 163.660065 223.596497
826 197.247055 41.635860
83 273.132019 64.241951
233 198.753265 97.549644
233 198.368484 97.167473
92 72.952621 50.132175
26 96.101097 49.106632
25 47.311089 34.070183
93 140.322479 65.129036
94 111.602959 51.709427
95 85.963921 126.516731
98 152.275726 82.486366
6 497.448761 157.150833
102 490.122314 203.982391
103 592.563232 228.935379
104 549.099915 229.753525
107 336.907959 155.804901
0 477.259064 65.890152
112 588.877258 65.632538
114 585.455383 35.924133
115 571.276245 42.330105
118 456.742676 51.282795
121 108.635208 375.702179
123 62.851616 415.907227
123 64.545990 415.106384
130 242.453598 244.073730
846 217.148743 320.354797
275 192.573593 317.237152
275 193.265961 316.059967
139 607.587036 400.212158
289 432.025940 431.898621
847 496.971863 320.957764
213 198.917206 152.976639
264 367.712128 104.505051
171 496.866974 156.950592
7 482.855408 148.247314
187 285.921844 161.577103
188 87.037590 50.576458
191 73.252090 33.300797
180 335.915741 155.607758
181 332.321381 132.219345
375 261.870300 220.952591
259 586.558838 42.608093
296 585.261353 35.729443
177 488.914337 174.424484
214 313.339478 131.062195
234 284.909088 130.004700
67 275.450775 130.063614
184 274.367371 116.135498
185 255.532776 115.124611
203 149.387222 105.743904
194 463.683838 211.853607
200 221.253006 139.885330
204 328.760101 128.724823
24 60.363773 49.588524
212 235.117218 159.616119
64 174.744461 165.714813
64 174.353531 166.109039
218 200.759018 204.672562
76 121.052254 163.077805
223 60.251705 228.930618
224 149.582138 223.864319
225 129.889877 233.364899
226 157.783112 206.161545
211 294.636139 68.743942
230 223.496048 127.518639
231 209.720337 126.044365
86 222.910324 94.606766
235 294.512329 99.830154
323 264.611572 97.930321
238 57.944859 56.518864
241 85.188843 125.937218
244 100.538750 87.415459
245 491.547760 215.566742
246 490.322174 204.964188
247 591.393860 228.462372
248 549.487427 229.950607
249 335.920807 159.131607
250 367.883606 133.508133
16 377.813171 216.143936
109 371.771179 193.510376
111 439.195007 212.879807
419 391.405548 227.642212
387 588.110352 65.621666
113 570.807251 70.067291
260 571.770142 50.402660
261 493.868439 78.953148
262 601.428833 127.268433
263 456.351196 50.894630
266 107.856087 375.701904
266 108.323837 376.407959
825 119.501793 355.722443
739 122.289986 445.373962
739 121.899231 445.177673
271 104.338150 407.485321
272 174.181961 271.826477
272 173.794479 271.037415
133 177.429413 345.620453
157 526.024719 297.322144
850 444.697388 301.539917
128 98.469643 425.157257
308 112.146545 51.783848
395 275.193390 161.543549
298 475.844299 69.552139
299 484.163757 55.684639
300 470.180054 59.779919
381 371.294006 193.270905
166 341.033875 103.244232
167 322.605225 100.456894
236 265.083557 97.695862
324 248.589615 93.073090
195 60.819824 49.579048
295 573.602173 49.272915
420 361.090576 228.144073
189 72.641914 49.369247
326 478.030060 153.256760
327 487.726654 147.752594
328 482.152985 147.695374
333 233.568069 105.141724
836 165.109985 90.518051
338 152.588104 82.252037
340 600.724060 126.098564
287 526.411560 296.929382
64 174.744461 165.714813
64 174.353531 166.109039
341 98.469910 424.450592
815 50.994652 424.306885
343 591.676147 229.025955
344 549.486511 229.715897
357 85.188843 125.937218
358 100.768845 88.112770
274 177.622086 345.425781
275 192.573593 317.237152
275 193.265961 316.059967
360 104.103859 407.485504
361 473.376526 108.498779
362 492.763367 87.769829
266 107.856087 375.701904
266 108.323837 376.407959
366 60.953461 228.459381
365 72.147293 228.418961
368 213.095352 33.224945
272 174.181961 271.826477
272 173.794479 271.037415
834 169.806473 156.799011
371 157.093475 205.460587
374 313.935760 217.491837
376 295.329315 190.363159
384 204.170105 218.846146
384 204.575562 218.180603
252 370.676453 220.896698
392 145.826752 34.908596
393 294.002045 162.010788
394 289.741638 157.798630
378 335.446350 160.541702
379 336.866882 154.904938
257 587.656372 66.077148
258 571.039551 70.069138
399 457.513519 49.975174
400 326.852753 75.582909
402 222.943527 126.687622
403 209.484207 126.279533
405 135.783356 85.144592
129 172.176254 276.240143
286 445.085327 301.933044
488 73.299690 49.691017
426 273.927734 97.864471
428 279.033722 94.509262
417 355.928772 231.583267
422 366.237854 221.267914
431 249.707016 154.978699
424 264.199432 128.295303
433 494.244995 159.309494
435 489.133789 149.167358
316 260.157074 124.646255
439 377.242584 49.791702
440 147.665237 105.711067
441 152.809586 90.612419
437 217.574417 155.298187
438 222.722351 146.824707
444 409.287445 51.620457
406 525.947388 297.400726
508 173.282791 269.428101
509 289.429199 39.804264
545 151.723083 45.136230
446 139.603088 48.867489
385 215.544556 190.858337
356 176.805878 320.492493
786 196.559967 314.491852
452 221.891479 61.728592
769 203.439423 55.204849
451 549.768188 230.561935
459 430.279236 135.088470
350 108.323341 375.109192
460 223.617645 126.680244
461 209.477890 126.837669
462 218.281006 90.028000
466 98.189194 423.602722
123 62.851616 415.907227
123 64.545990 415.106384
443 363.883972 84.508003
773 169.917770 168.729630
773 170.469116 169.286209
483 138.888412 154.432602
297 498.569305 77.217545
477 493.541321 78.858147
464 498.634094 87.253586
465 493.598572 87.218475
484 499.692627 215.096878
485 491.359497 215.047409
486 491.305878 206.571167
311 368.379089 180.461639
479 328.307648 185.191528
481 336.866425 154.623291
492 457.950439 218.247467
571 420.213165 222.147964
380 361.362518 220.396637
499 202.434036 155.463242
502 137.495651 120.868942
503 141.065079 90.692711
504 456.384583 48.579472
415 299.273712 126.075905
302 294.278290 99.415604
852 445.092285 300.510742
447 597.843506 112.944046
530 299.122437 74.190918
427 263.765167 97.936737
531 410.641296 52.624638
541 376.233002 50.449677
524 345.896790 78.146523
525 327.587891 78.121368
533 319.473267 44.382362
542 490.140076 149.513596
626 102.945320 123.778336
457 176.602707 340.852509
556 174.284103 267.384308
474 108.323730 376.125641
773 169.917770 168.729630
773 170.469116 169.286209
558 237.062363 209.795670
445 151.392624 43.800163
609 237.619095 143.439865
515 313.132141 215.714172
559 98.189972 421.906708
467 103.259842 408.334076
467 99.414314 407.658600
467 97.469971 409.125519
342 65.882637 413.756866
570 460.620972 216.220032
493 403.911377 224.822311
566 588.038574 65.749947
563 480.713684 220.417694
564 500.688354 214.424973
565 492.689209 214.377121
576 169.374649 113.216461
574 337.894104 154.287048
534 341.881470 102.026558
421 376.552399 224.734406
579 323.484222 215.709198
581 499.641266 87.260406
635 66.815720 58.147827
585 486.328156 169.677399
538 223.213165 126.684669
644 209.477905 126.837669
583 305.149811 100.042015
586 345.826599 46.382950
546 292.413788 240.554886
587 194.373581 263.296753
473 158.723709 376.275421
549 550.764282 228.875931
657 444.126038 300.640686
657 443.638519 301.134705
605 477.917175 222.033859
606 458.584198 212.122757
774 174.446243 165.941406
577 208.670929 126.846771
514 311.049805 231.429626
614 316.026855 221.496933
615 291.196472 224.007568
618 497.450500 84.997559
619 493.543518 79.192543
620 434.349609 209.511780
518 476.517853 64.648476
622 466.807556 59.781235
623 483.723511 55.069771
617 489.381866 153.945053
537 245.890106 128.458237
611 223.159973 131.508957
608 230.191391 155.638092
384 204.170105 218.846146
384 204.575562 218.180603
643 237.064697 209.385361
602 582.883667 67.681068
595 335.838867 155.094955
567 100.304787 86.751732
634 85.931160 65.140785
625 542.769775 234.525421
679 146.755768 201.204880
637 99.404129 422.313141
468 65.483513 414.973694
560 100.223984 407.657959
636 343.367462 223.984634
599 325.968964 214.057358
601 426.095764 109.818329
649 151.274155 55.170395
604 495.640259 212.849091
651 489.860352 209.883301
650 408.632294 54.603729
646 484.736267 170.876205
647 491.881744 163.664322
652 471.882355 91.055008
631 176.611206 342.072876
662 337.321289 156.070877
663 337.316467 153.150879
660 483.639893 157.279068
661 483.610413 154.371155
658 489.415314 157.337097
659 489.386658 154.429535
699 266.858521 89.792816
557 207.319992 218.410828
455 205.389847 216.947998
700 243.708786 64.159142
666 550.450256 230.659164
667 541.805054 233.547913
664 146.617905 224.613602
678 147.588898 222.167908
629 354.899017 112.617973
674 478.395599 221.546936
675 458.139709 218.493805
676 325.472076 215.048325
688 150.676025 76.364273
621 471.213898 67.497993
670 465.387146 64.575745
467 103.259842 408.334076
467 99.414314 407.658600
467 97.469971 409.125519
467 103.259842 408.334076
467 99.414314 407.658600
467 97.469971 409.125519
681 472.569733 212.703110
682 458.065155 206.730530
683 310.553650 229.939667
684 316.524200 221.000580
686 428.165985 121.867699
610 218.067245 153.338516
680 431.937073 212.445374
690 65.483521 414.973724
692 325.471802 188.374939
693 497.438934 83.263428
694 471.394836 90.569923
695 498.516418 212.281174
696 494.763214 173.690277
697 175.645767 342.066101
511 572.750732 62.293972
707 333.222076 211.484131
708 329.645294 211.482498
704 364.715698 78.786499
719 456.918152 208.485764
720 456.867432 201.434860
715 491.136230 156.191055
716 311.747101 229.342850
726 205.536591 226.088516
727 308.182495 215.058533
730 337.404144 223.979675
713 326.066864 190.147232
731 543.535400 233.554291
706 209.918961 127.797165
736 202.320618 339.336945
554 177.942520 339.153229
