21
-0.00173 0.000488 0.0016 1.47e-05 0.000138 0.00025 1 
367 222.414093 62.663395
81 236.066849 60.641262
127 133.039169 423.772430
753 104.728874 407.092468
90 292.560608 96.761330
829 165.510208 123.038277
193 262.265564 221.149963
85 210.105164 126.427544
91 265.153687 88.273895
4 471.654785 94.829910
5 493.932220 88.242744
57 315.073639 161.679016
34 275.436615 161.831940
11 146.663361 172.811111
833 167.965286 166.758942
13 145.748962 166.969360
14 387.764038 228.109100
17 361.921570 221.074966
48 333.952820 174.448639
49 336.912567 158.741318
105 373.601898 164.760986
37 488.907104 173.643387
38 490.710266 160.007767
39 486.881317 163.868286
53 236.219681 35.652935
54 222.564514 39.572662
56 144.753387 31.238947
12 170.836670 169.657303
65 215.902878 130.239044
778 204.203293 132.310730
838 201.536789 204.666870
71 313.015991 219.046692
73 246.627151 191.523010
78 163.660065 223.596497
826 200.079315 56.082924
83 273.132019 64.241951
233 198.772736 95.619347
233 198.772736 95.619347
92 86.425896 49.966038
26 97.070915 48.905865
25 46.955666 33.709652
93 140.711487 65.127136
94 112.569206 52.671597
95 86.936165 126.512154
98 152.275726 82.486366
6 497.448761 157.150833
102 490.122314 203.982391
103 591.784729 228.932571
104 549.103638 230.731537
107 336.907959 155.804901
0 477.259064 65.890152
112 588.877258 65.632538
114 585.455383 35.924133
115 571.276245 42.330105
118 456.742676 51.282795
121 106.687531 376.682007
123 63.816906 414.932007
123 63.816906 414.932007
130 238.516144 244.080521
846 215.194443 320.341583
275 191.802444 318.216705
275 191.802444 318.216705
139 607.587036 400.212158
289 432.025940 431.898621
847 496.967407 321.939362
213 199.101288 136.638443
264 367.712128 104.505051
171 496.866974 156.950592
7 482.859436 148.636429
187 275.240234 161.637268
188 86.808151 50.347507
191 73.252090 33.300797
180 337.106049 155.609558
181 332.321381 132.219345
375 263.058258 220.948441
259 586.558838 42.608093
296 584.124451 35.701691
177 488.914337 174.424484
214 314.523712 132.224594
234 284.902405 131.168579
67 275.450775 130.063614
184 274.367371 116.135498
185 255.532776 115.124611
203 148.223465 105.753166
194 463.683838 211.853607
200 221.253006 139.885330
204 328.760101 128.724823
24 59.249226 48.467457
212 235.117218 159.616119
64 176.687607 164.914398
64 176.687607 164.914398
218 197.235992 208.242172
76 121.052254 163.077805
223 60.251705 228.930618
224 149.582138 223.864319
225 129.889877 233.364899
226 157.841980 197.931213
211 294.636139 68.743942
230 223.735260 127.050957
231 209.720337 126.044365
86 222.910324 94.606766
235 303.947845 100.950508
323 274.486481 98.784317
238 57.944859 56.518864
241 86.355568 125.931740
244 100.538750 87.415459
245 491.547760 215.566742
246 490.322174 204.964188
247 591.395508 228.931183
248 549.487427 229.950607
249 335.920807 159.131607
250 367.883606 133.508133
16 376.622284 216.139999
109 371.786560 197.072891
111 440.365082 212.887024
419 399.226837 225.758911
387 588.110352 65.621666
113 571.968750 70.076630
260 571.770142 50.402660
261 493.868439 78.953148
262 601.428833 127.268433
263 456.351196 50.894630
266 106.687576 376.878113
266 106.687576 376.878113
825 119.504143 356.898254
739 121.899231 445.177673
739 121.899231 445.177673
271 104.338150 407.485321
272 173.794479 271.037415
272 173.794479 271.037415
133 177.622086 345.425781
157 525.251099 298.107788
850 446.254669 301.927185
128 98.469643 425.157257
308 112.146545 51.783848
395 275.483276 160.695679
298 475.844299 69.552139
299 484.163757 55.684639
300 468.770874 58.380829
381 371.204285 174.804276
166 332.527130 101.845016
167 314.102448 100.465446
236 264.611572 97.930321
324 249.157394 92.514122
195 59.481861 48.233463
295 573.602173 49.272915
420 345.576050 224.676132
189 73.194115 49.360970
326 478.030060 153.256760
327 487.726654 147.752594
328 482.152985 147.695374
333 233.568069 105.141724
836 162.347015 86.361992
338 152.588104 82.252037
340 600.724060 126.098564
287 525.947388 297.400726
64 176.924698 164.443741
64 176.924698 164.443741
341 98.469910 424.450592
815 50.994652 424.306885
343 591.393860 228.462372
344 549.486511 229.715897
357 85.188843 125.937218
358 100.768845 88.112770
274 175.275558 342.820404
275 191.875504 317.469055
275 191.875504 317.469055
360 104.103859 407.485504
361 473.376526 108.498779
362 492.763367 87.769829
266 106.921249 376.407532
266 106.921249 376.407532
366 66.552299 228.439194
365 60.953461 228.459381
368 213.095352 33.224945
272 173.562027 270.563995
272 173.562027 270.563995
834 165.867996 156.138580
371 157.093475 205.460587
374 313.935760 217.491837
376 295.329315 190.363159
384 203.007767 217.905273
384 203.007767 217.905273
252 361.362518 220.396637
392 145.826752 34.908596
393 294.002045 162.010788
394 289.741638 157.798630
378 335.446350 160.541702
379 336.866882 154.904938
257 587.656372 66.077148
258 571.039551 70.069138
399 457.513519 49.975174
400 345.215942 76.985756
402 223.496048 127.518639
403 209.484207 126.279533
405 135.775284 86.539841
129 172.176254 276.240143
286 445.085327 301.933044
488 59.487888 47.958710
426 273.927734 97.864471
428 279.033722 94.509262
417 355.928772 231.583267
422 345.576080 224.676132
431 249.691971 156.666534
424 265.127014 139.694305
433 494.244995 159.309494
435 489.133789 149.167358
316 260.157074 124.646255
439 377.242584 49.791702
440 147.665237 105.711067
441 152.809586 90.612419
437 217.574417 155.298187
438 229.526245 141.708740
444 409.287445 51.620457
406 524.833679 298.249573
508 173.282791 269.428101
509 289.429199 39.804264
545 151.399780 42.128345
446 139.603088 48.867489
385 215.530502 192.558044
356 176.805878 320.492493
786 191.873764 317.185516
452 221.891479 61.728592
769 203.439423 55.204849
451 549.768188 230.561935
459 430.279236 135.088470
350 106.640656 376.125122
460 222.943527 126.687622
461 209.477890 126.837669
462 218.281006 90.028000
466 98.189194 423.602722
123 64.545990 415.106384
123 64.545990 415.106384
443 363.883972 84.508003
773 170.469116 169.286209
773 170.469116 169.286209
483 138.888412 154.432602
297 498.569305 77.217545
477 493.541321 78.858147
464 498.634094 87.253586
465 493.598572 87.218475
484 499.692627 215.096878
485 491.359497 215.047409
486 491.305878 206.571167
311 371.205811 175.087616
479 328.307648 185.191528
481 336.866425 154.623291
492 457.950439 218.247467
571 398.797058 224.803635
380 361.084412 224.699326
499 202.434036 155.463242
502 137.508698 119.192429
503 141.065079 90.692711
504 456.384583 48.579472
415 299.273712 126.075905
302 294.278290 99.415604
852 444.523926 301.935883
447 597.843506 112.944046
530 309.281891 76.151108
427 274.603455 98.192490
531 410.641296 52.624638
541 376.233002 50.449677
524 345.896790 78.146523
525 327.587891 78.121368
533 319.473267 44.382362
542 490.140076 149.513596
626 102.945320 123.778336
457 176.602707 340.852509
556 174.284103 267.384308
474 106.303802 375.108551
773 166.830704 165.614029
773 166.830704 165.614029
558 237.062363 209.795670
445 151.723083 45.136230
609 239.596970 148.669083
515 313.132141 215.714172
559 98.189972 421.906708
467 100.223984 407.657959
467 100.223984 407.657959
467 100.223984 407.657959
342 65.882637 413.756866
570 460.620972 216.220032
493 405.944183 222.085892
566 588.038574 65.749947
563 480.713684 220.417694
564 500.688354 214.424973
565 492.689209 214.377121
576 169.374649 113.216461
574 337.894104 154.287048
534 341.881470 102.026558
421 366.922211 219.893433
579 323.484222 215.709198
581 499.641266 87.260406
635 59.487892 47.958714
585 486.328156 169.677399
538 223.617645 126.680244
644 211.495804 126.814941
583 305.149811 100.042015
586 345.826599 46.382950
546 292.413788 240.554886
587 194.373581 263.296753
473 158.718079 375.260834
549 550.764282 228.875931
657 446.552979 300.219208
657 446.552979 300.219208
605 477.917175 222.033859
606 458.614166 217.025223
774 174.446243 165.941406
577 211.092163 126.819481
514 311.049805 231.429626
614 316.026855 221.496933
615 291.196472 224.007568
618 498.427216 86.449272
619 493.543518 79.192543
620 434.349609 209.511780
518 476.517853 64.648476
622 466.807556 59.781235
623 483.723511 55.069771
617 489.381866 153.945053
537 245.050095 131.280792
611 223.213165 126.684669
608 230.191391 155.638092
384 205.389847 216.947998
384 205.389847 216.947998
643 237.064697 209.385361
602 582.883667 67.681068
595 335.838867 155.094955
567 100.304787 86.751732
634 66.851410 55.758007
625 542.769775 234.525421
679 152.454453 209.940323
637 99.404129 422.313141
468 65.483513 414.973694
560 99.414314 407.658600
636 343.367462 223.984634
599 325.968964 214.057358
601 426.095764 109.818329
649 151.274155 55.170395
604 492.291504 214.781677
651 489.860352 209.883301
650 408.632294 54.603729
646 484.736267 170.876205
647 491.881744 163.664322
652 471.882355 91.055008
631 176.611206 342.072876
662 337.321289 156.070877
663 337.316467 153.150879
660 483.639893 157.279068
661 483.610413 154.371155
658 489.415314 157.337097
659 489.386658 154.429535
699 266.858521 89.792816
557 207.289642 224.309860
455 207.319992 218.410828
700 243.708786 64.159142
666 550.450256 230.659164
667 541.805054 233.547913
664 146.617905 224.613602
678 140.878998 221.714233
629 354.899017 112.617973
674 478.395599 221.546936
675 458.139709 218.493805
676 325.472076 215.048325
688 150.676025 76.364273
621 471.213898 67.497993
670 465.387146 64.575745
467 103.293602 417.914124
467 103.293602 417.914124
467 103.293602 417.914124
467 97.469971 409.125519
467 97.469971 409.125519
467 97.469971 409.125519
681 472.569733 212.703110
682 458.065155 206.730530
683 310.553650 229.939667
684 316.524200 221.000580
686 428.165985 121.867699
610 222.717209 127.654442
680 431.937073 212.445374
690 65.483521 414.973724
692 325.471802 188.374939
693 497.450500 84.997559
694 471.394836 90.569923
695 495.640259 212.849091
696 492.439880 171.920532
697 175.645767 342.066101
511 572.750732 62.293972
707 333.222076 211.484131
708 329.645294 211.482498
704 364.715698 78.786499
719 456.918152 208.485764
720 456.867432 201.434860
715 491.136230 156.191055
716 311.747101 229.342850
726 205.536591 226.088516
727 308.182495 215.058533
730 361.832764 225.797363
713 326.066864 190.147232
731 543.535400 233.554291
706 209.918961 127.797165
736 202.320618 339.336945
554 177.942520 339.153229
