53
0.00549 -0.0193 0.173 0.00327 -0.157 -0.0177 0.987 
244 281.572052 95.278854
14 568.490601 236.667145
17 545.998779 227.589798
26 277.071198 58.473267
56 321.690460 37.681686
938 465.468079 391.679321
1180 176.280533 318.122131
1427 108.581490 313.962677
275 363.413025 328.459991
1179 301.101166 326.720825
109 558.641113 198.338791
949 337.197906 246.001663
949 336.958069 246.241531
1915 284.373627 365.045013
95 267.167267 132.451721
68 373.859650 222.099472
86 397.649384 96.054794
1637 313.149933 126.603050
1464 496.992401 223.645859
188 268.851166 60.814964
85 382.228333 128.754349
1611 327.564362 96.303169
1977 316.943329 94.924347
214 491.976105 131.240952
184 449.918579 115.682152
67 448.920746 130.779770
1578 89.167160 347.276581
1051 341.920288 335.631744
1051 341.207153 333.737091
241 264.813416 131.694031
127 294.546875 448.748718
128 258.020386 444.350739
1890 266.162323 423.396362
951 375.496796 250.813583
949 337.197906 246.001663
949 336.958069 246.241531
238 243.810394 68.268021
78 334.992279 227.021881
243 281.360809 130.025513
73 416.774048 194.966003
1731 543.033936 110.650810
1592 328.764069 136.878784
231 382.033142 128.946762
1612 496.221985 223.838348
1505 504.831573 194.259674
376 468.677551 195.382584
249 517.764832 159.471100
107 517.736816 155.966293
1639 416.502380 163.141998
439 570.629944 35.426769
46 514.981689 98.846977
426 450.889618 97.142235
939 459.617004 392.501801
121 270.676758 387.436859
2005 427.888641 130.545242
230 395.009766 129.983597
185 428.655151 114.987076
211 472.779907 64.895416
232 393.516449 93.135086
352 284.056000 364.808472
341 258.956726 443.187561
753 265.927826 423.628296
753 263.668427 424.176178
133 340.687439 358.073303
133 341.166840 356.423645
1467 297.253204 228.132339
1972 264.207062 235.273376
1051 341.920288 335.631744
1051 341.207153 333.737091
1976 179.193222 232.222900
272 341.270874 279.349945
952 375.735229 250.574203
952 374.876434 250.573746
1747 312.638458 125.480415
1291 336.954437 235.017303
69 384.853607 194.761124
372 318.283539 169.017349
1446 328.289032 136.645294
336 387.659241 95.167366
1595 437.581848 161.244263
446 316.986633 54.912109
180 517.033081 155.026230
189 257.836700 60.649178
1428 107.807251 314.550079
1482 418.074097 96.539268
461 382.840668 129.604340
461 382.425629 128.663116
1276 335.739258 88.068588
356 342.067902 333.166687
1724 315.369202 224.667725
753 265.927826 423.628296
753 263.668427 424.176178
952 375.735229 250.574203
952 374.876434 250.573746
1164 336.958252 247.105331
1164 333.849243 250.906067
133 340.687439 358.073303
133 341.166840 356.423645
266 270.243866 386.228729
357 266.205505 132.300858
384 375.172150 221.978897
384 375.582825 221.567368
384 376.075653 221.073639
1360 378.131897 190.456512
12 342.613953 170.448227
1470 498.071960 223.564926
1746 590.012573 234.083618
488 257.279633 59.823944
1857 395.014099 163.374512
437 388.166504 158.248077
379 517.599121 156.152054
2006 427.417877 130.307388
438 394.901459 149.865097
452 396.546417 62.488209
1978 389.087585 56.476841
123 226.415680 424.797821
123 226.430954 427.322540
360 264.338165 422.500916
274 340.308319 356.990601
274 342.025330 355.969666
274 340.787415 357.600250
502 313.266846 124.029282
567 280.730865 94.167152
384 375.172150 221.978897
384 375.582825 221.567368
384 376.075653 221.073639
946 335.918060 234.326523
946 333.431152 233.911423
461 382.840668 129.604340
461 382.425629 128.663116
1146 335.789124 122.019524
1216 336.759735 89.396667
1164 336.958252 247.105331
1164 333.849243 250.906067
1983 191.321686 129.052505
378 515.969238 161.185944
579 498.733307 222.550674
583 481.609009 98.356857
577 382.830353 128.264221
534 525.096252 98.671494
1524 553.995972 69.857170
1222 335.883179 189.365204
774 343.276215 169.747559
636 523.556213 232.016312
1832 550.756470 226.848343
1640 532.552734 132.535782
1958 537.295105 118.061325
1286 335.855896 167.289413
1525 318.564270 150.227264
1982 178.364258 230.580719
1750 511.234497 178.396545
481 518.264832 155.821060
1754 190.405533 232.575211
384 375.172150 221.978897
384 375.582825 221.567368
384 376.075653 221.073639
1159 331.442627 238.882629
1964 550.077393 93.564262
1992 166.987228 192.279373
599 499.530945 222.147781
515 487.530121 222.085022
582 469.853424 129.561798
645 367.882446 155.207855
699 442.345734 87.422112
1981 190.367493 244.858444
1517 278.526215 95.455826
269 227.777451 426.320801
274 340.308319 356.990601
274 342.025330 355.969666
274 340.787415 357.600250
2007 316.695251 66.688469
595 518.255859 154.690826
574 518.252014 154.206467
1635 430.500671 61.449562
600 498.483246 207.012558
1518 552.550232 70.813583
614 492.838287 227.490067
593 302.045868 75.294601
2000 329.595367 116.593094
1739 315.486603 95.889671
948 334.426575 235.900085
946 335.918060 234.326523
946 333.431152 233.911423
1161 337.404144 223.979675
704 560.105896 73.169167
1160 335.921692 246.345001
1838 525.701721 146.033737
1993 172.525116 227.422165
1738 310.807098 86.723412
688 325.471985 75.260635
1924 343.314972 328.176910
274 340.308319 356.990601
274 342.025330 355.969666
274 340.787415 357.600250
716 491.680725 226.311142
727 484.747314 222.755112
689 543.535400 233.554291
730 512.998840 230.509918
676 505.464996 219.347702
2001 184.631195 233.252625
1497 546.864624 96.850021
629 542.868958 111.325287
663 522.286011 152.979126
706 382.636963 130.691299
1760 311.922302 116.605225
1998 311.853424 151.403244
631 340.293549 357.601166
