564
0.448 0.003 -1.44 -0.00954 0.0929 0.014 0.996 
214 205.010330 146.872818
420 247.391357 239.091751
2265 54.858212 129.587021
247 408.529358 237.115723
946 100.907074 248.344101
1595 167.345230 170.862946
426 164.359375 121.886589
451 380.253876 240.045303
485 344.383636 230.421219
1640 236.552612 133.895493
394 187.953568 176.990784
582 193.654205 165.673019
651 344.143951 230.421021
563 335.515808 236.167389
583 188.546402 122.329796
2864 189.677582 146.072739
609 139.186264 185.872421
549 380.016327 240.523499
542 339.772064 181.790115
1470 208.534531 236.380005
481 217.254761 188.012268
416 59.490360 246.750229
1712 157.339401 145.857956
521 167.111923 171.005768
625 380.015930 240.236374
579 210.217316 236.944702
479 215.452133 202.768753
511 387.881561 122.948792
565 343.855927 229.845932
1141 91.990211 164.847000
3444 55.155869 143.160431
541 243.400040 106.434486
1864 150.932358 115.730858
658 339.999603 180.767532
680 298.632111 228.130539
599 210.562134 234.549255
696 344.153625 195.125015
1518 237.772217 128.539154
2417 121.098831 117.631317
666 375.213104 242.642609
595 217.731903 187.442017
682 308.566162 228.947769
602 394.584351 121.533936
693 340.227356 129.900787
730 224.727173 241.987808
681 313.538269 226.958008
515 195.042740 236.750931
689 226.478867 243.761795
