568
0.317 0.254 -1.33 0.0388 0.102 0.011 0.994 
180 228.147217 172.012955
230 128.344559 170.036911
224 79.686607 225.929855
405 58.448608 113.255829
541 244.832352 127.994057
1612 218.218124 217.583038
1964 247.239212 122.161087
367 132.982559 120.996582
426 192.241898 125.078636
1446 76.812309 171.512619
362 339.437012 131.065689
3292 66.084183 228.909637
3067 133.942261 146.630722
2279 146.359543 159.131897
392 65.960182 74.399460
444 264.632660 95.159744
481 228.692825 168.128983
1471 199.699753 124.994926
2417 131.528870 94.938217
565 355.612976 214.651123
1864 171.231293 93.808151
542 355.796631 178.423050
601 299.120117 168.208649
689 249.252975 221.381638
564 361.061981 214.376968
1470 218.740540 216.393921
1835 63.209717 223.951950
579 220.769379 216.040970
696 356.484253 178.766037
658 354.381714 166.521240
619 356.185852 108.064171
514 208.573151 226.353226
1463 128.762070 167.975830
1518 250.141617 108.371719
595 229.267212 166.995789
620 306.101776 211.594604
606 323.484772 211.580948
1461 133.739151 146.946045
693 355.384949 111.659721
704 250.130554 109.572006
602 410.470398 101.501572
730 233.569702 224.189529
515 201.491898 221.390381
599 221.908630 215.378555
1498 319.511444 209.106979
