570
0.515 0.112 -1.31 0.00253 0.0878 0.0101 0.996 
374 185.869659 228.409363
224 55.378609 231.877563
248 381.826691 232.076141
2005 146.837265 153.326492
311 247.598022 193.489532
180 216.397079 175.065262
465 344.154816 121.777031
326 333.553864 173.266998
485 344.375427 222.042831
1595 164.938446 180.261658
2526 139.468903 179.310318
232 115.517853 122.279869
1164 85.862312 233.528122
193 156.494431 229.722580
2657 110.370232 201.765366
372 51.164486 168.120377
1612 205.307800 224.765213
361 326.389008 134.546127
187 173.055878 180.186234
367 111.007820 94.350685
394 165.636063 180.020706
1470 205.774017 225.000092
461 108.822289 151.014297
1471 188.453323 130.704346
566 401.811340 102.214767
1835 60.933529 234.084534
2430 61.141640 180.700134
1475 156.958221 229.484741
481 215.979309 173.893616
549 381.429504 231.915894
439 246.355331 91.153198
616 335.184540 180.078964
2417 114.129723 104.255142
532 174.524246 100.460808
3067 119.033203 126.033485
2087 124.094307 120.966476
579 206.895905 224.994736
479 208.725250 201.115952
583 189.294647 130.415634
541 245.227539 91.440063
517 343.614075 114.354332
666 381.714600 231.629700
2006 147.131149 166.138412
2303 145.808884 127.506477
1451 184.393860 228.510742
1518 237.916458 114.493706
696 346.196716 184.873428
625 375.200653 234.371201
565 344.188446 217.786072
619 343.970123 120.031113
595 217.053436 173.206070
606 308.575348 219.023056
602 401.788544 109.578644
599 207.774460 224.307510
658 343.287048 174.643143
693 343.148743 118.826271
670 321.063873 99.615646
1463 116.700172 173.720917
1515 119.258072 151.897156
726 111.607155 224.774857
1956 109.337425 198.038666
1964 232.800934 138.651184
674 335.914337 226.460785
730 219.896164 229.177109
680 292.695496 218.056610
651 349.319153 218.040970
