595
0.17 0.0527 -0.335 -0.00447 -0.121 -0.0113 0.993 
130 349.977478 234.019714
273 329.997986 234.008347
1590 343.852539 156.797379
2526 353.764801 156.828354
107 441.169037 150.711548
118 576.992737 40.508591
39 606.059875 155.872513
167 429.881470 98.088852
218 286.957092 197.041885
3434 70.260437 158.688278
2115 166.989059 167.744080
3147 114.946342 150.663086
3149 62.192757 229.900146
3565 45.651493 231.912827
2853 137.646606 221.766953
244 229.920425 95.308784
3607 55.840469 48.545963
2626 146.874481 127.869705
193 369.459778 212.539078
1752 407.478088 218.248550
211 402.313812 68.226746
270 210.654053 363.523743
341 197.907669 354.601746
3072 203.671616 344.843323
1174 288.124268 310.828430
1427 78.547073 286.561493
1425 134.636581 288.497345
1238 112.440521 284.564240
3406 77.391823 65.483185
1521 376.360931 93.704361
214 420.823364 126.979881
4016 133.014969 79.578957
3601 54.881630 125.702126
181 437.998444 128.330276
1731 462.654388 107.694336
989 286.919922 152.181274
1164 260.912048 223.341400
2967 115.328438 151.438751
188 218.504852 64.616844
243 230.564941 127.171028
233 286.214813 107.957970
3923 113.160507 126.956337
311 475.483307 177.110809
250 474.503448 127.570892
37 608.052124 165.615005
245 608.834839 209.084595
1626 419.763092 156.334518
180 440.972229 150.514587
1464 425.109375 210.423019
232 331.102661 92.846550
1015 210.457199 363.326294
356 268.031403 287.902130
360 203.288208 345.625244
3566 95.130531 240.535431
133 266.672363 308.171814
3409 77.155701 65.948730
3446 92.205391 122.405426
3431 66.997696 124.624496
439 485.505463 43.158878
67 382.015411 126.620926
2006 362.399902 126.123802
223 193.674438 218.905396
1160 261.198059 223.054153
3291 69.640251 158.223785
3182 58.433544 159.675751
2627 114.401970 150.978058
3548 46.937489 231.322296
3188 61.100559 190.524612
1976 135.080124 220.267273
2267 175.862289 133.403992
2238 218.409515 76.163574
3860 176.255081 94.598648
2254 146.650330 126.940155
3158 124.331429 127.116463
1612 425.337128 209.238586
559 198.859406 352.884888
274 266.671387 307.933685
467 201.875809 344.436218
426 382.600769 97.900902
298 594.398499 57.897007
2279 348.852997 152.962540
1574 268.028534 286.755310
3439 146.724487 221.901169
1448 222.607712 233.481171
558 346.230865 201.296524
367 333.905426 65.935539
368 326.567474 38.094528
563 596.671387 215.547394
3044 48.058834 231.093246
326 596.365173 144.824829
1360 290.494263 181.846603
2237 114.855354 149.910400
1832 472.987610 213.235870
2269 175.194443 133.252853
2557 144.398438 94.018105
415 404.826080 123.099358
2958 98.904121 126.150146
1470 425.902802 209.526672
3190 142.904053 62.235092
3058 196.657776 63.579090
541 483.265503 43.706123
2417 333.679993 66.210999
3570 141.564331 61.237682
3386 109.297791 61.387096
1516 333.273682 66.210640
1864 378.317047 62.382126
1964 470.131073 90.371849
2753 61.511475 229.019836
2285 167.530533 95.176750
499 290.627319 151.319305
2240 114.456406 149.509674
1982 134.422836 218.578171
3557 79.056114 71.608421
3411 75.121605 63.634430
1750 438.036041 167.159088
481 441.880524 148.991577
1958 457.667023 118.981003
1980 402.885742 96.399849
579 428.259399 207.834717
531 519.596985 45.196701
2553 143.519363 73.274071
567 230.017990 94.907181
3047 76.306137 65.222946
599 429.470886 207.023666
600 426.930878 192.285645
2244 100.104042 127.823112
1838 448.222168 138.980499
2124 163.335724 62.328701
2286 197.206177 62.109245
1497 468.520813 93.428955
3306 228.395966 95.388969
2381 109.638298 149.056961
1716 499.518250 219.706177
1993 133.218002 219.802887
2659 90.921463 109.738167
595 441.068634 148.578842
1518 471.254791 73.265121
515 418.102692 207.770874
528 416.865417 74.583611
614 417.338898 216.793945
730 443.607574 215.463776
629 462.862885 107.802307
2675 80.953461 88.298615
2676 78.112862 79.639412
691 553.253357 210.242599
682 573.480896 201.587341
726 291.223358 211.623779
686 538.240601 114.200340
2126 136.346863 208.871384
2257 89.569687 105.637024
1992 123.861320 180.949295
713 428.834656 187.111374
420 467.405975 219.135147
680 544.560425 204.367249
2648 98.180145 125.898643
1498 543.022949 139.179947
