606
0.17 0.054 -0.336 -0.00429 -0.12 -0.0115 0.993 
107 441.169037 150.711548
117 450.058319 69.556671
188 218.504852 64.616844
7609 487.966827 67.889336
7635 470.528992 76.467903
7648 491.803955 58.238235
7449 85.553093 60.776970
7610 50.408527 41.110012
39 606.059875 155.872513
7382 185.445938 62.932587
7336 515.033569 30.284733
7294 288.874023 37.352921
2624 179.654709 158.838272
75 193.462952 137.284958
945 287.155121 197.239288
7305 264.287872 210.218994
3434 70.260437 158.688278
7460 35.317207 158.864426
7663 34.930775 158.866959
2115 166.032120 166.778183
2231 165.431885 130.797012
3147 114.946342 150.663086
3149 62.192757 229.900146
3565 45.651493 231.912827
95 215.913773 129.269485
1138 259.188446 100.051582
3601 54.881630 125.702126
7461 78.368332 90.632812
37 607.477051 166.974899
7439 485.727997 210.819046
7482 599.519897 215.292786
7474 363.666473 156.871735
118 576.992737 40.508591
7483 593.075806 96.953186
7384 448.689148 127.480888
7611 411.350464 98.101685
7283 202.769623 353.662262
7271 274.579407 380.633057
7201 175.855957 451.087524
7241 190.567123 415.139740
7507 312.237946 453.633270
7517 317.134796 432.288025
7259 34.835995 396.221802
7280 46.306175 355.177094
7503 91.115776 455.132782
356 267.206512 290.885498
356 266.610016 290.286835
356 268.031403 287.902130
272 266.568176 247.228577
2163 203.671616 344.843323
133 266.274506 307.773315
133 267.750580 306.680756
1427 77.576340 286.367676
7528 478.046082 406.264954
7198 363.318451 454.567200
7232 347.648163 430.329773
1244 558.821655 243.479904
7553 65.862625 308.123962
214 419.651306 126.967499
2235 127.814217 189.939560
1520 329.751007 207.457062
7588 76.190491 70.129303
7452 85.556961 60.313419
3406 77.391823 65.483185
1590 343.852539 156.797379
1753 351.681763 129.549225
7497 498.352295 42.980476
7432 497.160736 37.170776
7340 470.529022 76.467903
7602 484.442047 63.807529
7612 519.377869 44.229584
7650 514.650269 31.442486
179 605.086731 155.283447
989 287.356049 151.983704
12 264.542236 166.804764
223 193.676651 218.511093
2506 124.380569 184.107285
2967 115.328438 151.438751
3566 93.195938 240.541733
3548 46.937489 231.322296
3266 83.716454 190.192642
7641 37.311489 190.627701
244 229.916656 95.694092
233 286.221161 106.801506
3458 65.172195 57.927822
7453 123.916832 79.159775
2626 146.874481 127.869705
7438 498.478455 213.253922
7419 478.472961 196.051086
7485 599.522888 216.073608
7485 598.354187 215.834900
245 608.834839 209.084595
180 440.972229 150.514587
1464 425.109375 210.423019
7484 595.917480 54.258713
7651 592.212708 41.602562
7435 537.057678 81.509476
7441 418.849060 28.731279
46 439.630524 99.344551
7592 410.217896 98.129692
1015 210.457199 363.326294
341 197.511810 353.814575
7205 223.956009 448.881561
7200 176.051758 451.283905
7240 221.430222 416.116089
7242 189.784561 414.744690
7261 34.449375 395.633820
7216 97.065933 437.167053
7209 44.382557 440.967926
7526 64.579910 409.844147
356 267.206512 290.885498
356 266.610016 290.286835
356 268.031403 287.902130
360 202.119080 345.615723
825 222.979660 314.472260
7249 477.070557 406.465393
7273 159.194138 377.029572
7228 316.937897 432.171478
327 602.665955 138.933151
2006 362.404266 126.960800
7334 400.745178 114.011726
3419 43.274986 126.172180
1471 392.757172 97.977974
2155 363.667725 97.785202
1521 377.484863 92.881096
7655 77.118462 70.121262
3409 77.168816 64.558731
7348 471.686859 75.364197
7442 482.826508 66.814041
7500 531.750244 44.753048
7387 516.307068 36.322441
7250 476.603912 406.233093
499 286.919922 152.181274
559 197.737762 352.875610
7444 186.165771 80.605682
7217 48.180241 440.204163
1614 178.560806 218.992035
7237 221.296677 417.190735
7243 189.225906 415.304077
298 595.424927 54.614571
7302 289.916016 122.771179
1976 136.876938 221.574844
1976 136.185669 221.108047
7462 132.144501 199.992584
357 215.521973 129.467758
7392 485.986664 112.802032
7351 491.364807 87.759636
949 261.866211 222.145309
2789 249.294601 75.907852
7290 287.469116 37.050343
2254 145.808884 127.506477
3158 124.331429 127.116463
2627 114.401970 150.978058
7485 599.522888 216.073608
7485 598.354187 215.834900
563 598.353088 215.553802
7568 369.656281 214.400360
3936 66.355637 162.210327
3291 69.640251 158.223785
3182 58.204529 158.742371
7346 456.736877 120.866875
1612 425.337128 209.238586
3614 64.791718 57.780117
7464 78.418312 82.648773
7323 603.269531 288.801147
7325 516.227905 287.520874
7275 158.725250 376.557220
7265 34.223873 396.099915
521 382.827728 127.929276
7398 362.399902 126.123802
423 377.692627 122.871552
7616 178.266113 48.686417
7628 195.103775 43.592136
7218 96.504448 437.166718
7532 74.613907 391.404083
786 281.757568 285.063904
7368 416.667786 46.682968
368 326.567474 38.094528
361 592.158569 98.107185
3044 48.058834 231.093246
3009 292.436127 224.005310
7309 260.916901 221.910019
2118 243.236145 123.128914
567 230.021255 94.574310
7244 189.218277 413.953979
4032 143.144058 216.838181
1976 136.876938 221.574844
1976 136.185669 221.108047
1118 193.800140 351.149811
7295 288.654175 92.243584
7291 287.746979 38.153511
2237 113.842300 151.261978
2958 98.904121 126.150146
7361 535.484314 64.007607
7353 369.943359 214.687531
1475 366.210297 210.955185
558 343.824432 204.036804
420 466.327393 218.295929
2557 144.398438 94.018105
2673 121.281517 85.445343
7467 105.531181 141.230560
2859 68.520157 158.228806
1731 463.579346 107.007683
426 382.600769 97.900902
1752 407.287872 217.978012
1470 425.902802 209.526672
7468 401.414185 156.668259
7596 67.482147 62.724205
7367 109.297791 61.387096
443 470.295746 76.466125
439 483.265503 43.706123
3058 196.657776 63.579090
274 266.672363 308.171814
274 266.671387 307.933685
7253 477.443176 406.792084
7326 516.839050 287.746429
3190 141.223389 62.243137
3386 107.613258 62.399544
7296 290.925507 90.130936
7618 169.839310 53.072067
1864 378.317047 62.382126
7620 388.350586 44.540737
7268 73.941986 389.370911
7501 590.358521 95.805443
7499 538.012634 101.557251
7607 108.841530 147.932434
7395 145.086456 216.827316
1982 134.422836 218.578171
629 463.579376 107.007683
629 462.833344 104.915359
2240 114.855354 149.910400
2255 231.713333 126.593109
7297 265.959320 164.652267
1160 261.198059 223.054153
1750 439.011414 163.791092
481 441.880524 148.991577
3167 362.555878 156.396759
579 428.259399 207.834717
652 590.247559 83.770439
3557 79.056114 71.608421
3411 75.121605 63.634430
1958 457.667023 118.981003
582 401.134003 126.410759
7478 386.896576 73.565567
650 519.596985 45.196701
541 483.271515 45.042858
7598 185.996353 48.978306
576 258.490204 121.315971
2285 167.530533 95.176750
2553 143.519363 73.274071
2417 333.341370 66.210701
7286 200.831741 347.140411
1448 222.038483 235.195724
7251 478.121826 405.774963
7327 516.438477 288.153961
675 581.263062 212.789841
599 429.470886 207.023666
600 426.930878 192.285645
620 545.046509 205.341888
571 528.277588 214.984329
1838 448.222168 138.980499
2418 157.707764 59.150848
2381 114.456406 149.509674
467 198.796234 345.089661
7573 548.303833 141.904358
2244 97.711296 122.999573
2659 90.512520 110.948341
7399 378.383850 74.308929
689 465.851654 217.068176
7523 220.827621 417.793701
7245 189.225143 415.169067
1164 261.543610 222.022385
3439 148.396454 220.536621
7303 290.135712 118.412109
7479 257.356964 119.119957
595 441.095367 151.002167
2286 197.206177 62.109245
1518 471.745605 74.229897
7364 488.565399 55.094254
7299 289.440155 56.750095
2962 83.350746 91.662773
3047 76.306137 65.222946
7406 430.821869 97.863182
2528 185.909134 62.988113
2633 131.392273 79.364197
7490 547.252502 168.944992
133 266.274506 307.773315
133 267.750580 306.680756
7256 477.315582 405.373474
1993 129.401978 215.924881
3196 138.038300 214.903076
614 417.338898 216.793945
515 411.432861 209.372360
730 443.607574 215.463776
629 463.579376 107.007683
629 462.833344 104.915359
2676 78.112862 79.639412
7408 532.245056 76.507195
7409 535.098572 64.943420
682 573.480896 201.587341
726 293.899536 211.518433
7427 75.345474 65.232353
2257 89.569687 105.637024
1498 547.098206 142.300949
2124 163.335724 62.328701
1992 123.841133 183.862305
7254 474.885590 406.359131
713 428.834656 187.111374
7285 198.901184 348.100952
7608 139.759033 215.868347
2126 136.346863 208.871384
7502 553.826050 209.078720
7292 290.939606 71.899979
7376 150.097305 219.323425
7377 129.401978 215.924881
2287 109.055939 149.641571
2648 98.763367 125.315346
680 543.393799 202.028168
704 476.475037 72.725624
7411 544.205872 143.252289
7252 477.216644 405.763275
