608
0.17 0.0536 -0.337 -0.00439 -0.12 -0.0114 0.993 
24 197.107254 63.814888
7382 185.445938 62.932587
3801 77.391823 65.483185
3458 65.172195 57.927822
7450 482.139069 68.820297
7609 487.966827 67.889336
39 606.059875 155.872513
107 441.169037 150.711548
7610 51.314888 42.026638
7294 288.874023 37.352921
7336 515.033569 30.284733
1630 237.390854 167.812042
949 262.258850 223.138077
949 261.862213 223.338242
945 287.155121 197.239288
7305 264.287872 210.218994
3434 70.260437 158.688278
2115 166.032120 166.778183
2506 124.390022 182.741333
2231 165.431885 130.797012
3147 114.946342 150.663086
3565 45.651493 231.912827
188 218.504852 64.616844
243 230.564941 127.171028
244 229.910950 96.272095
7704 263.703766 123.176636
3795 63.611359 59.872047
3601 54.872143 127.255936
105 479.095032 158.916580
252 476.665253 213.707458
7482 599.519897 215.292786
1590 343.852539 156.797379
1753 351.681763 129.549225
118 576.992737 40.508591
7635 470.528992 76.467903
7414 354.398682 67.011818
117 450.058319 69.556671
7283 202.769623 353.662262
7271 274.189423 381.411438
7200 176.051758 451.283905
7686 221.822678 416.313538
7241 190.567123 415.139740
7228 317.134796 432.288025
7228 316.937897 432.171478
7259 34.828545 395.246735
7273 159.193039 376.833832
7695 126.105782 357.109772
7209 43.054195 442.328613
7212 98.860115 437.521179
7688 122.296967 410.032288
356 267.206512 290.885498
356 267.796539 289.095947
356 268.031403 287.902130
2163 202.705185 345.816711
133 266.672363 308.171814
133 266.514618 305.852692
7249 478.046082 406.264954
7672 546.326843 455.210968
7198 363.318451 454.567200
287 603.658447 288.606537
7706 103.739395 315.919708
7474 363.666473 156.871735
3406 77.584991 65.481384
7497 498.352295 42.980476
7432 497.160736 37.170776
7462 132.372849 200.460358
7638 128.940079 194.619659
7341 421.434387 69.138451
211 402.709778 68.997543
7340 470.529022 76.467903
7648 491.803955 58.238235
7602 484.442047 63.807529
1520 328.992462 207.098969
179 605.086731 155.283447
327 602.665955 138.933151
181 438.374908 127.171516
7591 462.595551 101.894333
7612 519.377869 44.229584
7650 514.650269 31.442486
159 516.382263 287.520721
7228 317.134796 432.288025
7228 316.937897 432.171478
7261 34.449375 395.633820
480 484.854187 139.325577
274 266.671387 307.933685
274 267.750580 306.680756
7226 133.627365 432.919861
7219 504.314178 440.488861
7528 477.070557 406.465393
360 202.119080 345.615723
356 267.206512 290.885498
356 267.796539 289.095947
356 268.031403 287.902130
3419 43.274986 126.172180
232 331.102661 92.846550
7205 223.956009 448.881561
7201 175.855957 451.087524
7240 221.430222 416.116089
7687 189.791153 415.916656
341 198.680161 353.824219
7484 595.917480 54.258713
7651 592.212708 41.602562
12 264.071564 166.415939
7485 599.522888 216.073608
7485 598.354187 215.834900
1244 559.783875 241.526840
245 608.834839 209.084595
1614 178.560806 218.992035
949 262.258850 223.138077
949 261.862213 223.338242
7710 286.957092 197.041885
7711 286.721985 196.092041
2967 115.328438 151.438751
7302 289.672363 124.166061
1907 262.287598 78.692543
180 440.972229 150.514587
7641 37.081699 190.005173
7435 537.057678 81.509476
1464 425.109375 210.423019
7437 111.145073 65.264313
37 608.052124 165.615005
7496 364.188324 67.047882
367 333.905426 65.935539
7460 35.317207 158.864426
2626 146.874481 127.869705
166 448.375427 98.468254
235 401.578217 98.013443
7441 418.849060 28.731279
7693 274.182617 380.240417
7680 428.097900 434.843842
7475 90.861771 110.521561
4016 132.737930 79.022324
7493 377.894073 151.420761
7500 531.750244 44.753048
7387 516.307068 36.322441
7348 470.295746 76.466125
7588 77.360481 68.959831
3409 77.168816 64.558731
7221 503.923157 440.489014
7250 476.603912 406.233093
7516 133.627396 433.391083
7677 43.025246 440.940033
361 589.345276 94.458588
864 201.944992 352.910492
7237 222.126312 414.951782
7242 189.784561 414.744690
7438 498.478455 213.253922
357 215.059708 129.007645
499 286.927246 150.775131
3109 262.186737 165.253418
7485 599.522888 216.073608
7485 598.354187 215.834900
3158 124.331429 127.116463
2415 119.818031 173.607727
2627 114.401970 150.978058
3149 61.418468 228.926422
7392 485.999756 114.196907
1976 136.185669 221.108047
1976 135.080124 220.267273
1138 259.188446 100.051582
7308 282.180054 199.436996
2006 363.823883 126.968285
2155 363.667725 97.785202
2789 249.988647 77.054779
7290 287.469116 37.050343
1612 425.337128 209.238586
435 602.199341 138.697052
7346 456.736877 120.866875
7353 369.943359 214.687531
7568 369.656281 214.400360
1475 367.922852 209.243866
7464 78.418312 82.648773
3614 64.791718 57.780117
7323 602.798645 287.625549
7325 515.996338 287.521118
7555 77.576805 286.132751
7265 34.223873 396.099915
7681 427.706543 434.845856
443 471.686859 75.364197
7393 174.868011 55.382168
7358 158.045593 58.814789
2279 348.852997 152.962540
7616 178.266113 48.686417
7628 195.103775 43.592136
3242 266.383759 307.361084
7532 77.423782 389.141449
2255 229.688278 126.614624
7291 287.746979 38.153511
2417 333.679993 66.210999
368 326.567474 38.094528
3188 59.700306 190.530411
7243 189.225906 415.304077
7309 260.912048 223.341400
4032 145.086456 216.827316
1976 136.185669 221.108047
1976 135.080124 220.267273
3950 133.511047 203.362946
563 598.353088 215.553802
7389 521.661133 222.551422
1832 472.987610 213.235870
7467 105.531181 141.230560
3291 69.640251 158.223785
2254 145.808884 127.506477
2557 144.398438 94.018105
2673 121.281517 85.445343
2237 113.842300 151.261978
1640 453.765747 130.322250
415 404.826080 123.099358
7361 535.484314 64.007607
298 594.398499 57.897007
1451 401.820374 213.840546
1470 425.902802 209.526672
2958 98.904121 126.150146
7468 401.414185 156.668259
1146 258.475647 122.987976
7292 291.011261 70.246986
7292 290.939606 71.899979
521 382.254944 127.087746
7596 67.482147 62.724205
439 483.265503 43.706123
3058 196.657776 63.579090
7491 112.677078 57.355003
7218 98.189087 437.167725
7253 477.443176 406.792084
852 516.227905 287.520874
3162 135.576157 47.212566
7364 489.372406 55.098244
541 483.271515 45.042858
7701 282.109894 63.928936
3190 141.223389 62.243137
1732 378.564606 102.197029
1521 377.484863 92.881096
2297 218.182724 62.753586
7296 290.925507 90.130936
1864 378.317047 62.382126
7620 388.350586 44.540737
467 200.815338 345.105957
7715 280.040710 286.093903
7501 590.341614 93.797844
7499 538.012634 101.557251
7685 223.669205 418.216461
7244 189.218277 413.953979
7395 148.396454 220.536621
1982 134.422836 218.578171
2285 167.530533 95.176750
2240 114.855354 149.910400
3044 48.058834 231.093246
3306 228.395966 95.388969
567 230.017990 94.907181
1164 261.543610 222.022385
7297 264.934021 164.998230
645 284.470154 152.362976
675 581.263062 212.789841
652 590.247559 83.770439
1750 438.036041 167.159088
481 441.880524 148.991577
579 428.259399 207.834717
3557 79.056114 71.608421
3411 75.121605 63.634430
1958 455.285797 122.167259
582 401.134003 126.410759
583 411.008667 98.469925
1511 402.656952 68.167747
7368 416.667786 46.682968
650 519.596985 45.196701
576 258.159943 120.316032
405 257.051666 91.341110
7398 362.399902 126.123802
7574 147.594284 65.222748
7642 114.230873 84.139107
274 266.671387 307.933685
274 267.750580 306.680756
7251 478.121826 405.774963
7722 516.505188 288.086029
636 448.944672 216.968384
599 429.470886 207.023666
600 425.953430 191.787903
620 545.046509 205.341888
571 528.277588 214.984329
1838 448.222168 138.980499
7598 185.996353 48.978306
7618 169.839310 53.072067
7573 547.098206 142.300949
629 462.354980 105.391548
629 462.833344 104.915359
2244 97.711296 122.999573
2659 90.512520 110.948341
2381 114.456406 149.509674
7276 215.642685 376.499359
7286 200.831741 347.140411
7245 189.225143 415.169067
7263 217.408325 393.921112
7399 378.383850 74.308929
7303 291.592255 121.291893
7303 290.135712 118.412109
1993 129.401978 215.924881
595 441.068634 148.578842
7709 291.196472 224.007568
2962 83.350746 91.662773
3047 76.306137 65.222946
515 411.432861 209.372360
7303 291.592255 121.291893
7303 290.135712 118.412109
7703 264.612122 74.361580
7299 289.440155 56.750095
7448 423.476593 90.599594
1738 255.193970 87.010956
7406 430.821869 97.863182
7494 173.905472 73.322662
689 465.878876 221.969391
7490 547.252502 168.944992
133 266.672363 308.171814
133 266.514618 305.852692
7256 477.315582 405.373474
7285 198.901184 348.100952
700 354.722992 66.731018
614 420.244843 212.376724
7601 437.372772 165.530380
1518 471.745605 74.229897
2676 78.112862 79.639412
730 443.607574 215.463776
7408 532.245056 76.507195
7409 535.098572 64.943420
629 462.354980 105.391548
629 462.833344 104.915359
682 573.480896 201.587341
7427 75.345474 65.232353
2257 89.569687 105.637024
7411 544.205872 143.252289
1992 123.841133 183.862305
7716 268.986145 307.344147
7254 474.885590 406.359131
7328 515.957153 289.131592
713 428.834656 187.111374
7608 139.759033 215.868347
2126 136.346863 208.871384
7288 202.376678 346.371918
7289 198.887024 346.343536
2287 109.055939 149.641571
7376 150.097305 219.323425
7377 129.384064 219.432526
726 292.708679 212.114975
2648 98.763367 125.315346
680 543.393799 202.028168
704 476.475037 72.725624
686 538.256653 117.100121
7252 477.216644 405.763275
