60
0.0172 -0.0335 0.228 0.000366 -0.192 -0.0242 0.981 
13 357.374695 167.427963
24 284.899445 56.523449
62 513.064819 25.445187
91 484.251465 92.038185
56 362.115356 32.556160
73 457.723999 192.935104
1464 541.346680 223.853958
201 367.876678 132.343384
1843 428.166046 156.225586
80 367.849152 206.177750
1707 357.590546 126.666115
2579 379.035675 94.952354
244 321.075348 91.885612
244 320.485718 91.693962
85 423.343109 125.263084
2572 309.188324 391.490021
1441 297.619659 246.007446
2489 126.073441 345.352478
1821 124.038017 301.236969
133 381.453369 363.985504
133 378.697113 362.630615
133 379.649353 361.919586
133 381.014404 361.911469
133 380.192993 362.322723
1008 526.031738 289.474945
272 380.835968 282.927917
272 380.006622 280.737640
272 380.005005 281.598602
272 381.384064 277.807587
949 377.877014 245.028473
949 374.303772 250.573410
2593 401.636475 275.915833
2005 470.755890 125.204285
2610 302.134888 342.520416
1586 309.642883 313.773590
133 381.453369 363.985504
133 378.697113 362.630615
133 379.649353 361.919586
133 381.014404 361.911469
133 380.192993 362.322723
2070 86.327423 276.758972
2070 84.583275 276.253418
2346 380.609528 339.434265
2346 381.205231 339.036926
2346 381.211731 337.854370
1238 185.542038 310.106415
1809 125.061630 343.977905
1427 145.304855 311.099976
1427 146.077515 311.102722
1427 145.842484 310.159515
1427 146.676895 310.162476
1666 310.962219 388.571716
1803 309.730194 365.130188
95 304.253174 129.532242
2594 394.278534 279.274475
107 565.872559 152.531082
2231 249.512634 130.275528
2266 227.520004 242.512802
949 377.877014 245.028473
949 374.303772 250.573410
372 356.894012 166.248062
2163 300.407898 432.844086
2599 372.873688 225.083496
226 367.055450 206.572144
1976 218.167419 228.267807
2235 208.783096 193.746964
1612 542.501526 222.880936
214 538.452820 125.777969
243 320.064880 126.594131
1681 377.013092 85.331947
231 423.141663 124.679871
2559 97.888184 441.443481
1080 507.482849 404.708405
1731 594.293335 103.936554
232 433.982483 87.259262
272 380.835968 282.927917
272 380.006622 280.737640
272 380.005005 281.598602
272 381.384064 277.807587
1808 126.460609 345.157623
939 507.481781 405.178772
2267 260.075958 134.139420
1752 513.371460 230.981384
193 473.039795 222.302536
356 381.504425 336.433319
352 321.157288 369.138062
223 279.711182 226.871780
266 307.790955 392.445160
2070 86.327423 276.758972
2070 84.583275 276.253418
367 439.339020 56.801342
1978 431.174377 51.757442
2607 373.070984 224.486542
371 367.049072 204.666702
753 301.350739 432.147675
753 297.669128 432.697876
753 299.023987 430.689362
123 259.148834 433.854919
123 258.911102 433.387177
1630 326.871277 171.846130
1592 368.114685 132.577698
180 566.147339 151.411133
211 519.206787 58.635143
244 321.075348 91.885612
244 320.485718 91.693962
188 308.763763 57.219666
181 560.612366 125.893173
230 437.193420 125.995682
461 423.141663 124.679871
461 423.425812 124.961815
234 503.965424 125.808006
2346 380.609528 339.434265
2346 381.205231 339.036926
2346 381.211731 337.854370
1575 408.569366 363.409393
1427 145.304855 311.099976
1427 146.077515 311.102722
1427 145.842484 310.159515
1427 146.676895 310.162476
437 428.811829 155.248962
1216 377.010712 84.947937
1216 376.414032 84.243965
1216 377.218994 83.054672
1276 376.308319 85.404449
1448 308.165710 244.803589
1291 377.146973 234.776672
1291 376.575378 235.062698
1467 335.511322 226.104263
2237 195.756943 152.170349
268 311.197449 387.403015
272 380.835968 282.927917
272 380.006622 280.737640
272 380.005005 281.598602
272 381.384064 277.807587
1164 374.875366 248.849243
452 438.946564 56.798691
753 301.350739 432.147675
753 297.669128 432.697876
753 299.023987 430.689362
123 259.148834 433.854919
123 258.911102 433.387177
357 304.380005 129.407745
2149 248.809097 130.049454
2068 84.862534 276.252899
2430 367.720978 163.190918
12 385.161591 166.686935
461 423.141663 124.679871
461 423.425812 124.961815
2087 433.135986 86.696571
1470 543.054504 222.085358
1445 547.961182 200.159653
2254 229.688278 126.614624
2557 228.365631 91.595093
440 362.295410 106.094414
1747 351.024475 122.727646
2233 297.142517 90.824371
392 363.412262 35.665623
2238 307.940552 69.534073
2346 380.609528 339.434265
2346 381.205231 339.036926
2346 381.211731 337.854370
133 381.453369 363.985504
133 378.697113 362.630615
133 379.649353 361.919586
133 381.014404 361.911469
133 380.192993 362.322723
1427 145.304855 311.099976
1427 146.077515 311.102722
1427 145.842484 310.159515
1427 146.676895 310.162476
2590 158.718079 375.260834
2570 508.439880 403.633911
2529 262.740845 48.524364
2418 243.304337 52.216438
577 423.822662 124.229797
1399 311.195709 386.392731
1399 310.704254 386.796021
272 380.835968 282.927917
272 380.006622 280.737640
272 380.005005 281.598602
272 381.384064 277.807587
1982 212.615143 226.745117
587 403.961334 273.638611
2462 306.286530 391.634369
2285 251.982101 91.382324
1595 480.894928 160.860657
1291 377.146973 234.776672
1291 376.575378 235.062698
1285 376.222198 156.474228
1285 376.891327 154.451767
2415 198.488129 172.985962
2240 195.097198 151.168213
1640 580.897644 127.946510
426 496.044281 91.249809
445 368.108307 44.456928
1750 559.342773 173.860016
379 566.486450 152.085495
2586 375.878418 106.173668
502 352.150421 120.057587
1521 489.555786 85.183174
1511 519.649231 57.242363
2587 158.723709 376.275421
274 379.649384 361.919617
274 378.730133 360.380585
946 377.260681 234.375046
1221 375.582825 221.567368
2103 296.740845 56.726173
2124 250.556015 56.550209
1623 453.909363 81.769722
2417 437.738190 57.189800
1475 474.700897 220.384399
481 566.486450 152.085495
521 493.915405 124.979843
2401 460.144684 124.631294
2244 182.065720 129.557480
2405 200.901672 173.367233
2381 193.889603 151.181686
1285 376.222198 156.474228
1285 376.891327 154.451767
2096 208.784042 193.633713
579 547.520325 219.942322
600 544.560425 204.367249
1838 573.222473 143.399155
583 527.475891 91.444275
532 537.775208 51.303246
2553 228.633499 69.053970
415 522.020569 121.588852
594 343.006256 56.697922
2123 357.597382 51.969372
133 381.453369 363.985504
133 378.697113 362.630615
133 379.649353 361.919586
133 381.014404 361.911469
133 380.192993 362.322723
1514 429.190979 172.754166
2393 442.870697 136.503723
1461 431.570923 113.818466
706 424.695831 124.142792
2287 192.234818 152.362976
2109 186.756516 141.581558
1161 376.075653 221.073639
2257 173.550217 113.737061
2575 311.196411 386.796906
730 560.851501 230.114120
599 550.405884 219.565689
2106 224.797775 221.764114
2126 219.553787 218.934494
614 536.017578 227.681137
515 529.659973 222.977676
2001 223.010559 229.559250
2155 471.882355 91.055008
1756 459.792297 90.465324
595 564.551392 152.076279
1515 442.643799 116.248138
1146 376.654144 120.189796
1146 372.567169 118.959717
1993 210.199539 224.295837
1876 541.704102 210.187012
1574 383.039429 329.214752
786 399.524994 333.831085
133 381.453369 363.985504
133 378.697113 362.630615
133 379.649353 361.919586
133 381.014404 361.911469
133 380.192993 362.322723
2248 301.596436 247.841141
2111 230.616013 230.122696
1141 375.258057 81.132805
718 433.599701 84.464249
948 373.137177 232.961807
948 372.549591 236.533401
948 373.137177 232.961807
948 372.549591 236.533401
1992 202.416016 176.745895
2541 560.599976 174.157379
2031 308.354156 392.607849
274 379.649384 361.919617
274 378.730133 360.380585
