619
0.171 0.0512 -0.337 -0.00485 -0.12 -0.0115 0.993 
3458 65.172195 57.927822
223 180.099930 220.557922
7881 341.960968 206.115952
7998 495.668091 52.451683
39 606.059875 155.872513
7336 515.038269 31.251066
7294 288.874023 37.352921
2624 180.623047 158.827927
949 262.262146 222.143951
945 286.161438 197.242813
7305 264.287872 210.218994
2115 166.032120 166.778183
3147 114.946342 150.663086
3149 62.192757 229.900146
7807 229.224625 63.573883
243 230.564941 127.171028
2408 207.661987 81.072845
7983 288.650757 92.935272
7983 288.650757 92.935272
7795 31.734617 126.862381
7461 78.368332 90.632812
7911 548.642761 141.973145
7482 599.519897 215.292786
33 363.666473 156.871735
1626 418.794464 157.301071
8025 401.127441 155.181061
118 576.992737 40.508591
46 448.375427 98.468254
7266 218.715012 392.900085
7202 223.954422 448.491150
7200 176.051758 451.283905
7507 312.237946 453.633270
7228 317.134796 432.288025
7966 159.193039 376.833832
7209 48.695591 441.087280
7212 97.885071 437.520660
291 187.738983 272.829376
356 266.215179 290.882660
360 203.671616 344.843323
360 203.671616 344.843323
8115 209.222305 300.565277
133 266.274506 307.773315
133 266.274506 307.773315
1427 77.575951 286.563416
7198 363.318451 454.567200
7204 419.208527 453.413177
7843 274.579407 380.633057
7462 132.372849 200.460358
1752 406.298218 218.639877
1520 341.959869 205.321198
3406 77.391823 65.483185
7497 498.352295 42.980476
7755 484.321686 39.440418
7432 497.160736 37.170776
7340 470.520172 75.309097
7340 470.520172 75.309097
7602 484.442047 63.807529
7341 421.434387 69.138451
211 402.709778 68.997543
7612 519.372681 43.068443
7221 503.923157 440.489014
7953 477.070557 406.465393
1630 237.390854 167.812042
2231 175.862289 133.403992
7261 34.449375 395.633820
274 266.672363 308.171814
274 266.672363 308.171814
274 266.672363 308.171814
274 266.672363 308.171814
274 266.672363 308.171814
7435 537.057678 81.509476
360 202.109604 344.438110
360 202.109604 344.438110
910 208.833160 300.760986
8069 86.800560 443.967865
7217 48.679321 440.119812
8072 133.627396 433.391083
7205 223.956009 448.881561
7205 223.956009 448.881561
7201 175.855957 451.087524
7240 220.256927 416.108185
3109 268.122192 162.859451
3109 268.122192 162.859451
12 258.723175 154.714355
7932 88.826797 96.784966
7862 52.821468 93.545807
7484 595.917480 54.258713
7651 592.212708 41.602562
7974 197.511810 353.814575
7485 599.522888 216.073608
7485 599.522888 216.073608
245 608.834839 209.084595
8110 285.764740 197.046173
1614 178.560806 218.992035
7384 438.374908 127.171516
7902 448.567932 98.277176
167 420.523010 97.996460
2267 158.435272 133.584396
2967 114.143066 154.949478
7897 510.047058 213.322540
7454 142.614273 73.251091
7453 134.453247 72.131149
34 377.543274 162.824982
7474 363.270660 156.869766
7983 288.650757 92.935272
7983 288.650757 92.935272
180 440.972229 150.514587
180 440.972229 150.514587
1464 425.109375 210.423019
7496 362.820465 67.616989
37 607.477051 166.974899
193 369.459778 212.539078
2626 146.874481 127.869705
7441 418.849060 28.731279
406 603.266174 287.626892
7271 274.182617 380.240417
8077 427.706543 434.845856
7340 470.285156 75.075584
7340 470.285156 75.075584
7442 482.817993 65.422012
479 434.929382 176.715500
7437 99.530716 57.428684
3409 77.168816 64.558731
333 336.806671 118.512375
7500 531.750244 44.753048
7387 516.307068 36.322441
7249 476.603912 406.233093
7226 133.627365 432.919861
7960 34.223873 396.099915
1976 136.185669 221.108047
1976 136.185669 221.108047
1575 292.415314 308.019745
274 266.665588 306.504883
274 266.665588 306.504883
274 266.665588 306.504883
274 266.665588 306.504883
274 266.665588 306.504883
467 201.875809 344.436218
311 479.608032 171.523560
7205 223.714478 447.241150
7205 223.714478 447.241150
7513 174.423676 438.619751
7513 174.423676 438.619751
7237 219.319931 416.335724
7237 219.319931 416.335724
7687 189.784561 414.744690
298 594.398499 57.897007
7485 598.354187 215.834900
7485 598.354187 215.834900
7844 217.734268 392.463043
559 197.737762 352.875610
7988 289.721893 162.029205
3109 265.502258 164.994171
3109 265.502258 164.994171
357 216.462341 128.991959
244 229.450867 95.467453
2233 208.429932 94.288261
7392 485.999756 114.196907
2789 249.294601 75.907852
7290 287.469116 37.050343
7309 260.912048 223.341400
7864 363.524231 67.389977
7302 289.916016 122.771179
7295 288.654175 92.243584
1832 452.066864 216.509491
1612 425.337128 209.238586
3291 69.640251 158.223785
2254 146.650330 126.940155
3158 124.331429 127.116463
2627 114.401970 150.978058
7475 90.861771 110.521561
7464 78.418312 82.648773
7732 462.181183 106.993385
180 440.266052 150.039352
180 440.266052 150.039352
8048 362.555817 156.396744
7324 516.227905 287.520874
7555 77.576805 286.132751
7555 77.576805 286.132751
7937 372.432404 97.833862
7358 158.045593 58.814789
7598 173.240158 45.372616
8037 362.555847 156.396759
7616 178.266113 48.686417
7628 198.484344 40.240299
8003 486.701477 58.761219
439 483.265503 43.706123
7218 96.504448 437.166718
8071 46.543713 440.175049
7513 174.143112 438.901154
7513 174.143112 438.901154
8076 133.627411 433.768097
274 266.383759 307.361084
274 266.383759 307.361084
274 266.383759 307.361084
274 266.383759 307.361084
274 266.383759 307.361084
8112 268.028534 286.755310
361 589.345276 94.458588
361 589.345276 94.458588
866 198.859406 352.884888
7244 189.225906 415.304077
7244 189.225906 415.304077
7244 189.225906 415.304077
1448 222.038483 235.195724
7291 287.746979 38.153511
420 466.327393 218.295929
368 326.567474 38.094528
1976 135.080124 220.267273
1976 135.080124 220.267273
3950 131.866852 199.994415
3548 46.379322 230.761978
2237 113.842300 151.261978
1164 261.198059 223.054153
326 596.390564 149.867798
1475 367.922852 209.243866
1360 290.487701 183.551376
8105 276.921967 158.149902
652 589.254822 84.428291
7361 535.484314 64.007607
7815 591.844299 41.365120
1958 456.992096 118.639099
415 404.826080 123.099358
1980 401.210907 98.048767
7467 105.531181 141.230560
2958 98.904121 126.150146
2557 144.398438 94.018105
2673 120.943825 85.782112
1470 425.902802 209.526672
1750 439.011414 163.791092
7398 362.399902 126.123802
2297 218.514084 63.416096
3058 196.657776 63.579090
3614 65.846252 61.084320
7348 470.007355 75.351585
8075 316.371490 432.729706
7250 477.443176 406.792084
7250 477.443176 406.792084
7722 516.505188 288.086029
7722 516.505188 288.086029
1732 378.564606 102.197029
3190 141.564331 61.237682
7296 290.925507 90.130936
1864 378.317047 62.382126
7620 388.350586 44.540737
1964 469.483765 93.037033
567 230.021255 94.574310
7402 540.102295 115.660339
361 590.341614 93.797844
361 590.341614 93.797844
7499 538.022888 103.569923
7263 217.392014 391.898468
7263 217.392014 391.898468
563 586.901245 210.787735
7244 189.218277 413.953979
7244 189.218277 413.953979
7244 189.218277 413.953979
2045 292.436127 224.005310
1160 261.543610 222.022385
3439 148.396454 220.536621
1982 134.422836 218.578171
481 441.880524 148.991577
579 428.259399 207.834717
515 414.043427 209.797577
1640 455.742188 126.993843
582 401.134003 126.410759
3557 79.056114 71.608421
3411 75.121605 63.634430
7597 392.536102 68.430290
7368 416.667786 46.682968
443 471.348480 75.027931
650 519.596985 45.196701
541 483.271515 45.042858
405 258.427704 88.340714
2286 195.990463 62.917542
274 273.918915 306.704224
274 273.918915 306.704224
274 273.918915 306.704224
274 273.918915 306.704224
274 273.918915 306.704224
3044 48.058834 231.093246
2415 116.738487 168.063583
7250 478.121826 405.774963
7250 478.121826 405.774963
7448 423.476593 90.599594
726 291.223358 211.623779
1518 476.549225 69.456718
7364 488.565399 55.094254
675 581.263062 212.789841
599 429.470886 207.023666
600 426.930878 192.285645
620 545.046509 205.341888
571 533.078918 215.008789
2124 163.335724 62.328701
7792 173.055008 55.058475
2240 114.456406 149.509674
7573 547.098206 142.300949
7772 537.229004 105.981125
8054 463.425781 214.603607
7276 215.642685 376.499359
7286 200.831741 347.140411
595 441.068634 148.578842
595 441.068634 148.578842
7244 189.225143 415.169067
7244 189.225143 415.169067
7244 189.225143 415.169067
7263 215.784210 393.503601
7263 215.784210 393.503601
7299 289.440155 56.750095
2962 83.350746 91.662773
3047 76.306137 65.222946
2659 90.512520 110.948341
1993 130.832977 217.378738
3196 138.038300 214.903076
645 291.592255 121.291893
8108 291.650421 109.277946
7480 452.300903 62.085167
636 448.944672 216.968384
7406 438.090881 97.936234
7799 175.349060 74.273590
7253 477.315582 405.373474
614 420.244843 212.376724
2287 118.173080 169.346497
2381 112.531403 149.038345
2675 80.936928 91.193443
8016 532.245056 76.507195
8017 535.098572 64.943420
595 443.000854 148.115860
595 443.000854 148.115860
2244 98.180145 125.898643
629 462.833344 104.915359
691 553.253357 210.242599
606 573.480896 201.587341
7292 290.352356 72.474487
7303 290.289734 86.789673
686 544.205872 143.252289
7427 75.345474 65.232353
2257 89.569687 105.637024
1497 468.494720 90.544327
7895 414.427429 221.217545
730 443.607574 215.463776
8042 363.795105 127.095383
1992 123.841133 183.862305
133 266.015808 304.368835
133 266.015808 304.368835
7251 474.885590 406.359131
713 428.834656 187.111374
7285 198.887024 346.343536
7285 198.887024 346.343536
7502 560.735352 202.114029
8019 432.494965 208.320801
704 476.475037 72.725624
680 543.393799 202.028168
8057 109.055939 149.641571
2648 98.763367 125.315346
7376 150.097305 219.323425
2126 129.527771 194.900757
274 268.974762 304.380188
274 268.974762 304.380188
274 268.974762 304.380188
274 268.974762 304.380188
274 268.974762 304.380188
7256 477.216644 405.763275
7256 477.216644 405.763275
