633
0.187 0.0418 -0.233 -0.00419 -0.102 -0.00701 0.995 
96 173.517715 96.827187
7382 161.135971 64.051483
1972 200.435776 226.368698
7431 480.548798 216.679779
46 419.197327 102.031609
3434 40.136436 161.753006
1590 334.929138 159.718002
949 238.562317 227.195801
949 238.562317 227.195801
233 263.174530 91.171021
233 263.174530 91.171021
8583 466.446899 46.509953
7336 494.621582 35.032665
8688 263.069580 104.643478
8688 263.069580 104.643478
7482 580.078491 219.124130
102 587.785828 200.610641
2071 422.706848 157.340469
250 455.533997 131.436081
1505 409.308441 194.518097
5 592.915833 81.099327
2163 175.586899 359.323914
7266 188.605240 413.175354
7266 188.605240 413.175354
128 167.892990 370.037323
275 264.245544 294.854736
266 182.239594 339.770477
912 184.012970 314.232391
1244 540.458008 245.381378
7953 467.231354 424.891846
8329 327.958160 455.582672
398 171.837936 62.634552
8618 353.828796 174.492767
211 382.796692 71.168175
368 305.277039 38.847801
180 422.279846 153.823227
180 422.279846 153.823227
7433 400.908417 131.433502
7983 265.278351 70.039108
769 266.486450 64.279106
8347 265.320923 63.135525
6 595.746643 151.732758
7432 476.150604 40.565777
499 266.971802 158.169510
989 263.440643 155.849472
949 238.169724 226.998825
949 238.169724 226.998825
8139 319.208557 216.054520
1520 309.630096 211.284409
945 264.338531 199.517242
945 264.338531 199.517242
3291 39.552067 162.340088
2967 87.386528 153.936279
2115 140.703613 169.937195
2231 139.864136 132.589615
3149 33.400059 233.716476
3266 42.887711 193.876678
2506 99.974953 193.622864
94 216.168579 64.634750
8685 264.286102 36.674347
243 208.513290 129.546692
8688 266.042603 125.481361
8688 266.042603 125.481361
8689 266.276550 95.378448
3406 47.509705 65.914482
7451 115.823334 62.917442
7932 60.880177 98.116249
2626 121.284515 130.400803
37 586.488342 169.216080
7438 479.969116 216.676346
245 588.999695 212.519791
8596 363.288116 160.393616
105 459.746063 161.246857
7346 434.933716 132.950684
376 371.749634 188.765701
1464 406.275818 213.881317
299 584.368103 47.144726
67 363.130310 129.988785
8374 381.824219 101.129120
7340 450.716461 78.622414
7340 450.716461 78.622414
360 174.229065 359.509949
7266 188.607468 413.566040
7266 188.607468 413.566040
341 167.310318 370.033508
8677 133.518417 368.691376
272 242.836578 254.417572
133 243.022125 317.558777
133 243.022125 317.558777
133 243.022125 317.558777
850 500.932434 293.440308
8708 254.681213 252.021866
8523 155.907425 441.646301
7249 466.448761 425.286285
7340 450.720459 79.085175
7340 450.720459 79.085175
7588 48.076027 71.881531
3409 48.182331 66.359840
1595 354.011566 159.178467
1857 324.010071 159.124344
444 498.137207 47.392006
439 464.504486 47.233753
439 464.504486 47.233753
7387 495.305023 40.413837
12 239.964935 169.434677
8203 466.686066 424.581329
7392 465.230347 130.729202
274 243.960190 316.377930
274 243.960190 316.377930
274 243.960190 316.377930
274 243.960190 316.377930
274 243.960190 316.377930
8675 163.022614 394.894379
123 146.072372 362.395172
2233 194.597198 76.367638
7911 528.106934 145.305099
7309 238.172440 226.284424
8709 235.478851 200.639404
2753 34.330193 234.181488
3188 42.889771 193.408798
8234 268.062714 217.591614
945 263.866211 199.044678
945 263.866211 199.044678
1614 144.501877 222.477371
1976 111.181892 225.452744
1976 111.181892 225.452744
2267 139.631805 132.591583
1475 345.565460 216.067078
367 314.150726 68.696289
8686 264.986359 37.131985
95 208.051620 129.086609
95 208.051620 129.086609
244 207.001160 97.080185
7453 98.008904 79.747559
298 572.358032 61.736656
2627 86.454109 153.940887
233 254.608658 113.278656
233 254.608658 113.278656
378 422.132874 162.492828
180 422.033142 152.650452
180 422.033142 152.650452
1612 406.982361 213.409271
7802 435.840332 130.400223
8142 450.757233 83.250412
1372 500.932983 293.204468
7241 156.141678 441.411102
583 391.092224 101.291801
7654 362.270050 101.102882
8490 385.975098 96.262947
7358 132.834778 58.935127
2124 142.935425 55.543465
7620 377.228058 46.479271
439 463.101746 46.948326
439 463.101746 46.948326
8617 594.719421 151.540970
326 574.549561 151.449753
3109 242.813797 166.869781
361 570.962280 102.719833
1976 110.070213 225.457443
1976 110.070213 225.457443
467 173.716156 359.459290
467 173.716156 359.459290
1451 383.388306 217.880478
7881 324.864960 207.456299
2237 87.017731 153.097260
8687 264.131439 39.898979
1285 234.769867 124.887505
2255 192.629303 132.054047
2789 233.404709 93.210869
7339 465.506653 130.452896
7467 65.345963 119.597610
3303 100.771477 87.554047
2958 57.112610 99.541580
563 576.517456 218.844986
485 588.251160 212.142136
2269 120.686562 129.379135
2285 151.095306 95.643372
2557 117.532753 95.854416
481 422.041870 153.493088
481 422.041870 153.493088
7732 445.074402 103.477196
465 592.527466 79.458435
7815 570.511841 45.912094
2878 104.292885 55.728394
8477 432.711945 218.105820
374 397.049652 214.503815
1470 407.263031 212.840057
443 451.555939 78.537033
7361 515.321899 67.266121
7500 511.877777 48.843426
3190 116.012665 62.358650
587 257.720642 250.585220
7244 155.579697 442.258240
1160 237.315536 228.288025
7250 465.557892 425.430878
533 396.441956 44.580399
2240 86.687004 152.089935
2528 165.773361 59.107311
8353 262.328369 108.267357
8353 262.328369 108.267357
7296 268.546814 92.251907
585 584.692444 164.280701
7790 131.533356 49.237381
7364 469.222870 58.995380
8624 483.271515 45.042858
541 463.112549 48.950199
2248 194.387756 246.898407
558 325.554749 207.456299
7263 187.195923 413.942566
7263 187.195923 413.942566
1980 382.617767 100.229156
1982 108.405190 224.788528
645 261.947388 154.538620
866 168.736664 367.205811
866 168.736664 367.205811
8034 417.836121 173.054321
481 423.723907 152.836441
481 423.723907 152.836441
3411 47.316139 66.047157
579 409.978210 211.827454
1964 449.354980 94.848106
7406 411.027618 100.467781
405 234.104202 90.543060
567 205.771667 96.814850
3863 151.433212 95.306252
3280 119.214005 95.510361
8003 469.261444 65.002098
635 161.602203 81.187065
2553 117.296730 75.413063
274 245.255646 314.790314
274 245.255646 314.790314
274 245.255646 314.790314
274 245.255646 314.790314
274 245.255646 314.790314
599 409.978210 211.827454
515 395.273682 214.221619
8637 576.133911 144.864868
620 525.838196 207.669479
8222 252.522720 114.354034
1518 452.432587 78.877708
1993 106.803696 224.795288
1993 106.803696 224.795288
670 563.527344 53.085518
866 169.536606 366.399445
866 169.536606 366.399445
467 171.919159 361.544495
467 171.919159 361.544495
1750 417.041748 175.081100
1838 428.889435 143.602509
595 421.701233 153.219955
595 421.701233 153.219955
2381 85.478401 152.095856
1958 438.322021 119.570717
726 268.956787 216.638336
8148 75.860550 140.036911
2659 56.762642 101.485573
7792 148.853760 55.181767
7573 527.811829 144.597214
636 429.542419 219.319504
7292 267.455780 73.547829
8132 459.651184 74.137527
8531 177.103729 417.538727
8174 345.838531 214.072174
2962 54.428684 94.282791
7263 186.798172 415.155640
7263 186.798172 415.155640
274 244.443481 315.606079
274 244.443481 315.606079
274 244.443481 315.606079
274 244.443481 315.606079
274 244.443481 315.606079
730 423.217987 221.258316
133 242.486740 316.086914
133 242.486740 316.086914
133 242.486740 316.086914
133 239.532242 313.116974
133 239.532242 313.116974
133 239.532242 313.116974
2244 66.281982 120.250458
2257 63.416477 114.468094
681 567.732361 213.221680
606 553.239807 207.326294
595 422.679260 153.715393
595 422.679260 153.715393
1993 103.451569 221.890259
1993 103.451569 221.890259
680 524.395447 207.174469
2286 179.729553 70.397041
8108 266.858521 89.792816
8228 269.419891 138.801331
8057 86.445297 152.091125
2126 109.258728 213.108124
674 573.551453 219.076553
7895 396.787842 224.109787
8016 511.926544 79.302040
629 439.770020 119.105125
7328 498.655365 295.030762
7502 546.876038 205.545609
7376 122.461166 222.973511
2287 81.217598 153.278610
8697 269.560028 120.272522
8019 414.966888 211.756165
8405 404.354492 204.604553
8699 269.136719 179.704880
1992 94.986870 181.127396
704 455.602234 76.024986
274 247.773315 314.935669
274 247.773315 314.935669
274 247.773315 314.935669
274 247.773315 314.935669
274 247.773315 314.935669
