63
0.0226 -0.0344 0.248 0.000554 -0.203 -0.0256 0.979 
77 381.266724 131.656311
67 508.780945 126.151497
2115 262.143768 171.138977
2853 231.088760 229.406128
2428 224.171997 203.322540
96 310.263672 91.900070
1590 461.669403 159.707001
1464 556.820190 224.895309
95 317.098755 128.535248
12 395.341003 168.833511
12 392.958832 166.461929
12 393.926361 169.293411
12 396.742310 166.773972
12 399.445923 164.764526
989 428.486359 149.599625
80 379.759247 206.222916
897 427.896820 189.733978
897 432.005768 190.358292
46 579.097473 91.034676
26 329.902283 52.612480
2917 392.446228 105.834854
2899 314.191345 441.015747
269 269.763031 437.401550
269 270.235168 437.636688
2448 114.476357 440.466278
2070 97.948364 276.739716
2070 98.530182 275.759674
2070 98.529526 276.229706
982 319.084106 405.118256
982 318.096893 404.923157
982 318.333221 404.223846
2936 389.351074 362.955353
872 328.947052 428.411560
2725 429.955353 250.859360
2840 393.427155 343.295074
2840 393.997040 340.614532
107 581.741760 151.668594
2070 97.948364 276.739716
2070 98.530182 275.759674
2070 98.529526 276.229706
2163 313.399567 436.358337
2696 269.961792 437.985291
2090 320.000427 246.000549
2489 137.700912 345.392151
1427 158.361969 310.208099
1427 158.369217 311.905823
293 290.234528 171.567429
2231 260.898773 129.786423
2231 261.288452 130.171005
2908 329.705658 404.225983
1972 314.406067 232.811874
13 370.650970 167.687180
201 380.878967 132.429626
1612 557.591675 224.116501
2128 380.157410 206.621292
882 392.585083 122.059052
2005 484.712708 125.348816
12 395.341003 168.833511
12 392.958832 166.461929
12 393.926361 169.293411
12 396.742310 166.773972
12 399.445923 164.764526
1843 442.195770 155.595230
244 332.516327 90.773773
244 331.667419 91.049515
90 519.194946 88.402794
2840 393.427155 343.295074
2840 393.997040 340.614532
1747 364.075684 121.115074
234 519.592102 125.653564
2557 242.136078 91.190361
405 363.612244 86.717743
982 319.084106 405.118256
982 318.096893 404.923157
982 318.333221 404.223846
2931 145.190216 373.436218
1808 136.925217 345.193146
499 432.184326 155.284622
123 270.524872 439.316772
123 270.505005 434.616333
2790 279.711182 226.871780
367 453.343719 55.505791
1907 392.059143 51.659397
1907 392.424164 49.865597
272 392.844208 283.577271
272 393.699615 283.288574
272 395.758240 279.844574
2068 98.250923 276.230133
1467 345.577576 226.112198
372 369.732941 166.308365
1752 527.250488 231.037903
193 488.335815 220.968811
1627 505.287689 193.324265
2231 260.898773 129.786423
2231 261.288452 130.171005
220 482.593353 194.085373
187 517.055664 157.829727
1708 483.674988 160.327545
1976 229.682449 227.745728
2235 221.416214 195.061951
461 437.180450 124.833122
461 436.903137 125.109009
461 437.572510 124.781700
51 397.147186 105.874634
86 451.988312 90.205582
180 581.272705 151.199341
211 534.606140 55.914471
308 343.755646 53.546162
214 553.143860 125.857178
2627 209.200302 151.459824
1505 567.925354 192.528336
357 316.330841 129.381622
244 332.516327 90.773773
244 331.667419 91.049515
189 308.533020 54.923355
1706 522.911560 248.665039
1427 158.361969 310.208099
1427 158.369217 311.905823
2892 159.762695 51.563499
2752 380.860535 91.242607
503 368.993378 89.510246
488 309.323029 54.315681
356 393.434326 339.767578
266 318.324707 394.422943
360 312.691254 436.357544
360 309.232422 434.732635
269 269.763031 437.401550
269 270.235168 437.636688
1975 239.543243 242.011276
133 390.528503 363.730927
133 393.812073 367.467102
133 391.004791 363.257568
133 391.558685 365.227844
133 390.528503 363.730927
133 393.812073 367.467102
133 391.004791 363.257568
133 391.558685 365.227844
384 429.342010 219.797104
384 431.970276 218.347885
946 390.284882 235.090637
946 387.545319 234.396301
946 387.955231 233.984283
272 392.844208 283.577271
272 393.699615 283.288574
272 395.758240 279.844574
2070 97.948364 276.739716
2070 98.530182 275.759674
2070 98.529526 276.229706
1164 386.880890 247.135880
1448 319.680573 245.376755
1448 321.408417 244.685562
1907 392.059143 51.659397
1907 392.424164 49.865597
2149 261.526154 129.936325
376 527.885925 193.294388
2237 209.194107 152.020981
2782 209.031525 167.199661
1470 558.101807 223.837067
461 437.180450 124.833122
461 436.903137 125.109009
461 437.572510 124.781700
232 447.981934 86.001999
2191 391.922546 99.357376
437 441.729370 155.668167
12 395.341003 168.833511
12 392.958832 166.461929
12 393.926361 169.293411
12 396.742310 166.773972
12 399.445923 164.764526
12 395.341003 168.833511
12 392.958832 166.461929
12 393.926361 169.293411
12 396.742310 166.773972
12 399.445923 164.764526
2507 508.160004 250.750397
1817 158.361984 310.208130
2924 158.725250 376.557220
1511 535.779602 55.306721
2773 343.002014 54.316589
2137 321.091278 51.922073
1221 387.920105 221.605927
268 323.162445 390.781433
268 323.503632 388.425415
133 390.528503 363.730927
133 393.812073 367.467102
133 391.004791 363.257568
133 391.558685 365.227844
1617 369.333435 146.309891
2285 264.499939 90.287880
1138 392.690613 89.667374
1978 446.968872 48.858589
1451 521.137695 227.130371
12 395.341003 168.833511
12 392.958832 166.461929
12 393.926361 169.293411
12 396.742310 166.773972
12 399.445923 164.764526
1285 391.200684 154.556503
946 390.284882 235.090637
946 387.545319 234.396301
946 387.955231 233.984283
461 437.180450 124.833122
461 436.903137 125.109009
461 437.572510 124.781700
1146 388.860687 118.277214
2240 209.205276 151.010971
502 362.770355 118.902733
2408 314.678650 94.374008
481 582.621887 152.158401
2121 242.198853 90.469460
636 588.986023 229.016327
1445 561.371338 205.285248
1471 521.819885 89.403618
2665 286.932800 74.237610
567 330.851501 90.053627
2529 274.894440 46.479527
423 502.247925 120.764084
2006 483.878418 125.619743
426 508.728333 90.666756
1482 475.165588 90.415543
445 380.587524 43.180206
2155 487.571960 89.179901
555 465.164398 54.967018
1448 319.680573 245.376755
1448 321.408417 244.685562
1990 239.385666 241.462051
360 312.691254 436.357544
360 309.232422 434.732635
2822 158.723709 376.275421
2124 262.708710 54.489639
2257 185.164230 110.728447
2472 433.448944 117.110352
2187 417.661011 154.797226
2673 216.413971 81.126549
2421 245.683670 59.367950
2878 221.486603 52.356750
2462 318.588348 396.496643
558 460.997955 212.138458
596 424.616577 209.450439
946 390.284882 235.090637
946 387.545319 234.396301
946 387.955231 233.984283
896 435.952545 124.362083
2087 447.635284 83.633316
1216 390.621704 84.338905
1966 502.135345 145.595795
2864 554.261658 125.403648
1982 226.808746 226.273193
2118 350.105774 120.050102
2096 220.121048 192.316391
2381 208.398071 151.019913
490 346.267517 226.055511
627 375.542389 209.201584
2103 308.917328 54.316364
579 561.979431 222.434097
1876 557.118469 212.690445
2125 431.733246 184.984375
1222 387.753571 187.098969
274 393.270447 363.862396
274 392.447693 364.680328
274 393.430176 364.381104
2269 272.326080 132.255051
2136 207.756607 165.591614
1993 221.863968 224.241180
2244 190.866440 119.334923
599 561.977600 221.947861
599 564.283508 219.623367
525 573.235901 62.778858
2111 242.355103 230.081940
2111 244.121567 229.482971
384 429.342010 219.797104
384 431.970276 218.347885
1141 389.868896 81.227196
2039 414.491333 277.575928
479 571.469055 183.619339
2639 182.405411 96.901871
274 393.270447 363.862396
274 392.447693 364.680328
274 393.430176 364.381104
1160 385.509796 246.376526
515 544.655212 224.795914
600 561.897095 202.993668
2688 433.848724 153.347931
2109 199.348969 138.345367
2648 193.668076 127.980873
614 553.327209 227.750473
599 561.977600 221.947861
599 564.283508 219.623367
727 543.494019 223.038971
1159 385.000488 235.960510
1161 387.918396 221.111267
706 436.927246 124.854881
2111 242.355103 230.081940
2111 244.121567 229.482971
2889 233.557739 227.150314
2645 219.536102 222.479004
2287 202.712692 148.757675
274 393.270447 363.862396
274 392.447693 364.680328
274 393.430176 364.381104
2675 176.716003 84.837982
2779 143.692352 236.345963
2954 98.112610 272.158691
