641
0.236 -0.00231 -0.108 -0.0112 -0.0608 -0.0044 0.998 
8715 238.403183 125.152214
86 250.433304 94.157814
67 302.284546 127.599838
8718 302.387756 96.724129
7336 432.308319 32.836601
9165 196.200241 152.812027
7474 282.379822 157.875336
8234 197.560593 218.488831
8234 197.560593 218.488831
945 194.773361 199.799164
945 194.773361 199.799164
1520 246.507385 211.294952
2626 39.441822 123.878189
9158 161.654709 121.137642
96 134.736618 91.313423
2233 123.131325 80.714523
8919 357.795563 173.523117
1464 345.960236 213.081696
118 490.767731 44.690296
5 526.935425 80.686813
7392 405.727203 123.146729
9129 78.390663 398.282837
9131 52.135357 389.457153
245 522.752686 209.871567
9091 391.071777 80.433502
7441 334.580322 28.487106
214 339.432220 128.738205
234 321.645050 127.561996
25 83.463600 40.004089
7454 71.888535 44.781990
1612 346.757202 212.485962
7497 415.422546 44.876255
8583 403.726166 44.811951
7432 414.216034 37.947136
8408 311.097382 66.403435
7496 301.697540 65.275116
8719 244.518234 160.700607
9070 243.406158 153.677704
989 191.953659 150.717285
989 191.953659 150.717285
8826 291.879242 158.023834
945 193.792221 201.183182
945 193.792221 201.183182
12 168.562790 164.997513
769 194.052307 55.543789
368 240.912704 32.168228
9166 195.762970 122.714577
8722 233.472183 91.038612
398 97.220024 54.892075
238 108.866043 54.820103
2231 60.685520 128.388382
51 160.883530 120.757385
8894 357.397888 173.324844
180 362.054260 150.999954
180 362.054260 150.999954
7911 466.550629 144.960648
376 321.614655 187.468933
8142 391.047028 76.977638
7346 374.956024 130.059799
9130 51.748577 389.848114
356 172.745682 308.858673
356 172.745682 308.858673
159 445.117950 294.819397
9125 419.421265 448.924408
3190 51.283344 49.802254
8723 242.445831 220.552887
1595 292.593323 157.785843
298 507.995972 58.586021
1832 425.370331 214.932877
8970 404.172211 219.106583
426 301.366760 96.342941
8978 307.036285 93.559303
8585 71.880745 45.241573
9109 87.238342 33.969467
7983 194.418213 95.816940
8353 190.180603 100.030350
7387 433.622803 38.739105
374 336.940460 213.190659
8771 250.552963 93.887421
327 516.953979 145.220016
8037 311.134247 166.198105
193 292.397583 214.656937
3109 168.567474 164.529419
3109 168.567474 164.529419
3109 161.705521 154.779007
3109 161.705521 154.779007
3439 39.941856 229.942612
9144 193.352005 55.548275
9048 238.981613 125.959816
9159 198.300858 125.010681
188 121.923874 55.916481
189 109.333580 54.585342
9113 63.048180 88.341377
2118 152.290588 119.906631
244 134.351547 90.734283
104 578.775818 224.197372
180 362.527771 150.767990
180 362.527771 150.767990
1752 328.316681 220.357727
7340 390.335144 75.821091
8974 387.648712 93.782410
9094 345.262543 94.945625
250 404.893799 130.074768
360 87.262306 383.479797
123 52.212372 389.144012
852 443.714355 294.825378
274 172.390808 328.670624
274 172.390808 328.670624
274 172.390808 328.670624
272 169.385895 260.628265
272 169.385895 260.628265
423 295.878113 122.743683
7347 348.673615 99.385269
1521 329.973114 97.688293
9105 345.261047 94.392204
3280 51.283348 49.802258
9108 64.480820 44.555244
7654 311.274231 97.701065
7500 449.657837 48.541096
444 436.191284 46.797413
3193 316.424896 52.983593
7620 306.309814 38.110600
8941 301.246338 38.119747
439 402.510132 44.943752
435 517.478027 141.024521
7398 282.235748 126.159218
8953 251.666412 126.394623
9086 271.920227 141.324265
8963 234.473602 153.436874
989 190.726440 152.226257
989 190.726440 152.226257
8234 198.525925 218.215073
8234 198.525925 218.215073
558 262.969543 207.606750
9143 193.353806 55.270493
367 250.512177 63.183144
8725 238.148148 124.852715
9160 194.686920 96.926308
488 109.336655 54.028072
2557 48.926003 87.938011
563 511.352783 215.163757
451 579.900452 225.607971
1470 347.283997 212.630051
7815 505.143646 47.142681
443 390.902069 76.377754
7361 453.142700 66.888855
7917 397.643951 74.766907
9035 387.642456 92.951591
2163 86.418205 384.610840
9132 52.771271 389.708801
9141 99.908417 359.183899
274 171.834534 328.949951
274 171.834534 328.949951
274 171.834534 328.949951
786 188.442383 303.548462
786 188.442383 303.548462
7309 165.018051 228.599274
1982 41.344757 229.093842
286 444.555389 295.106476
9116 195.459915 118.963142
499 197.087967 153.165283
645 191.072861 151.213043
645 191.072861 151.213043
8847 224.035110 86.645477
7368 335.689178 44.384624
2553 59.364792 53.901611
7393 71.376610 45.746380
518 509.559296 57.198658
7597 311.332825 66.219261
7399 297.097076 72.211121
1732 296.985291 102.064598
565 522.631165 206.434052
9147 194.040894 52.932865
2417 250.516708 62.519840
1980 331.673401 98.021774
8003 406.636230 58.573246
541 400.497131 46.592136
274 172.502075 328.614807
274 172.502075 328.614807
274 172.502075 328.614807
481 362.525574 150.318161
465 531.818359 71.359337
559 80.001366 395.467377
8728 239.048004 220.054016
8729 198.537750 216.170181
8735 249.306305 209.728790
517 527.819702 79.381790
8804 364.848785 215.761597
579 350.383362 211.604080
620 466.583740 206.057343
8726 237.813690 124.521507
7302 197.768280 90.893120
7573 465.982361 143.209229
7573 465.982361 143.209229
467 86.082596 383.255157
467 86.082596 383.255157
7303 203.721375 136.556061
8950 211.146469 121.999374
8228 199.022232 124.545044
8108 202.010437 66.869865
9150 197.223145 59.710358
1958 379.889221 116.605042
1497 387.067596 97.468079
7937 301.488251 97.261650
7364 403.779327 54.573589
8766 211.525925 85.964371
7292 194.611404 83.722015
599 350.796753 211.604843
515 335.904388 211.584976
636 385.463531 224.072159
585 515.924194 163.878479
7765 281.612701 150.354492
7376 77.906952 224.909851
9164 178.879669 209.764542
670 498.239136 52.732384
467 84.866096 385.697571
467 84.866096 385.697571
9142 99.437523 358.845154
8105 189.061676 151.235397
95 119.424408 127.709198
95 119.424408 127.709198
9145 182.345352 103.058235
3058 95.663071 53.046780
595 362.935638 150.320206
595 362.935638 150.320206
8784 211.407028 97.957573
582 321.045013 128.438828
8016 449.992249 76.458305
8132 391.777527 75.985809
542 525.545349 163.953339
133 171.691086 327.388062
133 171.691086 327.388062
133 171.691086 327.388062
1498 460.343689 142.501663
8903 266.503296 135.921906
7573 457.219055 122.188591
7573 457.219055 122.188591
7772 454.132050 104.826271
696 524.098206 163.457779
674 510.050964 215.860748
9155 198.560364 227.300446
866 80.002266 394.490967
7285 82.924194 385.699829
680 463.856598 206.771759
7502 478.284973 203.942856
595 363.919830 150.325226
595 363.919830 150.325226
614 337.402069 221.002625
8017 448.004822 70.207176
1518 389.828461 75.494858
8740 245.838806 150.630234
133 172.655304 327.394043
133 172.655304 327.394043
133 172.655304 327.394043
8019 354.656860 207.952148
8915 333.222076 211.484131
726 198.565765 226.121216
713 354.563904 176.046677
1838 365.106873 151.497482
730 368.948364 218.677048
8984 455.896881 107.152870
704 392.746948 75.514931
693 528.758484 76.491348
8830 237.916168 124.022614
