657
0.207 0.00992 -0.0641 -0.00342 -0.0337 0.00125 0.999 
37 510.120819 169.930176
1345 179.792435 28.196764
7930 348.961426 219.059448
8025 321.031891 159.713226
10530 490.366638 125.016304
7483 494.052582 103.731583
102 510.331085 197.272491
2526 262.628326 158.984146
7897 429.092834 223.302902
2369 116.408081 230.675720
7998 401.266388 57.661835
8826 282.374359 158.853943
7591 375.157318 101.661453
8142 379.926514 81.510612
7911 456.657623 145.045166
194 484.394653 213.755966
949 155.916840 229.528641
7414 270.199768 64.257927
8715 227.646484 126.233536
2071 351.769073 152.909836
214 329.946533 129.501129
166 348.622345 100.570160
8718 289.609131 97.736382
9497 605.899841 32.835777
9846 354.314423 36.371429
185 270.844299 114.229004
8408 290.726379 67.034470
9777 405.098480 46.163940
9165 186.363419 165.593826
10478 66.091202 226.956528
51 149.054474 122.223831
10328 395.016968 130.798203
9085 493.700104 47.605175
5 514.307190 83.530014
2163 79.375969 387.491333
2163 79.375969 387.491333
266 93.053978 360.016998
10271 167.221786 432.646484
139 555.095886 391.424744
287 520.234558 294.386200
1244 470.028076 244.206421
9125 414.312378 453.430725
10393 66.092621 226.565933
8347 181.214691 55.623371
8936 225.774887 155.024170
9061 232.551254 183.163010
8164 387.519592 75.802170
8583 392.028778 45.903233
113 590.374756 63.348404
368 229.229324 31.067873
9522 92.618942 433.398041
9567 65.834702 433.314178
193 282.118011 218.502838
7902 344.089508 97.479858
8300 403.772583 52.877781
9409 438.825226 49.633064
7441 322.865234 28.485144
8895 344.372681 219.651093
1464 337.180389 213.668594
9692 441.291046 68.139717
245 512.346924 210.985565
273 236.953217 238.916824
1520 237.055527 212.731430
7592 309.855865 98.626961
9316 289.806519 97.543129
233 183.228760 96.157204
41 319.325043 68.690880
10532 291.120178 66.458351
890 187.134689 165.976151
187 291.874054 159.198547
1595 282.372192 159.245483
8720 232.503204 189.066223
945 183.323730 201.264267
1752 315.612518 218.447067
376 312.032410 204.125168
7624 44.429218 53.411327
25 55.925049 45.119762
188 107.700493 54.826580
2231 47.893654 128.466431
10333 502.559998 145.329010
103 604.238464 227.806137
103 604.238464 227.806137
104 569.230591 226.506363
8050 375.149750 159.284714
180 352.558502 152.131073
180 352.558502 152.131073
7459 368.163086 185.194687
9461 459.005768 208.279236
7651 493.700134 47.605175
361 490.586792 106.800789
7802 368.967499 117.245186
9613 379.317596 78.052711
2163 78.595764 387.492218
2163 78.595764 387.492218
8342 42.489761 393.340942
9302 154.127869 245.062302
133 163.588043 333.563416
133 163.588043 333.563416
133 163.588043 333.563416
133 163.588043 333.563416
356 163.469925 311.174194
2115 49.993237 169.294235
850 436.917603 296.041595
9200 232.531952 222.024658
8839 491.074829 213.915070
298 495.399597 61.313736
8727 342.695160 218.931854
374 329.753418 214.619995
234 291.314697 126.947021
9623 346.694275 100.487335
7347 319.772003 99.073738
180 352.558502 152.131073
180 352.558502 152.131073
10398 284.653290 38.439068
7340 379.077057 77.130379
9034 260.402557 95.191994
9729 271.457123 127.067673
9672 440.822052 67.904953
8585 44.449001 52.727669
9108 61.072731 38.605736
7387 421.015198 41.445057
10372 402.758148 38.582752
1590 266.943054 162.162552
1522 258.649200 135.549606
8730 236.823608 212.020004
7865 283.795105 216.110794
7881 252.433990 209.085022
10495 88.907944 226.950058
10253 150.170273 202.687592
367 238.161133 62.163250
10456 184.355698 122.375679
189 95.360756 54.673519
3179 60.269245 88.366837
9432 502.201172 216.805801
9852 511.885620 211.217834
9701 564.825684 231.180710
1505 345.498840 180.380707
8841 356.817291 147.931015
1612 338.377686 213.191940
9434 488.352905 52.920528
9425 513.717224 82.325272
10339 343.725006 34.245087
9568 64.905617 432.839691
341 70.401970 400.443390
341 70.401970 400.443390
7271 167.378784 432.960327
1448 119.452477 242.336899
133 162.646378 331.438629
133 162.646378 331.438629
133 162.646378 331.438629
133 162.646378 331.438629
12 150.519714 160.495850
10120 558.064331 391.977356
1372 436.682129 296.280029
1470 338.666168 214.338837
438 241.309906 146.632416
426 290.889893 97.768814
8810 285.824829 92.810997
7654 280.709229 97.822258
333 253.586426 101.346260
582 329.993927 129.377045
423 285.659698 122.793678
7398 272.017639 127.900780
9841 309.636993 67.876373
8032 282.036743 159.811218
3193 299.514069 56.321434
8941 284.361969 41.475857
542 510.873322 151.051437
444 424.421753 48.390511
10180 421.007751 40.059669
10535 455.613708 145.445831
9239 46.875340 128.100922
9113 60.552250 87.807251
563 501.377533 218.495850
9324 491.359497 215.047409
10178 512.989563 210.096466
7844 91.450089 433.773651
9342 64.633644 433.680725
341 69.561394 401.572601
341 69.561394 401.572601
2118 147.540588 120.786217
1276 144.443115 87.323723
8725 228.001328 126.632698
7302 184.358749 122.096680
989 187.230194 165.740891
989 187.230194 165.740891
989 180.677246 152.336823
989 180.677246 152.336823
8728 232.244247 223.167572
465 513.717224 82.325279
9144 181.589798 55.343063
326 497.537933 154.293549
7361 441.387024 68.464035
8003 394.178406 61.478672
7500 437.893829 50.135883
443 379.082184 77.959206
439 390.720795 46.541443
9465 457.886353 208.035263
7309 153.345505 230.349274
852 436.116974 296.852325
525 333.689575 76.138527
532 333.678162 64.226326
10350 305.285797 44.399620
1511 311.329468 68.204262
9105 333.706543 92.046928
8953 239.821030 126.509224
9722 246.007431 116.417709
8037 272.141144 158.518661
609 255.947189 140.442657
2520 256.126312 120.333710
2417 238.382538 62.604256
7364 396.521149 58.509163
650 424.760437 48.724995
451 570.843567 226.925064
274 162.474304 330.589905
274 162.474304 330.589905
558 255.454483 207.643066
481 352.273956 152.298859
1146 145.208359 119.465454
565 514.657349 210.444717
636 362.795166 219.883652
579 340.045166 213.652222
726 188.464020 218.273224
726 188.464020 218.273224
3861 48.926006 87.938019
3058 95.258270 53.450336
534 358.189728 100.086243
585 508.327850 165.835251
8490 305.166840 94.062210
9344 167.039291 432.113220
559 69.897415 399.539886
652 491.599365 89.210365
7573 455.945526 145.113464
3109 158.835281 163.671387
587 180.305450 255.110580
10153 436.457611 296.167114
274 164.476913 329.787506
274 164.476913 329.787506
8229 143.859177 84.114563
8726 228.068802 126.631973
10262 239.496414 211.834381
10459 160.037308 163.659698
8955 199.308838 98.080826
599 340.870544 211.589798
515 325.968964 214.057358
596 181.339432 202.412750
679 150.103958 202.642960
1832 392.844208 221.623291
620 456.136383 207.206650
564 518.653259 210.062195
8017 440.249268 69.187263
9643 437.754944 59.585575
8740 235.085251 153.161072
9875 222.922882 153.286591
10503 506.328278 166.222092
1640 365.274841 128.550293
629 367.655945 116.525200
595 353.096863 152.707077
595 353.096863 152.707077
517 517.710083 74.509911
8597 146.025482 117.849976
1160 152.350052 229.471237
8016 437.887115 76.355743
9244 468.198853 207.291840
1518 379.610718 75.907074
7793 95.663071 53.046780
8776 226.268860 61.417171
595 355.058136 150.284470
595 355.058136 150.284470
10546 514.830200 79.317513
606 478.284973 203.942856
7502 466.728607 203.857468
730 355.278595 221.024994
8761 234.755981 90.058113
8913 269.945831 63.990677
681 492.759918 212.831284
8222 167.843765 105.122772
614 328.455505 223.975906
1498 451.678589 145.307632
7772 442.519196 104.705185
8132 381.068481 75.438522
680 452.265961 206.689392
625 562.010742 230.702087
2125 178.934326 151.346680
726 189.910049 218.509995
726 189.910049 218.509995
133 163.997955 330.273132
133 163.997955 330.273132
133 163.997955 330.273132
133 163.997955 330.273132
10474 434.921753 295.271271
689 379.635620 222.272339
8019 347.522034 211.500122
8749 251.914978 127.356544
8754 150.046402 229.872253
7479 140.680740 97.246864
674 502.011047 219.329132
10210 560.851501 230.114120
9453 519.222351 208.896805
10357 329.649231 225.763290
7285 73.603661 388.053375
693 518.300537 76.441780
8637 511.888916 152.894714
8833 144.026855 114.585281
1756 269.738647 96.087273
133 163.987930 328.514801
133 163.987930 328.514801
133 163.987930 328.514801
133 163.987930 328.514801
