65
0.0262 -0.0382 0.263 0.00467 -0.214 -0.0269 0.977 
94 356.331451 59.358303
188 333.821899 60.269863
2853 242.475937 234.133606
1626 566.634521 165.620880
13 382.540161 171.686234
80 391.655914 210.242249
67 521.013733 129.159805
244 344.674866 95.751251
244 344.083557 95.173180
1707 381.259430 130.686264
269 279.222015 446.763855
1441 322.800018 250.800049
2572 330.930389 403.175903
2572 329.943390 402.593384
133 403.058868 372.640778
133 403.397461 373.592163
133 405.447754 371.887268
1384 310.269806 450.717621
1384 308.698669 451.492645
3020 404.533844 296.775879
1637 377.302338 127.749382
86 464.858856 94.960419
938 546.138000 421.650604
1586 333.572693 322.588074
2231 274.228516 135.895081
2231 274.231750 135.428818
2840 405.197327 350.092377
2840 404.808350 349.506104
2070 110.510567 280.645142
2070 109.660690 280.449738
2070 110.273262 279.602722
2369 346.784027 235.215057
2251 251.150085 235.303452
3013 403.610199 241.081924
3013 402.821442 241.279373
95 327.971191 133.381226
244 344.674866 95.751251
244 344.083557 95.173180
1614 283.760101 231.887009
2780 232.432587 198.528458
1590 474.886780 163.747269
360 322.611267 446.144501
2967 221.063461 157.415176
1627 518.052063 198.107407
2657 444.903046 193.770035
1907 404.964508 56.341236
1907 404.254974 55.184769
235 545.993225 95.054832
2979 116.039024 452.246674
2696 280.166687 447.466492
2764 209.049057 165.510498
461 448.709473 128.589996
405 375.780304 91.209724
201 392.706329 136.018982
1747 376.579132 125.651855
2892 172.337845 57.066120
1809 146.854782 350.833466
2840 405.197327 350.092377
2840 404.808350 349.506104
187 531.033813 164.946716
272 406.328308 291.408905
272 405.621216 290.696472
272 405.623199 290.124451
272 408.020294 285.997528
2070 110.510567 280.645142
2070 109.660690 280.449738
2070 110.273262 279.602722
1706 535.655273 254.576477
266 329.706299 402.826721
1612 571.804199 229.798721
1752 541.444458 237.294189
376 540.991699 198.716293
3013 403.610199 241.081924
3013 402.821442 241.279373
227 477.183014 59.821823
367 464.850677 58.634708
2985 338.474884 437.755371
2163 322.847412 446.843353
982 329.938843 411.917511
2267 284.151978 138.164780
2254 254.994995 133.065430
2557 253.629532 96.355278
220 496.528015 198.425110
2874 284.475189 232.843124
41 545.142273 62.937984
214 568.569641 130.129715
234 532.658081 130.405899
90 532.437622 91.962944
2627 220.365768 156.954132
1521 517.124084 90.717514
232 460.618835 90.286118
2997 406.005402 64.873474
189 321.211060 60.420666
3018 405.112885 299.749695
1817 168.411514 315.350037
1427 168.523819 316.113251
1427 168.135727 315.914673
1427 168.135727 315.914673
1975 250.893631 245.429749
2266 251.128296 247.245163
939 540.275940 421.646210
1592 392.242767 136.947556
2068 109.939461 279.602936
2045 446.648529 255.089828
2234 514.285217 159.489395
1575 435.549255 375.016571
1575 435.898346 373.662415
133 403.058868 372.640778
133 403.397461 373.592163
133 405.447754 371.887268
356 405.290283 348.182434
1976 240.981522 233.422684
12 408.690491 173.651825
946 402.820038 240.563110
946 402.251190 240.275482
357 328.287872 133.847427
567 343.906494 96.049149
1164 399.879242 252.999817
1470 573.198975 228.959610
2859 175.516891 165.862976
2237 220.927872 156.948227
445 394.429657 46.560196
2987 329.638611 428.710907
268 333.974274 400.024323
268 333.406189 399.184814
1978 459.100159 52.929882
1482 489.616699 93.207886
2526 485.095459 163.148727
2231 274.228516 135.895081
2231 274.231750 135.428818
167 582.382568 95.243248
1427 168.523819 316.113251
1427 168.135727 315.914673
1427 168.135727 315.914673
2753 168.039291 237.937500
2006 497.973206 129.443619
460 463.815613 129.093658
946 402.820038 240.563110
946 402.251190 240.275482
2633 240.663788 80.912865
2553 252.455276 74.446335
2240 221.265167 156.944672
488 321.492645 61.247303
488 321.087708 59.064869
488 321.492645 61.247303
488 321.087708 59.064869
2104 321.091278 51.922073
2421 257.792358 64.063606
2529 287.023743 52.390652
446 382.327515 54.453041
2255 343.997437 130.070724
2269 284.549561 138.218536
1979 304.491364 92.736229
2121 252.693298 95.166016
2121 252.202499 95.649010
555 477.290558 59.043255
1475 499.754028 226.965622
1471 535.955933 93.498299
2864 568.805847 130.310028
1448 333.434631 251.320740
133 403.058868 372.640778
133 403.397461 373.592163
133 405.447754 371.887268
1982 239.000946 232.399033
786 428.781158 342.431427
274 404.632935 371.893585
274 405.121857 371.889832
274 407.472595 371.287567
2124 274.834839 59.195969
2121 252.693298 95.166016
2121 252.202499 95.649010
635 316.695251 66.688469
2286 307.930939 60.985775
2111 251.667145 234.011230
2111 251.178406 233.022705
1993 233.546814 230.112183
1966 513.398926 149.324707
582 544.614136 130.190308
525 590.025818 65.778481
1876 570.652954 219.065277
515 559.107605 227.772675
515 557.368408 226.598572
579 574.869446 226.939896
614 564.904480 230.712631
1146 401.115082 124.402473
2070 110.510567 280.645142
2070 109.660690 280.449738
2070 110.273262 279.602722
1216 401.577515 85.618858
2087 459.752777 86.142143
1160 396.847443 253.824295
3024 329.665710 370.208832
1992 232.242661 199.581284
2472 445.612366 122.059921
2962 193.950836 101.979370
2791 403.574615 170.896149
583 558.955627 94.007675
2836 405.923645 300.412628
2139 387.337494 131.114197
1990 251.233139 246.805435
1575 435.549255 375.016571
1575 435.898346 373.662415
2381 218.041214 155.765106
2381 216.587524 155.586548
2381 218.041214 155.765106
2381 216.587524 155.586548
1759 382.610291 127.217690
1739 382.376434 96.093399
274 404.632935 371.893585
274 405.121857 371.889832
274 407.472595 371.287567
274 404.632935 371.893585
274 405.121857 371.889832
274 407.472595 371.287567
2111 251.667145 234.011230
2111 251.178406 233.022705
1835 373.138977 233.954025
1574 408.281250 342.589600
2954 108.494942 279.165192
384 444.581909 233.539352
384 444.578186 232.513992
384 444.127228 221.854660
2675 191.108826 96.240974
2675 192.843277 96.800476
2039 429.123627 283.463867
3009 443.740753 256.812592
2257 199.597351 116.349228
514 559.167175 245.291275
2462 329.649597 402.546906
2462 328.420746 403.756409
2779 156.914337 240.407150
2415 222.679520 177.624176
1159 400.270111 238.964874
1285 402.239838 157.891220
599 573.584167 227.826538
896 448.580566 127.878365
1094 448.693237 82.875237
948 399.778748 238.963867
1161 400.908173 222.345673
706 449.161102 127.884880
718 462.657043 86.456085
2393 470.182037 142.030075
1461 459.525787 121.057205
2675 191.108826 96.240974
2675 192.843277 96.800476
2645 233.548920 229.519730
1141 401.565704 84.183922
