672
0.116 0.0233 -0.202 0.00313 -0.272 -0.026 0.962 
11718 268.294128 139.436569
11638 284.946686 44.072212
2967 282.358124 161.791672
3430 178.481583 84.222900
8585 329.912476 74.434547
9034 529.936279 97.188515
7449 258.194397 76.993851
3606 196.189453 153.786163
3469 164.610611 226.540405
9095 301.027130 229.029404
2506 290.147003 194.258408
4853 79.949051 165.459625
4388 27.197170 232.960297
9030 290.549469 106.394104
4015 300.439056 91.734558
95 377.371033 137.454193
11549 445.745117 159.925522
11349 418.351013 233.171463
945 447.537567 207.608871
10586 418.230743 207.415756
3608 417.848877 58.731571
10999 309.837708 106.711266
9625 339.382538 104.396034
7451 299.514465 74.666382
7259 176.890228 410.180237
11530 131.073425 406.115509
11524 142.796722 419.857697
3777 104.765724 250.291000
2163 348.789246 370.006439
2163 347.799286 369.813538
123 319.056213 370.036713
273 494.185791 247.220139
272 421.727295 265.151917
272 422.670105 263.482941
11361 423.138611 311.538727
11545 420.639313 36.632355
11545 418.898621 39.125130
11545 418.886780 36.816116
11545 419.590546 37.281456
7862 229.783691 108.807793
7464 250.998138 96.654823
3409 249.961273 80.512299
2627 281.177429 160.661987
10582 453.222534 97.165398
10582 452.275574 95.766144
8715 491.976105 131.240952
4452 167.027679 163.842972
11717 268.687927 139.433609
3548 222.832916 236.573151
3934 187.812088 227.414505
9073 285.343323 183.288086
4399 48.962524 143.225357
4255 93.517815 139.896271
8025 583.735474 162.581223
1520 496.966919 218.738312
2231 328.963654 140.185547
11859 451.279510 133.134384
11178 452.111023 224.797424
11178 450.705353 223.605881
949 416.972565 232.015884
10253 416.860626 208.000595
8408 576.528503 62.011299
11500 417.904907 66.420067
3179 330.915527 105.347420
11694 418.192963 99.130173
244 392.820282 103.717796
2068 189.673492 267.892609
2068 190.293335 266.312256
4159 194.503647 244.962738
1427 238.570557 292.775513
2163 348.789246 370.006439
2163 347.799286 369.813538
7691 359.514923 411.857361
272 421.727295 265.151917
272 422.670105 263.482941
10733 417.010101 248.460785
133 420.975830 330.499573
133 422.050598 330.242157
133 420.095306 330.746521
133 421.864594 328.968658
356 422.524628 309.169678
9141 356.910004 347.890778
9341 424.238342 425.120880
232 501.204102 94.800400
8847 484.309723 79.352371
10582 453.222534 97.165398
10582 452.275574 95.766144
9695 541.541870 44.809467
4733 70.041252 84.103439
11545 420.639313 36.632355
11545 418.898621 39.125130
11545 418.886780 36.816116
11545 419.590546 37.281456
7271 424.236053 425.510529
1475 543.054504 222.085358
3109 422.240997 173.772446
8105 435.660614 165.445175
8105 435.994110 165.110764
11649 127.999084 417.372955
11649 126.874863 418.503021
223 353.961395 228.037369
2068 189.673492 267.892609
2068 190.293335 266.312256
8728 492.544830 229.478592
499 445.704437 160.487198
341 341.833679 380.378998
341 341.123810 378.974976
360 346.850189 369.111633
360 347.131805 370.519592
360 346.105682 370.184143
360 345.695831 369.779510
7266 357.082916 433.994629
1976 299.552216 227.554825
1595 550.314575 163.198837
7302 454.032898 129.208191
7302 453.746918 128.646561
7302 452.895386 124.550941
3878 72.522881 139.996170
4053 48.723644 144.315475
4256 82.041290 200.265793
4148 179.136749 84.835495
3568 134.214020 111.674599
3373 156.504929 227.364975
3380 94.487915 225.521210
3190 307.929840 74.498589
3378 187.813004 227.217300
3592 231.250580 138.331741
4174 189.584442 154.482605
7393 339.313751 66.401642
4078 69.868385 110.625031
10398 559.546631 33.881741
274 420.261322 331.686829
274 420.689423 331.069061
274 422.059357 329.016296
2236 371.435303 244.822525
4257 78.078201 149.776703
4257 71.964127 139.718658
4257 78.078201 149.776703
4257 71.964127 139.718658
3954 183.401871 76.458893
3452 178.027344 83.732201
8725 492.296539 130.731628
10618 524.004883 117.576759
3557 250.348801 84.751640
3861 335.770905 110.004135
7958 356.612183 433.530060
7958 357.176361 434.367065
3385 156.970978 226.655579
4463 165.025833 226.900223
645 446.026215 159.141724
645 443.622528 160.734787
11647 139.249100 424.443542
559 341.979065 378.973328
360 346.850189 369.111633
360 347.131805 370.519592
360 346.105682 370.184143
360 345.695831 369.779510
367 507.578613 65.221207
11689 451.834900 36.051651
1276 417.247162 98.196037
11545 420.639313 36.632355
11545 418.898621 39.125130
11545 418.886780 36.816116
11545 419.590546 37.281456
3951 236.354202 134.922440
582 586.541992 127.974220
1574 424.233337 306.483124
1574 424.644135 305.660553
11770 423.065948 424.816223
8157 386.769470 52.090034
7598 349.913544 60.285107
3295 186.421768 224.413589
3925 166.850800 163.592102
8953 506.005768 129.515244
8726 491.551239 129.785370
9841 575.701965 62.603973
7597 576.024536 61.607922
1477 582.726135 55.708595
2124 329.620544 74.149384
2659 262.195740 124.294685
7960 175.720688 410.166473
8735 500.711182 218.492188
726 451.272339 225.030273
726 450.586823 222.297577
726 451.391113 221.892471
558 516.679138 214.516464
11649 127.999084 417.372955
11649 126.874863 418.503021
8272 293.726135 201.732803
8032 556.391113 147.999634
2006 540.181885 129.761917
2381 280.318115 161.513046
11605 258.548065 114.635002
3047 248.358704 80.451256
11336 419.315674 38.388435
2520 518.058655 129.613129
2520 511.951569 119.502251
8490 570.232300 91.650681
1482 540.673645 95.868423
7399 558.829956 69.884712
7302 454.032898 129.208191
7302 453.746918 128.646561
7302 452.895386 124.550941
7983 453.389893 95.221146
274 420.261322 331.686829
274 420.689423 331.069061
274 422.059357 329.016296
11396 423.342773 425.656097
11843 355.540222 412.569824
11750 311.257263 106.014725
9048 500.241821 157.683319
3890 70.627808 138.044357
7302 454.032898 129.208191
7302 453.746918 128.646561
7302 452.895386 124.550941
3442 159.546600 229.439301
7479 416.557709 126.563156
11739 457.305847 82.919403
7937 563.807556 96.445595
3462 180.107224 83.848343
11215 492.047180 131.239044
700 529.274902 62.024521
726 451.272339 225.030273
726 450.586823 222.297577
726 451.391113 221.892471
3897 68.775330 106.226501
679 414.841248 206.931000
11528 166.962662 409.787292
11528 164.953568 412.619110
11840 126.132370 417.417664
2244 269.405365 140.737274
2962 257.899414 112.865334
7427 247.950500 80.852913
11504 418.676636 44.700764
11504 415.893646 52.258900
3899 101.968712 232.114456
7618 338.149231 66.216148
426 564.206848 95.642632
4220 78.224136 152.130188
9254 465.572205 105.023094
11260 583.784729 47.776520
274 420.261322 331.686829
274 420.689423 331.069061
274 422.059357 329.016296
7376 304.589935 229.944473
8105 435.660614 165.445175
8105 435.994110 165.110764
8740 498.047852 154.513672
3894 167.251724 163.588058
1982 296.566803 226.065506
3761 189.034988 153.658401
11394 177.068329 410.240967
11394 176.093323 409.263031
11504 418.676636 44.700764
11504 415.893646 52.258900
1738 413.331757 95.775566
1738 413.887787 92.905884
10884 343.225189 372.218628
10884 343.818085 371.633423
360 346.850189 369.111633
360 347.131805 370.519592
360 346.105682 370.184143
360 345.695831 369.779510
7292 452.335876 66.882858
11862 450.887238 67.351715
8754 414.480896 236.031479
1160 414.964386 234.056305
3561 187.336884 86.187935
8950 471.830231 133.928635
645 446.026215 159.141724
645 443.622528 160.734787
11818 442.577545 162.667282
11448 410.727814 127.467987
1461 509.300568 119.803329
609 522.179871 139.040222
8749 515.179871 131.443405
3559 190.477615 154.127197
11236 465.945129 125.177032
8761 500.390594 90.798904
3202 198.589142 221.405823
3299 183.598129 226.879562
8835 471.213898 67.497993
8776 506.043488 64.812218
11724 250.239075 97.581734
11622 534.724365 89.066772
8913 540.894104 62.077862
1738 413.331757 95.775566
1738 413.887787 92.905884
11851 322.511963 369.316833
11189 429.361481 330.188934
133 420.975830 330.499573
133 422.050598 330.242157
133 420.095306 330.746521
133 421.864594 328.968658
11744 468.324219 229.336838
3196 307.576691 223.984344
11528 166.962662 409.787292
11528 164.953568 412.619110
4606 80.259361 242.406845
8770 511.975891 87.981186
10685 500.943268 86.755165
8777 501.182098 117.998695
8822 487.047760 90.122551
3404 150.062103 226.354980
8166 252.177551 98.523109
8823 456.686218 180.333847
8830 490.896271 131.807449
8108 455.724396 89.851212
8783 462.688232 89.915382
11867 417.698608 124.068771
11624 501.527710 156.290115
1993 292.684082 224.004868
2287 278.100555 162.054016
133 420.975830 330.499573
133 422.050598 330.242157
133 420.095306 330.746521
133 421.864594 328.968658
