672
0.11 0.0247 -0.207 0.00398 -0.289 -0.0265 0.957 
230 516.563110 130.097260
3372 191.283936 158.712708
34 583.735474 162.581223
11603 365.921661 230.050766
8718 599.787476 93.731194
24 382.795502 70.976379
9108 343.611694 60.283375
188 392.637482 80.636780
274 429.841217 334.175293
274 429.841217 334.175293
4167 190.750854 154.235992
7393 339.313751 66.401642
3791 329.912476 74.434547
3406 258.194397 76.993851
7496 576.528503 62.011299
3409 249.961273 80.512299
2237 281.172119 161.602264
1590 550.314575 163.198837
1752 608.934998 234.854599
11178 452.111023 224.797424
7654 582.602173 93.384270
25 360.489441 72.205925
10582 453.222534 97.165398
341 341.833679 380.378998
341 341.833679 380.378998
3878 72.522881 139.996170
2068 190.293335 266.312256
3551 261.573120 124.355583
3385 156.970978 226.655579
1976 299.552216 227.554825
9239 326.864807 139.445358
133 420.975830 330.499573
133 420.975830 330.499573
8112 422.524628 309.169678
9816 514.685486 215.464325
8728 492.544830 229.478592
567 391.782501 81.360329
2285 329.693878 104.614792
3568 134.214020 111.674599
11800 456.297943 76.355064
11795 451.834900 36.051651
4148 179.136749 84.835495
341 341.123810 378.974976
341 341.123810 378.974976
360 346.850189 369.111633
360 346.850189 369.111633
11647 139.249100 424.443542
11771 127.999084 417.372955
4404 94.487915 225.521210
8847 484.309723 79.352371
11808 452.275574 95.766144
11770 423.065948 424.816223
9715 532.254028 139.733383
3162 345.150940 46.381752
3452 178.027344 83.732201
7628 370.484772 48.107990
8029 228.623230 61.678982
11574 328.304779 176.666779
3863 340.185822 104.351440
7844 357.176361 434.367065
8105 435.660614 165.445175
11816 445.704437 160.487198
7960 175.720688 410.166473
11649 126.874863 418.503021
360 347.131805 370.519592
360 347.131805 370.519592
4124 190.014862 267.734833
3569 195.061722 245.530762
11605 258.548065 114.635002
3557 250.348801 84.751640
2381 280.318115 161.513046
11023 569.230530 92.650726
2118 416.727875 129.914230
11810 453.389893 95.221146
3193 565.557495 49.176212
8725 492.296539 130.731628
274 420.689423 331.069061
274 420.689423 331.069061
11396 423.342773 425.656097
8730 514.683960 215.182281
3047 248.358704 80.451256
426 564.206848 95.642632
3925 166.850800 163.592102
8953 506.005768 129.515244
10618 524.004883 117.576759
1980 587.980713 61.762291
11260 583.784729 47.776520
7598 349.913544 60.285107
726 450.586823 222.297577
726 450.586823 222.297577
726 450.586823 222.297577
726 450.586823 222.297577
1448 416.181824 232.413452
3887 92.372833 224.854156
9048 500.241821 157.683319
3295 186.421768 224.413589
8217 321.442383 368.180084
596 464.705139 228.503021
558 516.679138 214.516464
11528 166.962662 409.787292
1982 296.566803 226.065506
11750 311.257263 106.014725
367 507.578613 65.221207
11812 463.318390 78.968712
7810 309.285950 74.164764
11804 455.742188 126.993843
11801 457.305847 82.919403
582 586.541992 127.974220
2006 540.181885 129.761917
7358 329.620544 74.149384
8032 556.391113 147.999634
3890 70.627808 138.044357
726 489.966431 229.433228
726 489.966431 229.433228
726 489.966431 229.433228
726 489.966431 229.433228
11744 468.324219 229.336838
3899 101.968712 232.114456
7427 247.950500 80.852913
423 556.579590 103.658493
3462 180.107224 83.848343
3442 159.546600 229.439301
10597 451.453522 236.638550
10597 451.453522 236.638550
726 451.391113 221.892471
726 451.391113 221.892471
726 451.391113 221.892471
726 451.391113 221.892471
7399 558.829956 69.884712
1477 582.726135 55.708595
1864 570.760498 55.556343
3468 190.821213 229.299896
3299 183.598129 226.879562
8726 491.551239 129.785370
8272 293.726135 201.732803
11772 164.953568 412.619110
11394 177.068329 410.240967
11814 452.895386 124.550941
7479 416.557709 126.563156
7292 452.335876 66.882858
679 414.841248 206.931000
8810 558.920776 86.765289
3403 174.882690 124.810280
3894 167.251724 163.588058
3761 189.034988 153.658401
8148 269.398193 141.705688
11817 454.351196 125.049309
11657 164.477753 415.052246
3202 198.589142 221.405823
1461 509.300568 119.803329
11215 492.047180 131.239044
2954 166.771866 224.513245
10884 343.225189 372.218628
8166 252.177551 98.523109
3196 307.576691 223.984344
1993 292.684082 224.004868
8770 511.975891 87.981186
8776 506.043488 64.812218
11797 456.740265 73.154541
8913 540.894104 62.077862
700 529.274902 62.024521
8754 414.480896 236.031479
9636 521.031799 140.192368
4605 80.320427 224.900742
2962 257.899414 112.865334
11774 167.337250 403.379974
1738 413.331757 95.775566
11806 450.887238 67.351715
133 420.095306 330.746521
133 420.095306 330.746521
726 432.080444 262.730804
726 432.080444 262.730804
726 432.080444 262.730804
726 432.080444 262.730804
2287 278.100555 162.054016
8740 498.047852 154.513672
4606 80.259361 242.406845
8783 462.688232 89.915382
11805 455.724396 89.851212
11448 410.727814 127.467987
8823 456.686218 180.333847
3404 150.062103 226.354980
11788 343.818085 371.633423
10685 500.943268 86.755165
8822 487.047760 90.122551
11624 501.527710 156.290115
11020 484.205841 156.121643
8777 501.182098 117.998695
8228 463.041687 124.566658
11815 455.896881 107.152870
8108 462.821655 103.760826
609 522.179871 139.040222
11460 413.887787 92.905884
11818 442.577545 162.667282
11823 470.927399 229.740662
