673
0.108 0.0234 -0.21 0.0043 -0.284 -0.0279 0.959 
11718 280.526337 137.408585
11638 298.620514 44.989735
2967 295.232086 161.731491
3430 193.035141 86.026009
8585 342.661072 74.642479
9034 544.524719 97.260834
7449 268.143250 80.572403
3606 209.788544 154.610413
3469 178.135056 226.475143
9095 313.008087 231.015411
2506 300.111725 187.304489
4853 95.473633 166.355301
4388 42.730499 232.899994
9030 303.337524 107.306709
4015 312.225677 93.817055
95 391.155670 138.532043
11549 460.709869 160.671921
11349 431.092285 234.204803
945 461.135620 207.703705
10586 430.966766 208.484100
3608 426.697205 69.372124
10999 324.020966 107.271950
9625 363.314667 90.057281
7451 322.066071 75.583633
7259 190.526352 408.304321
11530 145.689575 404.184113
11524 151.583618 422.813385
3777 114.419075 249.286377
2163 359.683014 368.990997
2163 359.683014 368.990997
123 332.934601 370.035919
273 508.642944 246.273499
272 435.042816 265.935425
272 435.042816 265.935425
11361 434.878113 312.456512
11545 432.924072 39.197853
11545 432.924072 39.197853
11545 432.924072 39.197853
11545 432.924072 39.197853
7862 243.840240 109.439903
7464 265.074768 98.850616
3409 262.845612 82.720192
2627 294.241791 161.539429
10582 467.211548 97.301117
10582 467.211548 97.301117
8715 505.919434 131.369141
4452 180.172241 164.878143
11717 280.126984 138.188660
3548 235.776550 237.727875
3934 200.626648 227.157852
9073 300.111176 187.502167
4399 53.622349 142.421799
4255 107.255219 140.986908
8025 588.798035 163.382339
1520 510.079071 219.201569
2231 341.833893 141.566483
11859 464.094543 133.277847
11178 463.757721 224.854980
11178 463.757721 224.854980
949 429.914581 233.011810
10253 430.964264 208.089172
8408 579.995850 62.051128
11500 430.759125 65.748360
3179 333.477631 106.698257
11694 431.122009 105.046219
244 395.952209 103.551285
2068 202.888260 267.508270
2068 202.888260 267.508270
4159 208.741470 247.308197
1427 252.368851 292.627930
2163 359.679840 369.773651
2163 359.679840 369.773651
7691 371.330933 411.809357
272 434.652527 265.142548
272 434.652527 265.142548
10733 429.952301 248.478638
133 434.358215 331.582733
133 434.358215 331.582733
133 434.358215 331.582733
133 434.358215 331.582733
356 434.493073 311.471558
9141 375.230438 346.157623
9341 435.972900 425.441803
232 516.589111 94.901871
8847 497.041626 98.952682
10582 466.266144 95.900970
10582 466.266144 95.900970
9695 563.759583 38.081474
4733 84.005623 82.613861
11545 432.220551 38.731903
11545 432.220551 38.731903
11545 432.220551 38.731903
11545 432.220551 38.731903
7271 435.742310 424.741150
1475 556.424316 222.704514
3109 434.915924 175.303970
8105 458.569214 160.063736
8105 458.569214 160.063736
11649 142.049423 415.974213
11649 142.049423 415.974213
223 369.976410 227.586990
2068 202.887299 266.320648
2068 202.887299 266.320648
8728 506.427338 229.539474
499 465.551849 160.138626
341 352.518585 380.351196
341 352.518585 380.351196
360 359.682709 369.069275
360 359.682709 369.069275
360 359.682709 369.069275
360 359.682709 369.069275
7266 369.352722 433.490082
1976 312.489777 228.979492
1595 553.335693 162.280792
7302 463.864319 133.508194
7302 463.864319 133.508194
7302 463.864319 133.508194
3878 87.914879 141.324768
4053 65.496964 145.631073
4256 97.387032 200.193558
4148 193.112167 86.102486
3568 166.308197 112.800041
3373 169.462677 229.428986
3380 108.402367 225.464478
3190 311.316498 75.595474
3378 200.163193 226.448975
3592 244.480438 139.876526
4174 203.566254 154.328018
7393 362.087616 60.488724
4078 85.254402 111.946396
10398 574.786743 36.876171
274 433.652740 331.824188
274 433.652740 331.824188
274 433.652740 331.824188
2236 394.292236 244.848923
4257 93.737762 151.381424
4257 93.737762 151.381424
4257 93.790344 141.295303
4257 93.790344 141.295303
3954 199.821930 86.873825
3452 191.440796 85.284065
8725 505.682587 130.854462
10618 530.703918 115.941971
3557 263.852692 86.308273
3861 321.478790 87.731323
7958 369.066711 434.329987
7958 369.066711 434.329987
3385 170.030533 226.876328
4463 178.380966 226.836365
645 459.134155 160.631622
645 459.134155 160.631622
11647 150.492233 423.611145
559 353.947418 378.941071
360 357.397186 370.486816
360 357.397186 370.486816
360 357.397186 370.486816
360 357.397186 370.486816
367 520.351135 63.940754
11689 464.742371 38.613312
1276 429.883820 98.320259
11545 432.780060 38.457378
11545 432.780060 38.457378
11545 432.780060 38.457378
11545 432.780060 38.457378
3951 244.762711 139.873810
582 577.813049 129.611893
1574 434.357941 310.524475
1574 434.357941 310.524475
11770 435.174347 425.586823
8157 378.317047 62.382126
7598 362.087067 60.323257
3295 198.493607 224.353027
3925 180.893509 163.447174
8953 520.068176 129.628296
8726 506.023102 131.528488
9841 591.945984 61.825855
7597 580.018799 61.653900
1477 569.842712 45.571331
2124 343.853882 74.168365
2659 274.424072 124.201820
7960 189.182159 407.878876
8735 512.703369 218.556931
726 466.694855 224.425095
726 466.694855 224.425095
726 466.694855 224.425095
558 530.675964 214.590973
11649 140.697479 413.769958
11649 140.697479 413.769958
8272 302.834259 191.026840
8032 576.614624 162.225952
2006 554.334900 139.919952
2381 294.693451 160.427765
11605 282.491486 140.246948
3047 262.543457 80.344673
11336 430.795319 44.769680
2520 532.132141 129.712296
2520 532.132141 129.712296
8490 586.316223 91.757126
1482 556.139038 95.604492
7399 586.074463 67.719749
7302 469.827393 127.148636
7302 469.827393 127.148636
7302 469.827393 127.148636
7983 467.469940 93.018745
274 434.222076 330.969635
274 434.222076 330.969635
274 434.222076 330.969635
11396 435.520081 424.237061
11843 368.393494 432.654755
11750 323.510681 106.000549
9048 514.271423 157.806885
3890 86.745941 139.985962
7302 469.699677 115.094780
7302 469.699677 115.094780
7302 469.699677 115.094780
3442 171.534607 234.284424
7479 428.373535 95.440491
11739 469.487396 93.437737
7937 554.285645 130.241302
3462 194.611404 83.722015
11215 506.009216 129.917862
700 549.093140 57.785965
726 465.891388 224.421036
726 465.891388 224.421036
726 465.891388 224.421036
3897 92.802452 137.536255
679 429.554626 221.781479
11528 179.506332 412.685608
11528 179.506332 412.685608
11840 140.699402 414.989594
2244 281.670593 140.655273
2962 269.641571 109.411018
7427 262.540619 80.742775
11504 430.504150 61.928371
11504 430.504150 61.928371
3899 116.378067 232.059677
7618 352.772278 66.248428
426 578.313416 96.523621
4220 90.237579 166.606186
9254 479.450470 124.837601
11260 573.159485 55.582973
274 434.228058 330.153107
274 434.228058 330.153107
274 434.228058 330.153107
7376 323.482574 231.425308
8105 448.514679 165.646500
8105 448.514679 165.646500
8740 513.459534 156.588959
3894 179.287369 163.464050
1982 306.083771 226.467392
3761 203.503967 155.923096
11394 189.182159 407.878876
11394 189.182159 407.878876
11504 427.592590 61.428535
11504 427.592590 61.428535
1738 425.316193 127.620300
1738 425.316193 127.620300
10884 355.030762 378.019684
10884 355.030762 378.019684
360 355.051514 372.185089
360 355.051514 372.185089
360 355.051514 372.185089
360 355.051514 372.185089
7292 468.374237 76.126617
11862 465.407227 67.457825
8754 429.123871 236.074280
1160 423.265411 233.095062
3561 199.896530 87.512978
8950 486.293182 134.080322
645 468.841400 125.208344
645 468.841400 125.208344
11818 448.451660 116.311737
11448 428.165985 121.867699
1461 526.490601 88.060913
609 535.517700 143.198303
8749 529.650330 131.549423
3559 202.073990 153.998810
11236 477.324219 105.057442
8761 514.895020 90.892075
3202 210.214035 221.344681
3299 195.673584 224.367065
8835 485.712921 64.704109
8776 520.570557 64.879227
11724 269.638031 109.891014
11622 555.580139 96.889999
8913 555.400818 62.157505
1738 427.893372 95.915367
1738 427.893372 95.915367
11851 331.393005 369.315277
11189 449.254181 333.467651
133 434.879608 304.130005
133 434.879608 304.130005
133 434.879608 304.130005
133 434.879608 304.130005
11744 463.962555 224.411316
3196 304.596130 223.987503
11528 179.018692 412.196716
11528 179.018692 412.196716
4606 98.238449 226.581879
8770 528.808105 86.914291
10685 518.354797 86.860062
8777 515.077576 118.109573
8822 500.966675 90.224648
3404 163.881516 226.288773
8166 269.638031 109.891014
8823 470.579529 180.466553
8830 505.052979 163.301254
8108 469.649719 89.977699
8783 476.941345 124.715218
11867 427.865021 93.038002
11624 515.382568 156.411194
1993 304.594147 225.774048
2287 290.528229 158.480087
133 435.890747 328.867096
133 435.890747 328.867096
133 435.890747 328.867096
133 435.890747 328.867096
