686
0.0153 0.0271 -0.236 0.00127 -0.439 -0.0472 0.897 
12333 162.165787 53.408577
12339 450.113190 76.303848
3795 441.341187 74.303574
3870 296.105194 197.211334
12323 110.709343 146.800140
12336 530.621521 172.426880
2967 480.042664 156.977997
3739 329.972015 169.526581
11154 428.668304 167.173981
3601 428.338470 135.983597
3606 393.229218 151.208801
7451 502.544250 66.034401
4015 501.683777 85.391762
96 586.069458 91.085953
4468 328.950653 114.988007
3430 378.965820 84.384064
7862 428.013763 105.979088
12293 284.647614 425.421417
12278 50.693771 446.920563
12274 83.347237 452.161316
4100 205.513763 331.103729
266 560.919250 359.059540
7259 369.425873 398.208588
11977 333.889435 406.088348
4187 151.048584 243.301651
12337 534.039917 134.107452
3409 449.529633 76.298965
4817 54.509773 204.359024
12342 192.001602 47.221485
4199 183.117416 239.070084
3291 437.625732 165.465393
3385 352.755463 221.814941
3149 427.171509 232.209427
11006 537.554321 62.319889
7624 550.133301 52.711502
12264 210.188766 330.351746
7209 366.467773 451.448822
2068 382.886749 262.068848
11650 335.390045 405.620544
11650 335.784607 408.585297
9239 532.497986 134.416183
4463 359.929382 220.871628
4148 379.120300 84.039452
3759 330.019958 169.864777
7960 368.090576 397.125183
7960 369.224792 397.400085
4078 282.634460 114.923775
3899 305.302063 226.111954
4256 289.584198 196.082077
12206 478.059265 156.061325
8585 538.135193 61.741451
4711 88.349144 227.233612
4174 386.702179 152.327728
4257 288.918030 151.327499
12353 132.842285 57.261749
12332 111.894630 143.291687
7844 560.899902 427.309692
3887 288.658478 219.537842
7960 368.090576 397.125183
7960 369.224792 397.400085
3925 364.291412 161.479980
3044 415.845459 233.441467
3896 231.239090 173.071014
4369 183.863922 167.462952
8480 501.864685 65.527580
4196 170.830521 235.092346
4727 299.330902 111.045219
4211 140.140793 208.393356
3452 379.123871 84.592430
2557 513.806946 97.397087
2659 462.079895 123.714958
12363 158.835281 163.671387
3295 379.289093 221.990738
3295 376.075653 221.073639
2381 477.369995 156.244873
12366 365.459778 162.501770
4234 169.994980 235.379013
360 545.252808 380.824341
12359 288.318390 217.818604
4055 245.162033 222.084290
3897 282.660675 112.125343
3863 549.272217 93.963058
4243 283.920105 179.625839
3890 282.144409 141.257751
4589 43.037483 225.713852
12327 128.918900 147.791245
4717 156.505234 202.191208
4065 164.707077 178.183212
4235 284.405212 164.539459
4220 288.979431 152.744873
12290 84.847214 427.194305
3295 379.289093 221.990738
3295 376.075653 221.073639
11528 357.906067 398.375732
11653 335.784607 408.585297
4214 288.791656 196.814957
3462 382.075775 80.696907
559 540.804504 389.366486
3047 449.172089 74.852615
1982 489.943756 224.542358
2287 477.271698 156.049973
12329 112.695129 122.917831
3468 390.364502 216.670670
12375 376.068604 218.697495
12372 157.633331 163.683014
1993 488.206116 222.773178
12328 126.643723 130.075821
12330 127.115334 131.522400
11650 335.390045 405.620544
11650 335.784607 408.585297
11912 368.517548 396.007172
12376 364.201385 221.042999
12377 307.576691 223.984344
4605 278.821381 221.557205
4241 140.851395 227.569321
4221 140.478836 207.579315
3559 387.516174 153.393494
3559 389.854675 151.662949
3196 504.340149 224.613342
12309 543.603882 388.048798
3404 347.532928 218.633148
12322 129.895706 146.009216
4242 132.574326 172.149323
3559 387.516174 153.393494
3559 389.854675 151.662949
3403 363.979309 162.006714
7285 541.856262 388.634308
