692
-0.0308 0.0225 -0.245 -0.00117 -0.512 -0.0564 0.857 
12323 209.735733 159.487625
12436 232.154755 62.591095
4815 244.961151 155.224884
12464 286.879944 49.812428
3606 487.683624 147.324249
3372 455.847321 159.644257
9031 583.987366 58.833107
12339 551.196106 68.199158
7464 548.327026 77.875877
4468 420.271515 111.691498
12274 181.876236 435.626190
12384 192.570892 424.916809
4100 296.124573 325.718506
12218 434.191864 399.718140
7209 456.384216 456.238922
11977 422.390472 408.576050
12435 231.378128 62.212399
12434 219.673096 64.607887
4191 233.569901 204.444717
4473 319.215515 201.736160
4576 126.680603 186.433197
11154 535.201233 163.105377
2967 581.746887 152.836624
3149 522.859131 232.196014
2506 591.251709 191.456833
3918 372.885559 178.119980
4495 326.393463 167.363571
3878 372.653076 139.367096
4053 357.263977 141.618759
3567 418.897278 167.862152
3380 387.337128 218.562363
4077 332.392700 222.033707
4463 449.759796 221.231964
3611 530.226501 114.075180
3430 472.879242 78.803703
4015 596.382690 81.913376
12280 196.880173 427.672974
11649 413.828583 401.041565
12325 224.672150 148.486115
4711 187.597565 223.669601
5053 234.037888 204.916000
5094 308.438354 99.091743
12267 507.832153 233.784348
1976 599.802856 228.492844
12334 372.645386 177.646118
4394 331.164368 169.016266
4256 377.004852 193.297256
3385 450.690796 220.763229
12475 531.830261 61.480083
4148 473.116028 79.269157
3409 550.063171 67.147163
12275 181.442551 434.411407
11398 438.803925 389.614990
12397 421.768280 407.996124
2068 473.148865 262.046509
2068 473.148865 262.046509
2068 473.148865 262.046509
12381 180.883835 435.536865
3887 376.532532 217.857605
3623 512.657043 164.524933
4174 480.791321 150.763016
4078 372.516541 111.150063
4733 372.353058 84.551964
12206 581.281433 153.161621
12450 511.439941 233.798386
3569 479.576263 199.707413
4196 262.883911 231.644150
4589 148.389450 221.892578
3452 473.391602 78.714928
12422 211.197174 123.470955
3394 419.911011 111.556473
2068 473.148987 262.614746
2068 473.148987 262.614746
2068 473.148987 262.614746
4232 128.746643 169.996429
12040 413.364990 400.147369
3468 452.580505 218.216614
4369 257.705505 174.886032
12372 251.677322 162.732315
12372 251.677322 162.732315
12359 375.153595 215.791702
4055 333.839539 219.843033
4234 263.572052 230.266403
12457 267.851288 189.116989
4257 372.693237 138.256592
3295 472.695221 220.373260
3295 472.695221 220.373260
3603 536.072693 115.637978
11967 562.274658 113.754410
3047 549.952698 67.425529
4700 234.946045 226.239960
4582 212.578232 236.595139
4236 229.228439 171.057388
12327 225.421356 146.795715
3925 456.079132 157.228561
3295 470.684296 219.545685
3295 470.684296 219.545685
11528 448.232758 400.694489
11528 448.232758 400.694489
12372 256.888000 174.892029
12372 256.888000 174.892029
12371 252.085159 162.728897
4243 370.463654 177.192520
4220 372.845215 162.542221
12483 333.426178 221.496307
4214 365.655090 209.168152
3462 474.200195 79.054962
12322 225.430023 145.988312
4241 234.537094 226.652893
3890 370.239380 138.241257
2381 581.007996 152.151245
11528 457.925568 403.056305
11528 457.925568 403.056305
12375 469.715454 218.560486
12299 425.294189 412.502319
12376 452.340088 218.460678
4242 236.593307 206.434998
12329 211.113953 124.890907
5089 112.170860 207.257736
3897 369.408325 81.100578
4708 149.494965 224.599518
2287 567.346802 128.851791
4065 257.364227 176.845108
12290 181.929642 412.212036
3404 436.056793 218.960159
12424 230.207687 197.631897
3559 484.134827 149.146118
3403 456.472107 159.319397
11912 449.288788 402.435272
