693
-0.0428 0.0273 -0.225 -0.00021 -0.523 -0.0572 0.851 
12339 566.711426 66.361847
12436 245.803146 62.493549
12434 235.056656 65.452087
4381 251.896042 148.333496
3372 470.382080 158.825272
3606 502.192627 147.464783
3380 401.565674 218.222183
4167 480.697723 126.859711
12274 195.541153 433.723022
12280 210.160110 426.962830
12384 206.229965 423.038605
11977 436.075104 409.453552
3795 556.806152 64.165459
12464 299.389008 50.348919
12325 238.746994 149.042267
4815 256.351837 155.906006
4199 288.055115 236.429321
5053 247.727249 204.358215
4576 141.728928 186.321442
4229 297.945984 126.452957
2235 605.219177 182.158371
2967 599.250122 152.917725
3878 386.836914 139.468933
4077 345.573059 222.044189
3430 488.029846 77.753708
9019 600.537781 57.798950
4564 407.533417 86.327339
12385 206.229980 423.038635
11398 452.607025 391.381439
12342 309.952820 48.030655
4712 238.753983 148.340698
4196 276.599213 231.900253
4191 248.197449 204.830444
4589 162.554535 220.969223
4955 126.540497 208.475082
3291 550.542053 162.265259
3149 536.973694 231.076309
3378 488.335815 220.968811
4394 345.471283 169.039490
3567 432.022797 166.816269
4256 391.250671 193.374298
4463 464.667389 220.839310
3452 487.098480 77.979469
3409 566.823792 65.860077
3580 551.765259 130.049332
4078 386.228241 92.387436
5094 322.605804 99.072014
3394 441.216980 109.555725
12275 195.499191 433.058411
11649 426.047546 400.949799
2068 488.456360 262.051971
2068 488.456360 262.051971
12454 269.984711 175.142700
3887 390.232544 217.905701
3623 546.099304 166.446869
12206 598.077759 151.557449
12267 523.096741 233.843201
4234 276.599823 231.613235
4582 225.417145 236.898743
4711 200.178207 223.321167
12327 239.600296 148.332336
4148 488.481140 75.482109
12422 224.665588 123.322052
12350 414.866119 113.174126
2068 488.178650 262.618988
2068 488.178650 262.618988
12040 425.547241 400.055450
12359 389.540649 215.843826
4055 346.260162 219.854309
3925 470.154541 157.380615
12381 195.364090 428.162476
3896 337.924255 172.592377
3890 386.988556 138.359573
3047 566.040222 65.519981
3899 407.994659 224.151932
11967 590.632996 140.090378
4236 243.456818 170.928680
4232 144.763046 169.864899
11528 463.985901 403.827606
12483 345.845276 219.027451
4243 385.233398 177.278152
3462 493.483978 69.562523
12457 293.763275 189.411270
4065 271.626831 174.792801
12372 264.337708 162.632553
12322 240.031296 145.837402
12426 225.640457 126.658203
4241 249.233566 226.598343
12383 196.574921 427.358368
3295 485.115021 219.626892
3295 485.115021 219.626892
11394 472.479034 402.966919
5088 260.162354 200.391205
12366 472.080109 157.158661
12290 196.471466 409.382629
3295 484.148590 218.643433
3295 484.148590 218.643433
3404 452.340088 218.460678
3445 494.510834 79.198830
4221 248.343262 206.366501
3559 497.883698 137.092987
12299 436.973022 412.422485
12427 487.162811 259.787109
12043 463.267517 402.341431
12424 251.296570 204.576828
12329 223.995941 117.236183
12375 484.708374 215.713226
12376 470.854340 215.629028
3403 473.802795 156.013428
