694
-0.0429 0.0271 -0.233 -0.0003 -0.528 -0.0579 0.847 
4576 149.831009 186.256516
5080 198.537766 217.497009
3372 478.127350 158.906570
3373 463.739563 221.307144
3567 439.990570 168.070938
12334 393.038025 177.065155
3380 408.661163 218.650589
12339 575.406921 65.471603
12532 581.466553 97.447227
4564 410.243591 83.658279
12274 202.374466 432.777466
12492 200.391632 426.909760
12499 447.822388 405.470795
12511 159.194138 377.029572
12508 54.069679 385.542511
12434 242.856461 65.394516
12436 251.261261 63.224163
12325 245.793610 150.143921
12425 250.313263 172.406723
12526 231.205750 159.263870
5053 254.827255 204.318649
3606 509.921875 146.561386
3149 544.861572 233.454666
4077 351.559143 222.052246
3430 495.027191 77.799477
3419 537.322876 131.601318
12463 339.726196 78.469200
3568 447.522430 109.855087
12490 209.209244 431.835388
12275 202.763382 432.388794
12275 202.525497 431.684662
12280 217.970154 425.448181
12493 199.223785 427.684753
11530 437.391815 390.328979
2068 495.173279 263.944794
2068 495.172729 262.764221
2068 494.848541 262.622375
2068 496.847717 261.263855
12517 319.022919 324.768127
7259 480.595978 402.927460
12510 159.193039 376.833832
4716 151.844162 201.547729
5050 264.051361 169.240952
12353 250.523453 61.524895
4815 263.440643 155.849472
4711 208.587555 223.278961
4196 282.327087 231.889496
4191 254.448761 204.225662
4463 471.639099 220.877609
12450 545.321838 232.517166
12442 341.904449 173.279556
3918 398.922272 173.571945
3878 393.915649 139.527634
3887 397.064453 217.933136
4256 398.355042 193.418213
4148 495.495209 78.034668
3409 573.788879 65.919380
12143 587.383972 113.199516
12534 580.992310 96.071426
4078 393.681366 112.790558
12275 202.763382 432.388794
12275 202.525497 431.684662
12495 217.965927 424.746429
11471 450.529236 400.205811
12512 158.725250 376.557220
12515 42.448006 332.734131
12501 477.451630 405.102448
2068 495.173279 263.944794
2068 495.172729 262.764221
2068 494.848541 262.622375
2068 496.847717 261.263855
12381 202.809586 432.248474
4404 405.584747 217.684601
12350 423.300903 113.260666
12533 580.995850 96.629829
3557 576.104675 69.611656
4174 502.488037 147.615326
4243 393.415680 176.926300
4589 170.397095 220.416718
12524 234.000381 211.180878
3452 495.210052 77.196831
12341 286.835632 169.106384
12529 249.714828 189.174301
12327 246.376373 148.267120
12422 233.099152 123.232040
12505 437.111664 390.190704
12509 158.733002 377.966400
12516 42.726021 333.861786
2068 495.173279 263.944794
2068 495.172729 262.764221
2068 494.848541 262.622375
2068 496.847717 261.263855
4232 152.091019 171.147614
12359 395.690491 215.869385
4055 352.465149 219.863434
11528 470.061279 401.764984
11528 470.054169 402.980835
3925 478.185303 157.465271
3930 372.724487 143.098541
3888 398.497040 173.568634
12382 174.101837 425.368378
3890 393.086853 136.395233
12537 582.330200 95.745323
12537 580.727234 96.538757
5070 293.797943 235.033142
12426 231.756073 122.577156
4236 249.570312 170.877335
4236 253.651077 170.844620
11653 445.720612 412.849976
2068 495.173279 263.944794
2068 495.172729 262.764221
2068 494.848541 262.622375
2068 496.847717 261.263855
12519 316.256989 324.631409
12491 203.474792 430.227448
11528 470.061279 401.764984
11528 470.054169 402.980835
3561 503.217438 79.252747
3295 492.319183 219.666870
3295 489.928894 221.608856
4241 256.605774 226.573715
4211 255.464996 205.589020
4582 232.881027 234.476471
12457 288.407623 189.020126
12322 247.326462 148.190887
12483 353.290710 219.038727
3896 343.281677 172.194366
12461 535.563599 234.499146
11650 445.723755 412.364471
12423 249.308441 209.317978
12423 248.327362 209.323135
12423 249.308441 209.317978
12423 248.327362 209.323135
12366 477.861725 157.219513
3295 492.319183 219.666870
3295 489.928894 221.608856
4605 384.960968 221.101242
12290 202.298447 409.421173
12043 470.232178 405.800537
4221 257.181366 206.319580
12375 491.625122 215.754562
3404 456.983765 219.075928
5792 77.930206 111.491508
3559 503.768433 148.756393
12376 477.785278 215.671310
3403 480.739319 156.086075
