696
-0.0506 0.0252 -0.233 -0.00133 -0.54 -0.0596 0.84 
12582 112.239334 118.609215
12437 389.448700 36.486649
12436 276.069855 63.268482
12563 251.694412 56.696629
4381 281.447968 148.112274
5080 220.956116 217.370377
3372 502.290344 158.169540
4178 527.823608 220.857666
3739 463.680573 166.558380
12334 416.048859 177.837997
3380 431.024384 218.365707
3430 520.102295 75.807465
12142 564.134888 130.381592
12342 329.901154 49.741840
12492 221.878998 425.081879
12508 59.904755 370.842651
11530 459.622559 391.720337
11977 465.341339 412.195801
4100 335.962067 324.764771
3777 439.915680 247.106995
12573 139.095779 76.756470
12325 268.223755 148.785065
12323 252.873169 148.909637
12425 272.802246 172.247238
12578 134.270370 103.529144
12434 264.134644 65.443588
12566 274.702240 63.083824
12441 251.306625 56.315228
4196 303.620697 230.423615
4197 294.105652 200.587250
5053 276.205597 204.218185
12576 164.724213 80.078598
3606 535.084412 145.586639
3569 527.436035 220.464310
3149 571.584595 233.550278
4394 375.207489 168.694733
4077 374.257050 222.100571
12339 601.799683 63.558640
12546 520.702209 79.105553
7862 575.634094 95.666031
4564 433.232117 81.936623
12274 225.038818 430.166748
2068 519.468445 263.963013
2068 519.468445 263.963013
2068 519.468445 263.963013
2068 519.468445 263.963013
4955 159.861877 206.853104
12577 106.337219 95.071823
12581 114.373848 155.181458
4191 276.680023 204.692307
3378 518.878296 221.127594
4463 495.281830 221.006119
3878 416.255157 138.574463
12584 374.256409 221.861710
4256 420.998474 193.578171
3409 601.344910 63.548981
3601 575.567932 128.761566
3394 462.210052 109.778381
4078 416.051544 119.031471
12275 226.440857 429.005768
12275 226.440857 429.005768
11471 469.578461 407.677856
12515 70.493874 329.857941
2068 519.005249 263.491455
2068 519.005249 263.491455
2068 519.005249 263.491455
2068 519.005249 263.491455
2068 519.839050 264.340302
2068 519.839050 264.340302
2068 519.839050 264.340302
2068 519.839050 264.340302
12519 335.197083 324.630920
3887 417.472137 216.315521
12501 502.705231 406.695374
4229 321.456268 126.027473
5094 346.974243 99.380081
4243 420.534180 172.062653
4148 520.405212 75.661621
12580 104.092819 95.920883
3930 397.993073 116.351593
4727 433.336761 106.690872
12422 255.085648 123.017632
4589 193.482346 219.947525
12587 134.277512 102.458817
3611 581.081604 111.160065
12327 268.465515 148.081253
4232 175.465942 170.923035
12442 367.773682 173.370438
12588 105.102608 95.580734
4055 375.166260 219.915756
4213 329.695648 213.645172
7960 504.392365 405.675323
11528 494.294403 403.675934
11528 494.294403 403.675934
12461 558.805298 232.960770
12381 223.708008 424.276306
3925 502.227600 155.682907
4174 532.239624 145.838242
12359 418.148773 215.976883
3890 415.446167 136.607819
3295 518.699219 218.588181
3295 518.699219 218.588181
3452 521.748474 75.333107
4220 421.655121 148.773178
3592 582.480835 121.908638
12537 591.945984 61.825855
12426 262.279083 114.270256
5070 317.264435 234.325592
4211 278.049042 205.486923
12589 135.191498 115.522308
12591 139.287170 105.439278
12454 300.821625 172.619629
4236 272.061951 170.714600
12516 69.991608 328.391724
2068 520.837524 263.324005
2068 520.837524 263.324005
2068 520.837524 263.324005
2068 520.837524 263.324005
12483 375.575623 219.091934
12491 223.307343 425.081879
3897 414.224945 136.192551
12328 267.030670 131.087509
4241 278.809204 226.512375
4378 288.783417 199.280411
12371 293.863220 162.463028
12556 520.130737 74.521576
11653 467.561951 415.152496
12366 500.961121 157.447708
4582 277.825867 224.036774
4221 277.881592 206.228165
12322 269.376587 144.612625
3295 515.822388 218.817032
3295 515.822388 218.817032
12596 86.445297 152.091125
4708 195.673584 224.367065
12595 121.701065 64.943848
3559 529.750305 146.062943
11528 492.345184 406.281311
11528 492.345184 406.281311
12290 225.616196 406.677032
3404 481.267975 219.214005
12375 515.825378 219.402054
12329 258.945648 127.294098
5088 290.373199 197.302704
12599 133.654419 107.714409
4065 301.124664 176.031235
3445 525.256104 73.002068
3403 504.991150 156.321640
11912 494.675262 405.688354
