702
-0.109 0.0256 -0.221 -0.000508 -0.617 -0.0682 0.784 
12582 207.284683 117.746628
12670 135.742477 85.493622
4576 264.417755 185.488922
12577 204.585556 97.490593
12665 174.522919 92.951889
12436 365.150604 63.220531
4815 376.549042 161.839081
12666 397.268036 40.361980
12434 354.395599 66.054253
12563 340.670380 57.407288
12745 141.595398 205.095154
12746 185.360596 74.513222
12747 164.681442 108.516739
12766 110.360626 106.969337
3372 606.054504 154.899612
12671 530.738953 225.765030
4498 469.934082 220.553192
12526 342.867767 159.732239
4381 368.561859 148.107208
4199 402.612854 236.106842
4473 450.412872 201.721802
12602 313.188568 424.524384
12631 525.842651 382.601685
12604 503.338867 435.581665
3777 542.383423 243.428955
3417 587.943359 243.573700
12678 135.551468 84.913383
12441 341.648682 57.217445
12578 229.787720 108.421700
12770 163.329483 107.948357
12789 109.776535 107.166534
12771 468.389435 221.332397
4463 596.041199 221.917480
12323 341.874359 159.142319
4191 364.658112 202.992050
3755 561.522827 73.487000
12345 530.178711 105.922150
12638 80.985611 348.656952
12639 136.920670 344.017273
12640 133.425278 341.652435
12495 325.204926 420.070068
12518 422.647888 326.940063
12581 210.540665 157.059387
12767 124.477455 104.755173
12683 110.473763 107.628799
12425 361.195129 170.508606
5382 169.552078 320.167419
12584 463.279327 222.250641
12799 596.898132 201.778458
12685 603.690796 155.509430
4256 513.145386 191.505447
12750 161.426682 184.281326
12695 136.418991 184.487686
12667 133.953705 145.230606
4235 514.374268 170.433151
4495 469.810516 167.207596
3878 509.903839 135.365448
12768 90.975937 86.763504
12793 139.030685 208.400253
4196 391.413696 230.507187
5053 364.181702 203.228561
4589 282.355438 218.979813
12653 341.138611 149.285202
12752 205.376495 117.961296
12777 236.577087 84.314735
12580 204.171982 99.887825
12753 186.222473 73.657303
6186 263.080017 187.098694
4232 266.592285 171.768158
12588 203.049133 100.177345
12792 188.037537 90.318054
3385 588.289185 222.263763
4369 406.935059 166.859695
12381 312.959900 424.345642
12748 141.827316 204.999695
12754 160.312134 184.572662
12701 133.946838 146.070648
4211 364.470825 204.086670
4078 510.520172 107.425171
3888 514.381042 171.275513
4711 317.959991 221.220352
4716 266.422119 200.742126
4236 357.387115 147.933502
12587 229.900558 106.567833
3759 561.175842 164.846176
12515 170.111252 320.453522
12642 498.018555 328.850800
12645 424.113068 325.936218
12372 372.947632 180.881622
12371 370.817535 166.596893
12696 238.204697 84.522011
4213 418.137939 213.924255
11649 550.942261 413.793884
4404 530.723755 224.736038
4055 464.664673 220.328659
12796 160.651611 183.893982
12709 134.952438 145.726349
12711 161.390564 107.268898
12703 121.184273 103.545326
12779 137.405167 85.358437
12589 229.795639 116.581070
12590 205.534576 118.851189
12325 358.404968 146.252960
12491 313.298157 422.669830
3890 510.056152 133.576508
12516 170.434631 318.417786
12519 424.120148 324.913971
12782 114.129700 200.441086
3404 583.718933 222.516861
3899 530.723755 224.736038
12627 581.676880 407.700684
12359 521.091675 217.382324
12483 463.454437 219.504822
4214 513.744995 192.995789
12716 140.463959 210.015472
12715 136.145676 146.926056
12760 160.579178 108.079216
4243 508.812805 175.948898
4220 515.786255 146.924438
4221 365.639374 204.227661
12322 355.478577 133.329803
12322 355.478577 133.329803
12422 343.167542 126.049034
6078 90.616539 89.211983
12722 208.670929 126.846771
12717 233.129822 107.335289
12718 201.702576 100.458092
12322 357.991180 145.442612
12322 357.991180 145.442612
5070 402.713928 234.021179
12383 321.058472 418.250854
4605 510.066620 218.786804
12721 159.131760 108.092125
12785 120.798019 210.129517
5792 202.499084 116.317184
12725 158.412552 183.589294
12596 184.687881 154.190826
12724 136.117050 85.124832
4708 283.771027 221.049332
12761 199.782684 99.036690
12787 196.289124 100.225357
12595 217.459534 72.399895
12727 216.477417 166.084869
4065 390.040710 176.233704
12732 136.827576 145.952606
