702
-0.104 0.0201 -0.23 -0.0018 -0.612 -0.067 0.788 
4576 264.417755 185.488922
12743 213.955017 130.260880
12662 165.872513 82.390388
12464 419.723145 47.208443
12582 207.284683 117.746628
12578 229.787720 108.421700
12663 212.306900 103.200066
12563 340.670380 57.407288
12436 365.150604 63.220531
12434 354.395599 66.054253
12668 148.593796 172.794174
12745 141.595398 205.095154
12765 117.521652 200.357269
12746 185.360596 74.513222
12747 164.681442 108.516739
12766 110.360626 106.969337
12670 135.742477 85.493622
4498 469.934082 220.553192
4463 596.041199 221.917480
4381 368.561859 148.107208
4473 450.412872 201.721802
4732 512.551819 82.551369
12640 133.425278 341.652435
12604 503.338867 435.581665
12495 325.204926 420.070068
12517 425.983185 326.325226
4298 393.139557 325.946625
12677 189.076859 93.783669
12665 174.522919 92.951889
12768 90.975937 86.763504
12577 204.585556 97.490593
12425 361.195129 170.508606
12770 163.329483 107.948357
12767 124.477455 104.755173
12683 110.473763 107.628799
12678 135.551468 84.913383
4053 489.755920 141.706985
4077 463.745789 222.489609
5053 364.181702 203.228561
4199 402.612854 236.106842
12798 455.115570 38.151520
12345 530.178711 105.922150
12638 80.985611 348.656952
12631 525.842651 382.601685
12581 210.540665 157.059387
12342 418.943726 47.203861
12750 161.426682 184.281326
4589 282.355438 218.979813
12695 136.418991 184.487686
12667 133.953705 145.230606
12753 186.222473 73.657303
12751 229.795624 116.581062
3878 509.903839 135.365448
12771 468.389435 221.332397
4256 513.145386 191.505447
4191 364.658112 202.992050
5094 442.473175 95.669060
5382 169.552078 320.167419
12698 192.887833 108.628830
12792 188.037537 90.318054
12587 229.900558 106.567833
12580 204.171982 99.887825
12780 211.179581 155.030411
12381 312.959900 424.345642
12584 463.279327 222.250641
4196 391.413696 230.507187
4369 406.935059 166.859695
3759 561.175842 164.846176
12793 139.030685 208.400253
3568 574.038513 102.176605
12704 158.993744 147.521515
4078 510.520172 107.425171
4211 364.470825 204.086670
12713 153.532455 83.249054
12703 121.184273 103.545326
12777 236.577087 84.314735
12325 358.404968 146.252960
4232 266.592285 171.768158
12752 205.376495 117.961296
3385 588.289185 222.263763
12645 424.113068 325.936218
12706 154.534821 83.911064
12779 137.405167 85.358437
4055 464.664673 220.328659
12491 313.298157 422.669830
12748 141.827316 204.999695
12754 160.312134 184.572662
12701 133.946838 146.070648
3888 514.381042 171.275513
12711 161.390564 107.268898
4716 266.422119 200.742126
4374 364.872559 226.084244
4711 317.959991 221.220352
12422 343.167542 126.049034
12590 205.534576 118.851189
12588 203.049133 100.177345
12696 238.204697 84.522011
4229 414.986389 124.873283
12515 170.111252 320.453522
11649 550.942261 413.793884
12519 424.120148 324.913971
12494 313.707153 423.072632
4213 418.137939 213.924255
3899 530.723755 224.736038
12796 160.651611 183.893982
12715 136.145676 146.926056
4243 508.812805 175.948898
12757 154.491241 204.237015
12782 114.129700 200.441086
4220 515.786255 146.924438
12760 160.579178 108.079216
4241 364.207855 224.016891
4221 365.639374 204.227661
12322 357.991180 145.442612
12589 229.795639 116.581070
12717 233.129822 107.335289
12718 201.702576 100.458092
12329 343.170044 127.013275
3890 510.056152 133.576508
12727 216.477417 166.084869
12612 319.587250 418.732910
12721 159.131760 108.092125
12786 118.595108 105.491493
6078 90.616539 89.211983
4065 390.040710 176.233704
12716 140.463959 210.015472
12785 120.798019 210.129517
12725 158.412552 183.589294
12724 136.117050 85.124832
12761 199.782684 99.036690
12652 357.986786 144.472672
12762 185.364136 90.529556
12595 217.459534 72.399895
12596 184.687881 154.190826
12483 463.454437 219.504822
4005 340.374573 212.084351
5792 202.499084 116.317184
4708 283.771027 221.049332
12787 196.289124 100.225357
12732 136.827576 145.952606
