717
-0.204 0.0123 -0.161 0.00248 -0.755 -0.0839 0.65 
12669 385.778687 78.669350
12665 392.780365 98.902199
14145 225.198105 349.927826
6664 192.685730 302.457336
6664 192.488602 301.864685
14122 282.498413 385.551941
14138 539.490784 366.901123
6751 302.117401 335.617279
6751 302.514008 335.144440
14046 84.514771 326.310822
12640 348.884521 334.629913
12640 347.890594 334.434814
14173 434.853821 316.404205
6979 131.769562 248.261871
12680 364.452026 155.702057
14090 546.338928 445.405945
13223 190.932709 102.456978
14099 521.908020 428.706848
14006 56.010265 384.564056
13494 189.425461 48.625526
13488 349.638916 110.204613
13124 373.050415 77.633018
12747 384.073853 113.292076
12677 407.636719 97.874863
12746 403.960602 79.378212
12434 587.786804 56.972347
6406 209.989029 297.683197
14110 449.729431 412.288239
14118 572.664673 390.463623
14038 277.304230 336.512909
12515 381.313354 317.699738
12515 381.312256 317.937408
12515 381.598877 317.650909
6664 192.685730 302.457336
6664 192.488602 301.864685
12640 348.884521 334.629913
12640 347.890594 334.434814
13234 364.549805 175.716339
14040 62.308445 331.049438
14040 60.671219 331.287903
12892 286.688385 206.086014
12278 499.433929 431.660645
5767 249.382614 284.866669
13259 526.213745 440.493469
13259 525.744263 440.021759
14100 521.516968 427.528656
12425 591.171509 172.275558
4840 496.704773 228.082672
5695 478.483917 202.524368
12670 358.420227 92.916397
12887 334.647583 97.461945
13830 393.523132 190.465698
12578 445.188538 109.830116
12770 383.096680 113.863930
12563 570.405640 49.039612
12753 404.423737 78.690193
13837 483.268250 62.640621
13909 104.104813 345.354492
14147 383.515991 349.650421
13537 140.509857 368.716614
14040 62.308445 331.049438
14040 60.671219 331.287903
6806 186.198807 301.834473
13259 526.213745 440.493469
13259 525.744263 440.021759
12750 375.542572 186.177704
12667 353.738342 149.987152
12667 353.737579 149.791931
12991 492.202698 433.435577
13460 248.080444 284.982269
14124 48.020504 383.498749
12777 454.969940 84.676781
13229 282.556183 69.621552
12793 357.037781 210.358154
12793 358.641663 209.560638
4589 496.405762 223.556534
13228 328.280304 115.721512
12752 421.932983 121.182228
12752 421.691315 120.483040
12752 421.703217 121.597839
12580 421.503204 102.401581
12581 424.920227 159.706573
12581 425.471619 158.587173
12922 373.439087 77.098106
12515 381.313354 317.699738
12515 381.312256 317.937408
12515 381.598877 317.650909
4582 564.863770 242.442886
6329 183.582199 197.916092
12780 425.791931 156.903564
6866 276.099182 335.445099
13192 202.484207 287.915649
14031 56.146057 350.767548
13163 526.307617 440.587830
14168 74.705521 327.029236
13985 490.173981 430.089111
14183 206.903702 298.522644
12704 374.483246 151.398331
12870 244.110092 286.687469
13336 338.661072 209.181290
4711 536.402161 227.128052
12925 328.280457 115.999634
12779 357.139221 92.772659
14078 338.484589 104.348129
4716 479.601501 203.097870
12581 424.920227 159.706573
12581 425.471619 158.587173
12752 421.932983 121.182228
12752 421.691315 120.483040
12752 421.703217 121.597839
12694 381.015747 112.875443
6186 481.105652 182.795624
13138 404.432648 79.796982
12515 381.313354 317.699738
12515 381.312256 317.937408
12515 381.598877 317.650909
5919 445.183502 272.026428
14108 172.952957 418.883789
14185 206.556030 296.130463
12877 247.168472 283.949158
14111 520.563110 413.782776
12701 353.981079 151.292557
12793 357.037781 210.358154
12793 358.641663 209.560638
12782 333.827515 201.280319
12589 445.255341 120.182426
12422 573.603027 120.656876
12752 421.932983 121.182228
12752 421.691315 120.483040
12752 421.703217 121.597839
13105 418.740082 102.540802
13484 373.998383 76.272636
12953 406.783661 78.487579
12953 406.378845 78.484352
13498 409.319122 56.599525
13449 381.259613 316.967957
13449 380.432312 318.203766
13449 381.906799 319.182434
14148 367.757660 348.413300
13586 292.431702 288.183411
13196 245.286224 283.531738
6945 205.341827 295.715210
14102 522.586182 425.992615
6870 276.510010 335.447083
14050 74.274620 327.165436
14128 60.623447 375.963318
12590 421.355164 120.590958
12760 379.854095 111.799751
12725 375.022919 184.981522
12716 358.227753 209.147507
12719 454.915710 86.098686
12940 399.794769 157.869812
12953 406.783661 78.487579
12953 406.378845 78.484352
13179 407.452209 375.924561
6935 207.292923 298.182983
13449 381.259613 316.967957
13449 380.432312 318.203766
13449 381.906799 319.182434
12785 340.369781 207.927094
13829 445.612366 122.059921
14146 53.389843 349.146484
13721 340.171356 103.938835
12761 416.302032 101.557396
12761 413.986847 103.262047
6078 319.595947 98.181145
12595 436.405365 72.989357
4708 502.045959 226.360336
12727 428.690796 171.286819
13025 389.995911 364.697174
14164 58.267948 332.071625
13995 518.538025 415.004578
13449 381.259613 316.967957
13449 380.432312 318.203766
13449 381.906799 319.182434
6709 184.789169 205.027161
12599 445.599487 120.903473
5792 417.662262 120.600525
13132 354.587524 183.111298
13143 428.673737 169.532288
12596 399.318207 159.325241
13358 438.266846 86.233047
12761 416.302032 101.557396
12761 413.986847 103.262047
14169 77.184891 324.820709
7023 297.541016 332.875885
12732 355.058136 150.284470
