728
-0.201 -0.0232 0.0192 -0.00938 -0.809 -0.0951 0.581 
12937 518.206848 85.489532
13837 589.381470 41.721466
15303 296.453278 425.460388
15295 263.064911 432.124664
15372 115.425293 357.086884
15318 163.262115 414.032074
13194 285.073975 282.955994
15404 195.715836 322.179230
13281 473.417572 368.156372
13281 473.417572 368.156372
13281 473.417572 368.156372
14347 518.007812 410.063477
15299 557.073730 435.589874
15414 405.433472 314.606934
5695 581.927063 194.929459
13124 464.573151 59.049934
12752 517.350037 104.679733
12573 555.655334 66.481133
12746 498.424561 59.238518
12683 424.080322 102.658859
13732 427.452393 88.815933
13488 439.194397 94.710747
13833 490.508362 97.506866
13788 459.897369 356.119202
6806 267.825562 298.643921
6806 267.825562 298.643921
15438 361.154541 274.780121
15323 31.115112 404.946350
15068 550.831299 433.433502
12640 437.811707 339.816437
12640 437.811707 339.816437
15355 159.194138 377.029572
15371 95.002472 358.055511
15353 36.619717 361.638184
15393 34.293316 339.322540
15342 89.187782 316.902344
15416 48.346401 304.054565
12667 441.983887 136.523544
15011 141.564377 342.860565
15345 103.157898 315.723572
12578 544.111206 92.018456
6831 270.345184 186.440659
15364 214.072403 375.093781
14078 426.982544 88.580437
12753 498.194458 59.934200
12922 465.969482 58.363663
15254 194.701752 321.739410
15095 42.483601 391.933777
15222 36.850792 360.933868
14040 145.890564 322.877869
14529 137.606949 341.197723
15410 113.849045 315.731720
12750 464.328186 177.002518
12701 441.511475 136.052216
12580 516.532654 85.131516
4941 573.165466 219.957077
12640 437.808014 340.288086
12640 437.808014 340.288086
7015 359.798645 339.371979
7015 359.798645 339.371979
12832 517.306458 408.926605
13679 458.733612 355.658234
13679 458.733612 355.658234
15163 467.423431 313.170044
13498 505.109131 38.781612
12925 416.436523 101.518715
12581 520.850037 144.410767
7015 359.224854 339.941895
7015 359.224854 339.941895
14807 437.520081 341.139282
13325 381.613403 202.440674
13192 285.194122 283.347137
15046 361.106781 274.732239
15341 158.723709 376.275421
14252 118.376923 352.427979
12793 442.717438 201.120193
12793 442.717438 201.120193
13336 427.537262 201.008408
13336 427.537262 201.008408
12587 544.012451 90.853622
14950 259.930267 151.518173
15408 145.058823 323.722015
15411 113.292931 316.860016
12694 473.562531 98.752243
12695 442.496796 175.659851
14619 77.986671 388.010864
14619 77.986671 388.010864
14619 67.880562 391.408447
14619 67.880562 391.408447
12678 448.166382 75.177353
12777 555.651184 65.784187
13915 195.265549 322.310028
13679 459.289581 356.218109
13679 459.289581 356.218109
4716 586.828979 192.580872
15386 136.441284 342.660828
15428 267.720245 298.443207
12870 329.700775 279.929565
12870 329.700775 279.929565
15338 49.782532 334.526276
15415 88.162758 316.179138
12708 444.175690 175.337860
12793 444.390015 199.772003
12793 444.390015 199.772003
13229 372.199066 54.405800
15276 239.219971 191.350571
12779 449.188904 76.851280
6186 582.701172 170.331375
15392 438.195038 341.133881
6866 360.598267 339.596191
14037 192.607773 326.711365
13017 498.405457 385.391205
13017 498.405457 385.391205
15020 460.306244 355.194275
12595 524.897461 57.666725
13586 360.763306 273.697479
12870 328.457275 278.686981
12870 328.457275 278.686981
15337 67.882187 388.155487
15401 118.777733 351.548340
6406 293.680786 293.558563
15432 266.487122 298.438995
15275 237.177948 192.183228
12716 426.986603 199.641174
12782 419.622467 192.228348
13825 443.382111 138.925949
12970 433.245544 97.887466
12760 471.947845 98.269569
12725 463.107941 175.525604
13105 512.934753 86.540176
12953 500.694061 59.968601
6870 360.604340 337.960541
14050 161.046051 318.531250
12846 358.127075 339.932159
6579 230.883743 185.862488
6579 230.883743 185.862488
12785 426.019775 200.615799
14253 120.707474 350.577209
14253 120.707474 350.577209
14948 269.069336 191.485840
12788 443.278076 174.354324
13219 546.851257 93.951981
12719 555.435669 67.937508
5792 512.088501 105.345604
13721 424.900208 87.259010
12761 511.958923 85.087967
13341 503.124359 61.907211
13109 468.352264 73.243721
15017 378.892334 331.005096
15418 114.856476 315.453033
6945 286.733093 289.578735
6579 237.262070 194.047043
6579 237.262070 194.047043
13358 528.742676 73.017860
14253 118.966599 349.403198
14253 118.966599 349.403198
12732 445.795044 138.276413
12596 494.499664 145.765442
6709 269.038849 197.390594
13211 414.853333 194.056458
13132 446.172302 173.213928
6183 269.203705 169.136749
6078 413.794586 82.563637
13143 525.778992 156.492783
14164 143.176575 324.896729
