733
-0.212 -0.0266 0.122 -0.000894 -0.796 -0.0945 0.598 
5789 423.286255 245.093979
13190 236.759583 322.458832
13788 453.982910 365.371155
15600 399.278839 352.099426
15539 262.043579 424.346344
15730 429.732910 347.934784
15772 207.180679 272.859161
15044 209.120636 262.957550
6979 203.302979 240.194839
12871 317.004883 282.988281
15758 268.182800 284.915588
13494 267.378815 43.184002
14527 502.559448 367.002106
15587 85.254448 364.925873
15260 134.725464 325.777893
13776 504.352844 409.105316
12745 428.985504 204.522705
4941 533.628723 224.798889
12942 433.336578 43.437584
12578 530.924011 100.104317
12747 462.038147 104.401360
12746 485.049835 67.871735
15671 434.949829 433.833984
15652 354.479553 455.557251
15303 274.502136 444.415649
13295 270.400482 341.404266
15716 278.918396 380.266602
14046 144.967361 324.051178
14822 121.769173 328.682251
7015 345.477661 346.270630
7015 345.477661 346.270630
7015 345.477661 346.270630
15723 509.932343 368.733368
14769 597.545776 403.972961
15438 349.180969 278.385712
14946 246.927719 154.816299
15534 532.078125 439.317871
14347 512.140625 421.642944
12683 407.701752 104.813087
13732 415.806427 94.483772
12752 504.591553 111.568138
13833 477.771515 105.522690
4817 593.615356 198.487961
15760 33.241352 280.616150
12624 544.035034 447.094818
5767 316.804779 282.229370
12830 316.903076 395.822632
13020 288.305634 359.182983
12640 427.897766 347.439331
13281 478.083679 392.146057
13281 478.083679 392.146057
13430 502.017426 366.652161
15743 64.897026 322.815613
6806 249.557587 300.717804
13325 377.050232 203.276749
7015 345.480347 345.089264
7015 345.480347 345.089264
7015 345.480347 345.089264
13281 493.453796 403.340698
13281 493.453796 403.340698
14040 120.839279 328.445007
12695 429.332642 179.487976
12667 430.365356 142.923920
12937 503.981445 92.030540
15773 252.356750 227.663834
6329 255.382233 190.556686
6329 255.382233 190.556686
12925 404.679504 107.793701
12770 460.754303 104.195084
12576 569.611816 65.882507
12753 485.635345 68.223373
14285 465.939789 327.342712
14285 465.939789 327.342712
14063 158.285110 286.139862
14611 258.819122 416.592896
15674 72.962303 428.658691
13460 316.229614 283.379395
6149 269.742737 286.759521
15442 206.822083 272.882355
14041 121.676346 328.729126
14041 121.676346 328.729126
14950 246.313477 155.009354
13067 361.096100 283.354401
15046 349.037384 278.194122
12832 507.736603 420.234985
14252 86.440475 364.273560
14252 86.440475 364.273560
12701 430.371490 143.484161
12793 429.250854 204.429810
12793 429.250854 204.429810
12580 503.692352 90.633980
15766 252.650787 224.800964
6329 256.234558 190.551239
6329 256.234558 190.551239
12777 542.247131 72.411179
12694 460.189240 103.632736
14078 414.685669 94.843063
5695 569.722900 198.576813
12678 436.469757 83.398766
12890 500.201477 68.864220
13498 493.356628 43.749325
14285 466.219391 327.340851
14285 466.219391 327.340851
15049 521.512024 276.211517
13683 427.329498 348.009430
7016 376.320160 346.671234
14876 597.037903 403.270538
5944 492.851257 355.982635
15768 139.966675 249.058456
14612 258.541351 417.431091
14886 478.235992 385.499146
15596 492.521912 354.968933
15180 333.849243 250.906067
12587 531.943115 97.501762
15746 74.043808 320.259521
14041 120.337265 328.387543
14041 120.337265 328.387543
14376 88.125969 362.916473
12708 430.062103 179.268585
13336 414.006500 203.646332
12703 417.043335 94.532364
15276 222.932648 195.560776
13484 453.113525 62.890491
4716 570.720703 196.558167
6186 568.615540 176.330048
6751 377.009521 345.647675
15083 520.560059 425.992462
13192 269.741089 286.071259
15647 186.346909 244.867874
12952 384.563019 88.279358
12515 466.559326 326.659271
12515 466.559326 326.659271
12760 457.496857 102.937599
6978 244.839447 153.066620
12970 416.241608 95.323570
14252 87.316826 363.730499
14252 87.316826 363.730499
13825 431.316833 143.628937
15275 222.533463 194.746902
6080 261.684692 192.018936
12783 408.888977 88.072731
12719 541.921021 74.620789
13105 503.294067 91.300697
12953 488.630707 67.127342
6866 345.754456 345.360901
14028 477.426483 385.909760
6945 271.414032 295.981262
12870 313.536255 283.654175
15644 266.647034 184.623276
12515 465.748779 327.479889
12515 465.748779 327.479889
12793 431.879913 203.602509
12793 431.879913 203.602509
12785 411.397858 203.465942
6830 251.206650 224.119537
6579 222.046967 194.750717
13219 535.246277 96.794357
6078 395.775116 89.877556
13342 509.668854 163.341476
14949 567.577209 178.265289
12761 500.390594 90.798904
13109 456.787567 78.914574
13341 491.520782 64.737053
13358 471.194580 64.614395
13196 313.536285 283.654205
13792 175.625626 339.137085
14253 88.773186 362.265350
12589 529.521179 111.251617
15406 463.815918 327.492920
15406 463.815918 327.492920
6870 347.439972 343.494659
5792 501.124023 111.051125
12732 431.915192 145.087799
13722 403.513947 106.618134
14164 115.459236 331.841003
12599 532.421753 111.268616
6709 254.851242 201.011368
13721 403.359406 89.365517
13132 432.240021 176.587875
12969 459.341766 103.725685
13143 511.976929 163.361069
12596 480.703339 152.597122
13025 480.801941 388.225220
15573 101.554100 310.762573
