735
-0.216 -0.0266 0.157 -0.000751 -0.783 -0.101 0.614 
14527 481.171783 371.038788
15671 412.393127 443.690002
15730 408.146698 350.070129
6979 176.144562 241.260529
15819 291.460938 405.055420
13494 240.130569 32.748875
13427 436.343933 375.299103
15712 26.119457 378.603210
15082 504.315216 437.544037
12937 477.398712 85.215584
12962 457.617493 144.083588
12763 416.015869 74.093834
12670 412.178772 81.751892
4576 542.266235 178.351440
12573 515.998657 72.105515
12770 445.102692 101.716614
12746 459.951569 65.966339
12662 442.477203 70.460411
14638 124.245125 403.951630
13020 263.444214 366.099731
13020 263.444214 366.099731
15258 521.658569 345.178894
14822 86.840492 335.714539
13803 375.350708 321.290161
12871 290.454895 284.360718
14285 443.747070 329.151398
14285 443.747070 329.151398
14285 443.747070 329.151398
14285 443.747070 329.151398
15438 324.000610 279.594238
13281 457.244507 397.206207
13281 457.244507 397.206207
12640 404.790710 351.862579
12640 404.790710 351.862579
14347 492.210846 428.730255
14947 222.309250 150.381531
12680 409.231323 140.836304
4941 504.308258 221.524445
12578 506.785004 92.979187
12580 479.928772 85.815613
15913 227.572464 225.851425
15179 205.454041 201.093521
13430 480.781860 371.237091
12885 479.379974 149.067017
5695 540.976074 195.904327
12753 463.214294 65.294601
12922 446.385406 62.398495
13488 396.093536 92.463264
6710 234.137466 190.707870
6806 224.092346 303.448730
6806 224.092346 303.448730
13919 111.077217 329.839600
13460 290.932159 283.643250
14285 443.514740 328.916962
14285 443.514740 328.916962
14285 443.514740 328.916962
14285 443.514740 328.916962
6751 356.899933 350.722809
7015 321.146881 349.362274
7015 321.146881 349.362274
7015 321.146881 349.362274
15844 69.009209 382.088593
12745 405.501343 201.999161
12752 478.977875 109.946922
12695 405.330139 177.866348
12701 409.222046 139.902893
15699 291.339233 404.160858
12581 479.101227 149.064087
12777 520.373779 68.963486
12694 436.615387 98.387985
6329 230.763229 189.032852
6329 230.763229 189.032852
13484 429.694519 78.347786
13885 290.771423 404.158752
7015 321.433502 350.212128
7015 321.433502 350.212128
7015 321.433502 350.212128
14131 46.059212 376.165985
15485 71.286087 359.211365
14040 86.467125 335.479706
6806 223.811768 303.732147
6806 223.811768 303.732147
13281 457.294281 396.784058
13281 457.294281 396.784058
14078 390.999939 89.654480
13229 335.024170 56.290253
12793 405.504822 202.568695
12793 405.504822 202.568695
12587 505.382019 92.318909
15773 227.153168 224.902100
13128 458.987152 147.164246
12667 408.375671 139.894577
14285 439.334137 324.126648
14285 439.334137 324.126648
14285 439.334137 324.126648
14285 439.334137 324.126648
13020 261.604858 366.932983
13020 261.604858 366.932983
12678 431.026398 76.696327
14285 444.357697 328.854156
14285 444.357697 328.854156
14285 444.357697 328.854156
14285 444.357697 328.854156
12870 290.358795 284.044617
14252 45.723537 375.150635
14252 45.723537 375.150635
15428 224.820328 302.369751
14041 86.131798 334.464111
7015 321.433350 349.872284
7015 321.433350 349.872284
7015 321.433350 349.872284
15766 228.858994 222.155655
6329 231.099136 189.370392
6329 231.099136 189.370392
12750 428.017517 177.215332
12708 405.663055 177.020096
4716 542.582581 194.395294
6186 546.503052 178.236237
13105 479.501007 87.111313
13306 344.118164 339.643646
15046 325.555267 277.858459
14886 457.975250 395.766846
6945 224.824478 303.190399
15153 84.919006 336.903473
15843 72.735359 383.270966
6866 321.021423 350.279907
6183 232.334625 187.319489
12793 407.473755 201.965775
12793 407.473755 201.965775
13337 428.863068 141.182709
13825 406.940277 138.536987
12760 435.668579 97.911827
12725 426.805237 177.610992
12940 453.139801 146.292114
13109 430.619080 76.293755
15271 254.176666 298.393280
15180 308.555481 251.321732
15820 291.587341 403.691589
12515 441.517365 330.099213
6080 230.814453 194.683395
6933 224.829544 304.175079
5792 474.454987 107.918671
12783 384.026978 81.187233
6870 322.504517 348.812195
13341 450.887238 67.351715
13219 509.110779 93.749680
12761 474.270050 87.709618
12719 517.705383 73.545441
12953 465.367859 61.693584
13722 378.333801 104.112541
12732 407.357910 141.347031
6078 382.281311 82.322235
4708 564.283508 219.623367
6709 230.207687 197.631897
12596 456.357513 148.845901
12787 473.100220 86.545876
12762 459.114716 79.510170
13132 407.649353 172.850800
14949 550.155762 170.610214
13143 484.240997 159.612198
12785 390.193481 200.980072
13211 379.520935 193.835480
14164 84.145699 335.343781
14050 105.034401 328.317657
14028 463.313263 395.341125
