738
-0.219 -0.00409 0.176 -0.00314 -0.76 -0.0963 0.642 
12746 414.959076 63.515697
16124 371.196777 445.798767
16176 516.161621 364.988647
6664 174.264633 302.370941
6149 195.527451 283.712433
15539 182.881348 445.418182
16200 61.925579 327.719482
15260 37.590488 335.599915
16137 139.876480 427.701050
15730 363.734924 347.392334
15730 363.734924 347.392334
15772 127.881424 271.812225
16120 396.722961 441.812714
6827 254.285767 252.022110
13494 195.356155 30.064377
12580 433.657104 85.792236
12580 433.657104 85.792236
12747 394.738220 98.918167
13833 408.809113 97.885574
12662 400.392242 72.436813
12885 431.540863 143.403549
16017 182.880859 445.222351
12871 245.228790 280.680298
14645 100.824768 406.310089
14645 100.824768 406.310089
13537 106.686012 396.886108
15762 127.495659 272.204865
14859 533.244812 428.711792
16149 598.678833 409.832977
14347 452.376831 427.695923
13281 416.224487 395.177734
13281 416.224487 395.177734
13430 442.273071 366.839020
13430 442.273071 366.839020
13430 442.273071 366.839020
12667 361.976990 135.806534
15976 275.187714 348.514679
12745 363.445068 197.040710
12765 340.738861 188.667267
4444 591.416199 234.791870
12580 433.274841 86.559174
12580 433.274841 86.559174
12670 367.556641 75.687157
12777 469.311157 69.507034
16125 371.197388 445.604462
12581 434.608398 145.771851
13325 302.475769 197.473312
13020 214.707077 367.120605
13020 214.707077 367.120605
13020 214.707077 367.120605
13020 214.707077 367.120605
6751 309.697815 347.932434
14611 181.474884 445.689056
6806 173.642700 301.777649
6806 173.642700 301.777649
16193 83.105804 334.072021
13919 50.851189 332.718719
13195 195.919373 284.820221
15730 362.628448 346.452454
15730 362.628448 346.452454
16032 562.294128 403.287933
16181 366.884827 352.097229
15550 452.619354 426.054169
16002 280.882202 275.009583
6713 253.732239 252.022476
13281 416.233551 394.008118
13281 416.233551 394.008118
13430 441.802673 367.077820
13430 441.802673 367.077820
13430 441.802673 367.077820
14947 171.571762 143.471863
12695 361.207367 173.340195
14078 348.072174 88.039696
12792 431.358246 105.280289
12770 393.321014 97.982513
13226 367.791687 75.688293
12753 415.544250 63.558346
12515 401.204071 323.528442
12515 401.204071 323.528442
12515 401.204071 323.528442
12515 401.204071 323.528442
16126 370.729034 444.673218
12706 414.495636 73.235954
15271 198.483444 296.777252
15271 198.483444 296.777252
15271 198.483444 296.777252
6806 173.364014 301.776428
6806 173.364014 301.776428
15841 106.639336 396.462311
15841 106.639336 396.462311
16167 165.406937 371.242554
7015 276.849304 348.381897
7015 276.849304 348.381897
7015 276.849304 348.381897
12640 362.627319 346.735840
16164 415.146759 388.681610
14645 108.320488 408.330933
14645 108.320488 408.330933
14873 534.734924 401.572174
12870 245.794617 279.822723
12870 245.794617 279.822723
12870 245.794617 279.822723
12870 245.794617 279.822723
15904 195.079819 284.817688
15791 452.051208 427.181946
13017 431.941132 403.712677
13017 431.941132 403.712677
13017 431.941132 403.712677
13017 431.941132 403.712677
12793 362.730194 197.228424
12793 362.730194 197.228424
16208 304.152405 288.543793
12870 247.498840 279.826752
12870 247.498840 279.826752
12870 247.498840 279.826752
12870 247.498840 279.826752
15516 254.301437 252.308990
6329 183.714279 182.668793
13229 291.075134 53.038368
12694 391.065338 97.964493
12708 360.921753 173.339005
12701 362.452759 136.182053
4589 511.352783 215.163757
4716 496.196594 191.376083
4716 496.196594 191.376083
12678 367.230286 76.237762
12768 328.267090 81.102303
12515 400.347260 324.387054
12515 400.347260 324.387054
12515 400.347260 324.387054
12515 400.347260 324.387054
13885 248.313599 408.965149
12830 244.924271 408.942047
7015 278.214050 347.709259
7015 278.214050 347.709259
7015 278.214050 347.709259
15841 106.302536 395.445282
15841 106.302536 395.445282
14634 581.275024 405.668671
14807 362.631500 345.715607
15083 453.743988 426.161072
13017 441.689056 410.045197
13017 441.689056 410.045197
13017 441.689056 410.045197
13017 441.689056 410.045197
14028 417.474548 394.054626
14028 417.474548 394.054626
14028 417.474548 394.054626
12793 364.790802 197.235703
12793 364.790802 197.235703
16096 294.492767 284.050446
15046 282.084412 273.689056
12752 431.295776 104.668190
12703 360.190247 92.121880
12750 383.155853 172.779556
4716 496.519440 190.026489
4716 496.519440 190.026489
12779 368.245758 76.242714
12515 401.718109 323.013336
12515 401.718109 323.013336
12515 401.718109 323.013336
12515 401.718109 323.013336
14041 49.786434 332.495178
15996 196.426346 285.846191
13650 114.392792 407.650452
13020 215.161041 367.575348
13020 215.161041 367.575348
13020 215.161041 367.575348
13020 215.161041 367.575348
12725 382.743500 172.369415
12782 338.361481 189.368256
12760 389.504852 97.486679
12589 462.259735 95.774025
13825 362.859985 135.781235
12719 469.291809 69.406799
12724 367.431458 75.841171
13105 430.727753 88.271690
12953 418.383698 61.840763
12940 409.425995 143.400436
12515 400.082855 323.023102
12515 400.082855 323.023102
12515 400.082855 323.023102
12515 400.082855 323.023102
16197 355.662628 337.977478
14028 416.703522 388.804108
14028 416.703522 388.804108
14028 416.703522 388.804108
6945 173.971008 302.935730
15259 53.420849 332.081665
16192 298.742706 337.987885
15271 198.075394 295.683502
15271 198.075394 295.683502
15271 198.075394 295.683502
12870 244.298645 281.055908
12870 244.298645 281.055908
12870 244.298645 281.055908
12870 244.298645 281.055908
15820 245.122925 408.270874
16185 308.656128 347.817200
15276 147.812958 188.055359
6870 278.054871 348.687164
6870 278.054871 348.687164
15275 146.841599 189.522232
15644 184.533600 168.751801
5792 427.981171 104.553970
13219 462.720337 93.375381
6078 328.403809 83.845695
12783 331.327515 72.402878
12761 427.809906 87.285965
13109 418.865265 61.365910
14949 492.492554 177.751053
13017 416.699677 389.289490
13017 416.699677 389.289490
13017 416.699677 389.289490
13017 416.699677 389.289490
15271 198.557343 295.194183
15271 198.557343 295.194183
15271 198.557343 295.194183
13192 195.621780 286.335297
13192 195.621780 286.335297
6978 173.214890 145.599731
6183 198.872253 183.216583
16196 77.155945 344.716309
16108 463.569244 173.389023
13792 77.159332 342.375183
12732 365.030640 137.533829
7023 304.699524 347.025238
7023 304.699524 347.025238
6870 279.819733 346.934143
6870 279.819733 346.934143
12596 410.903046 144.867950
6709 184.871277 194.470413
6579 143.454865 180.799576
12762 392.746948 75.514931
12969 385.887390 96.118690
13722 336.636536 99.335632
13721 329.575745 82.128502
13132 365.196777 169.042984
13143 439.013824 155.635635
14028 417.874451 388.697754
14028 417.874451 388.697754
14028 417.874451 388.697754
