748
-0.269 -0.0581 0.418 -0.00569 -0.679 -0.0829 0.729 
12746 289.954712 64.164467
16657 340.724731 180.371017
6559 195.549896 290.627197
5789 220.469070 242.528259
17465 180.931442 447.372681
17475 206.224243 422.063080
6820 248.395813 284.863861
17509 324.009949 354.552795
17484 330.928040 407.061920
17468 394.779449 437.930756
17059 33.615841 438.830078
17479 46.474243 415.811554
17499 514.186523 374.791107
17328 512.136719 447.363525
6811 102.768669 303.182800
17272 47.124535 327.554932
13194 34.328571 312.308716
5619 280.348114 351.293182
4861 545.158325 212.139847
17262 203.711639 349.748657
16352 430.019287 213.417175
16352 429.820282 212.823074
13732 218.321747 85.790138
12942 236.219681 35.652935
12578 330.909607 97.650467
4941 341.979645 222.040329
17446 513.807739 148.539413
12665 276.940857 82.629105
17143 195.936508 290.036102
17430 289.253998 280.767761
17332 441.747742 444.541656
16878 606.884949 382.814331
16896 558.962769 348.665680
17333 470.848389 441.475159
17520 168.273499 339.477997
13590 133.302536 299.290497
17489 280.204865 400.145721
16407 33.983425 438.647858
6535 38.571293 327.766418
16510 300.446259 451.480225
16614 162.632507 294.454285
16614 162.243149 293.469299
17545 129.808929 280.446259
6331 102.741440 256.482910
16555 186.432251 379.949341
16083 203.317001 349.157013
16083 203.313141 348.686218
17180 553.575867 208.623886
4196 524.969666 229.657318
4196 524.742432 228.770905
4197 524.297424 197.209946
16352 430.019287 213.417175
16352 429.820282 212.823074
17010 536.664917 80.731873
16480 476.509308 94.873306
12752 308.417999 107.408226
12580 307.050262 88.029274
12770 266.022430 97.919800
16624 366.983002 187.559097
17317 546.114502 34.349773
12670 240.637726 74.823242
16623 367.762726 184.403397
16291 126.195717 404.149292
16291 122.369247 399.007629
16291 125.182114 404.940918
16291 124.503578 399.517853
16291 123.695656 400.330475
16291 126.022644 398.576111
16111 337.196136 274.796448
16700 441.278931 444.387146
16282 327.573151 404.926239
16282 328.284088 404.226532
16282 326.578247 404.226898
17534 315.612823 296.353668
17330 470.564911 442.322052
15596 313.333588 387.406464
16614 162.632507 294.454285
16614 162.243149 293.469299
4545 502.346954 262.061188
6406 46.658493 327.085785
6406 46.098167 327.086945
16592 95.016647 306.319763
12695 238.502518 175.096634
12667 237.702438 136.213409
13325 177.972961 202.483521
15250 186.040070 379.555389
16083 203.317001 349.157013
16083 203.313141 348.686218
4930 548.094482 229.710541
17065 272.994110 422.264679
16413 262.561127 411.716125
7193 74.923141 234.035629
16107 456.242615 213.128860
16638 544.515503 78.284897
13239 500.335907 155.814926
12768 198.772812 79.108704
12750 261.169983 174.917831
12777 339.557159 71.457077
6041 211.123871 288.905487
5944 312.906372 387.405853
12515 281.989838 350.106201
12515 282.330475 349.768158
12515 281.511047 350.171875
12515 281.011139 348.701843
12515 283.368988 346.950958
16282 327.573151 404.926239
16282 328.284088 404.226532
16282 326.578247 404.226898
16291 126.195717 404.149292
16291 122.369247 399.007629
16291 125.182114 404.940918
16291 124.503578 399.517853
16291 123.695656 400.330475
16291 126.022644 398.576111
16739 237.969482 385.323669
16739 237.619797 383.972168
14276 185.609116 378.144501
14276 186.949127 377.479034
17115 202.197662 349.524353
5064 492.625427 262.054291
17035 44.891930 183.576950
17035 46.230247 184.581070
16955 279.967285 399.911102
14148 262.232605 410.398376
6406 46.658493 327.085785
6406 46.098167 327.086945
5765 99.902107 303.308655
17284 63.983894 304.034912
6181 128.294846 259.255035
4392 582.943176 215.776413
12793 240.852051 200.888474
12793 243.239746 199.507385
5077 186.903275 201.283707
12587 331.105316 96.305008
12708 239.347809 175.372025
12701 238.027390 136.582977
12757 255.522858 195.333054
4196 524.969666 229.657318
4196 524.742432 228.770905
17436 498.520508 190.042557
17037 59.960808 195.302658
12694 265.458069 97.923996
14078 219.995728 86.683365
12925 209.784821 98.774193
5084 562.349182 129.877045
13599 572.290466 99.707947
4711 429.597839 214.956650
12581 311.173309 146.191589
4716 371.289001 192.131668
4716 370.941589 191.105133
13484 260.653442 59.803509
13498 294.487335 41.445496
16354 435.014221 70.742493
17535 315.373322 296.592621
16814 336.956299 274.748566
16559 581.921509 367.993317
17029 63.520596 195.827316
16785 161.639740 293.231415
15046 144.295853 293.865967
13114 588.933899 214.843369
4213 553.018372 208.621292
12793 240.852051 200.888474
12793 243.239746 199.507385
12589 330.864044 106.801224
12703 227.979767 96.591583
12704 260.042664 138.055817
16809 465.271454 70.979134
17315 517.588196 47.194874
4716 371.289001 192.131668
4716 370.941589 191.105133
12706 258.531982 74.402679
16660 311.179932 142.958405
17439 496.735504 168.561905
12371 500.223206 155.664383
12719 339.784241 72.174522
15049 337.992889 273.712189
13430 327.602142 402.547607
12871 98.228607 301.955048
13788 261.895081 410.732330
12515 281.989838 350.106201
12515 282.330475 349.768158
12515 281.511047 350.171875
12515 281.011139 348.701843
12515 283.368988 346.950958
16643 540.329895 153.961243
17028 534.757263 232.872055
5073 547.440369 202.923996
13219 334.281219 95.314049
12782 213.324844 191.882980
13217 248.664764 162.271072
17012 480.304077 113.756203
13337 259.632202 138.395157
12760 264.852142 97.463005
16484 427.081421 214.384293
12779 240.703857 76.130501
12783 211.592316 78.773903
17171 497.883698 137.092987
16654 480.143036 96.418808
13105 303.955872 90.082977
12953 291.847809 63.888969
17172 456.002075 190.085846
12725 259.341034 174.874207
13067 159.503265 293.089203
13067 158.059052 292.106293
16291 126.195717 404.149292
16291 122.369247 399.007629
16291 125.182114 404.940918
16291 124.503578 399.517853
16291 123.695656 400.330475
16291 126.022644 398.576111
16743 160.743790 377.301361
15392 240.117355 391.271912
12515 281.989838 350.106201
12515 282.330475 349.768158
12515 281.511047 350.171875
12515 281.011139 348.701843
12515 283.368988 346.950958
12457 528.054688 178.522720
13825 239.698151 138.580322
17254 583.268250 367.035156
17254 581.652893 368.659515
17449 410.486969 103.228508
4582 461.094574 230.286789
4582 460.512878 229.695129
17437 475.398071 203.921646
17305 325.471405 144.398514
17313 491.759613 99.405884
5089 361.163971 197.305328
12595 321.087708 59.064869
17170 419.159576 95.830582
6078 199.970337 79.451836
12724 240.707794 75.652351
13143 313.617004 158.993637
12596 284.098724 145.486938
12761 302.002228 89.611076
13109 261.137817 72.634109
17160 477.801117 151.404251
13067 159.503265 293.089203
13067 158.059052 292.106293
12870 99.433586 302.767090
12870 97.504593 303.742828
16291 126.195717 404.149292
16291 122.369247 399.007629
16291 125.182114 404.940918
16291 124.503578 399.517853
16291 123.695656 400.330475
16291 126.022644 398.576111
17374 313.657471 386.800812
16882 234.225433 386.372345
16882 234.215942 385.207092
12515 281.989838 350.106201
12515 282.330475 349.768158
12515 281.511047 350.171875
12515 281.011139 348.701843
12515 283.368988 346.950958
17308 529.974915 178.050705
5792 304.885101 106.829422
5570 77.500389 205.672455
16663 63.036747 195.829300
13110 258.855499 137.724655
17455 407.762299 186.941620
4582 461.094574 230.286789
4582 460.512878 229.695129
17155 474.198608 198.051682
16007 361.546143 147.982452
12599 333.118469 106.228050
12969 262.717682 96.138618
12762 287.399323 78.783157
17440 498.341980 187.721634
4242 495.216370 160.301788
16307 157.329086 377.623322
7015 123.695663 400.330475
17494 315.428070 385.639160
16882 234.225433 386.372345
16882 234.215942 385.207092
12515 281.989838 350.106201
12515 282.330475 349.768158
12515 281.511047 350.171875
12515 281.011139 348.701843
12515 283.368988 346.950958
17014 417.881226 141.452850
4065 515.439392 163.389771
17154 494.087189 100.581047
17460 411.382935 201.105392
5088 519.157776 198.383514
12732 237.772903 137.922913
12785 223.192368 197.683701
13132 240.948456 172.870316
