751
-0.269 -0.0655 0.478 -0.00401 -0.678 -0.0828 0.731 
17916 413.368225 302.685516
17631 515.710022 386.346619
17892 463.746613 361.377380
6820 244.460556 287.832886
5789 216.945923 244.122055
17928 255.907318 286.675079
17934 593.890869 278.794067
16851 533.245544 429.890228
16957 527.377563 413.394531
17848 396.769379 432.086823
17935 345.986877 276.989899
17876 258.903168 393.012634
5619 278.404541 358.154968
5619 277.612366 357.954620
12879 132.978317 196.351013
7142 158.161774 405.204620
17860 112.533928 416.903412
17484 328.949493 420.651611
17484 326.387573 418.905823
5916 442.851074 265.929504
17899 172.565765 343.625275
7084 95.986237 306.123383
17668 58.075420 307.162750
17239 231.462997 396.901123
17239 231.850067 396.319489
4861 544.789124 215.851822
17796 122.108948 303.195435
17796 121.723595 303.979309
17864 292.464386 409.916687
17445 524.001648 228.673721
12578 329.926422 98.611191
17446 513.823914 150.484970
13364 526.669373 26.489836
17726 549.262512 419.885681
17484 328.949493 420.651611
17484 326.387573 418.905823
17839 431.970245 443.604340
17805 244.066391 287.831604
17805 243.829926 287.830841
6041 207.233017 291.660309
17782 520.300720 332.715820
17493 69.001129 401.854706
17717 472.255066 441.706848
16592 84.532410 309.854675
17609 109.021957 411.015869
17925 152.974365 293.443268
17239 231.462997 396.901123
17239 231.850067 396.319489
17767 230.472656 371.715088
17262 196.372559 357.332123
17827 118.527870 193.515488
17831 583.186279 218.354767
17021 537.674255 111.787834
17010 535.895386 82.667938
16480 476.053314 95.990669
7193 69.325600 235.461868
16352 428.666687 216.375198
13732 215.530472 84.506615
12962 282.458527 144.207764
12580 305.632355 89.414871
13833 280.127106 100.596375
17434 369.486420 222.088165
4941 339.982849 222.038498
16623 365.787079 186.368942
16793 464.634277 68.083839
12746 287.798035 65.130653
5311 286.866699 283.158325
5311 286.626190 282.200500
17861 188.593887 411.222076
12753 288.778595 64.628716
16559 588.670959 377.886353
16559 589.343506 377.209229
17894 558.970032 359.254059
4389 583.033569 241.094635
16763 520.531006 333.420929
4882 369.173553 369.730774
17843 564.850830 441.651245
6331 97.174217 256.496155
17635 153.183502 387.802612
5064 492.626617 264.888519
12695 235.665817 176.534760
12680 245.837997 145.467026
12442 599.516785 159.692535
15174 148.548096 262.058960
17737 233.035538 403.810272
15250 177.274582 388.219574
17180 552.896118 212.371429
16413 255.179718 425.280731
16413 267.402252 436.225525
6406 35.462376 331.334106
17796 122.108948 303.195435
17796 121.723595 303.979309
4197 525.005310 199.325134
12587 329.688965 96.304062
17688 365.806671 191.111847
12752 305.578003 108.803398
12768 195.973175 79.132965
12777 336.735901 72.831879
16464 413.365387 303.279907
15600 188.593887 411.222107
16986 278.323151 357.722992
16986 276.903778 358.562866
17035 39.859516 183.600601
16559 588.670959 377.886353
16559 589.343506 377.209229
17901 296.796844 337.970795
16986 278.323151 357.722992
16986 276.903778 358.562866
12871 90.187904 301.960541
12871 89.780434 307.647339
4545 503.737793 266.308441
16643 540.342651 155.979538
4392 582.953796 218.588211
4213 553.033813 211.996964
17621 315.483643 398.622223
16955 275.494354 412.486237
6181 122.186172 260.676758
17022 578.714417 41.075176
17037 54.926498 193.638519
12708 235.958084 175.401505
12667 236.319412 138.278885
13590 122.186020 303.038666
12793 239.153763 200.899490
12793 239.162720 199.534103
5077 183.555771 201.309616
12694 263.765167 97.936737
14078 216.630829 86.715118
4196 524.473938 231.026749
13103 498.088104 226.957840
17436 497.890076 194.770676
12654 479.897888 129.266083
17697 457.719940 227.903152
12750 258.319458 176.353470
12581 309.743347 147.879929
16624 365.559753 188.975784
13498 292.799530 41.450031
4716 369.581879 193.833344
4716 370.941589 191.105133
16282 325.441376 418.207245
16282 324.873596 417.648376
16282 325.554901 416.642365
16798 96.286041 255.258270
17805 244.066391 287.831604
17805 243.829926 287.830841
17599 49.602283 422.891602
16083 194.969040 357.085510
15596 311.217896 399.176208
6156 121.629982 303.320312
12701 235.660721 136.607269
5084 562.358643 131.893250
12793 239.153763 200.899490
12793 239.162720 199.534103
12925 205.751129 98.815567
12589 329.639221 107.999130
17315 515.578918 49.193573
17690 462.712372 232.584625
12706 256.506042 74.416962
12779 240.296005 76.532257
4716 369.581879 193.833344
4716 370.941589 191.105133
17573 457.724884 187.659958
4440 510.992188 149.304291
17824 478.143372 153.426178
16354 433.011749 72.721878
16282 325.441376 418.207245
16282 324.873596 417.648376
16282 325.554901 416.642365
5765 93.201103 306.696960
16291 111.558434 410.093231
12640 229.592438 396.039825
12515 278.256348 355.857697
12515 276.624481 357.476624
12515 275.148468 357.468567
12515 276.329285 357.475098
4369 537.677063 157.980850
13217 245.731659 162.296875
17736 155.715988 406.252472
17789 161.018311 312.664764
16782 158.310181 295.940613
17287 152.317596 300.405975
13825 235.234131 138.625854
16809 462.070404 74.156487
13337 257.187134 138.416031
12760 262.414764 97.481537
12782 212.835541 192.376465
16484 428.296539 213.981232
17172 453.627045 194.952194
12783 208.687195 78.799622
17693 477.587524 178.099396
17160 477.344727 153.821533
17160 474.940887 154.280701
12719 339.784241 72.174522
12725 256.888000 174.892029
13105 301.511932 90.090355
13109 257.727234 73.612404
12953 291.847809 63.888969
12871 90.187904 301.960541
12871 89.780434 307.647339
5944 310.725128 398.422638
12515 278.256348 355.857697
12515 276.624481 357.476624
12515 275.148468 357.468567
12515 276.329285 357.475098
12911 535.572205 236.935440
12457 527.109863 180.943222
12952 182.564209 79.023186
17029 56.271656 193.430832
16282 325.441376 418.207245
16282 324.873596 417.648376
16282 325.554901 416.642365
17570 504.389099 236.336029
16630 426.112640 215.363144
17437 475.418884 206.853851
17437 474.251343 205.086014
17171 497.883698 137.092987
17313 493.703156 100.867027
6078 199.970337 79.451836
12724 238.276688 76.150276
12596 281.138458 147.444412
13219 334.281219 95.314049
17170 418.669464 95.346558
12761 299.069977 89.620728
17160 477.344727 153.821533
17160 474.940887 154.280701
14949 369.968109 176.700119
15180 121.096870 261.299683
16307 143.087051 397.927277
17875 227.968857 396.027039
12515 278.256348 355.857697
12515 276.624481 357.476624
12515 275.148468 357.468567
12515 276.329285 357.475098
5792 301.359711 106.265228
5570 74.606644 204.519150
17154 491.783539 102.296669
16360 396.964294 158.721375
13143 313.617004 158.993637
17571 420.879303 92.971138
12969 259.209412 96.165977
12762 283.888580 78.799896
4582 461.106384 233.233047
4582 460.527161 233.230804
17437 475.418884 206.853851
17437 474.251343 205.086014
12970 227.773605 89.548546
13721 217.335526 86.197266
17440 498.378784 192.394058
17455 407.735382 183.413986
5303 150.046722 310.858887
16882 227.284012 395.633575
12515 278.256348 355.857697
12515 276.624481 357.476624
12515 275.148468 357.468567
12515 276.329285 357.475098
12372 509.544037 148.807755
17460 411.382935 201.105392
5088 519.180115 201.886826
4065 515.467529 166.880966
12732 237.772903 137.922913
12785 219.663879 201.241867
13132 237.433121 172.901138
