769
-0.227 -0.113 0.957 0.0121 -0.7 -0.0871 0.708 
19026 290.591827 439.029358
19026 290.983856 438.642212
15913 39.781727 241.699356
19800 449.808472 400.577881
5311 314.028137 311.872101
5311 313.230286 311.871338
5311 313.948792 312.348755
19567 66.967216 340.446533
19841 374.812103 306.818451
19845 565.627258 251.325333
19829 213.247772 321.314056
19447 213.643738 322.105194
19833 444.555084 325.208649
17705 470.945587 298.459198
19726 572.530212 300.277863
18663 338.189423 439.851196
18663 336.773529 439.433472
19781 182.819626 426.826599
19555 167.046921 390.573425
19820 75.546074 337.492004
19589 124.042290 304.178772
18534 102.039528 259.304016
19199 89.317299 242.901108
19846 565.512695 218.090775
19846 565.707397 218.286911
19635 61.270821 216.235931
12683 245.057785 104.799072
18507 403.861145 204.362946
12581 344.017090 159.147324
18928 363.657898 365.058929
19544 494.577576 417.946686
19828 212.939087 321.863831
4443 571.750671 299.297241
19856 539.556641 292.411896
19856 539.169922 292.215881
5311 314.028137 311.872101
5311 313.230286 311.871338
5311 313.948792 312.348755
19243 291.452911 437.711761
19392 294.207642 412.564178
18683 159.044510 351.378143
18683 158.578110 351.179443
19742 417.403809 249.057419
19831 446.332550 327.479523
13234 279.919891 173.386353
19534 182.822861 427.608887
19636 55.768116 182.126129
19846 565.512695 218.090775
19846 565.707397 218.286911
12962 317.068146 153.844681
12578 366.352722 107.387733
12662 302.827972 81.364899
5789 240.471985 259.192657
5796 515.841492 180.276276
19782 264.995972 425.721924
19778 358.880249 432.685394
18683 159.044510 351.378143
18683 158.578110 351.179443
5032 253.666367 317.619507
19825 115.268135 332.667877
19285 153.561813 352.561279
13227 149.454453 90.636353
17262 182.809952 424.558350
17262 183.210007 426.080566
6827 115.916924 288.680725
4797 470.752594 298.262970
19596 446.260468 300.742096
19185 565.173950 102.598434
18520 59.711933 187.722992
12695 268.214539 185.363754
12667 268.486389 145.274445
12777 374.881012 82.631714
19847 566.173767 218.523193
12770 300.382202 107.894707
13732 250.564926 92.502136
12587 365.692932 106.112175
12580 341.021698 97.703430
19075 218.840759 320.768555
19706 157.035233 324.342438
13325 204.625214 209.998535
19797 167.255936 400.549408
12750 292.191620 186.957443
12701 268.478027 146.396866
19462 427.642029 302.021057
4532 368.495605 306.561218
4532 371.013458 306.724884
19473 417.012573 250.606995
6181 133.278641 274.511353
6181 132.279419 273.493896
6331 104.945419 267.758911
19605 564.912170 259.345367
17813 507.879364 249.335510
19704 143.416046 330.493958
12793 271.861145 209.625854
12793 271.451538 209.215866
6329 45.700039 190.589417
4827 524.479431 232.437546
12752 341.068451 118.520660
12694 299.343445 107.713432
16624 404.092010 203.414658
13498 331.639038 51.327282
5311 314.028137 311.872101
5311 313.230286 311.871338
5311 313.948792 312.348755
19255 355.222717 423.752716
5765 76.372482 337.185059
5765 75.228432 336.915894
5765 74.260483 335.942139
17262 182.809952 424.558350
17262 183.210007 426.080566
19179 424.198700 312.632996
19179 422.163513 313.054901
4532 368.495605 306.561218
4532 371.013458 306.724884
12708 269.925812 185.013107
12793 271.861145 209.625854
12793 271.451538 209.215866
18516 501.875946 212.399261
17315 563.984558 59.493210
12779 274.693298 84.245483
4849 523.090271 232.149918
4364 536.557983 192.336136
12719 377.218994 83.054672
19193 376.436829 193.864090
18064 530.569092 195.538956
19795 294.888672 412.566437
6021 154.557281 350.874023
6021 154.963715 351.688904
18573 144.473145 342.694916
6156 114.990891 333.796295
6156 116.328255 332.443939
18830 122.295898 301.965759
12952 217.324539 87.347603
13105 338.203857 99.625366
12760 296.557861 106.858353
12725 291.307861 184.503403
13825 269.351562 148.007401
12589 366.440857 118.121025
12422 549.316895 103.624962
4711 468.747162 234.653061
12724 275.669678 84.000778
12783 243.524414 87.107536
12782 246.913086 199.484039
17565 521.157776 232.006790
18199 377.934143 191.958084
19629 518.385864 171.172531
12953 330.840149 73.355705
5765 76.372482 337.185059
5765 75.228432 336.915894
5765 74.260483 335.942139
6181 133.278641 274.511353
6181 132.279419 273.493896
6021 154.557281 350.874023
6021 154.963715 351.688904
17035 58.711430 188.569336
19793 294.074188 413.369141
16111 370.604095 305.902405
12785 251.277542 208.124664
17172 501.399048 212.884201
16484 464.001404 233.244324
14949 411.255127 183.441757
17824 529.894226 166.408752
12761 337.222198 98.188087
4582 510.185547 251.012695
17287 150.008469 324.828552
17287 150.138000 331.956268
15180 132.119415 274.470764
5765 76.372482 337.185059
5765 75.228432 336.915894
5765 74.260483 335.942139
13219 369.556000 106.933327
5570 106.870094 210.202301
16630 464.001404 233.244324
17455 442.931763 201.328766
13132 269.115662 183.235031
17170 465.703766 102.057915
17437 533.131653 226.500092
17952 505.529266 233.409027
13358 361.219391 82.206932
19498 522.495728 180.910446
19623 504.024536 177.851578
17014 459.986572 162.852570
12595 357.656952 69.600685
4708 429.101501 229.564697
5089 397.325928 211.664642
4589 426.180756 230.145203
16007 396.993591 162.226807
16108 379.502747 190.294312
13143 346.244537 170.733154
12596 318.951630 158.402283
5287 152.562729 353.625641
5792 336.664429 116.600906
12732 269.350891 148.104462
13067 155.299622 324.365448
