773
-0.137 -0.0932 1.09 0.0131 -0.729 -0.0868 0.679 
13494 126.323021 25.542395
13830 352.869934 185.334930
4574 449.378479 193.846710
12662 345.600098 73.691101
20096 190.108139 352.578522
19998 206.322540 441.584320
20093 100.842590 370.798889
20051 207.400223 322.259094
19952 254.472305 320.590881
18534 149.085632 265.911957
19589 162.652313 300.356140
20068 488.685760 433.637543
19889 441.759247 441.611115
18840 561.739197 247.401367
18965 424.948151 187.938812
16216 534.794983 96.631485
12887 289.882111 81.411972
20092 30.859358 369.839844
20094 100.842567 370.994995
20099 35.453285 342.845825
18824 295.303955 316.602966
20063 338.178467 451.498505
19781 215.681580 435.965698
19966 416.891113 305.638611
12745 312.031067 205.317093
12578 410.014038 101.364792
12942 317.000275 38.833313
17434 452.150909 234.278748
19860 462.241089 177.686554
12777 418.438232 74.651779
12703 304.189514 99.103012
13226 333.916412 76.966454
17705 532.903931 297.394257
19255 401.833679 438.948395
19534 216.620239 435.970398
6260 487.749298 432.972839
20081 476.596893 407.641083
12695 311.109406 180.369202
12667 311.184235 140.860977
13350 239.337143 89.830132
19590 158.298462 291.805511
19590 158.298462 291.805511
19340 148.546310 264.889862
5157 187.715912 323.109619
12587 408.837250 100.891281
12768 273.188934 81.269753
12752 384.965057 111.793213
12580 383.407532 92.367302
12770 342.447845 101.861580
19491 416.981445 234.874283
16624 449.140259 198.052383
19994 572.937195 166.585175
6820 295.303955 316.602966
6820 295.303955 316.602966
18520 105.836357 183.290283
17303 420.769653 200.960800
6331 148.268265 266.022369
17037 118.564964 195.014908
17037 118.564964 195.014908
12708 311.109894 180.085159
12701 311.183685 141.141296
19070 186.882645 323.953796
19926 190.452286 352.816467
12793 312.796661 205.745468
12793 312.796661 205.745468
19590 161.661743 300.029999
19590 161.661743 300.029999
19878 567.757324 136.287430
6329 91.877235 186.736374
14947 75.316742 141.383942
17814 554.691040 208.629074
12589 408.093964 111.438889
14078 294.320526 89.452812
12581 386.424957 153.169128
18973 506.400391 223.606400
16006 476.369843 220.053680
16006 476.369843 220.053680
13498 375.533966 44.816013
16592 104.939728 338.864136
16592 104.939728 338.864136
6820 295.589142 316.032471
6820 295.589142 316.032471
17944 201.776505 274.583740
13325 245.921524 205.983353
20027 158.723709 376.275421
20082 475.750549 408.490051
19795 335.086853 424.349609
4532 417.457550 305.493134
4532 417.457550 305.493134
19193 422.021240 187.348007
18064 590.788391 174.406372
16592 106.279762 336.494659
16592 106.279762 336.494659
5570 152.491837 204.250931
17037 120.570351 194.327469
17037 120.570351 194.327469
12793 313.141754 205.401764
12793 313.141754 205.401764
5765 116.328255 332.443939
5765 116.328255 332.443939
5765 116.328255 332.443939
12694 341.881470 102.026558
4849 580.912964 226.961914
12779 317.415009 78.125397
12757 325.554657 201.277115
16006 478.698730 218.367584
16006 478.698730 218.367584
17262 215.654556 434.336334
19285 190.774948 351.125549
17324 112.599213 188.305710
20028 158.718079 375.260834
4532 418.141510 304.463348
4532 418.141510 304.463348
18199 419.563934 184.880112
5765 113.920006 334.471893
5765 113.920006 334.471893
5765 113.920006 334.471893
6181 173.885483 271.064026
18811 171.752747 337.157928
16785 186.168015 327.482300
12760 338.208160 102.019119
13825 311.184937 140.535858
18516 554.687317 207.819077
19623 556.903381 168.998535
16664 573.211731 60.378685
12725 333.395782 179.531738
13337 333.357025 142.948425
12719 420.921692 76.211861
13105 382.156891 92.646523
13109 335.723022 75.743500
12953 374.688660 66.337814
16111 417.320770 305.699127
12782 283.845154 197.325638
17565 573.584167 227.826538
17035 100.722298 189.830978
19347 543.825989 67.877029
16484 512.998840 230.509918
19747 417.201263 194.662476
12724 316.682617 78.126183
12783 272.815643 72.561172
14949 449.224548 189.049179
13143 390.548248 165.100037
5765 111.988098 333.006104
5765 111.988098 333.006104
5765 111.988098 333.006104
17029 120.882942 195.540390
5287 190.232285 353.884857
5287 190.232285 353.884857
19866 557.381592 230.101242
17460 526.188049 219.454102
13132 311.809601 176.007233
4708 470.927399 229.740662
12599 410.554230 110.141602
5089 439.465454 204.833679
12761 378.840851 92.624199
12969 336.636536 99.335632
6080 91.444656 195.121719
13722 283.758118 102.894157
6078 280.359924 82.254890
16108 428.740784 176.554977
16007 439.013824 155.635635
17455 488.021729 194.650101
5792 382.504181 113.356148
6709 91.411308 202.114120
12785 293.917114 204.398972
5287 191.969971 353.313660
5287 191.969971 353.313660
