776
-0.0519 -0.137 1.23 0.0113 -0.758 -0.0957 0.645 
20498 312.229980 445.865723
20354 404.639526 427.182159
20584 413.281433 318.515228
20378 161.195267 387.607025
20384 56.009544 381.624878
20384 56.398102 380.449158
20173 73.577438 350.235901
20173 73.967918 349.843201
20585 512.446289 319.915039
20467 469.860443 321.104614
20377 227.123688 392.772858
13494 183.685272 28.181231
20331 235.701447 448.929657
20517 233.589706 420.286346
20557 192.940826 341.813690
19635 158.897354 212.822784
13732 345.256897 92.870583
4574 505.321594 198.019501
20201 246.410065 279.887787
18520 159.093842 186.178802
20537 159.193039 376.833832
20428 475.416443 360.310944
15174 247.595581 280.686127
20355 405.419281 427.955994
19667 135.969086 425.147614
7094 430.890717 324.319641
7094 426.165344 322.855225
20558 118.304573 339.454468
20554 77.483063 345.133179
20380 468.931671 398.300873
20571 363.816772 326.678772
20452 339.940948 328.718140
20538 591.756409 389.179565
20436 558.965698 353.175201
20364 239.039062 415.066956
19952 304.095123 330.683136
19952 303.697601 330.879944
20154 233.201904 420.867889
4941 471.956421 241.450333
20528 227.452820 385.167542
20550 182.324966 351.341919
20581 470.167480 321.653351
19636 154.511429 180.355164
14946 130.469238 145.492050
14946 129.774475 145.264206
20527 71.584709 379.653748
20173 73.577438 350.235901
20173 73.967918 349.843201
20491 216.944183 274.659912
12667 361.069061 143.739731
18313 207.713913 310.233673
18313 206.947174 307.055450
13950 273.828857 203.276138
12745 359.901367 208.934311
12578 462.607147 103.054062
12683 337.803894 102.467987
12962 409.345642 152.524078
20395 280.494568 379.689270
17705 592.038208 315.988495
17705 591.647949 315.791687
17705 591.647949 315.791687
20357 406.126282 427.718567
20523 462.510620 416.157928
6979 56.661777 255.202957
20437 558.965820 353.371307
19319 512.448181 319.326477
19457 470.631592 321.886475
20596 469.534637 310.087402
20572 364.609131 327.269196
6171 436.527771 323.294922
6171 435.959259 324.150269
17434 507.856659 240.851547
20384 56.009544 381.624878
20384 56.398102 380.449158
20555 77.484741 343.957062
19952 304.095123 330.683136
19952 303.697601 330.879944
20448 265.607208 333.098175
14946 130.469238 145.492050
14946 129.774475 145.264206
13234 371.659119 171.031555
12752 437.057404 113.685585
12580 436.840027 92.836639
12770 393.367157 103.529617
12678 367.819611 81.211754
12777 473.084320 75.096428
20432 475.033478 359.530304
18932 145.072144 347.579956
19285 231.041595 366.696808
19491 471.442627 240.454941
17425 303.936401 330.880493
19473 521.482361 250.780045
20574 364.135040 326.558929
18824 346.949921 328.033020
7193 181.683533 237.039368
20267 67.889725 379.209259
6535 57.797855 379.273010
13194 66.251526 348.209625
14947 130.603775 146.097687
19825 193.433548 340.129333
19590 207.223251 306.204102
12793 361.048645 209.223541
12587 463.528778 101.996361
12694 392.812317 104.635078
14078 345.256561 92.732292
17303 474.613953 206.454391
6171 436.527771 323.294922
6171 435.959259 324.150269
5789 329.760132 260.641113
20383 469.071442 398.393829
18163 136.437332 424.441467
19686 279.858490 378.866058
6406 67.888069 380.835876
20426 66.250038 349.056488
12708 360.617554 182.870667
12701 360.788635 144.580032
12952 313.741943 85.286148
12589 462.429932 112.610878
17035 157.435318 185.543533
18313 207.713913 310.233673
18313 206.947174 307.055450
12779 368.266022 80.219566
6329 144.597565 190.107178
13498 427.768097 45.085022
20208 536.734314 226.791260
20459 350.333099 327.341675
20454 536.821350 332.453094
19075 302.844269 329.397675
12871 156.853424 342.420288
20511 235.942215 434.443970
6144 279.201843 379.402435
20356 406.400696 429.117920
13825 362.910706 145.466202
15644 140.709305 175.965851
17287 225.046005 337.151855
12760 390.046112 104.199654
12724 367.455383 80.613251
12782 335.893463 199.224670
12953 425.712036 69.072296
18199 475.290009 190.254456
12719 474.181915 76.651222
19179 535.615540 332.048431
16111 470.621246 320.517944
16111 470.623657 320.110107
16111 469.649536 321.584106
20115 521.211853 249.084518
5780 301.196930 330.623688
15180 219.853378 276.057251
5765 156.509277 340.724426
5765 154.909668 341.935120
5765 152.500214 341.922028
7094 430.890717 324.319641
7094 426.165344 322.855225
5765 156.509277 340.724426
5765 154.909668 341.935120
5765 152.500214 341.922028
19880 521.689148 248.109528
12970 348.978333 101.088409
13722 333.312469 104.407120
12785 343.943451 207.931870
6078 326.058289 85.563339
12595 453.750031 61.615459
13105 433.682251 93.094498
13109 389.244720 75.490929
20205 522.444763 173.920532
16111 470.621246 320.517944
16111 470.623657 320.110107
16111 469.649536 321.584106
6021 232.580658 364.477509
5287 234.041687 364.197449
20305 212.748840 332.374023
6080 143.877502 201.224945
5792 435.061462 113.856010
12761 431.355835 93.071846
12969 389.451660 103.044250
12596 414.516449 155.381287
17460 564.860107 219.042313
17455 546.840271 198.547806
12783 337.199402 83.853844
14949 505.283813 191.279419
13143 446.100922 166.204742
5765 156.509277 340.724426
5765 154.909668 341.935120
5765 152.500214 341.922028
12732 361.528717 144.489410
12599 462.929352 114.156914
5570 205.636795 208.405609
