778
-0.00271 -0.145 1.27 0.0123 -0.77 -0.0973 0.631 
20202 498.831360 207.962555
20774 430.414551 383.163300
20675 461.739990 369.222717
20773 159.194138 377.029572
20654 494.600586 409.915710
20746 59.967205 419.805634
20791 500.612915 367.990631
13222 247.741135 201.984283
20732 431.987427 439.701172
20467 493.844177 327.647095
20825 475.710205 315.170593
13494 205.089386 30.021893
20462 426.934326 330.259308
20771 200.058624 379.079926
20762 256.552155 394.165375
20748 252.208557 420.403015
20797 231.083298 350.957367
12683 357.090363 103.296524
19635 179.166718 214.659973
12747 414.735992 104.880508
13732 365.291901 92.948792
12678 387.547974 79.948120
20756 243.340149 413.539032
20789 460.962982 369.033173
20772 159.193039 376.833832
20734 431.205719 439.509644
20740 424.189026 433.889374
19841 500.814301 326.828278
20827 60.048927 296.390320
20700 427.333069 329.271484
20820 568.676758 325.740875
20183 588.932861 362.355988
19699 231.472214 350.568024
20528 243.177231 391.144836
19636 174.205292 181.348999
20173 91.110931 352.176025
20173 91.500359 352.175781
20491 236.944839 274.698639
20743 244.761978 427.710754
20747 312.202393 423.553070
20802 177.429413 345.620453
20823 224.932083 313.496674
12578 485.889618 102.113213
12745 381.362335 210.436050
14946 152.029724 147.869675
13830 422.618195 190.281601
18520 178.784500 188.354843
13234 391.829315 173.518417
13226 404.412720 77.306839
20752 585.857361 425.139801
20815 425.219604 329.050354
18683 254.023010 370.729401
12695 379.815247 185.348099
12695 381.181183 185.014938
12667 380.965515 144.094971
19596 591.664062 322.844421
19473 545.393005 256.479156
20778 237.577621 377.636810
20378 174.459122 393.550262
19070 266.804413 334.998627
18534 212.242157 258.003693
20813 378.867737 331.948730
20767 84.452850 383.483002
13194 81.403923 350.726593
12768 343.819794 83.884171
12580 457.846527 93.040245
12770 413.094879 104.818245
12750 403.979156 186.356613
16006 559.239868 229.752716
12777 495.477844 75.247749
4532 493.846558 327.176025
4532 494.682678 327.171814
20354 427.683594 439.526001
19940 500.609192 368.774017
20736 150.504288 431.517456
12581 460.082001 155.251373
12892 299.027100 200.622269
20780 158.718079 375.260834
16592 161.361023 349.785492
4532 493.846558 327.176025
4532 494.682678 327.171814
19696 175.295242 345.644409
12695 379.815247 185.348099
12695 381.181183 185.014938
19597 590.262390 323.687744
20811 367.825623 333.089722
17425 321.426514 334.886993
20801 175.297241 345.926819
6181 241.018295 275.689331
20793 81.685883 349.597046
19590 223.839462 308.858124
12589 483.763336 113.896721
12587 485.316986 100.528976
14947 150.993378 145.583527
12793 381.650085 211.008926
7193 200.459137 236.634430
12752 458.059479 113.912926
12694 413.091614 104.484955
6329 163.591522 191.306152
12704 405.391968 146.591324
20814 425.781738 329.330048
19564 584.699524 424.441254
20168 494.837524 408.974945
19925 254.255661 370.261780
18921 431.443756 438.806183
19608 544.835144 255.913803
12701 381.253784 144.704788
20776 158.723709 376.275421
6820 368.861389 331.379120
5780 315.235504 335.564789
19825 210.580154 344.507172
19585 228.978958 318.789795
17320 173.697372 181.072098
20267 82.037086 383.259918
6331 214.575058 271.525330
17324 178.581238 195.922256
12757 392.780609 206.808685
19193 497.890076 194.770676
12719 495.946594 76.800125
12779 388.564758 80.342163
13498 450.982605 44.882568
19834 395.533813 331.239136
20819 494.686035 326.493469
6979 76.530762 255.987427
19285 248.038300 371.904480
19285 246.340485 371.891327
12871 174.619659 344.905579
17035 179.051422 187.788254
20753 585.253174 425.283386
17029 190.614838 197.859222
15644 161.373703 174.812057
19067 233.286606 351.477692
17569 538.789429 204.336746
12725 402.459747 184.745728
13337 404.593628 148.199890
17303 496.651733 208.301132
12724 386.945007 80.729126
12953 447.513092 69.244247
20208 562.807861 228.921524
18199 499.342865 192.888382
20821 567.034363 324.729584
16111 494.682007 327.307465
16111 498.534271 327.288605
18830 224.841721 306.472046
20763 65.459717 388.156738
20795 164.596237 349.309265
20792 82.963028 353.489166
19689 249.736649 371.917511
12760 410.498016 104.380074
13825 382.554199 145.589630
6021 248.758347 371.910065
17287 242.663712 342.588409
6156 210.514923 344.778046
18529 489.756042 195.248672
12783 357.719879 85.629578
6078 343.068756 86.728951
13105 454.016022 93.292717
12595 476.984009 61.766361
16111 494.682007 327.307465
16111 498.534271 327.288605
19880 547.051697 251.100616
20306 230.871155 333.686157
5765 169.874634 344.954254
5765 167.566574 346.109680
16785 244.585861 337.705688
5570 224.864883 209.458618
6709 164.057632 198.152679
5792 455.970673 114.082649
12596 432.028229 155.560760
16007 518.874878 159.927856
12762 438.234833 82.780998
19578 262.040497 336.251709
20804 247.954926 343.214233
20611 543.393799 202.028168
13219 490.610138 100.552559
12761 452.274536 93.275932
13143 463.534027 169.886795
20661 77.100868 384.535095
5765 169.874634 344.954254
5765 167.566574 346.109680
12732 382.769165 148.113358
12785 361.790741 207.970474
13132 383.008362 183.242889
15275 126.644142 195.503342
20472 498.545166 324.944580
