77
0.323 -0.129 0.587 -0.00586 -0.52 -0.0653 0.851 
2070 467.308380 285.260101
3918 363.322083 167.453674
4077 306.022522 224.435806
3936 542.158630 160.813370
3446 582.704834 109.677963
3989 466.146454 284.789764
3777 379.866058 248.022873
4090 436.739655 240.641449
3932 379.038879 228.085999
3888 360.892181 166.547470
4011 169.429764 237.932755
3987 466.763428 283.765076
3044 516.792969 240.936493
3757 407.645111 58.248013
3886 356.256531 124.086571
3882 362.603180 166.272537
3569 478.731293 224.485962
4055 306.089050 221.505325
3893 259.523834 213.792389
2753 531.444946 238.952026
3889 298.789856 164.478058
3925 453.999298 151.145004
2068 466.425659 284.788971
3887 358.660858 217.810318
3424 448.570068 222.287140
4091 478.977600 137.306412
3378 466.371552 226.807388
3954 479.887177 40.349976
3802 474.889435 50.347691
3983 533.108704 347.362152
3896 298.788483 164.884918
3760 481.960693 134.519073
3900 307.579742 221.007706
3295 461.067657 224.396744
4080 356.118317 92.104561
4068 358.250305 219.048096
3951 544.499573 108.433975
3592 537.281433 115.644798
4006 166.721710 236.261887
3468 480.334198 224.494064
3299 460.479584 222.627411
3455 439.616455 233.152039
3905 308.174683 222.197586
3442 437.868347 233.145721
3906 379.056061 227.025467
3897 352.861450 92.490494
4000 141.823959 99.553444
3993 136.008102 102.487419
4005 164.454712 209.861801
4064 518.786011 239.316086
3894 455.583313 148.740402
4007 163.974411 209.865005
3202 481.286865 222.736969
4065 228.118790 168.305969
4001 164.204300 180.619308
3172 483.991852 135.216400
3574 452.877869 148.807144
4013 167.296127 236.847549
