786
0.141 -0.165 1.39 0.0078 -0.801 -0.0991 0.591 
21395 426.117035 439.728363
20201 316.006866 285.982574
13494 258.655701 30.745298
21461 57.590797 353.399414
20890 205.734924 358.586060
21467 83.318451 353.163147
21481 168.327087 347.713684
20901 454.164062 342.829468
18534 261.805145 259.195038
21130 217.231537 190.765488
21511 273.257538 318.706055
19635 231.740433 215.333664
21524 315.607056 285.583160
20970 215.910065 409.451752
21424 84.439407 395.726776
5789 401.650665 265.167236
5789 400.561279 264.355682
19695 219.754028 354.001801
20462 491.057434 341.591248
21068 66.909142 409.848297
21411 40.721298 413.808685
20528 288.522034 409.513458
12667 435.965240 141.585541
20867 256.527618 390.658203
21463 126.488937 355.268982
21468 83.318230 353.359222
19636 227.860870 182.023911
21482 229.101074 348.193085
19590 273.837189 315.102661
19590 273.262451 314.243988
14946 203.646927 147.082748
13732 419.264160 88.739914
13830 480.341370 188.229523
12962 487.515625 149.851425
12887 415.676758 80.166344
15913 211.097473 240.173386
19996 252.329590 237.688263
12662 475.340088 69.741928
21246 556.283447 191.770462
21469 83.085472 352.418427
21276 301.462158 385.041473
21215 428.399689 343.428558
20378 215.516418 409.059082
20378 216.446075 407.896210
6979 131.906693 256.423737
20542 281.344452 391.509277
20542 281.719543 391.544800
20395 347.706207 404.899017
20571 443.638885 343.305817
20858 66.210480 410.035217
21405 34.712379 418.974548
21405 34.478497 418.505615
20692 375.230438 346.157623
21491 304.925812 346.269348
21227 272.663666 318.901520
20384 109.612770 396.296722
20384 110.198090 395.708069
19340 264.191711 271.158936
20771 243.583084 392.902161
12745 433.785675 209.292068
14947 204.207474 147.029739
12578 546.462341 95.522850
21386 180.236832 197.943054
4941 557.665283 245.237045
13325 368.494385 208.959671
16592 205.650879 359.713593
12695 434.153961 184.055344
12695 434.140625 182.562164
21501 489.586304 341.325317
20574 443.406708 343.072021
17320 225.745605 182.278214
6820 427.931885 343.196472
6820 427.370422 342.918030
6820 428.044189 343.252228
21064 288.819611 428.647736
21164 111.134430 394.766327
12587 547.390442 94.222763
12752 515.886963 107.462875
12701 435.407135 141.859314
6329 217.216919 192.544174
21431 243.110474 392.664703
21471 255.550842 353.343048
12770 470.223389 100.391335
7193 252.605713 241.986984
14078 419.680756 88.235573
12580 517.777039 87.371399
12777 559.005920 65.804939
12750 458.822357 185.410858
13484 464.850677 58.634708
4532 563.628601 338.318359
4532 567.050293 338.547760
4532 567.051208 339.360748
19686 348.181549 404.198212
21489 420.559784 348.064209
18683 301.223511 384.572815
21405 34.712379 418.974548
21405 34.478497 418.505615
21427 97.084953 396.185547
20378 215.516418 409.059082
20378 216.446075 407.896210
17143 345.754456 345.360901
6820 427.931885 343.196472
6820 427.370422 342.918030
6820 428.044189 343.252228
17425 374.619049 344.980133
17425 374.968201 343.617798
21069 65.871239 407.665314
20267 122.476471 393.416504
20267 121.265854 395.448456
6149 128.448364 356.448395
19987 288.628906 278.180511
6331 263.542816 269.531525
12793 436.037018 209.590866
19590 273.837189 315.102661
19590 273.262451 314.243988
19285 294.111145 385.672333
19285 293.969482 384.324127
21361 296.726898 351.864075
17029 243.253082 197.459305
12694 469.539642 99.048668
21382 208.872711 183.448715
21302 169.386765 192.746704
19491 558.832764 241.071564
17303 560.707520 206.631805
12719 558.815247 67.475929
12779 443.137238 76.799957
12581 519.243530 152.801926
5311 489.589630 340.760559
5311 490.594177 340.754669
21496 434.130402 342.863892
21376 66.301292 321.966492
20267 122.476471 393.416504
20267 121.265854 395.448456
12695 434.153961 184.055344
12695 434.140625 182.562164
21523 265.966156 289.529297
12589 544.499573 108.433975
19285 294.111145 385.672333
19285 293.969482 384.324127
17287 291.355225 345.319122
20562 256.941010 352.470764
12952 384.526917 83.101456
12703 425.972382 97.814941
12953 506.029602 61.921017
6144 348.072205 402.519135
6820 427.931885 343.196472
6820 427.370422 342.918030
6820 428.044189 343.252228
5311 489.589630 340.760559
5311 490.594177 340.754669
21377 65.560081 322.306549
6181 290.353088 279.907104
21196 205.782806 359.376282
13722 406.588959 102.424568
17035 229.877075 189.788406
5570 279.654144 207.999817
6811 219.092010 353.393890
6811 216.423203 354.103149
13825 437.153931 145.145401
21281 284.065948 369.215027
5765 216.418259 353.517670
6183 219.745728 190.654648
15275 178.507629 195.109406
21240 208.072571 182.642380
13219 553.242737 93.981216
13105 514.878113 87.998146
12762 497.394897 76.327408
12725 457.872833 183.270416
13217 446.125000 168.539917
12760 465.675537 99.172066
13109 465.449615 73.221939
12724 442.241974 75.913475
12970 424.406677 96.456673
6078 399.801483 82.448471
16785 292.838318 345.814423
21409 55.870083 417.367401
16111 568.020203 338.874146
6667 82.911758 397.417664
6156 254.503067 354.407410
12732 438.899017 145.164749
21126 170.951675 201.612518
12596 487.636597 152.668198
5792 515.002930 107.682045
12761 514.871460 86.840637
20833 169.871597 192.255203
6080 216.147705 203.622391
13143 525.856140 166.961365
21167 120.779984 394.472137
6021 292.995422 386.746063
12785 418.463531 208.232285
21510 65.562065 321.331635
