790
0.238 -0.194 1.5 0.00379 -0.82 -0.106 0.562 
4941 608.956299 240.715149
21881 436.246399 387.019958
21911 459.934357 351.415222
21828 498.448456 441.472900
21843 500.413025 429.697906
21910 383.512421 350.239990
21761 353.807922 349.789490
21730 562.914734 399.284302
21923 599.900269 349.316437
21924 575.531433 349.273560
21889 61.873867 355.156616
21856 133.995514 404.158875
21511 307.059235 318.809448
21583 147.633972 402.818512
21887 235.109619 363.731964
13494 295.736420 24.872847
21805 128.660019 262.785980
21861 272.742004 403.996857
21418 388.980988 420.464142
21130 252.583710 184.581589
19996 286.866730 231.642517
15913 246.417328 234.122620
12677 546.349487 71.081291
21875 562.524292 399.283936
21806 127.735786 262.080872
21863 314.542145 403.753418
21852 263.746948 412.889404
21867 414.613892 400.840912
21627 415.986664 351.971985
21653 104.704834 303.182831
21888 235.108017 363.536163
20173 160.041733 362.470551
18534 298.096008 254.881714
21921 475.116455 347.772552
21931 309.682251 339.185059
21836 322.057404 436.170593
20201 352.767578 284.371094
13732 458.893616 79.849045
18683 335.401276 395.821472
21588 287.502167 401.151428
21891 251.763809 357.984924
21799 239.222763 140.667297
12887 455.327118 71.718529
12962 530.409058 142.054123
19199 289.050720 237.026855
21829 498.057343 441.669434
21844 245.356888 422.306366
12665 526.268921 71.222893
21227 306.063324 319.006073
20890 234.398132 363.060364
21849 558.091125 425.897278
21864 323.165924 402.547455
21912 415.175293 350.368927
21872 414.779724 399.631805
21656 104.317627 302.790894
20289 153.266815 358.201355
21468 110.174133 353.356110
19989 327.599152 235.206635
21062 80.229523 427.267120
21840 53.092957 427.364441
21841 81.624870 423.035522
21845 57.892998 421.552094
20384 133.604187 403.256439
20384 133.604187 403.256470
21538 164.948288 250.704788
20720 300.015503 268.794617
21918 491.214844 349.220245
21635 490.239807 348.849731
12745 472.924225 203.896576
20867 287.063202 399.943787
19695 251.565521 357.787384
21276 335.874390 396.754822
12667 475.728180 133.404373
12578 593.412659 84.193840
12752 562.817505 97.927826
13830 521.412720 181.723083
13234 487.654724 163.875900
12669 529.893188 46.600712
5789 442.384888 262.047119
20293 562.289734 399.048126
21509 96.176155 319.250122
20378 244.963654 422.109436
20378 244.719727 420.707336
21652 529.810242 320.269806
21876 561.728333 399.895477
21865 314.067047 402.819946
21839 53.781105 427.137238
16592 234.400497 363.342377
21469 109.988396 354.108582
19987 324.864258 276.477264
21022 308.207367 313.771576
5032 460.178772 350.001709
19310 501.264771 349.165192
21922 490.940552 348.375153
6406 147.074295 403.286987
19340 299.536591 269.273987
5763 309.732452 366.305267
21749 251.327591 357.550354
6710 252.861282 185.462296
21241 239.677765 140.595856
14947 238.838684 139.932388
12589 592.378845 97.830170
21873 335.116730 395.821838
21386 215.530502 192.558044
12704 502.043549 135.520279
12770 513.765381 90.697777
12750 499.421051 177.893188
12695 474.374023 177.663284
14078 459.970306 80.274879
12952 424.949707 74.650093
12587 594.246826 84.481316
12580 562.422363 75.863228
21726 415.055603 400.471405
20860 321.191071 434.967529
21376 94.871605 320.237915
21746 45.219688 353.885040
21848 250.358231 419.341766
12581 564.443420 146.358124
17029 278.109497 191.112885
21405 52.966244 428.531189
21405 53.935490 425.848297
19590 306.943085 312.969177
21886 311.166992 370.197296
21901 249.613342 355.673645
21917 385.182129 350.085541
13325 405.514984 204.277649
12701 475.594116 133.915405
12694 513.757446 89.358070
12703 469.447968 89.030525
12793 476.602264 204.093338
15773 245.809158 231.691437
21530 210.461884 194.299591
21302 208.028458 187.527283
12953 551.853882 49.386616
21179 335.801331 394.476013
7094 573.463928 349.058533
7094 575.148376 348.722412
21900 45.723900 352.812744
21846 245.012436 422.389893
21069 86.055405 415.806793
16666 222.533463 194.746902
21240 244.624481 177.432129
12779 483.791565 67.098366
15180 322.487335 277.692596
19285 328.423126 396.499115
17425 415.804199 349.459320
7094 573.463928 349.058533
7094 575.148376 348.722412
21919 465.591766 349.463013
21936 87.351852 322.273621
19585 309.025299 323.253601
21860 146.732666 401.593628
21893 152.591507 358.987457
21414 243.983749 420.366638
18811 311.161987 367.356750
21895 247.178101 357.282043
6329 251.895981 187.171829
13825 477.647766 136.889664
20833 207.556961 186.065674
15644 251.551071 168.095627
21907 384.681610 351.555267
21537 251.375671 191.592346
21126 207.481659 194.867935
13722 445.306122 93.208191
6078 438.144562 72.428734
13105 558.384949 76.630699
12762 540.908020 64.970230
12725 498.233887 174.887100
13217 486.585480 163.127594
12760 509.074158 87.963676
13109 506.029602 61.921017
12724 482.826813 67.573509
21908 414.080139 351.345520
21732 562.265625 397.440430
21914 475.247772 350.855347
21523 301.111786 283.644470
21857 144.071198 403.292206
21894 155.004578 359.000763
6811 245.710251 357.270813
12782 446.369690 194.892120
21920 474.096588 349.692932
12732 477.050873 135.143921
17287 329.622742 357.613190
21915 386.457916 350.370972
13067 333.186554 350.571259
5570 315.343475 204.361572
6080 251.407776 186.880966
6579 222.046967 194.750717
5792 560.230713 97.491196
12761 560.125671 76.640236
12970 466.169220 89.946800
12783 450.932526 73.108208
13132 477.447784 173.526657
6021 329.603516 396.111389
20661 143.486328 402.120667
6149 155.489960 359.490875
21902 251.533005 350.282623
