7
0.000361 -0.000478 -0.00155 -5.5e-05 -4.97e-05 9.53e-05 1 
4 471.672516 96.762917
5 493.932220 88.242744
111 440.752594 212.494659
77 155.742340 131.863556
50 142.249878 125.192619
107 336.907959 155.804901
29 248.404343 229.147430
103 589.838684 228.925583
14 381.817108 228.093018
16 377.813171 216.143936
26 96.102661 48.913635
92 73.925797 49.158268
90 282.740845 96.810509
25 46.918919 34.647873
49 336.912567 158.741318
34 275.436615 161.831940
19 226.423706 219.914398
37 488.907104 173.643387
39 486.881317 163.868286
234 284.909088 130.004700
56 144.753387 31.238947
53 236.219681 35.652935
62 288.868347 39.269363
139 607.592590 399.235626
116 599.970520 113.092606
95 85.188843 125.937218
0 477.259064 65.890152
63 235.121017 159.225250
64 174.744461 165.714813
65 215.902878 130.239044
119 120.341370 399.241608
121 107.856087 375.701904
133 177.429413 345.620453
127 134.015564 423.772888
76 120.671066 162.301590
85 211.067368 127.385605
86 223.107101 94.412132
102 490.122314 203.982391
104 549.099915 229.753525
80 157.977341 205.964142
110 409.479828 226.193359
97 103.472015 123.514366
6 497.448761 157.150833
257 588.877258 65.632538
113 570.615112 70.259132
114 585.455383 35.924133
115 571.276245 42.330105
73 246.628540 191.325745
46 331.897705 102.460266
68 204.361511 219.437332
367 222.036163 61.127357
82 200.072815 57.046818
93 140.711487 65.127136
118 456.742676 51.282795
209 253.760452 35.568768
67 275.643677 130.644150
159 446.646332 301.530212
17 360.925781 221.072861
235 294.512329 99.830154
60 285.326904 161.776062
249 335.920807 159.131607
233 198.753265 97.549644
87 206.592453 91.298203
180 337.106049 155.609558
181 332.321381 132.219345
30 266.252075 214.181046
193 261.870300 220.952591
264 367.712128 104.505051
259 586.558838 42.608093
296 582.986389 35.674686
212 235.117218 159.616119
171 496.866974 156.950592
172 482.859436 148.636429
189 72.964005 49.364403
177 488.914337 174.424484
179 483.002045 162.659866
83 273.132019 64.241951
202 169.090714 113.702568
51 168.484344 116.226318
197 231.616669 157.306595
204 328.760101 128.724823
205 326.385162 105.538017
182 275.450775 130.063614
185 255.532776 115.124611
194 463.683838 211.853607
66 200.095932 151.794785
170 255.122452 161.782928
214 314.523712 132.224594
183 257.783722 126.711853
218 200.750580 205.854141
71 313.015991 219.046692
58 295.159546 181.395752
220 257.468170 191.451447
12 169.917770 168.729630
201 154.973618 131.288635
224 149.582138 223.864319
225 129.889877 233.364899
226 157.783112 206.161545
227 231.369507 63.365681
228 199.880875 56.662567
211 294.401154 68.744766
208 267.797516 36.659760
231 210.874924 127.193977
232 222.910324 94.606766
188 86.808151 50.347507
241 85.188843 125.937218
404 102.694916 123.518509
244 100.538750 87.415459
245 491.547760 215.566742
246 490.322174 204.964188
247 591.395508 228.931183
248 549.487427 229.950607
254 324.003754 198.162704
255 439.195007 212.879807
258 570.807251 70.067291
260 571.770142 50.402660
261 493.868439 78.953148
262 601.428833 127.268433
263 456.351196 50.894630
265 159.193039 376.833832
266 108.323837 376.407959
269 63.428276 414.539459
271 104.338150 407.485321
272 173.795578 272.220459
273 220.469070 242.528259
131 293.033966 241.016052
274 177.622086 345.425781
279 606.823303 399.239899
280 602.830688 374.792542
157 526.024719 297.322144
149 432.031128 430.923615
195 60.819824 49.579048
398 47.264965 48.548496
305 265.532837 160.762894
297 498.569305 77.217545
300 470.180054 59.779919
329 87.037590 50.576458
330 73.194115 49.360970
332 73.329002 41.083755
167 322.605225 100.456894
295 572.217407 49.254715
308 112.146545 51.783848
420 361.090576 228.144073
313 154.962509 132.453384
314 153.759735 111.520073
166 341.742523 103.245804
301 318.356537 97.690544
325 493.366669 154.814087
326 478.030060 153.256760
327 487.726654 147.752594
328 482.152985 147.695374
419 391.977142 228.216827
252 370.676453 220.896698
340 600.724060 126.098564
341 98.469910 424.450592
342 63.431904 415.713531
412 172.176254 276.240143
358 100.775421 86.715988
457 176.672363 342.830231
275 193.265961 316.059967
348 491.020264 205.439667
120 159.194138 377.029572
268 111.125557 372.174561
361 473.376526 108.498779
362 492.763367 87.769829
343 591.393860 228.462372
344 549.486511 229.715897
368 213.095352 33.224945
223 62.585110 228.922226
270 119.556587 438.579254
360 104.103859 407.485504
364 254.909561 77.248100
371 157.093475 205.460587
402 222.943527 126.687622
403 210.885437 126.263756
333 233.568069 105.141724
374 313.935760 217.491837
384 203.566605 218.186325
386 200.289032 205.148544
392 145.826752 34.908596
378 335.446350 160.541702
379 336.866882 154.904938
387 587.656372 66.077148
388 571.039551 70.069138
394 289.741638 157.798630
322 274.483398 99.246162
400 328.265686 76.962662
399 457.513519 49.975174
479 328.307648 185.191528
289 431.246613 431.317810
507 553.763123 263.547241
286 445.085327 301.933044
439 377.242584 49.791702
417 355.928772 231.583267
422 366.237854 221.267914
426 273.927734 97.864471
428 279.033722 94.509262
324 250.552963 93.887421
369 148.657089 223.868927
434 477.481323 154.092148
435 489.133789 149.167358
315 274.270996 129.838989
522 264.199432 128.295303
430 279.778198 156.442520
432 251.495514 144.853775
437 217.574417 155.298187
438 222.722351 146.824707
444 409.287445 51.620457
443 363.883972 84.508003
445 151.723083 45.136230
446 139.603088 48.867489
447 597.843506 112.944046
508 173.562027 270.563995
450 591.676147 229.025955
451 549.768188 230.561935
455 204.401093 219.318665
456 215.544556 190.858337
466 98.189194 423.602722
468 63.872448 413.751740
366 62.353477 228.454330
460 223.617645 126.680244
461 209.477890 126.837669
336 215.435928 94.218361
459 430.279236 135.088470
515 313.132141 215.714172
376 293.897583 190.367630
509 289.429199 39.804264
464 498.634094 87.253586
484 499.692627 215.096878
485 491.359497 215.047409
486 491.305878 206.571167
487 87.389702 77.571838
488 72.641914 49.369247
349 158.723709 376.275421
474 108.323341 375.109192
475 120.061226 355.817688
483 138.888412 154.432602
477 493.541321 78.858147
572 368.828003 178.817978
382 324.003845 197.448730
480 379.550873 144.692551
481 336.866425 154.623291
502 137.186630 117.518669
503 141.065079 90.692711
499 199.113052 152.132965
415 299.273712 126.075905
302 294.279449 99.138596
504 456.384583 48.579472
319 341.033875 103.244232
536 345.945129 96.054512
532 309.308990 62.253323
533 319.473267 44.382362
416 148.380981 223.587769
537 245.890106 128.458237
538 223.213165 126.684669
539 239.861923 122.493591
540 233.781433 122.555923
395 276.224274 160.521912
531 410.641296 52.624638
541 376.233002 50.449677
526 351.984558 74.189919
530 299.122437 74.190918
524 345.896790 78.146523
542 492.185181 153.569122
543 478.164398 155.445389
587 194.373581 263.296753
546 292.413788 240.554886
555 232.319611 62.648315
357 85.467552 126.215836
545 151.399780 42.128345
557 204.575562 218.180603
558 239.509964 209.371368
556 174.284103 267.384308
600 323.486694 199.219711
492 454.595062 218.228165
571 420.213165 222.147964
559 98.189972 421.906708
467 103.259842 408.334076
471 588.038574 65.749947
511 572.041870 63.567814
574 337.894104 154.287048
563 480.713684 220.417694
564 500.688354 214.424973
565 492.689209 214.377121
577 211.495804 126.814941
567 101.107552 87.552475
569 73.299690 49.691017
584 364.477173 132.165848
534 341.881470 102.026558
528 309.281891 76.151108
582 294.823181 130.113342
424 265.207550 129.627213
501 294.278290 99.415604
581 499.641266 87.260406
517 493.598572 87.218483
585 486.328156 169.677399
433 494.244995 159.309494
421 376.552399 224.734406
579 323.484222 215.709198
586 345.826599 46.382950
505 446.552979 300.219208
650 408.632294 54.603729
595 335.838867 155.094955
625 542.769775 234.525421
608 230.191391 155.638092
610 218.067245 153.338516
605 477.917175 222.033859
606 458.139709 218.493805
611 223.159973 131.508957
604 492.291504 214.781677
514 311.049805 231.429626
614 316.026855 221.496933
615 291.196472 224.007568
620 434.349609 209.511780
618 498.427216 86.449272
619 493.543518 79.192543
602 582.883667 67.681068
603 570.832153 62.756004
518 476.517853 64.648476
622 466.807556 59.781235
623 483.723511 55.069771
617 489.381866 153.945053
554 176.616898 342.886383
626 102.546730 122.974625
601 427.296143 108.629578
629 355.395233 114.060913
636 343.367462 223.984634
599 325.968964 214.057358
596 198.192596 207.182480
637 99.404129 422.313141
638 65.483513 414.973694
560 100.223984 407.657959
633 100.304787 86.751732
635 66.851410 55.758007
678 147.588898 222.167908
627 152.454453 209.940323
648 131.782730 81.773346
646 484.736267 170.876205
647 491.881744 163.664322
651 489.860352 209.883301
652 471.882355 91.055008
653 277.959381 240.570740
657 444.126038 300.640686
660 483.639893 157.279068
661 483.610413 154.371155
658 489.415314 157.337097
659 489.386658 154.429535
662 337.321289 156.070877
663 337.316467 153.150879
700 243.708786 64.159142
666 550.450256 230.659164
667 541.805054 233.547913
676 325.472076 215.048325
712 326.066864 190.147232
680 431.937073 212.445374
649 151.274155 55.170395
681 472.569733 212.703110
682 458.065155 206.730530
672 103.293602 417.914124
639 99.414314 407.658600
674 478.395599 221.546936
621 471.213898 67.497993
670 465.387146 64.575745
668 245.050095 131.280792
612 222.717209 127.654442
683 310.553650 229.939667
684 316.524200 221.000580
686 428.165985 121.867699
699 266.858521 89.792816
687 354.899017 112.617973
692 325.471802 188.374939
727 308.182495 215.058533
690 65.483521 414.973724
644 211.092163 126.819481
688 150.676025 76.364273
693 497.450500 84.997559
694 471.394836 90.569923
664 146.617905 224.613602
679 146.755768 201.204880
695 495.640259 212.849091
696 492.439880 171.920532
685 149.435577 239.257736
631 176.611206 342.072876
698 572.750732 62.293972
701 443.638519 301.134705
707 329.645294 211.482498
704 364.715698 78.786499
719 456.918152 208.485764
720 456.867432 201.434860
714 494.763214 173.690277
715 491.136230 156.191055
726 205.536591 226.088516
728 498.516418 212.281174
731 543.535400 233.554291
713 329.633728 183.064896
689 361.832764 225.797363
673 97.469971 409.125519
697 175.645767 342.066101
716 311.747101 229.342850
702 213.058014 159.120178
735 497.438934 83.263428
736 202.320618 339.336945
