801
0.136 -0.209 1.7 0.00545 -0.801 -0.105 0.59 
22183 153.266068 190.921051
22235 309.823029 414.234436
21594 339.363281 445.672333
21500 507.625763 362.866058
21760 339.464386 376.869019
20692 388.107605 371.966370
20692 388.107605 371.966370
21627 395.206055 370.743805
21627 395.206055 370.743805
12765 416.782593 196.149460
12946 389.606079 195.973572
20462 507.627747 362.395874
20901 475.468201 363.991821
22337 173.885773 191.218994
13325 388.472687 206.182693
13248 505.087250 33.488457
22127 541.504700 437.201019
21627 388.107330 372.013336
21627 388.107330 372.013336
21644 506.228912 362.684082
20867 229.850967 434.074585
20867 229.850967 434.074585
5077 388.471344 205.897278
21530 156.490967 204.222977
21530 156.490967 204.222977
20692 401.387878 369.890839
20692 401.387878 369.890839
19308 472.339813 363.224976
7094 533.152100 361.316467
21530 162.198059 190.370728
21530 162.198059 190.370728
12725 491.904755 166.090271
5032 407.096191 369.441162
19834 472.736969 364.034027
12761 572.828369 70.945541
6080 172.687241 201.013458
21126 115.136299 192.660904
22274 193.459564 394.788086
6183 172.757126 192.230850
12762 468.331055 70.360893
12952 348.923676 83.880020
22045 507.048767 362.369110
22105 103.518753 207.302353
5570 316.533600 206.140503
12732 393.261444 137.734436
12782 361.745453 193.759369
12599 504.447174 90.248070
5792 469.779053 103.829758
13217 477.307831 159.541199
21214 389.851868 371.417725
12785 368.903931 204.436371
6579 226.648956 204.728424
