803
0.0432 -0.358 1.6 0.0059 -0.752 -0.111 0.649 
12665 399.220520 72.428337
22793 83.346451 327.487701
22807 211.325180 277.739288
22707 253.255295 432.075226
21386 68.388535 188.528870
22799 227.575150 293.722961
22768 555.229797 362.310944
22776 169.709198 345.605804
12750 374.627350 175.106155
12667 352.477661 131.104065
12747 386.442871 89.620880
12578 458.965027 87.954567
19635 130.009201 208.689590
12763 376.861603 58.483406
12678 360.457855 64.159904
22197 63.733410 234.074707
22748 297.700012 382.104736
22772 527.210876 359.510193
22713 62.092274 427.200470
22727 88.640129 413.149750
13325 285.275909 200.377029
13234 362.984253 160.051819
12768 314.150726 68.696289
12580 432.491974 77.540443
12770 386.207916 89.619194
22615 476.023865 364.551758
22786 171.899643 339.125275
5077 294.558350 199.262909
22714 62.924259 426.924255
22773 528.050842 359.226166
22756 353.953217 377.253967
14947 95.520569 131.205780
22721 169.024933 419.939148
22730 138.668579 409.701294
22805 193.396378 283.105774
12695 350.636688 175.002335
12704 376.062775 132.907806
21530 68.388535 188.528870
12694 385.925964 89.617188
14078 335.045532 76.139969
22787 172.567429 338.790741
22742 247.823441 388.096741
22737 201.274719 401.888184
22780 170.597855 344.877808
15644 107.119087 166.510712
22760 389.128815 372.006470
22729 138.264862 410.107178
12719 469.235352 60.997681
12725 372.901489 172.310089
13337 375.113342 133.438080
22734 186.710526 400.573059
12760 382.123718 87.864296
21951 78.224136 152.130188
22492 128.548203 197.921921
12724 360.569702 66.751541
15766 106.766022 234.530746
22747 303.802185 381.928650
22803 175.365082 289.217224
21537 112.259407 191.512711
15275 68.878403 187.071426
5570 187.133926 200.901657
6078 313.765747 69.550453
13217 361.008728 159.067917
13219 462.667328 87.609108
12783 328.398895 69.542488
13105 427.731506 78.663338
22757 355.041138 375.103363
22788 169.836166 339.098053
22744 295.934967 383.846008
22735 187.680389 400.579437
13825 352.036194 132.832886
12761 424.245422 79.207710
12762 413.708527 72.230797
13143 439.013824 155.635635
12596 403.878143 144.800247
12970 340.134216 85.577057
16007 498.031464 152.769913
22774 529.678955 356.445648
22736 188.832565 398.837524
5792 427.933868 99.945435
12732 354.400238 134.001755
