807
0.0133 -0.348 1.66 0.00642 -0.746 -0.105 0.658 
23297 510.469330 331.691193
23209 485.224884 344.567841
22801 184.895462 296.505615
23273 192.444824 403.435089
23301 578.397400 315.959167
23215 150.812592 333.493439
22838 237.158112 42.378395
23311 502.879211 284.591278
23248 498.451141 437.547638
23174 533.633911 425.765961
23269 381.173401 410.788574
23055 351.317169 385.036713
23161 224.936859 449.471008
23286 152.291901 357.216675
23284 455.851959 375.137482
22885 308.292633 441.978912
22882 249.378052 440.809631
22895 306.304352 429.363831
22839 113.626518 38.168476
23188 294.383850 395.342102
23250 145.734879 427.706451
22815 318.144440 73.670753
23168 83.293243 440.433838
22892 61.966854 431.531525
5187 430.510803 156.445328
12665 383.999146 75.779373
23291 501.848236 353.489014
23027 533.242737 425.176575
22799 212.351685 301.964447
23293 417.074493 338.207672
23165 568.295044 452.191467
23243 343.699280 438.097870
19636 105.872292 177.206985
22899 147.685638 426.335999
22843 34.245365 108.841972
23200 392.304962 380.143158
23292 151.200577 333.691498
22987 152.753586 297.452698
22712 223.956009 448.881561
23242 188.704056 433.499146
22912 182.783966 418.928070
23277 276.652618 398.960388
23249 37.131851 428.309723
23308 173.843262 293.507111
23062 425.737427 381.054169
22762 435.173279 375.113556
22925 473.211151 399.447815
22770 518.104187 364.982422
23290 501.655273 353.294037
12745 338.963135 201.147232
23144 299.326385 72.176361
23117 97.359642 205.816223
19635 112.620384 214.650635
22840 112.741615 192.379700
12747 372.362701 94.141159
12962 389.235992 144.158539
12578 443.841919 92.442162
22989 211.976852 301.962555
15913 88.849648 243.841309
15913 88.291061 244.124680
22197 44.095882 242.582489
22197 44.656116 242.580521
23294 416.686401 337.620209
23028 533.055237 425.317902
22969 487.894958 344.159149
18520 108.604744 186.082428
22727 60.733704 431.405182
23259 69.257332 419.253174
22933 153.189758 389.211945
22777 151.630325 356.782227
22884 307.506378 442.171844
23257 258.874756 426.389496
23260 292.830994 425.139160
21130 94.670364 186.160385
23077 555.460449 355.722290
7193 138.874969 242.277161
23067 435.549255 375.016571
23244 188.467850 433.028900
22937 351.081390 384.569458
23044 472.433197 399.217804
22771 518.103638 365.178375
22948 467.007507 372.508301
22877 147.701065 446.352600
23253 128.000473 423.025238
22824 152.910767 75.561325
22844 115.989311 67.380753
22845 113.638161 36.469898
12770 370.716888 94.500626
21530 48.198826 195.351120
12887 316.968658 72.829170
12750 360.942993 178.442429
13234 349.747437 164.809692
12667 338.258942 135.257294
12580 417.935730 81.570389
12777 453.400360 63.836555
12678 345.196381 68.710358
15913 88.849648 243.841309
15913 88.291061 244.124680
22197 44.095882 242.582489
22197 44.656116 242.580521
22955 150.238556 357.621124
22887 307.882324 441.101166
22889 247.651077 440.334381
22910 532.773254 424.469330
23280 352.216614 385.688995
23309 173.331665 293.268982
23204 517.408752 363.769806
22805 176.330261 289.874084
23010 83.060585 440.526978
23263 69.023346 418.782715
23264 94.819862 416.820526
22847 115.326439 65.374825
23079 553.824158 355.251099
23128 237.169754 41.693935
22823 190.085251 38.614605
23181 163.108292 414.618713
12695 338.620544 178.379639
12701 338.545349 136.097305
12768 299.465332 72.865593
12587 443.275238 91.788681
12752 417.301849 103.748482
21386 48.481152 194.788391
13226 363.801514 66.287651
14078 321.482452 81.102974
12890 416.068359 58.304287
22913 183.172577 417.973083
23198 377.823792 382.203003
22938 355.500275 384.330353
23274 189.151321 403.019043
23225 180.049225 300.103790
22730 112.360428 425.970062
22730 113.980042 427.190765
23258 57.894691 421.833252
13325 269.822571 205.520248
22951 517.966431 364.332336
22859 172.489517 206.142899
13337 360.415680 138.187286
12694 370.375854 94.166481
12703 329.629944 92.043579
12793 338.657379 205.746262
22849 397.007935 205.940277
23150 321.498566 48.350296
23031 533.122437 424.774963
22782 553.263428 355.815674
23287 150.570145 356.945892
14947 76.685562 136.000015
22734 164.477753 415.052246
12589 443.008392 105.190826
12783 313.760193 73.362717
12725 360.594788 177.147400
13217 350.673462 164.880463
6329 94.557617 186.385651
17324 112.252495 192.678345
17029 126.644142 195.503342
12760 366.542023 92.551292
22830 364.951416 66.292435
12719 457.158997 64.518677
12953 406.623169 56.582191
23283 433.868866 374.084991
22936 343.193634 386.790710
22784 554.945923 354.799744
22773 518.641968 362.975891
22730 112.360428 425.970062
22730 113.980042 427.190765
22780 150.165970 356.537598
22747 289.094360 394.000946
22742 231.653900 400.096893
13722 308.833618 94.849854
22832 189.994568 54.958275
23222 212.643158 300.258057
23151 419.638977 142.051865
6080 94.914833 195.104477
6080 91.411308 202.114120
15644 89.257034 169.519409
13109 363.492371 66.763084
12724 345.956909 69.565865
13105 413.202026 81.410225
12762 395.643951 72.669434
23310 570.852966 289.152039
23069 439.017731 374.527863
22952 518.639465 363.788544
23224 212.645157 300.667999
23046 281.743500 396.389496
23275 230.442123 400.895691
13825 340.246185 138.600357
21241 75.882797 135.197189
6078 301.460449 75.296295
12782 313.567413 194.292923
13143 428.567841 159.021317
12596 393.351318 148.196915
13132 340.321350 176.009537
23139 112.259407 191.512711
12970 326.058502 89.001007
12599 445.411652 103.582161
5792 413.986847 103.262047
12761 413.794586 82.563637
23156 414.516449 155.381287
16007 477.198517 149.073578
16360 536.207520 160.054535
23184 187.699326 403.495667
23074 150.262482 356.538147
22744 287.124023 392.539154
12732 340.243683 137.438995
5570 174.388657 205.103241
23285 518.635010 365.251282
