810
0.0135 -0.411 1.79 -0.00532 -0.746 -0.113 0.656 
5187 443.072540 146.838608
23096 77.529991 312.998230
23379 496.562012 406.188477
23174 564.861389 437.538849
22988 217.019516 297.636719
23209 506.547241 343.471649
22839 121.439514 30.396873
22885 318.133423 454.609070
22882 253.351654 453.481781
23354 327.960785 437.141083
23286 153.261490 357.221954
23351 145.741913 435.554626
23350 106.665482 437.522552
23361 141.830185 428.683594
23355 126.202896 430.642761
22943 449.965485 380.071930
23394 459.732239 377.062225
23366 89.106140 423.784729
23347 216.116348 445.530914
22838 245.972198 33.683075
23429 292.038208 274.981934
13837 500.636444 30.221003
12662 385.043304 53.923870
12763 372.149780 53.862968
12962 399.774963 136.081726
22980 155.360840 313.495697
23381 568.384583 403.999878
22799 217.023193 298.428131
23348 53.259300 441.354401
23025 441.763306 440.634521
23336 184.592758 188.302948
23327 81.677650 128.286331
23324 38.874691 105.303635
23393 389.178864 388.357635
23250 145.351303 435.750641
22895 315.763824 439.852997
23344 253.348022 452.507812
23382 282.586151 403.657593
22801 190.117737 292.383698
22771 542.606262 366.310944
15913 95.142204 237.014893
15913 95.142204 237.014893
22879 192.281372 452.296295
13830 393.020966 174.706009
12578 455.413940 82.134300
13732 328.734344 70.986679
23092 414.413696 325.813324
12580 426.846497 73.336113
12665 393.092804 67.549797
23215 152.877930 328.560455
23367 88.638138 423.039185
23383 301.268188 399.994049
22777 153.026474 356.789764
23369 336.786377 426.582794
22770 544.008301 366.545624
22948 487.994781 373.775604
21130 101.680458 179.102951
21530 55.511059 187.740555
22840 119.734146 186.012207
22908 182.821899 427.374207
22922 237.559158 405.245789
22922 237.559158 405.245789
22900 144.881485 434.337280
23332 123.298828 61.488350
23128 245.344910 34.454933
15913 95.839302 236.777802
15913 95.839302 236.777802
23314 51.124531 235.525528
12745 349.837494 197.476822
12750 372.606689 170.565216
23144 308.514923 64.570251
12667 348.197205 126.900658
12777 464.551636 55.574986
22815 326.851257 64.553650
23294 430.815582 334.679535
23084 541.222046 345.374969
22966 506.318390 342.649384
23027 563.697388 435.777832
14078 329.958740 72.825668
12887 326.569183 64.553627
12581 430.316223 138.444748
23102 190.074768 293.330872
22955 151.914047 357.629944
22955 151.914047 357.629944
21756 145.444901 435.468109
22730 106.618675 437.169250
22603 391.417816 385.487976
22844 122.742416 60.654018
12793 350.697083 197.193405
5077 292.157745 197.214890
23316 118.618172 186.581558
21386 54.954494 186.900803
12704 372.636353 129.532562
12701 348.768707 127.739746
12770 380.815918 84.603233
15773 95.001831 237.343948
22197 51.403702 235.805801
22197 51.403702 235.805801
12589 453.616791 116.929916
12752 428.166840 94.972214
12695 348.905396 169.897888
13234 360.845581 156.388611
12587 454.945282 81.898743
12890 426.104858 48.400658
22969 506.312134 344.060822
22909 563.414551 437.189240
22727 53.106728 440.282257
22922 236.444977 407.200409
22922 236.444977 407.200409
22847 123.420769 59.312073
23328 284.273254 193.136887
23266 337.809601 424.682007
22972 430.136505 335.081421
23258 50.005901 429.843201
23198 393.127075 384.127991
23420 190.405075 291.967987
22916 173.085297 424.012085
22916 173.085297 424.012085
22904 122.486145 430.037445
22916 173.052643 415.898438
22916 173.052643 415.898438
23193 366.541565 388.327301
22782 581.225647 354.831818
23204 546.869446 364.963715
23363 183.210007 426.080566
22742 237.777069 404.181915
6329 100.614357 180.288055
12694 380.475372 84.269249
22830 374.234344 56.401417
12779 353.972076 60.296230
23028 563.083191 434.141907
23406 152.580627 356.956604
14947 80.755295 127.917374
22859 182.578384 197.924210
13337 372.630219 128.594421
22737 182.000824 427.292023
23387 150.336884 393.078949
12719 466.778229 54.976498
23151 431.236969 136.373932
22492 118.961922 195.552383
12725 370.424988 169.851715
22760 377.593536 386.653137
22773 545.253723 366.183868
22773 545.253723 366.183868
23421 157.100739 293.082458
23421 157.100739 293.082458
22955 152.578445 356.550415
22955 152.578445 356.550415
22747 298.934174 398.878265
21241 80.755295 127.917374
17029 131.013840 188.182999
23402 149.487915 315.547028
22780 152.578445 356.550446
22780 152.578445 356.550446
13722 316.672516 86.714264
6078 307.919403 66.701897
12782 322.497223 188.375381
12760 378.199707 84.016029
12724 354.704742 61.013069
12783 322.547577 63.826534
13105 424.773468 72.893639
13105 424.773468 72.893639
12762 407.240875 64.152100
23288 553.492493 356.425629
13825 349.076508 129.925247
22850 308.493927 71.846786
22837 98.330719 205.578506
12599 455.757294 93.309441
13219 462.597626 79.539116
5792 424.372894 93.004410
13105 424.186890 72.314545
13105 424.186890 72.314545
12970 329.577545 85.564346
23156 424.733429 127.614014
16360 550.037903 149.676514
13132 372.292419 169.080002
23390 393.281403 385.388947
23390 393.281403 385.388947
23390 365.015839 389.045502
23390 365.015839 389.045502
22952 550.586426 366.964600
23046 290.687897 399.527130
12732 350.847839 130.510651
5570 181.373398 198.015320
22780 150.262482 356.538147
22780 150.262482 356.538147
