814
0.213 -0.368 1.83 0.000849 -0.784 -0.107 0.612 
23768 271.257904 314.735046
23510 348.624146 434.208466
23707 217.102325 447.487579
23799 445.781525 419.142365
23308 230.769516 305.620728
23096 131.830276 327.729248
13830 448.346954 186.963272
13732 384.060730 84.993408
12662 440.087708 63.508472
23600 111.327644 251.057266
23782 123.070709 449.891113
23276 285.080109 436.294312
23789 262.686401 435.038116
22839 181.248001 49.829426
23828 89.178795 329.833893
22838 301.740753 48.045982
23808 564.875366 408.707458
23796 412.494629 424.412323
23847 206.423767 282.953156
19199 202.889069 253.256165
22932 386.590851 426.889618
23640 523.862915 429.885651
22943 523.862732 412.217712
23324 103.860550 123.512283
23562 208.884109 310.240570
12765 378.942108 200.669159
23144 361.679413 75.660553
22840 175.205750 200.149368
12962 454.933807 147.165741
12578 513.765381 90.697769
23603 162.367737 213.193542
23124 134.564941 221.586411
12678 408.574829 70.423309
13226 426.790771 66.410614
12745 402.705078 209.107773
12763 439.388641 63.734390
23073 199.350220 378.253296
22762 522.925781 411.747192
23632 261.743378 434.800446
23089 536.999634 366.550507
23294 492.247162 363.883514
23070 563.703491 407.528961
23493 216.665192 445.806549
23785 209.600891 440.152985
22844 183.390701 77.848900
22845 180.779846 50.063759
15913 152.727020 250.728287
15913 152.727020 250.728287
22197 111.096657 250.822830
22937 411.794983 423.482300
23838 229.745483 304.902863
22987 208.643219 309.054901
13325 335.502075 211.756577
12887 379.068695 75.749153
12768 352.262573 72.866463
13833 455.088501 97.183838
13234 415.151062 169.472839
12667 402.164276 139.835114
23431 375.721069 277.874329
23316 175.196442 201.373978
22989 269.836609 314.229523
23532 522.925781 411.747192
15913 153.282196 250.727203
15913 153.282196 250.727203
23194 411.509460 424.044556
23524 448.702209 422.138794
23599 237.384903 212.872223
23388 386.069214 427.545105
23635 353.786072 431.022278
23690 232.274750 302.064880
23332 183.117615 77.017120
12770 436.581726 95.055122
12703 394.421234 94.665901
12587 513.755371 89.023140
12752 485.346405 103.873665
23601 401.976471 183.789352
12701 401.599243 139.829865
12777 523.706970 62.281391
12580 485.169312 82.143127
12890 481.640656 55.393028
22969 580.243286 372.792572
23668 199.069580 378.251007
6710 158.550644 196.083389
12581 488.113983 147.476440
23806 524.613525 409.712097
22742 284.763245 434.671753
23561 269.830750 312.859344
23516 386.752899 426.534424
15773 152.286407 249.030472
23647 455.811218 418.050812
12694 437.251282 94.728561
23771 208.639664 308.429535
12793 405.885956 209.752213
22849 464.602844 210.121719
12750 428.072449 183.322464
12695 403.671814 183.121628
23452 174.393158 222.434326
21386 116.519928 202.452744
23676 583.274231 371.102203
23513 189.316254 434.214966
22777 199.064072 377.575500
23813 158.718079 375.260834
23151 486.902069 146.657578
22492 176.473114 209.780914
17324 174.119247 202.467453
6329 157.356537 195.280746
23733 525.827209 412.560089
23198 455.395294 420.077820
22938 414.022400 422.751282
13722 372.444336 99.762360
23598 243.051086 85.676193
22955 198.669846 378.788116
22955 198.669846 378.788116
23605 265.006989 75.950348
12589 513.041321 103.422295
13337 426.434662 141.156387
22859 237.037750 214.311218
23834 207.828537 308.015594
12779 408.750397 71.331932
12719 524.918518 62.487572
23586 559.485229 202.982590
23637 384.722839 425.335693
23222 269.010620 313.266907
23441 373.143463 278.648102
23590 550.245972 186.911392
23575 201.390900 253.859985
12782 376.000366 200.320267
23461 152.699219 177.805984
23686 233.601120 301.263641
13825 402.093140 141.877838
12783 375.224854 75.404518
12760 433.682251 93.094498
12724 407.304810 72.754929
23442 533.054138 210.142334
12725 425.880066 182.977310
13217 414.053528 168.223602
13219 517.796997 90.908989
13105 480.024750 81.984573
13105 480.024750 81.984573
12762 462.546753 73.199791
22659 269.010651 313.266937
6078 371.717346 75.385612
23827 202.552231 367.434906
12785 372.448181 200.897125
6080 157.169037 194.697678
5570 237.149261 211.748703
12599 514.979248 104.207390
12732 403.845093 141.313400
22837 157.068512 208.739349
12596 456.357513 148.845901
12970 389.370178 92.698700
5792 483.687042 103.960510
13105 480.033630 83.139046
13105 480.033630 83.139046
23156 480.774994 159.576935
