81
0.424 -0.142 0.629 -0.0072 -0.59 -0.0756 0.804 
4249 316.004456 234.009583
3739 510.013824 157.264572
4225 326.999603 239.003235
4162 590.393005 130.505478
4102 209.177505 425.981903
3777 468.100281 248.148514
4188 290.648895 167.439499
4119 572.906738 293.424225
4136 583.344299 266.438263
3872 392.151733 242.455368
4187 291.638947 240.018799
3372 557.209351 145.715347
4252 327.599426 238.803421
3417 535.647095 251.049210
3469 545.998779 227.589798
3920 599.434692 193.830536
3430 584.177917 37.984573
4191 282.175568 200.626160
4077 396.852692 224.558304
4104 210.928833 424.704651
3380 467.457306 220.854630
4171 589.575623 130.229065
3933 557.441345 145.483032
3778 482.881958 250.700409
4182 587.190918 228.447281
3918 455.818695 164.249741
4196 315.365173 233.290802
4205 282.414825 200.387390
3878 451.172272 123.594376
4053 428.807159 128.926514
4078 453.621490 90.220970
4195 312.824158 183.493057
4138 585.041382 256.022034
3552 536.471558 247.430649
2070 573.372925 293.190155
4107 219.660507 425.598633
3755 511.877777 48.843426
4256 464.471863 192.804260
3882 455.833466 165.655960
3452 583.722229 44.472088
4203 395.383362 224.791702
3569 586.632690 229.007889
3567 509.260437 157.764313
4211 283.558044 200.668640
4257 457.178436 135.390121
4232 195.628693 163.964996
4236 290.557678 166.544678
4174 590.581604 130.010452
2068 575.050354 291.840027
3887 452.580505 218.216614
4055 397.770905 224.113297
3893 348.319550 213.663284
3394 505.711060 91.316833
3568 513.734131 85.339203
4208 300.914764 144.198425
4207 280.359497 154.412033
4148 583.747742 45.793243
4109 162.560745 422.353302
4106 147.998230 424.758911
3925 556.777466 144.773544
4000 235.677170 95.318947
4220 457.863770 136.672714
4213 348.320221 214.075974
3424 547.550476 227.241119
4068 451.378052 219.437119
4214 456.023010 192.528519
3895 455.767090 165.722763
4237 291.521820 135.763992
4210 298.620819 238.892929
4216 283.828796 201.764023
3890 450.450592 122.113693
4219 340.779572 157.538315
3892 475.538330 227.409027
3900 349.309357 212.097137
3907 393.882263 241.925064
4065 319.537018 167.773483
3295 573.584167 227.826538
3905 396.787842 224.109787
4239 230.733368 206.471436
4221 283.823608 203.244598
4242 284.007874 162.021118
3897 451.031860 84.623611
4244 474.222809 81.939606
3894 558.748352 152.047607
3455 536.078552 245.222427
4007 294.020844 172.528397
3404 533.131653 226.500092
4247 397.371246 222.332153
3906 477.842102 226.244415
4005 254.813416 208.106522
4223 452.177643 82.906281
4060 322.503845 168.945419
