93
0.657 -0.115 0.666 -0.00559 -0.729 -0.0867 0.679 
4948 478.262360 153.259201
5108 333.888519 407.059692
5170 312.010132 284.982391
5162 170.369263 295.858154
4532 260.263458 287.881073
5126 122.269508 380.616943
5122 46.322044 385.531097
4692 541.426331 246.363358
4489 558.578186 185.461868
5154 52.240105 304.240387
5169 439.572174 93.557465
5176 437.219910 145.800629
5155 377.805328 302.239288
4574 382.636841 187.439743
4814 500.431854 166.336197
4248 505.059326 143.601852
5013 357.313721 367.434509
4629 351.572876 435.172516
5167 259.471710 287.878815
5101 510.180634 433.615784
5124 47.094681 385.141327
5134 73.548950 368.863861
5165 42.543587 290.566040
4608 525.603821 184.563263
5151 61.977211 304.216522
5056 462.658112 241.423798
4575 525.197815 239.260284
4184 489.323456 234.419678
4381 505.909363 130.204041
4667 439.182892 93.553642
5080 433.950745 217.392899
5152 580.309265 298.334778
5121 268.718719 389.374054
4576 387.118164 177.024231
4188 500.429749 166.102234
4815 514.120972 139.597809
4252 541.426331 246.363373
5164 211.137436 292.467194
4350 259.471710 287.878815
4829 518.279297 246.299057
4067 565.612000 196.029602
4197 524.332153 202.839691
5157 53.019547 304.042664
5159 52.880993 303.385223
4194 504.385895 240.369171
4194 506.808380 242.940872
4191 491.000549 202.616394
4712 504.290527 131.121902
4712 504.009247 130.839844
4539 438.241699 92.850327
4417 351.179474 435.173431
4882 118.158630 404.655182
5062 395.408905 177.790268
4232 398.428864 165.094589
5082 507.775269 179.650330
4364 492.761780 179.522308
4535 259.473328 288.451782
5077 222.873276 203.738861
4395 549.813721 45.367996
4199 541.191223 245.187698
5158 52.320869 303.104767
4545 459.733185 279.688080
4194 504.385895 240.369171
4194 506.808380 242.940872
4582 463.074127 240.429962
4195 526.477295 182.152588
4580 489.783905 233.713501
4205 491.270447 201.489410
4665 438.247223 93.405647
4712 504.290527 131.121902
4712 504.009247 130.839844
4711 434.425964 223.241104
4633 350.378632 434.383423
4884 116.753708 404.937561
4753 268.556549 388.632507
4716 383.281860 193.898621
4484 500.315460 165.764343
4207 488.154419 151.511108
5125 47.741417 383.272827
5161 51.874939 302.034698
4670 452.686279 277.654419
4945 498.158997 247.331894
4213 566.784607 217.591782
4196 524.780334 238.929596
4540 439.249725 92.749123
4374 490.780273 232.698105
4211 490.608246 202.161957
5085 434.421051 222.215607
4589 410.003143 216.757507
4842 510.446625 180.009201
5015 357.410034 367.105286
4886 116.416412 403.581329
5131 158.723709 376.275421
4792 259.472382 288.108032
4792 259.063171 288.519348
4059 542.801697 244.267654
4210 507.285828 242.209320
4234 525.981079 239.340073
4234 521.663757 239.325684
4370 560.303894 123.820206
4208 512.114258 139.637161
4013 461.126617 239.127670
4823 410.027252 222.102966
5083 520.527405 190.207504
4384 532.765930 164.005066
4369 559.244019 154.472107
5172 440.464447 93.160828
5174 457.759338 171.578705
4129 458.232422 170.610565
4485 501.520966 166.179489
4824 390.146362 177.311050
5160 53.488075 302.842438
4792 259.472382 288.108032
4792 259.063171 288.519348
4242 501.559509 159.779388
5070 524.559631 245.189346
5072 521.498291 204.237152
4843 460.550873 240.305191
4216 489.820953 204.026276
4005 460.981934 209.689163
4005 460.394836 208.509811
4475 498.804016 140.861969
4475 498.937500 146.775711
4800 439.495850 93.151352
4800 445.306152 93.208199
4717 515.661987 192.523117
4376 521.098877 148.902954
4233 497.856598 134.192978
4005 460.981934 209.689163
4005 460.394836 208.509811
4800 439.495850 93.151352
4800 445.306152 93.208199
4593 431.985352 221.301086
4065 536.230591 163.543869
4218 525.931641 177.439987
4219 558.748352 152.047607
4719 352.228729 188.412918
5089 375.987274 197.363419
4241 491.696594 229.832199
5088 522.657288 205.412170
