97
0.715 -0.111 0.659 -0.00516 -0.759 -0.0885 0.645 
4767 406.957367 376.519196
5032 199.467377 297.555725
5121 315.719849 397.922333
5656 479.659515 298.424469
5589 133.626724 428.679474
5170 361.931732 288.944641
5659 161.107086 300.547180
5615 32.911140 394.256622
5122 94.986259 385.512756
5622 159.193039 376.833832
5686 475.454346 280.506561
5653 36.664604 309.172211
5432 491.183960 108.549126
4576 437.744537 177.448181
4948 533.968628 152.583572
4532 306.023529 290.963074
5250 422.555664 387.131714
5623 159.194138 377.029572
5619 98.888306 384.529083
5360 50.563301 439.182220
5360 49.799927 438.976654
5157 104.317703 303.966614
5683 508.671539 280.654114
4575 585.843445 243.918594
4187 556.520508 251.103973
4827 532.060425 219.312180
4381 562.959900 128.703873
5169 495.114532 90.574013
4574 433.157684 188.008118
5581 258.048584 451.357025
5503 278.504608 376.749908
4360 549.241211 179.094162
4188 557.829407 166.512131
4475 559.371277 139.609177
5251 422.165680 386.939758
5013 407.905426 375.808411
5033 199.470963 298.345612
5361 49.789265 438.279144
5654 93.854523 303.969666
5552 518.276123 245.121887
5494 98.498566 383.940796
5631 124.191864 368.665894
4184 546.033325 236.981232
4197 585.700317 204.543854
4191 547.975403 202.971695
4196 585.004089 244.197311
4712 562.675842 127.862595
4712 564.356812 127.870384
5037 522.168518 128.002823
4955 420.769653 200.960800
5167 306.022888 290.364807
5167 305.304718 290.842651
5167 305.879059 290.268921
5490 314.628815 397.500854
4881 162.242584 408.414978
4768 406.765594 376.942719
5624 158.723709 376.275421
5124 98.498833 383.469971
5167 306.022888 290.364807
5167 305.304718 290.842651
5167 305.879059 290.268921
5302 96.219391 301.955994
5302 97.504593 303.742828
5286 77.515221 322.792908
4545 516.230530 284.693665
5056 517.582275 245.119949
4194 561.525208 245.812271
4580 546.446106 235.620697
4665 493.622955 90.563072
4711 486.974335 226.622345
4840 459.110901 226.488922
4364 549.524841 179.938065
4484 558.488159 164.159302
5657 94.878723 303.310822
5015 409.487549 375.908478
5015 407.038635 376.738037
5015 409.487549 375.908478
5015 407.038635 376.738037
4234 587.017639 243.190689
4582 518.138977 245.686554
4582 518.797424 242.976532
4205 550.648071 202.535233
5678 513.009033 213.480606
4589 460.632843 218.262939
4589 458.628113 219.477646
4716 434.234528 193.569046
4716 434.224640 192.344742
5038 522.398499 127.631577
5038 522.063477 127.629166
4939 445.893188 179.078888
4939 446.213226 177.388855
5082 569.647522 181.724380
5673 514.354004 167.906540
4835 402.494843 189.649765
4882 162.904755 405.712555
5125 98.218117 383.244202
5077 271.886536 203.455750
5167 306.022888 290.364807
5167 305.304718 290.842651
5167 305.879059 290.268921
4961 544.641357 135.028061
4712 562.675842 127.862595
4712 564.356812 127.870384
4233 558.647461 131.714294
5570 183.730301 204.839294
4210 564.475220 246.767715
4582 518.138977 245.686554
4582 518.797424 242.976532
4374 546.777710 234.945633
5057 516.764526 232.802414
4216 547.447754 204.382004
5085 488.743195 224.536362
4589 460.632843 218.262939
4589 458.628113 219.477646
5672 503.683472 89.295135
4716 434.234528 193.569046
4716 434.224640 192.344742
5671 515.924194 163.878479
5674 513.578918 171.134247
4236 552.022827 159.278595
5172 493.627960 91.232033
5667 527.777344 139.758423
4939 445.893188 179.078888
4939 446.213226 177.388855
4824 441.395905 180.187943
4992 386.876770 404.364166
5123 97.004807 383.244965
4350 306.914093 290.270020
4800 500.966675 90.224648
5435 516.361633 231.987610
4211 549.847534 202.936172
5323 516.268127 212.484009
4001 525.931641 177.439987
4237 560.392395 132.303329
5668 522.867615 127.634949
4707 437.543091 183.081635
4005 515.791138 212.968521
4005 515.787842 212.383850
5054 524.184143 175.097946
4242 550.096680 160.139999
5303 97.022766 302.768036
4013 516.403015 244.189926
4013 515.917786 242.235580
4013 515.922974 243.993271
5197 532.714722 156.542603
5676 512.481018 154.643188
4825 529.122986 139.090637
4241 550.460938 233.579559
4221 550.341919 205.562790
4005 515.791138 212.968521
4005 515.787842 212.383850
4940 428.573883 159.604523
4593 484.747314 222.755112
4708 463.953613 222.645660
4239 488.123566 208.700027
5089 425.414124 197.667007
4719 402.487976 188.668472
4013 516.403015 244.189926
4013 515.917786 242.235580
4013 515.922974 243.993271
5247 97.490448 382.756500
