22
5.250000 -0.858934 0.000000 0.000000 0.000000 0.234432 0.972132
25 69.451092 427.456245
26 285.801759 397.336909
50 170.191254 290.753521
71 511.406459 153.579505
82 383.439480 37.283275
94 408.302178 126.633393
126 398.680700 361.941798
178 331.399450 432.003867
243 377.342668 168.337517
257 184.519161 448.589735
293 390.764839 229.189769
298 194.464423 310.623681
307 608.307252 247.559545
318 421.595080 401.821835
385 211.788524 197.235291
392 459.022716 272.277544
393 367.560205 462.647359
436 29.975995 93.538953
462 48.592528 114.092990
493 445.080798 28.420250
503 357.332709 116.169450
524 542.205644 8.901812
551 198.526079 359.520933
553 30.536854 312.073287
588 294.140164 280.469978
606 410.826645 165.798245
610 607.902881 7.001129
631 176.297858 296.629657
668 220.680394 427.568609
686 547.157739 211.072167
713 396.832666 105.059751
733 254.841402 132.077359
734 32.655844 232.550957
765 489.619147 373.649324
768 284.780882 421.857801
788 362.757726 92.827551
795 326.560587 4.320637
808 179.820760 12.229795
825 324.157897 359.637725
855 244.836226 419.195123
867 256.035231 372.112569
889 442.018253 92.692562
917 52.335133 342.363006
920 255.867649 215.731830
928 305.509708 292.666207
941 337.345756 78.253766
949 442.119571 35.161550
962 99.485403 248.808463
1000 435.860720 373.717632
1005 63.851536 323.892063
1012 194.027662 74.449096
1027 5.242210 258.048204
1076 142.598134 126.880620
1083 448.068426 74.281325
1101 448.451203 65.734396
1109 439.631229 24.717962
1191 10.671534 318.743682
1200 375.683503 56.749130
1212 292.701798 449.111928
1219 237.522380 166.868752
1235 138.192590 275.746697
1236 280.950309 244.070176
1250 364.765468 413.091210
1314 200.392091 440.391621
1315 424.429109 260.285050
1332 243.702667 335.911917
1334 389.318871 284.641546
1339 250.464746 383.437341
1346 23.467047 2.007951
1364 41.266884 200.607100
1395 479.930448 221.271017
1419 617.401104 38.316911
1420 31.766883 152.628685
1430 192.315805 15.904408
1491 439.263942 283.461789
1512 263.702108 324.516111
1548 427.896682 265.700518
1554 501.682581 355.512814
1578 213.391149 277.201491
1584 85.936595 95.896919
1590 194.909418 165.656209
1591 381.737613 265.612196
1668 199.201056 295.672418
1682 477.343730 317.253760
1701 388.204069 9.623351
1711 300.196021 243.950363
1725 230.890262 240.169008
1741 223.583408 463.961734
1758 237.232363 328.049822
1791 461.256385 138.584179
1813 357.430242 390.232990
1822 358.994415 1.540404
1871 126.473115 476.776634
1897 95.405527 218.196501
1900 551.275795 122.401406
1913 182.966626 292.789910
1943 495.040846 233.427720
1945 318.237973 343.013107
1980 205.808335 220.188621
1993 125.310628 242.288833
2001 50.357270 199.887815
2029 331.760675 445.086309
2032 395.249581 200.809146
2062 225.516861 155.554023
2067 335.407911 450.770736
2077 513.596218 406.341021
2084 332.455971 203.982894
2089 530.621749 454.461284
2093 205.719207 391.541020
2172 592.898769 469.042765
2181 463.139261 10.425292
2200 338.653143 145.995027
2207 57.578805 234.597299
2213 186.278764 225.264741
2223 160.067076 265.703554
2237 351.131228 413.569328
2245 294.710542 448.068841
2304 134.995384 428.306094
2340 42.900635 238.616224
2449 469.703318 82.844531
2451 536.806145 149.611101
2492 433.753450 167.673114
2508 369.102262 232.230978
2555 397.571258 90.153055
2561 476.516719 94.159380
2605 518.256230 66.238324
2663 20.480786 168.510319
2690 555.891195 449.210749
2705 627.151312 372.272001
2721 619.757836 84.278412
2732 504.723670 256.110149
2754 451.527373 93.727310
2756 154.040222 467.605209
2757 545.577662 353.613459
2785 64.117821 277.998489
2789 102.325032 50.985589
2790 490.269800 78.200436
2807 88.907238 248.364031
2811 152.035897 454.745925
2859 286.144886 444.110774
2901 48.022731 82.436099
2909 203.970653 400.535028
2931 241.416941 245.860585
2940 385.911748 28.832984
2948 348.718799 154.152034
2959 330.437172 239.414562
2987 268.518144 359.555164
3077 331.989270 355.983145
3111 352.306477 85.985194
3139 230.873347 135.986847
3148 249.454211 227.545100
3205 288.923685 454.325222
3215 421.927943 161.704112
3236 486.726719 420.746901
3238 249.249955 245.293811
3261 148.767149 310.814658
3275 32.360852 167.370471
3365 495.771295 116.915892
3374 363.271320 215.640779
3376 115.784081 381.703295
3394 353.812132 122.057149
3400 72.740325 234.914801
3433 350.520651 367.533840
3463 313.090070 253.129785
3527 392.778194 395.379540
3528 276.379999 191.835612
3615 615.088678 305.620145
3624 443.714225 193.693284
3631 30.776051 156.278618
3702 581.241607 74.400497
3703 622.448033 156.175601
3706 352.381235 338.239530
3712 284.101687 227.445418
3715 555.137588 427.842169
3719 120.472557 443.364358
3725 507.541540 202.600324
3811 494.057117 367.673511
3842 366.586583 345.221194
3851 589.821383 323.056919
3872 505.132058 202.946505
3932 450.323244 56.216178
3935 39.701170 109.148267
3940 279.982200 33.182387
3954 442.328278 456.881615
3958 492.178497 305.657265
3970 50.339623 313.568844
3978 209.141549 32.824663
3981 177.144949 218.774146
3983 364.158422 250.938782
4036 499.256967 159.730949
4042 565.320501 353.548536
4044 44.078133 372.297967
4083 381.892840 443.913063
4132 126.015447 146.067896
4152 347.786555 33.966176
4184 477.767039 60.923138
4210 441.049978 412.060574
4216 303.379705 283.118741
4246 46.497532 28.178035
4247 525.578591 316.046912
4253 74.826113 450.814071
4294 237.614384 49.598058
4295 14.346130 270.325532
4304 374.605543 175.459986
4336 130.938423 202.990542
4337 484.932043 415.159399
4359 257.596724 189.076860
4369 572.446395 282.741545
4428 154.572113 308.251907
4459 95.694076 276.168489
4486 277.661447 377.566928
4494 135.278832 459.090091
4498 80.404171 133.518453
4509 605.883424 341.974409
4520 66.652820 419.701902
4530 310.899393 442.295793
4534 431.624744 290.001008
4552 236.012811 460.556215
4555 236.424370 373.092367
4573 231.270041 203.917653
4578 420.907800 417.160017
4589 429.815193 181.538399
4600 464.426710 22.117181
4620 379.339932 116.593010
4655 145.567236 268.895559
4725 258.273730 229.252521
4757 574.996628 467.672102
4759 240.998512 205.695275
4794 387.145384 278.090729
4800 83.645778 168.269373
4819 119.234509 154.693239
4820 365.553875 283.239610
4837 226.083618 120.430522
4852 34.760979 301.105136
4883 301.368078 109.611735
4942 623.122539 403.915443
4952 218.342472 42.723746
4982 515.542139 466.871863
