29
7.000000 0.656987 0.000000 0.000000 0.000000 0.317410 0.948288
4 400.363936 244.698108
19 186.339326 319.738810
25 115.692154 463.787645
26 369.904259 434.883651
50 235.900674 297.424362
94 535.381314 88.477283
126 503.440737 389.223674
132 637.244088 3.257091
153 530.620727 405.693885
189 188.461309 433.637620
206 595.515846 228.197051
243 484.828692 149.081713
293 490.966671 226.971389
298 259.856557 327.261475
309 67.716229 167.500544
318 542.513793 447.828128
363 423.543446 1.887584
385 281.998778 192.849959
387 72.185061 287.947169
392 586.072015 281.002022
405 13.591302 372.963861
436 77.275053 70.999862
462 112.452792 105.366513
503 449.436538 92.924931
551 265.859378 381.799452
553 82.275137 321.473639
588 374.902141 287.219210
606 529.168280 144.655291
631 243.131704 303.427767
713 560.222098 28.138488
729 26.267596 74.120144
733 332.230100 107.479357
734 101.548118 232.264548
765 626.572192 411.141173
768 363.785498 450.741700
788 480.259755 38.855916
825 417.822708 390.195525
855 318.510733 445.931002
867 332.282615 396.764339
889 559.704927 56.546685
917 103.205968 357.609566
920 330.245661 212.555140
928 397.952293 308.006381
941 438.085998 30.973961
962 164.334339 249.499803
1000 555.030621 408.320140
1005 85.120559 353.275895
1012 260.219660 40.875069
1027 75.324943 258.614754
1033 469.523334 276.932452
1076 183.774092 80.148928
1150 571.695099 217.982834
1191 77.711998 322.389073
1200 481.449318 9.137495
1203 332.754259 190.912844
1219 321.008250 104.706000
1235 200.898668 280.339397
1236 360.898124 244.818091
1238 28.200218 189.960680
1250 467.637644 457.537745
1274 571.840200 229.182248
1296 598.791414 304.713555
1304 243.796981 352.717663
1314 269.304714 465.376127
1315 536.638475 265.083212
1332 320.117970 363.196940
1334 488.152301 293.496316
1339 324.145680 401.429352
1344 45.990251 102.603677
1364 106.077501 198.156919
1395 615.620131 215.933209
1411 59.226154 353.385561
1420 99.790419 148.863721
1446 11.505812 105.107944
1491 559.848607 294.841584
1512 340.818412 339.622271
1541 54.767452 435.698241
1548 540.348235 271.720161
1578 282.762319 285.328465
1584 141.008713 74.674941
1590 262.774037 154.890775
1591 501.094609 274.277947
1645 221.744949 24.989241
1666 296.538710 363.702074
1668 264.480678 311.495087
1682 625.411081 343.317896
1683 306.149628 223.920746
1711 382.107080 244.626101
1725 302.753264 240.191214
1758 310.810935 345.934716
1804 416.103389 436.743980
1813 448.970490 417.774618
1821 637.330988 466.300712
1824 104.145180 442.789952
1868 428.624521 78.241532
1874 204.337878 332.384610
1883 343.017277 142.411652
1897 144.843336 213.791712
1902 136.509511 63.994261
1913 249.561234 300.300032
1945 415.892674 375.149600
1980 274.454179 216.729758
1981 101.477664 182.441101
1993 189.109762 242.525382
1999 162.868274 134.336173
2001 118.612917 198.146358
2032 521.189005 186.970699
2056 309.265457 467.446097
2062 297.000746 140.525950
2084 420.358803 197.327787
2093 272.643736 434.468768
2121 109.696550 252.556521
2191 344.935816 244.865791
2200 426.483560 129.470645
2207 115.128977 233.997254
2213 254.598375 223.744460
2223 227.005618 268.118223
2236 34.275882 437.158076
2237 449.897554 456.676555
2247 58.332928 455.690811
2254 255.534029 177.360618
2259 351.582558 321.471629
2276 10.076900 345.251333
2304 197.347698 452.585907
2340 62.051095 238.167037
2404 234.317183 263.739857
2449 607.917507 34.738980
2456 501.421453 205.852119
2463 308.996246 252.751809
2492 548.980474 150.172977
2508 462.880821 230.781488
2555 501.459522 57.205896
2561 608.710119 54.147571
2607 177.159437 373.573583
2624 452.867030 171.526689
2662 57.676539 457.623860
2663 70.919080 159.080215
2722 520.615394 469.903483
2735 318.262401 177.915136
2738 64.557811 47.663033
2754 588.991644 46.215935
2785 120.056576 282.749456
2788 333.096986 263.646862
2790 633.461184 29.047855
2807 138.126138 249.996467
2811 217.425555 478.166556
2822 183.221818 50.436687
2825 614.807093 430.477931
2859 365.238062 476.248173
2892 369.177977 225.600772
2899 323.905410 464.809565
2901 97.574703 58.215145
2906 222.997069 216.910421
2909 273.417334 418.755458
2931 314.688441 246.735841
2936 599.213504 353.466665
2948 444.306725 134.679838
2959 431.422481 239.232203
2963 348.066337 352.598051
2987 344.094769 375.001211
2996 53.581618 358.000782
3016 377.461053 186.457926
3077 430.588830 389.065025
3087 372.539600 420.318530
3095 350.666349 323.478430
3111 460.627986 36.451162
3131 37.571168 416.645871
3139 304.922456 96.361162
3148 323.773828 225.641814
3153 65.265279 409.537940
3165 175.068058 347.947661
3215 538.306956 141.303048
3236 630.697203 476.870175
3238 333.907569 248.160949
3261 215.131238 317.309191
3263 593.584113 434.009613
3275 98.006564 163.300978
3374 480.890322 206.717005
3376 171.279654 406.774504
3394 464.168170 82.652413
3400 136.096264 234.510081
3429 277.338310 68.516784
3433 477.542897 428.116091
3463 398.316980 255.599188
3508 628.066256 116.714226
3527 496.685990 430.400610
3528 356.235078 182.437481
3601 441.574217 179.319319
3624 574.863385 179.521138
3631 2.082063 109.147723
3654 32.172453 141.059507
3684 193.193306 109.781799
3706 443.904647 356.829415
3712 473.984916 202.455175
3719 185.008878 462.124932
3791 45.034875 106.514738
3820 163.060009 383.261886
3842 468.770453 371.422019
3919 281.417640 230.531355
3932 575.566518 6.332053
3935 101.249194 98.641263
3956 135.037583 249.181538
3970 118.464518 316.820299
3981 245.558987 216.959224
3983 457.091388 252.973424
4044 110.741350 379.183567
4086 483.639583 114.946266
4101 382.723193 322.142389
4132 143.289090 89.470316
4163 172.357580 52.536605
4210 562.119605 457.174197
4216 383.545194 289.303805
4253 137.807770 468.299985
4265 221.886436 359.055889
4294 310.167599 24.472234
4295 79.457331 272.029261
4304 469.293618 163.394171
4336 196.403095 199.687799
4339 52.893094 448.417017
4359 333.305449 180.718014
4428 217.083823 318.904415
4435 345.459741 173.828906
4459 142.984606 284.122101
4486 355.387938 398.487955
4498 140.424514 122.162840
4502 620.293716 7.423573
4520 132.208398 431.019242
4534 597.502009 314.611377
4555 308.764288 389.791010
4573 303.384692 198.336474
4589 627.513361 143.337113
4608 233.424842 352.203929
4620 482.661495 87.163893
4643 588.495554 172.784647
4655 208.270892 272.891592
4679 558.134510 359.972726
4692 266.412606 128.741973
4704 457.934933 252.493153
4725 333.831779 227.561411
4751 191.462658 86.472785
4759 320.045139 189.841837
4794 486.320813 285.812786
4800 146.166459 161.819189
4819 183.857259 146.964252
4820 457.840759 291.015907
4834 83.807210 444.625525
4837 297.428318 105.629711
4844 11.425101 406.361438
4852 95.512895 306.193253
4883 431.169399 6.896092
4952 288.987158 19.865518
