15
3.500000 -0.350783 0.000000 0.000000 0.000000 -0.367480 0.930031
15 288.428756 309.952328
27 315.110446 367.892590
37 427.843284 93.984532
48 525.879364 327.493794
88 339.916606 100.150122
130 269.094458 231.899420
161 255.101282 344.609578
177 520.688881 396.567196
179 534.535735 284.186187
183 215.415828 177.372610
185 489.675209 204.998484
201 251.219540 57.438761
209 387.651749 0.440387
234 375.779781 287.693826
289 186.942890 46.229946
307 54.351823 246.519597
330 531.960053 336.401590
353 510.625123 468.661456
355 469.871978 204.730443
370 148.077051 120.735687
403 613.864925 365.760051
407 240.263370 398.646546
412 546.212221 223.819024
415 101.068615 9.226089
421 97.980966 477.464116
443 524.282343 223.986884
456 289.934824 434.184662
458 302.867407 307.616706
477 336.383342 385.162938
481 518.543951 10.509389
482 421.418809 165.156618
492 276.247375 28.956820
498 168.615115 383.225152
508 516.401701 281.455903
510 557.475369 146.580675
526 368.672312 225.577304
538 173.950192 301.250748
561 223.271544 115.008058
574 414.498505 99.955318
577 225.216090 102.823930
583 631.311701 442.565443
595 408.325097 94.872500
639 135.985758 204.958929
676 421.185337 304.105312
698 486.095472 18.526035
771 373.156212 40.594415
775 567.976943 366.256965
779 206.057568 264.396226
794 95.477398 355.017082
806 360.687680 247.103976
809 341.288555 285.045494
811 288.451850 179.355136
819 428.827053 125.310323
833 111.865142 408.415152
848 224.400047 395.269537
850 494.702623 47.066606
878 527.517056 63.558784
945 465.549121 281.577859
959 460.781391 79.746856
981 253.329023 267.668258
987 285.017670 312.989308
996 472.727550 222.567815
1001 563.527721 290.557700
1031 356.075044 186.862977
1038 616.759653 184.936905
1045 145.657455 191.438892
1074 91.500853 361.549201
1100 221.550588 159.881320
1156 342.885473 136.958479
1172 460.859632 422.652152
1192 120.639830 275.138348
1210 401.583090 216.650488
1214 607.243154 123.006070
1215 106.547810 399.909472
1267 264.734104 345.403291
1269 488.946608 10.037200
1283 391.746741 86.362003
1297 468.521853 449.455521
1302 518.233635 335.008600
1328 527.485672 376.025452
1410 388.062690 224.925077
1419 61.332011 67.858602
1429 192.880747 197.956199
1433 632.919308 98.320497
1441 456.234044 50.009139
1454 496.927806 402.945658
1497 189.056097 133.057200
1510 430.265554 96.162883
1523 619.692156 385.510973
1618 380.690807 31.112742
1658 316.500380 277.404171
1751 285.459812 211.527206
1754 637.035227 170.678269
1761 266.862581 470.760206
1775 224.684527 366.716231
1777 133.874833 427.747361
1793 231.703872 103.796515
1811 599.201782 380.672441
1862 216.523164 289.576820
1880 591.650863 461.706777
1906 263.476712 169.470568
1908 137.075447 71.242831
1914 314.940461 193.943556
1957 479.737196 379.914400
1991 558.936486 259.192029
2043 174.034203 233.052202
2053 90.498293 6.835406
2069 544.159079 82.214826
2106 530.583194 303.096468
2115 547.433131 223.148107
2128 424.785480 237.679287
2143 111.879775 167.851106
2152 507.802034 133.828310
2172 42.300984 440.780517
2198 493.109242 70.018769
2204 479.393163 343.362542
2227 116.278934 253.468911
2324 219.948906 468.570939
2337 528.657303 235.073729
2341 183.533259 433.540815
2400 245.594215 287.727519
2401 241.601934 338.975731
2447 327.251483 19.938926
2482 307.945502 466.355568
2491 82.231070 359.124152
2501 192.316860 217.134447
2530 351.866728 210.334714
2560 562.488373 126.261779
2567 370.427406 118.057941
2581 204.989215 368.811242
2588 464.561028 381.335546
2608 304.712619 292.142650
2629 431.395388 423.798370
2630 86.393208 443.785932
2635 577.139012 151.055556
2639 421.196326 178.020379
2651 383.693448 355.719152
2653 452.631312 288.755486
2665 138.076614 318.930130
2673 447.195053 406.931662
2690 12.102562 430.152514
2721 62.781165 106.612415
2733 632.265698 442.879340
2743 98.271053 167.697155
2812 607.942855 271.615438
2816 385.032812 303.640952
2937 153.555677 26.847627
2972 386.261041 96.106633
2974 171.782417 318.047970
2990 478.467067 318.980909
3007 411.029153 273.285156
3035 268.553846 257.294321
3043 471.414429 87.598018
3048 390.998850 175.121056
3051 404.006722 266.470287
3056 274.279616 36.271026
3063 264.201263 44.177810
3067 211.521398 314.683784
3098 352.710380 120.522760
3160 266.822012 202.108188
3178 146.322023 406.991804
3187 480.362109 294.142910
3191 598.881006 412.034688
3204 86.861303 293.476821
3209 357.886539 321.682018
3213 259.352344 409.642336
3227 216.467610 36.804741
3272 363.785009 406.095960
3277 384.897829 162.049220
3278 127.683319 205.158216
3284 491.377347 257.400215
3285 182.798269 161.120045
3289 466.792011 5.995584
3295 262.666445 376.672639
3306 294.968445 198.175271
3324 249.870353 297.616888
3366 495.260849 87.161970
3437 260.960081 70.897931
3442 580.519137 52.970624
3446 384.073146 284.226192
3453 365.125294 33.865639
3478 398.281569 247.306450
3496 321.006351 169.430922
3501 160.532831 182.745295
3512 592.912066 179.305735
3526 180.564169 296.229498
3552 381.215800 362.571968
3554 390.625596 342.783466
3651 101.535084 332.979618
3671 356.911891 277.879565
3686 212.177195 333.509766
3688 489.903811 11.619922
3702 30.355858 88.518442
3703 65.170814 168.898525
3709 158.891968 433.986975
3713 574.479407 36.278976
3715 1.552076 426.934588
3746 450.640673 56.915710
3747 512.189998 206.810925
3748 365.312504 285.282981
3821 393.143902 89.535372
3831 408.699040 260.532737
3846 437.045917 454.991426
3862 206.907057 328.584194
3873 556.257825 264.980550
3885 437.826617 56.355759
3904 517.275404 151.699159
3909 359.854055 22.197759
3975 533.548104 197.774034
4003 265.840345 237.250379
4016 528.327173 136.210666
4020 284.167395 342.487805
4042 13.600126 349.010664
4090 608.052410 350.217053
4112 419.291068 395.578292
4139 537.210064 69.659130
4154 491.294718 86.127106
4194 436.748615 268.260872
4198 551.174716 123.878326
4305 182.065260 394.007774
4323 225.035669 476.853284
4328 271.384800 211.177040
4334 484.684282 252.843419
4409 335.964554 448.420225
4452 410.060602 426.570476
4476 247.719884 343.430235
4504 275.946014 350.595133
4509 50.959857 330.256503
4523 542.439120 326.733015
4536 120.987246 449.436917
4546 515.252240 343.440490
4597 554.234132 354.827146
4604 209.801065 412.257072
4607 584.994965 368.639552
4618 97.535696 40.268919
4622 313.974432 325.896935
4633 340.272876 146.726069
4636 348.198096 101.265034
4678 59.037140 462.420315
4728 215.366653 43.627270
4742 369.853903 252.964907
4754 425.913355 368.183488
4780 282.553791 117.770999
4827 635.972415 476.061882
4838 392.643426 305.643717
4843 142.292250 103.321270
4867 363.088931 416.433867
4918 428.533696 7.736618
4925 206.539403 181.773922
4940 199.930263 299.021917
4942 65.759019 378.706848
4948 401.440068 412.593556
4960 297.178992 469.392358
