26
6.250000 -0.033179 0.000000 0.000000 0.000000 0.382556 0.923932
19 250.609346 312.858510
25 199.002996 427.200801
26 418.901214 420.759142
50 296.000518 292.103353
94 582.080014 93.306629
109 92.503256 344.521765
126 558.548565 389.357364
153 589.598290 408.473410
178 478.916676 477.543799
189 252.833113 416.313138
243 533.976499 151.690980
257 305.511507 476.245881
293 546.455917 226.938352
298 318.218546 316.792763
309 151.211593 176.682229
318 595.871525 446.714370
364 93.715733 273.448889
385 337.703598 195.689694
387 154.277078 282.064653
405 108.855886 353.761827
436 167.377391 98.949889
462 189.589590 121.984194
503 502.561471 94.672581
551 323.181037 367.655306
553 169.677629 308.764350
588 426.459866 285.277415
606 580.824325 145.869577
631 302.253674 298.028176
713 583.928211 51.713698
729 124.449094 101.210918
733 383.419078 118.830434
734 178.953529 233.170999
768 415.658744 441.607664
788 521.151004 53.134890
825 465.363329 381.720412
855 371.836020 433.280244
867 384.285754 385.836124
874 53.067115 437.086611
889 620.511542 52.506928
917 186.902205 339.510512
920 383.451692 213.882258
928 443.951473 302.575205
941 483.611417 43.830863
962 232.711291 248.505646
1000 613.320970 410.528345
1005 184.633977 328.300751
1012 318.295724 62.413018
1027 157.631149 256.275431
1033 525.017416 277.021100
1076 259.741430 112.923309
1137 72.553561 232.794723
1150 635.453890 217.290126
1191 160.549617 311.693114
1200 531.121864 15.284039
1219 365.554952 142.066753
1235 265.501330 276.025963
1236 411.979437 244.553279
1238 123.203538 197.564668
1250 516.660971 450.495852
1299 40.922633 102.784271
1304 302.342433 344.707966
1314 325.988095 448.491962
1315 594.791008 265.415240
1332 371.362805 349.425748
1334 543.974722 293.717204
1339 377.637182 393.502509
1344 133.693410 120.816091
1346 170.575252 21.684324
1362 47.102224 425.475656
1364 184.054040 203.328986
1411 144.216475 338.825158
1420 177.835699 159.759532
1446 113.301956 127.719014
1491 618.531924 295.629894
1512 392.622238 333.388146
1541 142.186806 408.966730
1548 599.348984 272.239876
1578 338.329203 280.610734
1584 216.608548 97.559340
1590 320.161768 162.177521
1591 545.106780 272.574837
1645 282.525608 42.418155
1668 322.512301 301.855335
1683 360.637661 224.681457
1711 433.523526 244.444210
1725 357.095886 240.179389
1758 363.902649 336.828779
1798 94.241236 266.046289
1804 469.007531 433.316792
1813 502.387022 415.963703
1824 181.291976 418.963614
1835 76.632878 342.032060
1868 481.837813 80.427133
1897 222.138282 217.853031
1902 208.060809 82.614661
1907 19.030965 373.198201
1913 308.282669 294.836467
1945 460.432734 364.395008
1980 330.836989 218.860592
1993 254.648960 242.265462
2001 193.074409 202.821461
2032 565.038093 189.403884
2062 351.382579 148.749584
2084 472.013043 198.426794
2093 329.517619 408.956175
2121 185.279869 251.146965
2137 22.887110 151.826552
2191 398.242084 244.696357
2200 478.982134 131.536526
2207 194.105889 234.817493
2213 312.397400 224.937462
2223 287.419640 265.797509
2236 125.843156 409.199773
2237 498.654700 448.494910
2247 148.016903 423.537269
2254 313.073712 181.490216
2276 105.480968 330.199737
2304 262.483366 429.493940
2340 166.836995 238.572140
2404 293.537602 262.070039
2463 363.341804 252.149825
2492 608.411127 148.592621
2508 517.184995 230.820340
2555 556.721985 56.918589
2594 33.647393 59.579670
2624 507.247597 171.817304
2662 143.545324 429.017335
2663 161.139886 172.093848
2735 372.277786 180.610183
2756 280.382682 471.728180
2785 198.778373 276.791808
2789 222.082532 37.666070
2807 216.538525 248.443572
2811 279.296486 456.123733
2822 248.314597 67.852248
2859 417.151613 466.313782
2901 182.833862 86.865368
2906 283.312156 218.637694
2909 329.731933 406.486593
2931 368.199160 246.309400
2948 494.317655 137.996439
2958 1.329339 70.147320
2959 475.775466 239.287648
2987 397.055588 369.491975
2996 142.664175 341.101523
3077 476.491124 379.784417
3087 425.018269 414.509918
3095 403.612407 320.405179
3111 504.514456 49.163229
3139 356.975130 118.042008
3148 376.802167 226.508520
3153 150.734181 386.759629
3165 241.005766 337.961919
3205 420.439393 478.654634
3215 593.872866 140.997545
3238 379.409832 246.608951
3261 276.864640 310.577777
3275 177.228507 172.874140
3336 74.524102 473.882916
3374 521.823130 209.064930
3376 242.347000 384.056068
3394 507.222437 92.994094
3400 209.325329 235.153100
3433 510.472103 406.927353
3463 449.150153 255.001222
3527 550.868460 429.733921
3528 407.078263 185.992902
3614 52.042045 9.763702
3624 630.158744 179.383321
3631 141.620923 148.116798
3654 123.703380 154.953341
3684 256.763135 120.892094
3706 496.534664 355.022707
3712 442.557605 219.316541
3719 250.768785 439.766094
3791 134.792210 125.302880
3812 87.499519 137.649182
3820 230.486235 369.600156
3842 518.480693 367.678492
3868 22.026268 164.455444
3919 337.162945 231.056079
3932 635.676322 1.968049
3935 181.309550 117.276756
3940 410.542325 10.274795
3956 206.498419 248.226089
3970 192.998460 308.213068
3978 333.686236 12.979618
3981 303.960663 218.588524
3983 510.943209 252.881862
4044 187.193279 362.745789
4086 539.642159 114.317966
4101 435.623968 320.134211
4132 236.266388 129.771091
4158 89.575966 61.525289
4163 238.807888 70.315957
4210 621.134109 460.534275
4216 436.171605 287.977566
4246 179.587817 32.044631
4253 210.896272 441.454203
4266 3.285268 200.829917
4294 364.121554 37.085829
4295 162.597035 267.785720
4304 524.162267 163.465524
4336 260.460637 203.498354
4339 139.983485 420.491298
4359 385.724407 184.295038
4391 14.562004 352.883213
4428 280.087219 310.232847
4455 93.067883 240.101331
4459 221.458951 277.000127
4486 407.555563 391.402980
4494 261.571878 463.228110
4498 214.201715 136.867172
4520 205.278661 409.456213
4530 447.670451 473.673836
4534 631.459897 309.744835
4552 362.485351 477.094355
4555 362.859711 381.314924
4573 357.485076 201.283640
4578 603.429975 474.349300
4620 534.284379 89.723054
4655 272.085424 269.362642
4679 619.955921 363.067475
4691 27.302040 357.455710
4692 323.126765 135.543631
4704 512.881747 252.483136
4719 31.028880 236.022785
4725 386.374617 228.274891
4751 255.419553 99.974461
4759 368.976892 198.421451
4794 541.530887 285.865034
4800 218.100446 170.929306
4805 9.141068 468.656279
4819 249.727540 156.319840
4820 512.241989 290.817106
4837 352.128136 113.872670
4844 109.030449 381.083072
4852 176.965551 297.245724
4883 452.345252 59.812057
4952 344.228877 33.560463
4997 95.089283 199.285536
