4
0.750000 0.681639 0.000000 0.000000 0.000000 0.310614 0.950536
25 311.350906 375.160803
26 449.774976 368.148198
50 341.788027 280.872190
52 361.303935 12.265359
94 559.823202 144.504969
106 109.334126 18.954065
108 496.057505 428.387509
124 396.295692 442.070186
178 507.192370 391.536071
243 522.149591 178.638134
257 418.273308 388.448360
286 104.022018 464.508548
287 424.383185 363.043007
298 392.111582 294.006614
318 559.979318 382.037179
364 185.227466 267.454744
377 425.306915 417.088366
395 65.238846 421.124836
433 217.862915 19.555438
436 277.434411 134.504652
462 248.403028 142.456083
466 37.266412 187.351104
493 599.224768 62.862503
501 91.897108 274.834800
512 140.915364 465.961913
551 378.892075 334.521070
553 268.154148 292.738515
606 551.553926 175.445608
631 340.594625 286.203031
632 48.910147 368.334320
668 525.168610 350.723841
713 584.835256 138.432445
729 220.356397 129.278424
733 426.615549 153.478848
788 531.681226 122.037140
795 501.053416 53.277351
801 367.232135 23.807635
808 456.847095 92.328851
813 331.586572 7.396383
825 480.345433 339.206818
867 414.539262 348.926588
874 145.568026 405.202023
917 286.252871 315.058091
928 476.392321 282.173475
941 498.497915 107.514254
942 539.857702 436.404441
949 581.242624 59.859833
958 411.978780 479.675532
962 278.898079 247.022547
1005 352.963099 295.693400
1006 166.577864 204.197507
1012 381.693129 110.873862
1016 154.804987 390.633151
1076 406.020195 163.268076
1083 609.583632 104.750443
1085 9.730443 432.190503
1086 180.062193 428.350355
1101 598.467018 92.002436
1109 625.989549 79.201082
1137 302.997281 235.562602
1176 409.944115 39.044697
1180 352.505744 34.121404
1191 217.938224 300.540046
1200 518.804774 82.406998
1212 521.721982 384.912106
1219 512.904169 193.879219
1235 322.507894 268.194669
1236 429.987396 243.425974
1238 200.704669 204.823238
1250 509.907187 387.892506
1294 58.050321 401.341387
1299 125.941841 122.729603
1332 434.986164 313.798709
1362 128.518442 399.036104
1364 241.122389 209.462723
1377 111.029579 250.531794
1382 273.563937 378.970611
1402 263.146834 351.350416
1430 396.287366 70.733559
1446 211.885100 150.246392
1512 416.898245 310.469331
1578 398.147770 269.126586
1584 302.392404 131.816212
1590 361.620722 179.639454
1591 540.131172 261.127992
1619 407.135563 433.210508
1668 408.315158 281.561131
1682 616.004327 308.639676
1725 378.425283 240.142377
1741 390.080709 421.761829
1758 407.958631 310.811794
1798 202.765018 260.666185
1820 152.322003 78.608555
1822 553.741902 62.330277
1835 233.960995 314.134011
1850 55.844800 419.376888
1871 465.882219 377.140218
1897 327.272772 224.088261
1907 220.549859 332.566216
1913 353.563052 282.568109
1922 151.713507 374.942503
1945 489.707697 322.296653
1980 379.155220 224.124804
1985 114.114291 469.996423
1993 304.522488 241.822794
2029 477.237643 414.578385
2032 552.937276 207.602133
2044 216.020418 109.317224
2052 25.715905 295.166639
2062 392.348335 171.515418
2093 411.870359 353.684928
2181 623.792948 52.135024
2207 272.864878 235.919696
2237 497.781650 387.550488
2245 463.599469 407.511424
2247 230.557848 388.198357
2258 465.809809 412.840182
2275 12.983162 333.754065
2304 320.939059 388.137532
2340 336.812890 239.082554
2383 80.926360 410.334580
2464 202.269409 347.282995
2477 101.919269 286.115027
2564 301.762492 384.623803
2574 42.249294 227.799879
2594 120.582747 85.773399
2615 336.506953 316.121571
2663 264.022280 188.084410
2710 89.837757 61.731436
2754 592.152052 111.734450
2756 332.943766 421.049605
2785 282.215634 268.540906
2789 368.683238 110.755133
2807 321.615972 246.102848
2863 32.595809 356.603958
2901 286.034750 125.150222
2931 392.054385 244.909021
2941 201.819949 138.486855
2948 490.362768 166.116804
2955 397.996138 446.058311
2958 219.010416 124.084179
2959 497.962940 239.528031
2996 214.103907 323.841733
3077 493.108852 335.016739
3111 515.456498 114.540410
3139 448.871250 164.370283
3148 398.502646 229.530927
3153 211.252222 363.853121
3232 130.840601 182.016228
3238 486.485388 243.656817
3275 233.532903 183.765003
3293 340.652918 45.165112
3305 249.799182 271.218642
3336 203.679461 420.455421
3374 531.976869 220.464370
3376 329.161220 346.462128
3381 93.221709 356.365711
3394 519.073818 144.468040
3400 265.632705 236.025684
3401 309.649756 449.600884
3433 540.774389 336.474417
3463 453.442089 251.292421
3473 18.143570 86.912103
3528 430.609599 199.917192
3574 495.151119 452.709060
3600 239.997987 12.308469
3614 158.823299 51.863161
3624 582.272282 199.188462
3631 377.202774 189.409066
3642 74.580135 351.106826
3653 455.098325 447.521013
3692 205.033013 126.208922
3712 587.319006 232.972955
3727 18.627481 215.368612
3728 2.531853 429.522506
3766 301.245975 173.441683
3791 198.790416 142.987803
3812 157.292319 152.171986
3842 509.343535 330.480995
3868 169.452587 181.702466
3870 141.638697 21.966086
3935 249.625197 140.112377
3958 630.846436 298.593746
3965 618.960554 81.691489
3978 400.229950 79.782832
4078 516.273944 16.640498
4083 551.990351 402.633297
4132 428.171846 180.838155
4137 63.937323 100.842838
4158 234.837852 108.333388
4184 633.018768 90.410870
4191 260.660357 428.846995
4208 252.403544 471.153650
4246 295.511178 88.347808
4253 268.345736 404.567328
4266 91.325356 206.106028
4295 225.081915 263.186067
4336 301.047491 210.075729
4337 628.820372 392.947498
4359 407.875623 197.290042
4378 439.800389 13.055030
4391 104.087036 336.940888
4428 342.603990 293.404111
4455 310.994234 240.062832
4459 333.293896 266.125978
4492 220.055763 450.728577
4494 332.370308 408.991838
4498 282.345886 158.046894
4530 460.276966 410.396660
4534 601.118116 279.743655
4565 207.273572 103.979688
4573 387.615669 210.123430
4578 575.429520 387.965001
4589 616.658489 196.265150
4605 273.116047 449.813022
4620 516.328714 132.069901
4655 330.613773 262.748593
4687 67.673139 333.536157
4691 190.177911 327.671375
4719 149.846067 236.782109
4725 405.885862 230.936112
4738 231.737779 443.961028
4759 469.586776 215.731405
4800 276.229886 183.962310
4805 130.424744 426.471807
4811 260.620132 18.819299
4819 295.312482 171.681506
4828 287.692088 227.765937
4844 180.044645 359.417656
4852 248.709741 286.382046
4883 544.230364 153.418747
4887 293.434270 20.717444
4943 416.284555 457.603707
4971 86.613529 314.504575
4997 187.722586 206.682009
