10
2.250000 0.778073 0.000000 0.000000 0.000000 -0.276778 0.960934
19 265.027093 110.576069
25 291.517339 392.349661
50 152.948888 81.733777
64 290.265377 161.613065
73 92.904517 13.850769
88 366.832271 178.168033
94 303.366641 142.058266
173 175.128163 338.359104
177 100.409361 318.192931
203 34.619724 135.532476
246 468.018801 162.385958
315 156.630101 304.315409
352 79.792720 268.525000
364 507.575675 132.973626
433 561.674015 349.561267
436 491.705086 410.797813
468 38.547322 381.452159
483 400.099467 377.525710
498 90.239032 128.106872
525 553.139810 114.959035
546 104.395305 119.638843
604 451.047751 71.543945
642 409.753415 134.006704
707 313.686796 466.503530
774 457.448874 219.600817
778 404.054396 6.978124
795 420.534193 35.363945
801 150.935785 290.997340
821 278.286013 76.140199
842 299.920601 434.256184
847 464.972710 413.186775
896 513.939499 245.008252
900 631.723435 145.550680
914 149.828517 334.752178
952 422.300680 11.464769
962 448.968989 273.370312
985 496.595819 387.163752
992 60.041694 82.422405
1055 530.041890 111.138266
1076 581.618679 236.451216
1079 522.821324 266.011027
1082 443.698031 142.745146
1083 409.886680 172.660571
1089 163.679493 65.141548
1109 452.921794 74.613288
1151 393.641204 201.361369
1158 123.439155 93.511842
1176 358.113934 91.720797
1183 116.090843 331.244398
1212 81.033016 296.502014
1214 344.709081 295.925585
1219 14.484811 234.276317
1244 102.628472 210.581315
1245 464.208195 62.199499
1260 327.588661 226.020111
1287 251.520802 179.097788
1314 150.722834 283.018659
1332 320.469450 334.220237
1344 309.821795 453.016936
1352 116.099131 18.529869
1362 596.418624 235.534106
1364 207.086642 72.257723
1403 184.051338 346.439401
1454 606.085206 404.454647
1578 9.978853 5.946797
1584 214.336940 430.916839
1612 562.380199 432.037532
1618 358.188303 125.027517
1620 590.507622 361.088266
1662 605.621917 75.785370
1669 338.635246 230.161423
1687 262.167735 446.679183
1693 402.521907 316.777671
1698 508.233221 401.769092
1705 624.303553 159.079942
1761 242.531477 324.618036
1769 438.525018 16.331444
1775 514.297889 321.915979
1824 248.604405 285.932392
1923 111.175059 37.843447
1945 353.090621 372.726582
1953 107.033357 26.086110
1963 148.717382 435.335085
1968 227.299165 159.343742
1993 349.118017 466.273471
