28
6.750000 0.450044 0.000000 0.000000 0.000000 0.356453 0.934313
1 263.386566 273.265372
23 356.644806 367.177424
44 402.760965 89.065712
52 235.578825 134.410146
126 594.683280 302.874829
137 407.724043 198.704269
189 243.654964 191.499285
199 366.663328 97.957639
203 609.379859 95.667233
234 381.342409 199.777418
274 381.188434 8.592874
289 315.959509 211.843779
293 464.846855 26.877499
308 353.028747 80.891233
405 209.026928 290.895409
415 147.721470 208.602597
438 69.330110 225.979889
468 597.940548 466.250709
482 54.123248 198.152367
495 30.393191 318.933007
538 241.018870 200.526083
554 139.498625 240.666910
567 275.932265 244.608604
568 366.602730 320.486580
588 355.837165 413.334546
589 341.792049 121.154602
606 442.450016 63.438937
615 502.569533 166.688526
639 311.808415 222.980826
663 365.235234 37.403188
733 363.898824 455.991398
741 631.989675 167.751285
765 612.593863 412.747829
785 270.820900 416.138919
794 278.758288 55.728215
799 275.654119 438.433317
811 163.243997 158.075574
857 231.938041 21.916364
867 388.604733 149.327187
889 453.134792 411.884039
895 461.588298 232.060292
906 39.903405 414.828209
915 502.695317 438.648693
920 522.626230 164.632353
935 96.621029 426.302551
941 387.217992 419.840805
955 98.630236 111.830134
959 67.429743 403.360222
984 373.466707 183.919111
990 406.753698 375.104244
1027 241.088150 370.974339
1056 219.003524 394.277202
1146 475.795699 101.615303
1186 28.859730 121.647801
1210 44.630432 328.941381
1219 463.250049 208.421810
1238 140.113277 404.380218
1246 613.655509 304.646192
1250 288.356281 215.840750
1267 220.969525 221.484808
1304 279.696539 302.742820
1306 169.721226 96.684333
1325 600.433991 314.401096
1339 340.170878 97.830134
1394 267.544281 273.736913
1430 88.801543 435.317599
1473 429.952238 426.716067
1475 83.079878 109.950987
1482 81.585185 447.326745
1512 399.370613 73.888435
1541 284.920367 365.465938
1562 131.907057 145.521596
1590 428.772431 10.990128
1593 202.267496 438.220686
1603 131.361328 322.516503
1653 304.483221 381.311991
1668 122.972641 220.663432
1728 501.454712 339.527717
1731 463.387698 395.764220
1741 381.366878 411.745130
1747 322.161542 1.802714
1798 13.936488 99.913362
1804 486.109539 59.292891
1810 463.410819 317.303179
1817 566.371738 404.297313
1842 112.371435 237.255880
1868 442.055247 390.759781
1883 619.988074 280.141991
1900 634.198665 331.672607
1909 254.566664 300.164423
