14
3.250000 -0.108195 0.000000 0.000000 0.000000 -0.381323 0.924442
5 544.706906 216.141950
19 161.380784 95.548347
21 503.319293 439.491880
25 179.869998 424.842557
36 230.521111 113.945941
37 452.901104 401.630487
49 414.799886 420.059047
50 7.620408 36.433642
64 175.807448 149.411632
88 279.181259 170.990968
94 203.944327 126.986434
108 521.131665 356.397268
173 38.857649 362.131443
246 378.446936 159.283167
307 236.423127 177.375701
315 8.579225 321.817772
364 421.676257 130.883698
433 473.739620 349.424614
436 407.343971 418.080132
466 591.068847 241.458248
483 307.964026 409.292189
489 580.139743 400.565398
525 465.078456 119.455770
604 360.202531 64.108712
634 605.402458 233.124322
642 324.341650 120.539176
676 571.720636 3.067998
734 369.449331 84.397181
774 367.682876 215.251432
795 333.545863 27.425807
821 172.379443 53.291774
842 202.539230 458.863423
847 380.773219 419.984250
868 451.669872 289.835652
896 422.975016 244.071336
900 528.052003 150.990645
961 168.692901 475.186679
962 362.610019 273.218757
985 410.945687 391.051438
1031 561.801317 417.771391
1055 438.823509 112.947890
1076 483.777689 238.007381
1079 428.171734 266.138914
1082 372.621394 126.333327
1083 320.083077 166.609061
1089 3.029726 9.191222
1109 366.579827 70.089270
1151 308.014079 195.388854
1176 268.522334 75.019487
1214 245.492742 308.424954
1245 374.696719 58.039415
1260 229.268148 223.634007
1287 111.716344 154.761300
1314 1.833168 295.314650
1318 582.952069 209.263973
1332 223.691409 347.345318
1341 605.365517 476.362675
1362 495.808679 237.271259
1364 74.997591 29.550601
1403 54.862535 372.286074
1454 510.512902 403.547855
1591 323.906532 78.599515
1592 607.542923 440.388786
1612 468.501667 425.206003
1618 262.111668 108.556294
1620 494.731748 358.615901
1655 15.914798 460.515824
1661 563.639705 174.925942
1662 524.419126 62.106065
1669 243.521789 227.905525
1693 315.189534 321.100658
1698 425.535740 407.520579
1705 547.045422 166.871323
1761 126.933526 343.884398
1775 422.605423 322.308026
1824 134.626194 294.163879
1945 263.167793 386.181639
1968 104.073356 145.674998
