5
1.000000 0.841471 0.000000 0.000000 0.000000 0.245159 0.969483
25 256.817287 378.569061
26 391.895067 367.345712
50 288.163048 282.603027
52 305.775477 5.696453
71 572.683561 167.164995
73 608.202334 24.417510
94 494.125056 148.066544
108 438.674813 424.461914
124 342.825617 444.041295
178 449.800625 388.541811
243 459.454377 182.273693
257 367.602310 389.898128
287 370.452817 362.232986
298 336.643876 293.279171
318 494.163274 375.057120
364 118.168105 269.352708
377 373.596170 418.133459
433 156.390633 3.284547
436 220.064687 132.169504
462 188.771395 137.472704
493 530.884384 72.495405
501 1.284288 279.975222
524 615.107518 59.479680
551 323.839509 335.129369
553 206.203875 295.311196
588 377.711989 274.799357
606 488.933248 177.520230
631 285.542839 287.139615
668 462.066365 347.726506
713 519.186941 142.912278
729 156.913123 119.756807
733 373.244963 155.487880
788 471.516999 125.085299
795 441.521554 56.175572
801 312.093469 18.086722
808 402.468512 92.390871
825 421.675186 338.591587
855 342.366092 390.509868
867 360.025437 347.412887
874 69.378362 419.771531
917 229.760947 318.929217
928 416.266349 281.649371
941 440.160909 112.418187
942 478.277456 427.076285
949 515.335512 69.570994
962 222.710129 247.431581
1005 300.659461 298.669124
1006 90.676948 198.311728
1012 327.247531 109.679363
1016 70.567411 414.286462
1076 349.846169 164.551464
1083 541.893079 111.046009
1086 107.057628 449.443019
1101 526.860895 99.330205
1109 552.497604 91.326348
1137 245.613888 236.742682
1176 356.631727 40.098196
1180 295.859223 26.809737
1191 154.617785 304.881071
1200 458.611063 88.512010
1212 464.574151 382.196961
1219 457.164734 196.628820
1235 267.433353 270.593429
1236 375.908710 243.952950
1238 135.303665 203.586810
1250 451.410913 384.408836
1299 47.688797 109.799204
1332 378.805483 311.844187
1362 50.249374 413.859061
1364 182.430387 205.778791
1377 32.828262 253.767985
1382 205.741995 413.805634
1402 205.107166 363.921531
1430 342.509174 70.016222
1446 149.800726 140.660557
1512 363.368286 311.372394
1541 135.753020 393.554028
1578 341.572309 266.667062
1584 246.167097 129.449533
1590 305.424331 179.072947
1591 478.349997 259.792413
1619 352.930859 433.169349
1668 356.219810 282.212201
1682 542.574506 304.898612
1698 633.336143 472.157237
1711 380.730512 242.651208
1716 599.177835 76.798203
1725 325.671950 239.769610
1741 334.777744 422.624860
1758 352.293013 310.172125
1791 568.850521 168.738010
1798 135.880467 262.497002
1820 77.474482 63.068910
1822 492.637175 67.751608
1835 174.157180 321.233944
1871 411.332404 374.349193
1897 273.333339 224.848093
1907 155.008676 340.007305
1913 298.605742 282.884980
1922 69.994131 388.187617
1943 573.955080 234.254566
1945 429.633861 319.146867
1980 324.265627 223.260617
1993 247.750570 243.841468
2029 419.132621 410.023614
2032 488.550598 206.497384
2044 147.486048 97.523759
2062 337.187994 171.408260
2089 599.464035 409.969090
2093 357.835642 353.972160
2181 552.360856 60.929607
2207 215.998127 236.641321
2223 264.563768 261.921035
2237 436.333717 380.401531
2245 407.474775 405.883583
2247 169.552386 397.988605
2258 412.459999 412.490375
2304 263.177996 393.156617
2340 281.980095 239.937691
2464 134.103253 355.168286
2477 21.973227 289.047383
2564 244.165651 396.639795
2594 42.677774 70.885313
2605 582.384665 100.530896
2615 277.071996 326.554327
2663 206.450816 186.636581
2690 632.840392 392.026369
2710 2.383371 41.022466
2754 526.766155 117.723410
2756 279.531415 425.213788
2785 223.509573 271.669717
2789 312.254847 105.535588
2807 267.697291 245.961225
2811 264.692420 419.346327
2901 228.940367 120.828254
2931 340.517989 244.861192
2940 463.032482 64.040387
2941 127.756589 126.626805
2948 432.354284 169.285728
2955 343.754381 443.952730
2958 155.480641 119.111684
2959 438.291647 239.286667
2996 152.493163 326.499033
3077 434.970061 332.519444
3111 455.618586 117.583897
3139 395.052966 167.583044
3148 344.388020 230.643672
3153 149.397411 373.193399
3232 54.119608 176.762529
3238 429.892252 238.914125
3261 257.077297 299.019019
3275 171.253528 180.013103
3293 287.089742 38.889320
3305 184.329808 269.931304
3336 137.729211 435.019030
3374 469.938632 220.460732
3376 274.180339 347.504579
3381 11.252047 372.328851
3394 457.025203 149.719209
3400 207.576173 237.275385
3401 254.794405 456.623511
3433 482.438395 333.343766
3463 396.513246 249.916190
3528 373.989048 200.675156
3574 437.381296 446.833782
3614 86.984652 35.295214
3624 516.897660 198.808198
3631 324.862871 188.373780
3653 399.843333 443.720387
3654 115.542333 161.024567
3692 136.868416 112.534417
3702 636.817317 106.782774
3712 522.074017 234.219056
3719 242.122996 408.864261
3766 243.583883 169.747332
3791 131.656276 136.655632
3811 589.715144 333.328524
3812 85.394370 143.393444
3842 447.545809 328.092142
3868 101.643318 176.058076
3935 189.936380 134.673697
3951 354.131311 24.357595
3958 555.804154 294.417650
3965 561.566344 80.665508
3978 345.166142 83.969834
4036 572.752507 175.254125
4042 615.521512 335.245471
4078 455.307464 23.210468
4083 489.219159 396.048007
4132 373.135285 176.699704
4158 170.296705 97.066029
4184 558.390768 99.961846
4191 200.998347 439.259899
4246 238.913916 78.851592
4247 582.200573 301.299054
4253 209.248857 412.296528
4266 5.484000 201.869981
4295 164.588865 264.942771
4336 244.802797 207.298972
4337 554.480391 383.063888
4340 598.624904 16.550279
4359 351.867752 197.696617
4378 386.059577 13.628957
4391 24.722531 346.681452
4428 288.025508 294.594319
4455 257.212873 243.318999
4459 277.553884 266.806935
4492 152.605415 464.154199
4494 277.431313 411.895404
4498 224.525923 152.369825
4508 637.621678 450.127700
4530 403.635657 406.413647
4534 533.101756 275.845608
4552 333.655390 423.436482
4565 142.290288 89.191595
4573 334.353317 208.327990
4578 512.138432 383.017450
4589 549.331525 196.453314
4605 213.815416 457.200665
4620 455.089810 136.368597
4653 575.749937 29.407002
4655 275.799103 264.559940
4691 121.645109 336.529131
4719 80.451249 237.074253
4725 350.816924 231.025330
4738 167.527926 459.694985
4759 414.644478 215.823967
4800 219.064476 181.724021
4805 50.485531 447.256028
4811 202.122292 5.540087
4819 240.082118 169.259874
4828 227.572075 226.162705
4844 114.566589 366.674215
4852 189.727433 289.915099
4883 484.352409 159.609099
4887 237.035939 8.935312
4943 361.669886 454.373043
4982 596.797556 408.703418
4997 118.332302 205.527152
