9
2.000000 0.909297 0.000000 0.000000 0.000000 -0.195899 0.980624
27 462.459202 358.587322
36 80.870300 0.597632
37 586.068723 86.935162
71 185.943917 170.768227
73 216.016596 51.189665
82 69.016151 38.522535
88 488.441802 104.614762
94 115.944077 140.262950
130 418.100438 231.027135
161 406.152780 335.422750
178 49.628959 421.406003
183 370.637773 184.795526
201 410.616292 104.253445
209 528.136630 38.300683
234 523.086046 285.224212
243 69.869995 170.003214
246 384.118205 16.440695
282 181.568777 0.318839
289 346.732858 73.690943
307 249.017326 245.773782
318 112.738424 384.996283
393 53.446461 464.330384
407 396.836708 355.077436
415 291.864007 70.786075
421 281.724333 423.458359
456 437.267185 420.868623
477 480.744997 369.851208
482 573.074773 164.180382
492 424.367583 64.868724
493 150.808076 68.112978
524 221.636097 81.982441
538 347.767050 284.133236
574 568.031521 100.623441
577 379.560684 120.038161
595 555.624161 96.515627
606 102.179348 169.946677
668 75.080798 372.452265
676 562.268553 299.738698
686 209.624324 217.650723
713 137.077435 137.034739
778 398.708852 455.916087
779 361.927250 261.656078
788 81.548368 106.348233
794 277.862864 329.202659
795 42.540988 11.301309
806 500.595580 245.611642
809 490.352824 283.101509
811 438.934650 183.272964
819 585.159976 123.544769
825 13.492264 365.180184
833 289.524085 373.013021
848 376.924613 372.920448
928 8.837796 291.304815
941 45.195944 78.347664
942 94.356268 457.689465
945 632.324863 284.577757
949 130.964890 58.580236
959 627.946715 70.267307
981 403.151111 264.854743
987 434.784421 295.172859
996 629.251165 222.694799
1031 491.926796 198.883197
1045 313.891549 202.147308
1074 280.066718 335.667857
1083 157.259577 110.549113
1100 376.997818 170.300720
1101 149.752230 96.837001
1109 175.992963 89.226900
1156 490.384864 138.614474
1200 67.210120 60.950922
1210 549.312420 217.745663
1212 71.476155 416.584131
1215 284.906312 369.416853
1219 62.931450 185.727543
1250 55.846487 414.852652
1267 415.236951 335.575212
1297 633.778497 461.811594
1410 538.330264 225.351113
1419 252.317674 107.921132
1429 351.305283 203.310731
1441 616.605527 39.903459
1473 428.077708 461.324216
1510 587.606036 87.727174
1577 266.694006 40.634805
1591 94.496995 261.377885
1618 524.805224 40.596064
1658 462.545383 274.909251
1682 162.457113 301.952205
1698 240.312733 456.591697
1716 209.622794 79.097612
1761 414.920680 445.671178
1775 384.183760 346.891381
1777 310.566503 387.742938
1791 183.801956 168.773352
1793 384.559215 121.145718
1822 111.215977 43.842592
1862 378.135966 276.028778
1908 315.673901 110.435039
1914 462.721186 196.764790
1943 189.593709 236.063785
1945 26.309083 344.964698
2029 10.480387 463.662227
2032 104.847711 208.708733
2053 276.659949 57.486216
2089 205.387979 398.831429
2128 581.364082 235.530039
2143 295.943629 180.827529
2172 245.593852 388.386813
2181 172.375735 66.463343
2227 296.044236 250.086052
2237 39.447031 420.334772
2324 372.902600 433.143989
2341 344.991532 402.604731
2400 396.896880 279.464308
2447 472.599965 40.316952
2449 151.474030 107.360888
2491 275.835346 329.280749
2497 299.027884 466.715095
2530 498.871718 212.037729
2567 519.713778 120.631787
2581 360.597432 352.722212
2588 628.156204 391.075507
2605 197.156398 110.049597
2630 270.949133 401.951199
2651 534.061307 354.081478
2653 611.764989 290.881807
2665 311.606851 301.236890
2673 608.608224 412.028042
2690 233.668990 373.877206
2743 281.377322 184.051045
2754 144.704023 115.328195
2816 528.887148 297.782401
2918 456.732390 438.850163
2937 335.077424 87.649018
2940 74.044249 34.697407
2948 30.433343 152.232908
2959 43.920083 236.541311
2972 539.629632 95.331681
2974 334.567882 305.844812
2990 627.102487 314.781418
3035 427.705357 249.543173
3056 422.177697 54.997320
3063 417.590376 64.411473
3067 379.351626 296.465351
3077 33.772046 357.212257
3098 501.544827 119.776112
3111 62.101368 95.295483
3204 272.781923 281.561470
3209 505.676077 320.612693
3215 106.322127 167.348349
3238 20.786868 242.737492
3250 417.820143 461.049653
3272 510.161417 395.464526
3277 534.986607 161.470779
3278 305.782225 213.084697
3285 345.476936 172.901856
3295 412.866470 362.175379
3306 442.571472 200.641560
3324 398.809954 292.779056
3374 82.842759 218.291375
3394 73.264714 131.966369
3433 94.995483 349.039731
3446 537.160141 285.295758
3478 554.520773 247.318388
3501 327.393456 192.909478
3526 347.044444 283.663169
3552 529.707900 360.694425
3554 543.089318 344.864924
3624 130.195645 199.684400
3634 415.466567 462.093729
3648 415.262430 7.401266
3651 287.082706 312.364945
3671 503.369311 275.787924
3686 375.406193 316.212598
3702 235.974559 125.884621
3703 256.893781 186.909336
3709 332.809880 389.172570
3712 147.932261 230.332900
3746 606.187346 51.087660
3748 516.376969 284.656382
3811 204.265865 328.183834
3821 535.662641 100.547876
3831 564.925525 260.564782
3842 56.339992 344.571720
3846 596.619055 465.329884
3849 310.548515 44.894862
3862 366.633581 312.924925
3867 246.689357 32.184026
3872 177.578928 210.808704
3954 130.453504 434.247438
3958 172.625790 291.824080
3965 179.536780 61.962017
4003 413.302458 236.446947
4030 182.057305 2.959971
4036 185.650254 177.642749
4042 222.736692 322.543274
4083 105.072312 416.019068
4112 572.609276 391.228996
4152 22.177243 19.320280
4184 175.269015 103.342948
4194 596.570352 270.283183
4247 196.124235 298.860237
4323 381.324624 435.493281
4328 420.429962 221.188758
4337 171.107497 377.753405
4340 208.249331 26.203698
4401 336.001205 14.966455
4409 479.496683 409.477563
4452 564.966043 432.035911
4476 400.265558 331.512921
4508 240.516229 426.920005
4534 150.096096 280.049788
4536 298.437638 405.457022
4541 273.547251 100.283747
4566 291.821239 419.435119
4578 129.485624 389.996715
4589 167.498259 198.996544
4604 365.391085 390.470125
4620 64.670946 115.210535
4622 456.579472 314.749463
4633 487.200371 151.092098
4653 195.099548 43.624447
4728 378.416875 85.651660
4742 519.630519 253.469365
4754 581.908713 370.610008
4764 352.578475 8.687997
4843 311.023425 126.966368
4867 503.692519 381.505932
4883 104.418343 136.824706
4920 497.981994 477.211693
4929 520.183806 459.585206
4940 359.634186 290.422687
4942 256.251432 347.793034
4948 555.806040 415.352327
4960 446.602462 451.032206
4982 212.570749 396.304572
