12
-14.500000 0.000000 0.000000 0.000000 0.000000 0.000000 1.000000
1 562.863802 205.415616
2 138.190977 264.998379
4 302.576316 233.318380
8 106.407808 216.823585
9 211.749614 216.643835
10 179.514675 223.573880
12 553.723047 277.206231
13 475.128789 245.547654
15 576.572613 155.290928
17 226.154521 463.607790
18 18.124087 306.786503
19 636.047962 308.014976
20 352.701126 252.227623
24 157.249208 302.197697
25 18.095294 111.589212
26 24.693883 111.915139
29 561.856113 321.224934
31 381.276943 211.739001
36 577.593818 330.265031
39 291.174438 254.613764
43 437.549275 160.866340
44 310.128244 356.920355
49 600.328282 317.663880
50 529.566411 251.054268
56 337.909977 171.086549
57 412.545271 205.947566
59 479.974860 294.063178
61 92.584383 365.036723
64 407.205260 150.398694
65 575.178416 324.583582
66 530.013530 285.295873
71 502.161682 330.029532
73 88.904989 241.397259
75 592.443325 197.265888
79 154.787500 165.919474
80 411.323627 427.443542
82 462.309777 183.155455
83 20.618188 239.990850
85 206.606964 158.096503
87 425.451297 208.551026
88 218.571146 143.257871
93 339.390976 50.856176
94 369.260551 360.659286
95 351.503942 241.992788
97 309.038428 34.440983
98 299.585518 105.632405
