13
-14.000000 0.000000 0.000000 0.000000 0.000000 0.000000 1.000000
1 566.556602 204.889753
2 135.820432 265.324324
4 302.351798 233.232282
8 100.055772 216.134340
9 210.443832 216.362099
10 177.837972 223.377833
12 556.489946 277.646692
13 477.000968 245.614606
15 580.579452 153.968044
17 221.112144 475.622380
18 14.248331 307.643969
20 353.094457 252.374697
24 155.216835 302.974399
25 11.989822 108.992338
26 19.682648 109.741586
29 567.039779 322.965816
31 382.439130 211.202998
36 581.449151 331.616001
39 290.823021 254.791923
43 439.512946 159.544406
44 309.972597 358.763827
49 605.605171 319.125822
50 533.144925 251.243028
56 338.554135 168.607977
57 413.658004 205.538131
59 484.159164 295.477255
61 88.673676 367.186892
64 408.885865 148.671913
65 578.584956 325.712742
66 532.540313 285.840852
71 504.806072 331.336465
73 85.388321 241.418522
75 595.869784 196.728430
79 150.846866 164.152512
80 415.006825 435.003376
82 464.411859 182.315794
83 12.787464 239.990611
85 205.154385 157.047309
87 427.242736 208.016761
88 216.835762 141.602673
93 340.002761 44.888686
94 370.061534 362.621224
95 351.897342 242.017672
97 308.736113 28.771771
98 298.746344 100.108983
