19
-11.000000 0.000000 0.000000 0.000000 0.000000 0.000000 1.000000
1 591.308447 201.365031
2 120.188819 267.473640
4 300.873004 232.665196
8 52.286433 210.950995
9 201.895978 214.517809
10 166.872434 222.095697
12 574.572260 280.525204
13 489.257088 246.052904
15 607.520314 145.073348
20 355.668596 253.337220
24 141.870321 308.074974
29 603.496626 335.209480
31 390.456905 207.505191
36 607.243716 340.654833
39 288.520383 255.959297
43 452.826181 150.581994
44 308.924874 371.172978
50 557.475426 252.526421
56 343.659915 148.962118
57 420.940022 202.858681
59 514.717336 305.804327
61 62.059995 381.819517
64 420.507665 136.730793
65 601.100497 333.175933
66 549.077204 289.407541
71 522.438537 340.050936
73 61.814856 241.561053
75 618.386202 193.196616
79 122.596105 151.485001
82 478.455280 176.706258
85 195.592315 150.140651
87 439.414651 204.386704
88 205.033759 130.346006
94 375.473586 375.877556
95 354.480775 242.181088
98 291.788151 54.310340
