5
-18.000000 0.000000 0.000000 0.000000 0.000000 0.000000 1.000000
1 539.817586 208.697453
2 153.217397 262.932276
4 304.001065 233.864742
5 629.327277 286.033601
8 142.326541 220.721047
9 220.085652 218.442424
10 190.228625 224.826599
12 536.030377 274.389745
13 463.177423 245.120254
15 551.639708 163.522684
17 250.840163 404.788741
18 42.727349 301.343320
19 604.916751 301.315396
20 350.189494 251.288472
23 625.249368 254.335636
24 170.183655 297.254601
25 54.882039 127.235920
26 55.579575 125.311372
27 626.049945 255.006781
29 530.881452 310.822407
31 374.213380 214.996724
36 553.492259 321.819455
37 21.478702 294.786410
38 47.737178 446.345007
39 293.415763 253.477475
42 51.094583 414.428864
43 425.424010 169.029016
44 311.095738 345.461425
49 568.224606 308.769679
50 507.527469 249.891752
56 334.408387 184.559859
57 405.439621 208.562121
59 455.753090 285.877480
61 116.648783 351.805733
64 397.012491 160.871519
65 553.633565 317.442144
66 513.879027 281.815972
71 485.576990 321.832901
73 110.850090 241.264574
75 570.650757 200.684162
79 177.951829 176.306253
80 391.830656 387.433835
82 449.150254 188.411925
83 65.947974 239.992235
85 215.829847 164.758168
87 414.411593 211.843422
88 229.256305 153.449300
93 335.971542 84.210080
94 364.299061 348.506564
95 349.000259 241.834417
97 310.772115 66.952299
98 304.006031 134.728106
