1011
-2.97 -1.23 2.05 -0.029 0.934 0.315 0.167 
13328 1.544176
13203 1.022328
12676 3.210356
13214 1.067067
13321 1.572344
13232 1.271809
13387 1.731556
13484 1.915432
13456 1.911527
12635 1.96512
13408 1.657209
13198 1.019408
13573 2.930398
13196 0.99846
13530 2.105598
13396 1.759824
13474 1.912365
13404 1.699263
13268 1.376468
13499 1.870149
13177 3.53122
13360 1.655262
13528 2.051948
13297 1.468703
13326 1.563386
13383 1.707393
13318 1.565679
13409 1.734539
13233 1.294458
13079 1.679762
13300 1.478944
13599 3.562999
13344 1.586083
13352 1.584476
13329 1.569929
13489 1.892958
13454 1.848631
13585 3.182307
13346 1.59974
5163 4.058325
13476 1.951621
13152 2.070498
13333 1.593531
13302 1.493942
12992 1.527506
13575 2.671249
13572 2.575608
13258 1.348108
13216 1.127951
13299 1.481072
12883 1.403896
13201 1.020815
13598 3.624208
13225 1.265671
13496 1.994828
13263 1.396492
13349 1.672965
13306 1.534454
12115 1.89689
13421 1.691338
13327 1.569418
13175 3.463997
13417 1.727434
13350 1.625733
13060 1.715961
13314 1.562136
13548 2.132582
13539 2.047974
13412 1.730483
13442 1.811428
13402 1.757105
13284 1.475437
13538 2.078092
13498 2.014491
13504 2.005169
13226 1.282187
13491 1.974005
13467 1.860503
13447 1.817958
13620 3.980861
13371 1.413111
13215 1.074969
13624 3.753815
13377 1.723574
13415 1.684698
13592 3.263061
12711 1.021585
13473 1.852376
13205 1.014181
13295 1.475123
13606 3.626092
13140 1.950163
13354 1.613901
13086 1.688683
13264 1.409055
13023 1.538092
13382 1.735777
12021 1.734056
13607 3.587697
13614 4.03007
13231 1.272176
13425 1.71763
13564 2.180819
13462 1.793293
13536 1.816245
13135 2.03151
13080 1.727976
13389 1.732903
13556 2.075121
13511 1.98708
13446 1.569899
13428 1.74389
13372 1.689047
13615 3.864476
13628 3.953252
13478 1.881141
13479 1.86851
13469 1.910291
13312 1.566613
13213 1.068786
13587 3.168413
13483 1.89667
13373 1.65552
12663 2.249007
13156 2.065234
13179 3.329989
13439 1.803961
13316 1.555462
13256 1.33014
13609 3.535769
13452 1.768964
13487 1.842716
12065 1.731241
13426 1.747846
13595 3.418145
13138 1.99186
13301 1.479618
13134 1.931491
12589 1.606108
13011 1.537503
13335 1.532887
12980 1.480101
13567 2.140122
13160 2.159239
13147 2.004277
13272 1.40223
13253 1.315985
13087 1.778131
13391 1.726507
5154 4.19215
13210 1.058883
13236 1.298338
13262 1.383893
12597 1.741041
12110 2.022349
12122 1.822167
13495 1.877493
13569 2.356622
12680 3.329593
13339 1.61283
13375 1.636755
11880 1.543401
13308 1.53576
12931 1.448091
12591 1.531695
13610 3.671756
13612 3.662307
12671 2.354643
13621 3.843989
13025 1.605289
13252 1.293602
13627 3.989217
5199 5.496776
5162 3.521026
13443 1.769408
13018 1.528506
13274 1.386122
13211 1.063012
13242 1.310022
13178 3.539357
12677 3.493235
13407 1.723906
13553 2.105894
13532 2.02822
12130 1.888693
5771 2.199875
13560 2.152136
13517 1.954468
13580 2.969186
13438 1.780126
13401 1.699708
13400 1.747642
12051 1.737594
13625 3.583103
13586 3.972218
13247 1.26105
13423 1.719186
4224 2.355427
13566 2.100481
13470 2.020874
12894 1.401196
13208 1.069908
13603 3.903986
13618 3.839054
12678 3.244743
13535 1.997255
13151 2.106991
13311 1.550646
13296 1.526315
13488 1.913016
12640 1.87416
13338 1.56034
5792 2.012199
12670 2.352979
13570 2.180779
13254 1.259637
13581 2.795825
13167 2.021064
13562 2.008073
13558 1.975504
13410 1.75439
4253 1.834132
13384 1.788159
11993 1.629212
13481 1.843067
13378 1.626691
13273 1.389729
13605 3.725008
13600 3.718673
13596 3.562384
13209 1.035216
12654 1.964254
13506 1.934358
5174 1.992419
13420 1.801814
13429 1.75543
13537 2.052899
13176 3.954158
13131 2.08536
13149 2.18022
13565 2.068655
13244 1.29737
12967 1.346777
13578 2.69164
13168 2.005102
4700 1.97289
4682 1.864203
13515 1.973506
4696 2.461058
13422 1.680751
4671 1.604604
13597 3.798239
13619 3.406891
13174 3.150633
12123 1.808438
12947 1.541904
13379 1.658845
13507 2.060774
5794 1.970626
13613 3.525969
12835 1.261231
13555 2.117821
13636 3.710095
13453 1.838303
13345 1.569899
11873 1.751705
13546 2.099866
13162 2.096028
13325 1.566613
13125 1.839729
13129 1.848099
13457 1.805394
13153 2.23222
12783 1.187649
13645 3.972218
5158 3.662307
13646 2.106991
13550 2.148273
12660 2.061353
13092 1.791399
13604 3.565273
13103 1.742241
13356 1.6608
13146 1.934358
