1012
-2.97 -1.2 2.09 -0.0265 0.937 0.307 0.167 
13555 1.987929
13634 3.071144
12676 3.239901
13573 2.54237
13257 1.322794
13398 1.669862
13525 2.019644
13474 1.960176
13282 1.416914
13575 2.717538
13225 1.253193
13215 1.040303
13329 1.525147
13412 1.691858
13328 1.54375
13177 3.520537
13530 2.035836
13268 1.352866
13233 1.280156
13404 1.736499
13499 1.827152
13360 1.6421
13559 2.058244
13493 1.89316
13572 2.5629
13352 1.583266
13327 1.531813
13232 1.257133
13175 3.586312
13476 1.891353
13607 3.645273
13599 3.558113
12115 1.831828
13331 1.549841
13456 1.837116
13152 2.047792
13350 1.603969
13333 1.578346
13302 1.490133
13397 1.673607
13467 1.806477
13628 3.944213
13528 2.050458
13396 1.665551
12021 1.660926
13462 1.7606
13409 1.726852
13442 1.787455
13402 1.732167
13135 1.977941
13592 3.349814
13478 1.889362
13318 1.55398
13279 1.414726
12925 1.409416
13587 3.256765
13278 1.42931
13277 1.403627
13382 1.662864
13496 1.968086
13086 1.667038
13375 1.669182
13417 1.725937
13345 1.603214
13386 1.602867
13614 3.858445
13556 2.125666
13023 1.522921
13179 3.46584
13421 1.632443
13615 3.671155
13226 1.273415
13522 2.022112
13134 1.837278
11873 1.753832
13395 1.689546
13314 1.53387
12711 0.994701
13263 1.399041
13624 3.746889
13585 3.353063
13593 3.509682
13546 2.022624
13156 2.077531
13299 1.470738
13140 1.999285
12652 2.117577
13295 1.465775
13178 3.637721
12589 1.600596
13011 1.529222
12110 2.095267
13487 1.858534
13147 2.072771
13483 1.823239
11880 1.506663
13264 1.407034
13560 2.132877
13354 1.60747
13025 1.541415
13256 1.320184
13455 1.795364
13391 1.698003
13372 1.667949
13325 1.504239
13213 1.025236
13621 3.764501
12677 3.354962
13595 3.371014
13125 1.743124
12680 3.567525
12980 1.49059
13080 1.747365
13551 2.086527
12122 1.827272
13423 1.673526
13316 1.512241
13274 1.364931
13457 1.774398
13153 2.078458
12671 2.304734
13308 1.505014
13400 1.742323
12591 1.567562
5792 1.979731
13580 2.84418
13429 1.755422
13126 1.753178
13407 1.629604
13603 3.744923
12783 1.153546
13018 1.495802
12894 1.365012
13208 1.0385
13645 3.881667
13596 3.46021
5158 3.519921
11993 1.621518
13553 1.981097
5771 2.143083
13535 2.12276
13646 2.136529
13550 2.390978
13579 3.042047
13338 1.564947
13378 1.747299
13481 1.806837
13247 1.293225
12670 2.38122
12660 1.994059
13618 3.318031
13092 1.71712
13422 1.643959
12628 1.639594
4253 1.898565
13410 1.721145
13401 1.710066
13613 4.01905
13625 3.527174
13209 1.032627
13507 1.965446
5174 1.999163
13420 1.766677
13571 2.216183
13581 2.863746
13131 1.984046
12941 1.537214
12786 1.114944
13254 1.297086
13604 3.445635
13591 3.06492
13167 1.926986
4696 2.666781
4682 1.932756
13103 1.705291
4671 1.65677
12117 1.898771
12947 1.518546
13356 1.676261
13464 1.680445
13139 1.931615
13150 2.071442
13334 1.514684
13652 1.961258
13552 2.000731
13466 1.809489
13124 1.726607
13414 1.667366
13241 1.239265
13390 1.668427
13554 2.016653
13376 1.732624
13374 1.680278
13491 1.897572
12654 2.080564
13529 1.993805
5154 4.069709
13243 1.249943
13475 1.827344
13315 1.530441
13416 1.717508
13312 1.481776
13145 2.057277
5722 1.958109
13324 1.599306
13236 1.266982
5163 4.063568
12678 3.516444
5162 3.519921
13234 1.244047
13588 3.186175
13450 1.870048
4224 2.390978
13647 3.969295
13605 3.318031
4263 2.249747
5794 2.025032
5774 1.965446
13597 3.6889
13176 3.06492
13486 1.816118
13250 1.266143
13611 3.372802
13280 1.35932
4237 1.615424
