1023
-3.01 -1.09 2.3 0.0141 0.933 0.315 0.173 
13599 3.423027
13559 2.012886
13633 3.739615
13552 1.957207
13334 1.482251
13442 1.705195
13360 1.587501
13474 1.84928
13398 1.601006
13279 1.2848
13458 1.786775
13079 1.552531
13624 3.658228
13282 1.291805
11887 1.692738
13299 1.390523
13459 1.762625
13329 1.479329
13614 3.610396
13217 0.95617
13530 1.956081
13615 3.858066
13628 3.793246
13424 1.67116
13409 1.657578
13652 1.882816
13365 1.55827
13328 1.477751
13414 1.667307
13290 1.411434
13492 1.843136
13412 1.631168
13348 1.541117
13306 1.455335
13193 2.568519
13139 1.882697
13555 1.995157
13549 2.006166
13152 1.97923
13327 1.47946
13333 1.500572
13302 1.416651
13295 1.393671
13284 1.30778
13369 1.597862
13621 3.597382
12790 1.024797
13023 1.461133
13522 2.012236
13355 1.396235
13416 1.659624
13080 1.647974
13350 1.542796
13389 1.63631
13375 1.571597
13439 1.709628
13554 1.974027
13287 1.295218
13175 3.404557
13598 3.513414
13637 4.034949
13523 1.943058
13386 1.474212
13397 1.575659
13138 1.864689
13496 1.916389
13396 1.659278
12637 1.853678
5154 3.924629
13494 1.880869
13560 2.041782
13301 1.387511
13156 2.038534
13505 1.921305
13569 2.200796
12021 1.642797
12931 1.296052
13364 1.561956
13125 1.7216
13331 1.404573
12654 2.00028
13564 2.059567
13419 1.688748
13354 1.535779
12927 1.312436
13264 1.222296
13178 3.500549
13179 3.397387
13370 1.489357
13462 1.655394
13143 1.874745
13553 1.969402
13117 1.670788
13528 1.952426
13471 1.803298
11873 1.715224
13546 1.989268
13378 1.673183
13319 1.44298
13338 1.460226
5163 3.964784
12110 1.979477
12980 1.41282
13535 2.021056
13392 1.555669
13011 1.467767
13438 1.667505
13252 1.13879
13218 1.013778
13220 1.029384
13272 1.230962
13277 1.291187
13625 3.418748
12680 3.257164
5199 4.93259
13413 1.627849
13140 1.888907
13457 1.74915
13153 2.022745
13166 2.163816
13077 1.657855
13455 1.708565
13087 1.699057
13603 3.587467
13423 1.645172
13600 3.427175
13324 1.483116
13610 3.482308
13517 1.886775
5792 1.987915
13503 1.83858
13308 1.394833
12068 1.64811
13092 1.66977
13648 1.220562
13642 1.295738
12930 1.296266
13627 3.828978
5794 1.87939
13111 1.730439
4236 1.8999
13579 2.642471
13384 1.657469
13445 1.733329
13167 1.953043
12671 2.232846
13379 1.679743
13429 1.606095
13174 3.265933
13586 3.272285
12894 1.188948
13565 2.035128
13470 1.859764
5774 1.948678
4220 1.331304
12915 1.280125
13578 2.759427
13580 2.561562
13486 1.786265
13093 1.624107
13590 3.560639
13337 1.534752
11993 1.617361
13311 1.480046
12896 1.287025
4224 2.193776
13366 1.629361
13250 1.124801
12786 1.028547
13647 3.927172
13570 2.250268
13515 1.955608
5400 1.292739
13266 1.195125
13562 2.021246
13597 3.289972
12059 1.676788
13103 1.705126
13176 3.182874
4671 1.64772
4229 1.490761
13619 3.787672
13383 1.613963
13473 1.797847
13177 3.370623
13150 1.974181
13468 1.837075
13241 1.131299
13321 1.409794
13541 1.957207
13516 1.877006
13391 1.654507
13303 1.401507
13164 2.066009
13533 1.974027
13345 1.548317
13606 3.522259
13405 1.664332
13025 1.494763
13289 1.271783
13607 3.425866
12925 1.296114
13567 2.040325
13449 1.645724
13532 1.900453
13495 1.74915
13274 1.225693
13626 3.580667
13558 1.954658
13146 1.828047
13537 1.834172
13591 3.281677
13594 3.525146
13276 1.287025
4253 1.863734
13356 1.671757
4239 1.495156
