1025
-3.03 -1.17 2.24 0.0182 0.923 0.342 0.173 
13555 2.060934
13360 1.589754
13398 1.653137
13499 1.837441
13474 1.931462
13509 1.904853
13150 1.987607
13456 1.790775
13409 1.636738
13348 1.56192
13334 1.528553
13333 1.489725
13473 1.752328
13079 1.597315
13281 1.269961
13505 1.928079
13530 1.965505
13135 1.936334
13552 2.015738
13268 1.237651
13412 1.690231
13327 1.492314
13459 1.814083
13421 1.651999
13282 1.277242
13025 1.500755
13302 1.416545
13299 1.383781
13080 1.646869
13373 1.608753
13317 1.47616
13511 1.938405
13516 1.936209
13263 1.200911
13193 2.565698
13279 1.280062
13175 3.384182
13592 3.171166
13365 1.581858
12115 1.829174
13358 1.57347
12654 2.025067
13295 1.388136
13270 1.239361
13496 1.971744
13652 1.902216
13478 1.84686
12883 1.232311
13528 1.978356
13305 1.457211
12589 1.517987
13331 1.428856
13483 1.860448
13425 1.693629
13492 1.860503
13060 1.61799
12773 1.010154
13298 1.297767
13284 1.297265
13264 1.216416
13615 3.801854
13179 3.466889
13152 2.002969
13458 1.781671
13349 1.566459
11873 1.680303
13301 1.391859
13364 1.624383
13057 1.650051
12591 1.493401
13324 1.473441
13277 1.255022
11880 1.485936
13347 1.500805
12122 1.823441
13125 1.843759
13452 1.724371
13560 1.969826
13524 1.988018
13354 1.536094
13345 1.452152
12925 1.292254
12927 1.278297
5163 3.817033
12680 3.09613
13553 2.038029
13546 2.019511
13369 1.665844
13533 1.993169
13140 1.862239
13378 1.671093
13156 1.998486
13471 1.748021
13375 1.596695
13413 1.73076
13372 1.618098
13535 2.054537
13502 1.914635
13517 1.886681
13011 1.495482
13338 1.505198
13138 1.989207
13400 1.654074
13077 1.67047
13374 1.555628
13129 1.760665
12841 1.12063
13178 3.404114
5154 3.910668
13627 3.928823
13557 1.984306
12044 1.702788
13153 1.966549
13522 1.956357
13455 1.790371
13247 1.148579
13423 1.630372
13388 1.615163
5162 3.474831
5158 3.412795
13625 3.436041
13392 1.639325
12068 1.73408
12652 2.011425
13537 1.98482
5792 2.04221
13293 1.264083
13646 2.077344
4696 2.217957
12930 1.2713
12932 1.29172
13603 3.781586
5199 4.288558
11993 1.679235
12110 2.014726
13092 1.721334
13431 1.673343
13111 1.661749
13551 2.006828
13581 2.663042
13384 1.591906
13450 1.796682
13320 1.49322
13445 1.74446
5771 2.06609
13252 1.123981
13565 2.018092
13353 1.642959
13605 3.215307
13600 3.386474
13586 3.373056
5774 1.915368
13018 1.342613
4220 1.360524
13648 1.217641
13619 3.523682
13622 3.474193
12628 1.589177
13422 1.603992
13562 1.938655
12059 1.728871
12117 1.749752
13519 1.988241
13579 2.755262
4253 1.827158
13311 1.473853
13507 1.878365
13420 1.709168
13167 2.021755
13103 1.648179
4671 1.665054
13148 1.950731
13280 1.254212
4700 1.979583
13174 3.168094
13379 1.689088
12640 1.790386
12777 1.036464
13069 1.605479
13266 1.289287
12671 2.340066
5174 2.05338
13599 3.413128
13635 3.518359
11887 1.683132
13321 1.4382
13389 1.626818
13341 1.529483
13350 1.556315
13493 1.864283
13614 3.446074
13396 1.673683
13397 1.627225
13495 1.84145
13569 2.254485
12637 1.838187
12992 1.400157
13278 1.286428
13523 2.000311
13380 1.651065
12021 1.700648
13117 1.75941
12923 1.281716
13612 3.561713
13554 1.993169
13339 1.549657
13143 1.938886
13166 2.134602
4236 1.977389
13515 1.981409
4664 1.264083
13276 1.289954
13486 1.749752
13590 3.501041
13410 1.658596
4237 1.654857
13550 2.330872
4224 1.921049
13611 3.284423
13254 1.145001
13561 1.912007
