1027
-3.03 -1.24 2.2 0.0163 0.919 0.354 0.174 
13456 1.772116
13292 1.380919
13334 1.546347
13360 1.577728
13499 1.894474
13496 2.009677
13652 1.946259
13270 1.240397
13442 1.736762
13279 1.282706
13530 1.963536
13282 1.285282
13552 1.998919
13459 1.83961
13299 1.385702
13117 1.794264
13398 1.705656
13509 1.892161
13328 1.505872
13310 1.470184
13139 1.901911
13350 1.558862
13080 1.663764
13306 1.493308
13492 1.841641
13263 1.206914
13592 3.289785
13555 2.07037
13414 1.685554
12115 1.886458
13285 1.37799
13358 1.572141
13424 1.656081
13369 1.681234
13302 1.42318
13295 1.39172
13349 1.567149
12065 1.718495
12883 1.242069
13528 1.953728
13023 1.50582
13347 1.520717
13305 1.482378
12654 2.006938
13221 1.060735
13255 1.202732
13478 1.884957
12773 1.026679
12925 1.297709
13284 1.284455
13193 2.566084
13615 3.642575
13637 3.925002
13133 1.788881
13397 1.645802
13373 1.656806
13152 2.043519
13307 1.419323
13375 1.560566
13156 1.997813
13559 2.093206
13577 2.707316
13324 1.501774
12980 1.424929
13277 1.293924
13011 1.52171
13315 1.428576
12589 1.520908
13419 1.658365
13060 1.646919
13331 1.467691
13372 1.623354
13354 1.566305
13502 1.889249
13483 1.861146
13441 1.757241
13125 1.828209
13425 1.73001
12841 1.14017
12767 1.035427
12927 1.297874
5163 3.850712
13179 3.386496
13546 2.083364
13495 1.87807
13378 1.732323
13564 2.090001
13301 1.394326
13405 1.666643
13522 1.985872
13470 1.887988
13517 1.881578
5792 1.99278
13319 1.460949
13338 1.530094
13057 1.650072
12591 1.518402
13345 1.503031
13129 1.805618
13239 1.19056
13178 3.38692
12680 3.129492
13627 3.667304
13607 3.470276
13553 2.117871
13092 1.719465
13364 1.639208
12044 1.724301
13153 2.013177
13308 1.431714
13471 1.767972
13455 1.770991
13087 1.731052
13644 1.482988
13296 1.414349
13646 1.920498
13535 1.936086
13551 1.889464
13400 1.656172
13388 1.6206
13115 1.87413
13507 1.981442
13537 1.900799
12932 1.292384
13293 1.23802
12774 1.058369
13621 3.468283
13625 3.378719
5199 4.092382
13167 2.108297
13557 2.152384
13431 1.66826
13392 1.697445
12068 1.694971
13534 1.930488
13581 2.824961
13138 1.980093
13420 1.724105
13445 1.714661
13423 1.725747
12059 1.76921
13438 1.654353
13384 1.699469
13586 3.25636
13597 3.359622
5162 3.449292
5158 3.239767
13600 3.318038
13648 1.220371
13579 2.735819
5771 2.123906
13460 1.715736
13429 1.622581
13111 1.779912
13026 1.467996
4253 1.83739
13184 1.545613
12930 1.273004
13622 3.269947
5774 2.054754
4696 2.245279
13519 1.936587
13422 1.666972
5174 2.021932
5400 1.285183
13252 1.187771
13280 1.272545
13611 3.242752
13580 2.837266
13605 3.150595
12117 1.887861
4700 2.090533
13379 1.678148
12640 1.799282
12786 1.047425
11924 1.733108
12941 1.277887
12671 2.294521
13489 1.881929
13491 1.932719
13150 2.007267
13479 1.872698
13409 1.663764
13386 1.511027
13177 3.358141
13458 1.776771
13505 1.989418
13160 2.038401
12923 1.283634
13567 2.105654
12637 1.829501
13289 1.271997
13337 1.469759
13234 1.168111
4224 2.22733
13311 1.52408
13174 3.239767
13561 1.971505
13550 2.090374
12652 1.98692
13103 1.748585
12123 1.78169
12783 1.067559
