1083
-2.61 -1.05 1.65 0.0156 0.918 0.365 0.154 
13177 3.930988
12982 1.793507
13331 1.86157
13440 2.184951
11873 2.056575
13038 1.924204
13282 1.731061
12773 1.462597
13397 1.977059
13152 2.321935
13139 2.285061
13284 1.738256
12642 2.14923
13633 3.95148
12582 1.892437
13415 2.083267
13433 2.104864
13064 1.979977
13632 4.114845
13599 3.819039
13088 2.001216
13614 3.865828
13175 4.053641
13548 2.451357
12122 2.209806
13528 2.312865
13156 2.390496
13399 2.042519
12925 1.73666
13389 1.984473
13150 2.390692
13559 2.432232
13496 2.405871
13459 2.191576
13652 2.26842
13612 3.927693
13492 2.188958
12676 3.43638
13450 2.072304
13153 2.465439
12597 2.175079
13077 1.977064
13549 2.421967
13532 2.377046
13039 1.925788
13524 2.259079
13396 2.083644
13641 1.722545
13190 2.978357
12843 1.569001
13168 2.566915
13072 1.881714
13592 3.604742
13502 2.270946
13092 2.038309
13569 2.694449
12130 2.220153
13560 2.417078
13551 2.362168
12654 2.379293
13567 2.436216
5148 2.630524
13598 3.765358
13091 2.017324
12593 2.1596
13125 2.239245
13546 2.489172
13587 3.578308
13580 3.078969
13179 3.579834
5722 2.151108
13138 2.311079
13405 2.024148
12640 2.1932
13471 2.108274
12678 3.660881
13432 2.088407
13178 3.902899
13036 1.924306
13427 2.162771
13535 2.373946
5792 2.335428
13564 2.382527
5405 1.717799
13128 2.047216
13557 2.439767
13481 2.229375
12680 3.625472
13143 2.343606
13043 1.929704
13090 1.958008
13457 2.170577
5774 2.378129
13566 2.394381
4236 2.407691
13167 2.474473
13562 2.365512
13507 2.387724
13621 3.87323
13565 2.331713
13581 3.218716
4224 2.719026
5159 2.827342
13571 2.6333
13579 3.256387
4253 2.195171
13040 1.910375
13585 3.544143
4696 2.786536
5189 3.639771
13149 2.447268
4682 2.210886
13597 3.750371
13596 3.685704
13470 2.296956
13646 2.80626
13650 3.705576
13531 2.329762
13260 1.565097
11866 1.893684
13555 2.461428
13501 2.183813
13123 2.185853
13316 1.848087
11598 1.713024
13511 2.271641
13417 2.002775
13520 2.32394
13119 2.1367
13488 2.150369
13211 1.388193
12790 1.484322
13517 2.3049
12110 2.465542
13166 2.504594
5027 1.705672
12590 2.162771
12103 2.266464
11611 1.759435
13445 2.079947
13420 2.088407
12838 1.628232
13603 4.021305
12596 2.187371
13519 2.364434
4700 2.432217
5180 2.902409
12660 2.399496
