1087
-2.51 -1.08 1.62 0.00796 0.917 0.366 0.158 
13415 2.136079
13598 3.817785
13490 2.209554
13203 1.386578
13546 2.550655
12677 3.508075
13038 1.948999
11598 1.738571
13177 3.995594
13152 2.462059
12981 1.808567
13472 2.218937
13380 2.111229
13554 2.457069
13516 2.323131
13511 2.333346
13396 2.096421
13284 1.741338
11887 2.105656
13150 2.380837
13652 2.356549
11597 1.709204
13039 1.968154
13459 2.294698
13496 2.498622
13492 2.242093
13501 2.210497
13233 1.588911
12637 2.238592
13549 2.516786
13434 2.119287
13318 1.875706
13281 1.747191
13517 2.312405
13479 2.321185
13599 3.646687
11866 1.982647
13624 4.046911
13577 3.321942
12676 3.479668
13091 2.083943
12590 2.256572
13455 2.177453
13400 2.094475
13614 4.141299
13502 2.30905
13325 1.863353
13592 3.672348
13134 2.331206
13435 2.105591
13123 2.236343
13047 2.028724
13166 2.569859
5722 2.244658
13471 2.172085
13560 2.417147
13117 2.218382
12930 1.767733
12786 1.542152
13609 4.015986
13178 3.931638
12654 2.414878
13190 3.079083
13136 2.264297
5148 2.760005
13036 1.964929
13089 2.055002
13553 2.444147
13070 2.026717
13580 3.150918
13179 3.782269
13445 2.175488
13569 2.666616
13160 2.448533
13535 2.513275
13143 2.343371
13646 2.698725
13075 1.972788
13291 1.808234
5159 2.812601
13457 2.302798
5792 2.37803
13193 3.109383
5020 1.658295
5039 1.665523
12110 2.44701
5771 2.65764
12974 1.822281
12678 3.512565
13621 3.816439
12680 3.565573
13551 2.342948
13126 2.353626
13316 1.855933
13043 1.964264
4236 2.353357
13519 2.424487
13565 2.340832
5774 2.334075
13168 2.590385
13579 3.291907
11610 1.832071
13507 2.347152
13420 2.091337
13586 3.622326
4224 2.853286
12600 2.234093
13561 2.307461
13570 2.670167
5174 2.380838
13309 1.768719
13482 2.201146
4696 2.800168
13597 3.553289
4682 2.134065
13040 1.966449
13053 1.99748
13090 2.127453
5180 3.017192
13578 3.212731
5190 2.631079
12640 2.110462
4262 2.735429
13034 1.954674
13622 3.843669
13587 3.552388
13481 2.22967
13632 4.005299
12597 2.20931
13156 2.423987
11611 1.76067
12931 1.762848
12636 2.247555
12774 1.523351
13232 1.600806
13483 2.404261
13312 1.885447
13534 2.316327
13486 2.330416
5405 1.714328
12596 2.219321
13167 2.438405
13596 3.729814
13585 3.664428
