1096
-1.89 -1.24 1.89 -0.0141 0.905 0.35 0.241 
13549 2.657675
13299 2.101032
12843 1.643901
13123 2.112907
13315 2.138554
13333 2.179469
13302 2.099746
13039 2.072747
12677 3.626368
13349 2.240065
13358 2.233363
13306 2.153905
13230 1.587838
13369 2.388544
13459 2.506037
13528 2.597212
13511 2.544091
13417 2.28932
12794 1.627903
13150 2.616666
13263 1.719432
13396 2.381767
11873 2.392294
13301 2.089069
13389 2.287839
12981 1.833639
13193 2.878544
13109 2.359903
12597 2.400659
13327 2.194685
13428 2.332332
12805 1.688855
11565 1.809243
13554 2.714592
12676 3.70429
12637 2.501592
13458 2.371672
13529 2.593327
12065 2.412426
13574 2.937527
13599 3.852073
13496 2.696636
12582 2.19679
12988 1.953149
13143 2.595852
13455 2.451419
11887 2.384811
13495 2.555274
12678 3.620973
13092 2.355605
13560 2.644198
13324 2.176098
12878 1.790622
13502 2.481384
13471 2.360444
13338 2.166734
13125 2.544535
13407 2.388439
12122 2.533845
13411 2.471764
13134 2.506322
13598 3.847522
12593 2.356028
13364 2.378048
11596 1.967025
12680 3.760199
13580 3.338161
13057 2.252134
13353 2.404747
13400 2.334625
13558 2.616031
13087 2.346299
13308 2.080249
12891 1.748098
13184 2.221578
13534 2.559029
13190 2.759578
13405 2.320004
13457 2.494926
12068 2.393123
5792 2.599684
13640 4.662384
12590 2.442262
13077 2.28547
13431 2.254723
13646 2.673662
13166 2.76073
12882 1.764511
13535 2.60845
13126 2.473192
13111 2.507174
5774 2.665495
13103 2.371693
5020 1.631868
13043 2.036905
5039 1.784594
12974 1.928234
4237 2.30165
13296 2.08162
13445 2.431104
12636 2.448702
13481 2.61718
13410 2.338202
4236 2.536816
13040 2.061573
12654 2.681841
13579 3.321836
4224 2.882276
5025 1.740643
13460 2.440784
4253 2.395523
5771 2.781123
13649 2.384066
13585 3.853851
5172 2.895877
4696 2.88182
12926 1.80083
11924 2.421589
13561 2.641648
12117 2.545429
12008 2.340955
13587 3.761335
13401 2.295923
13168 2.775417
13597 3.598297
13207 1.325918
5195 2.77461
5213 2.76802
12640 2.575737
13569 2.88869
12660 2.80744
13160 2.67544
12832 1.676379
13479 2.559062
13351 2.31963
13164 2.684762
12103 2.493083
13441 2.412897
12110 2.732063
13450 2.403132
13551 2.629546
13443 2.359922
13610 3.892814
13136 2.151615
11610 1.901984
13113 2.507289
12044 2.329552
13429 2.313661
12123 2.552888
4682 2.600538
