1103
-1.64 -1.16 1.96 -0.0214 0.912 0.321 0.253 
13479 2.588053
13652 2.634822
13299 2.18626
13123 2.094789
13327 2.270682
11873 2.469556
13416 2.419314
13417 2.389445
13333 2.304977
13331 2.017298
13358 2.344713
12065 2.432783
13548 2.779395
13554 2.732492
13047 2.250859
11611 1.908416
12582 2.225004
13374 2.157823
12843 1.693924
13301 2.213305
12597 2.417748
13302 2.204381
13125 2.559325
13375 2.312733
13407 2.430118
11565 1.785856
13455 2.494817
11880 2.245155
13471 2.497468
13495 2.59593
13411 2.450252
13560 2.800323
12878 1.780654
13534 2.632315
13528 2.723108
12593 2.397485
13320 2.300192
13011 2.273504
12051 2.480879
13400 2.415612
13324 2.300293
13522 2.767237
13580 3.567769
13592 3.689793
12637 2.606774
12068 2.364507
13043 2.062185
13075 2.087837
13477 2.569631
13092 2.394933
5039 1.744511
12891 1.769426
13179 3.909957
13438 2.418849
5722 2.472833
13486 2.605442
4236 2.761323
13535 2.747686
5774 2.657879
12654 2.712971
13517 2.701555
13193 2.991707
4646 1.796205
5159 2.598321
5378 1.454908
13378 2.461859
13168 2.902717
12882 1.87485
11610 1.911254
13423 2.468052
12636 2.496012
13429 2.487427
13410 2.465921
5167 2.737995
4696 2.875167
13034 2.077916
12123 2.676548
12008 2.35344
12926 1.970854
4237 2.285734
13420 2.39207
13579 3.465404
13481 2.393581
4224 2.907198
13379 2.515663
5172 2.894275
13565 2.722232
5174 2.83097
4253 2.679177
5195 2.873412
11924 2.397312
5189 3.158278
12640 2.485305
4654 1.717639
12680 3.85177
13369 2.341846
13546 2.841928
13472 2.569577
12832 1.698113
13441 2.50091
13413 2.476136
12130 2.552442
13354 2.300939
5771 2.818668
13430 2.335903
13040 2.075543
13581 3.485525
12117 2.605442
5199 4.913492
12983 1.970854
4676 1.810783
4680 1.716096
13053 2.07189
