113
-0.0155 -0.107 0.0337 0.0373 0.00176 0.0126 0.999 
71 1.708773
177 2.461727
12 2.312071
28 2.31091
70 1.944225
15 1.524009
97 3.060411
34 2.766554
64 2.310488
72 1.488847
10 1.979338
79 2.821718
122 2.280846
50 2.289629
26 2.302606
27 2.28648
78 2.909084
116 1.36538
75 2.720107
66 2.551532
30 2.186444
234 2.173283
21 2.881847
166 2.311884
67 2.441246
74 1.918926
178 2.852139
8 1.956138
2 1.669373
162 1.993653
100 2.184953
44 2.136199
165 2.65796
36 1.714064
129 3.006257
130 3.011329
111 1.560025
179 2.829468
120 2.736749
164 2.181552
51 1.417291
107 2.019928
17 2.17162
94 2.740749
95 2.708591
93 2.186493
40 2.023502
47 2.38197
43 2.193777
123 2.781641
57 1.71474
156 1.692704
175 2.80867
258 1.7753
259 1.944129
243 2.317502
263 2.804429
174 2.877932
168 1.582851
262 2.860182
248 2.31745
241 1.988887
25 1.469959
61 1.516935
186 1.530028
264 3.101383
85 1.906167
141 2.08739
180 3.01456
181 3.115345
184 2.755487
185 2.795222
109 2.27685
114 2.258174
119 2.745845
31 3.016769
132 1.733708
249 2.195502
147 1.719756
219 2.805521
220 2.778293
144 2.416667
139 1.691413
230 1.64852
227 1.916031
153 2.181612
251 2.325549
254 1.663842
339 3.111208
331 2.780426
337 2.849861
335 2.821196
110 1.536389
247 2.44272
336 2.88459
183 2.244824
260 2.855006
195 3.047952
108 2.189152
321 2.496099
187 1.577793
192 2.279468
313 1.762589
200 2.087193
283 2.377817
190 2.307134
293 2.27346
228 1.982547
269 2.122982
270 2.151833
240 1.673647
222 1.563877
203 1.696793
214 1.97172
225 1.780421
300 1.708924
226 1.84445
160 1.53047
319 2.657465
252 1.599438
173 1.962853
341 3.070536
333 2.729051
194 1.471487
297 1.567658
275 2.229375
346 2.227149
364 2.246022
294 2.372653
296 1.502972
428 2.274725
380 1.819885
277 2.110305
278 1.937767
286 1.698003
357 1.9324
299 2.007752
301 1.645603
282 2.01735
290 1.823861
429 1.524261
382 2.162624
295 1.474785
320 2.453329
316 2.301424
386 2.309095
395 3.137239
329 1.993013
280 1.743193
330 2.949055
390 2.770442
450 2.68538
365 2.446706
209 1.506614
379 1.67585
402 1.604192
448 1.657026
509 2.300628
413 2.358313
358 1.608593
360 2.037866
352 1.936316
375 2.256966
443 2.471463
398 1.603104
445 2.00446
452 3.051752
441 2.295776
454 3.134932
353 1.468894
349 1.7756
291 1.701454
355 1.689163
367 1.679146
497 1.678952
400 2.081141
527 1.611449
409 1.815638
384 2.243471
480 2.686879
451 3.000684
483 2.271729
533 2.317933
453 2.823525
340 3.080827
449 2.847812
499 2.123166
435 2.189011
482 2.999407
406 2.439486
393 3.096442
473 2.263589
422 1.477809
381 2.001638
408 1.713887
407 1.834222
423 1.712111
414 1.78032
446 1.585535
492 2.391219
503 2.292638
415 2.00267
518 2.060496
520 2.330119
525 2.801522
475 2.267837
534 2.191958
529 2.762457
544 2.120229
545 2.185774
479 2.87842
549 2.27919
433 2.05787
524 1.458972
470 1.670992
471 1.85471
424 1.669954
516 1.76109
80 3.076621
76 2.524426
89 2.311952
211 1.790792
135 2.19673
91 3.101383
124 2.746354
118 1.474735
191 2.035372
266 2.547958
196 3.116299
210 1.739154
324 1.588284
272 1.563776
267 2.007955
405 2.246022
361 1.748162
311 1.456512
396 2.684223
425 2.104714
362 1.770497
417 1.815638
359 1.906301
412 1.871151
303 1.969439
512 1.865186
532 2.060125
404 2.123864
537 2.033679
472 1.884985
426 1.941679
517 1.660331
476 2.467749
508 1.831624
506 1.734191
