1130
-0.546 -1.15 2.09 -0.00579 0.831 0.325 0.452 
13742 2.40377
12593 2.81315
13703 1.892498
13727 1.916848
13689 1.703651
10994 2.620158
12075 3.371075
13778 2.479556
13926 2.974458
13496 3.063437
13125 3.367044
12051 3.149799
13988 3.281245
13319 2.983446
12028 3.045308
13787 2.003421
13773 1.72911
13720 2.042884
13711 1.954764
12122 3.336962
13856 3.097187
13668 1.552686
6220 2.782228
11221 2.747423
13674 1.588731
13788 2.433857
11338 2.883375
13704 1.902819
13722 1.914323
13492 3.020432
13471 3.098764
13320 3.003988
12932 1.875419
11817 2.781089
13392 3.169302
13378 3.218716
11729 2.750938
13296 2.928998
5124 2.998333
11804 2.805202
13405 3.073573
13790 2.071868
13775 1.738328
13123 1.915423
13560 3.214412
13592 4.055861
13723 1.98527
13777 2.49275
11993 3.145646
12527 2.760104
5095 2.717486
5792 3.176472
4236 3.334374
13423 3.062408
12068 3.222118
5116 2.927027
13400 3.055696
5494 1.81413
12030 3.081689
5113 2.874585
5051 2.802578
13794 1.853645
13043 2.378884
4662 3.99659
14174 3.68916
14063 3.175785
12843 1.925085
6277 2.790319
5722 2.991901
13168 3.419254
11864 2.69906
14140 4.122939
4237 2.886218
12628 3.007821
11938 2.976068
3780 3.153839
5772 3.108859
4230 3.056488
5097 2.913443
13807 2.150654
13747 1.897246
13680 1.547247
14154 4.378279
13535 3.107032
13179 3.827475
5020 1.90776
12974 2.538296
5216 3.342197
5754 2.832227
12063 2.992717
4239 2.88771
13937 3.122389
12044 3.107745
13126 3.55988
11766 2.651201
5046 2.837318
4251 2.777625
13192 2.778524
4694 3.018355
13669 1.524305
3788 3.105713
4622 1.821036
5787 2.809568
13754 1.947146
5561 2.623315
4998 1.835088
5165 3.999747
4696 3.32845
13763 2.342239
4708 2.753545
12008 3.261109
4304 2.811646
5771 3.455008
12123 3.422557
12616 2.966078
3777 2.652085
4305 2.537291
11224 2.734574
5160 2.869399
12680 4.200271
13676 1.539246
13762 1.965573
3791 2.74426
12117 3.448057
13808 2.527064
13546 3.149534
13837 2.079195
5417 1.69844
5025 2.150035
3783 3.339332
5011 1.797997
14169 4.499119
5170 3.954327
5738 2.855188
10983 2.495037
4224 3.350515
4677 3.074392
4261 3.147513
4310 2.890731
4941 1.856482
4301 2.824945
5178 4.118558
14056 3.098391
13753 2.020684
13822 2.108117
4645 1.81349
4676 1.916483
5219 3.283784
14077 3.334927
4308 2.734871
4272 2.717846
11924 3.171627
4700 3.137949
5199 5.988163
4940 1.821828
13783 2.167347
5053 3.180778
4999 1.981269
5196 4.177925
13819 2.24618
14093 3.214656
5213 3.217232
5649 2.649521
4313 2.867065
5220 2.841276
4982 1.603466
11593 2.538346
13706 2.083022
13784 2.40345
13399 3.062098
12110 3.379439
13553 3.333213
13881 3.147191
12540 2.832584
11857 2.836961
13970 3.039208
11596 2.559649
5700 2.720135
13991 3.119777
13640 4.172528
5007 1.963581
13756 2.538296
5149 1.743973
4973 1.762684
14031 3.123874
3794 2.620258
