1138
-0.518 -1.06 2.11 -0.00175 0.828 0.322 0.459 
5062 2.88097
14006 3.10689
13911 3.066782
12122 3.330279
12051 3.239673
12028 3.059904
13905 2.167365
13720 2.024875
12677 3.488809
13592 3.837533
11565 2.401131
12075 3.220865
11993 3.055137
11887 3.052488
6220 2.836401
11863 2.732172
13976 3.159969
5722 3.028841
12932 1.906968
13722 1.885644
13378 3.094659
13658 1.471136
5113 2.991824
13400 3.13089
13296 2.87528
13888 2.163548
13790 1.976994
13560 3.079947
13723 1.954888
12079 3.163988
12878 2.414623
12597 2.867214
11157 2.959273
11868 3.044702
14056 3.416419
11013 2.481339
5049 2.866285
14140 3.811778
6277 2.853267
14063 3.248281
13569 3.328337
13970 3.091307
14154 4.241937
4948 1.814964
13405 3.118221
5046 2.733783
13679 1.53396
13656 1.522207
13655 1.501767
5097 3.028105
5494 1.862322
4694 2.950882
4237 2.952277
11800 2.874851
12030 3.071694
13807 2.090531
13663 1.55601
12843 1.96524
4223 3.154023
11596 2.544761
11845 2.972002
5792 3.117373
13457 3.381936
13881 3.074771
5795 2.537385
11221 2.830194
5705 2.613482
5160 2.897266
11864 2.745417
11766 2.645547
12540 2.810443
4230 3.092803
5116 3.046777
5069 2.871748
5706 2.888882
12063 3.075825
11938 2.969175
4304 3.005589
5544 2.003382
13747 1.885071
13825 2.061746
5039 2.026132
4662 4.044721
4696 3.497772
5020 1.979432
4968 1.732847
5774 3.394397
13168 3.326017
13126 3.370478
12628 3.150608
10983 2.568795
5801 2.648178
13179 3.992535
5700 2.782251
5772 3.072944
13884 2.351312
5025 2.019553
14161 2.818585
13666 1.566093
13640 4.1175
4224 3.408164
5007 1.975877
12098 3.192977
12950 2.347925
13756 2.600986
4708 2.82166
4941 1.870636
4251 2.785142
4671 3.2888
5784 2.796442
3789 2.645562
4301 2.834269
5787 2.960459
3788 3.252359
5561 2.493047
13763 2.387161
4676 2.041441
13903 2.066376
13892 2.192343
4998 1.809186
4654 1.906954
4644 1.775969
4700 3.249633
4261 3.173531
11224 2.747838
5165 3.969647
5738 2.823147
4982 1.498521
5174 3.123402
4253 3.148649
4215 1.860659
5127 2.916526
12044 3.215235
3791 2.736749
13849 2.434446
4680 1.924709
13783 1.982647
13813 2.150024
4645 1.79415
5417 1.722984
5771 3.207195
11924 3.244045
5649 2.836326
14077 3.167832
4313 2.931301
5033 2.682072
4973 1.801868
5185 1.601616
4686 1.869607
4996 1.78141
4693 2.810368
5053 3.016922
4275 3.54272
13906 1.984402
13819 2.212228
5213 3.281073
5178 4.079662
4940 1.745026
4272 2.846808
13784 2.41027
14150 3.146957
13301 2.871436
11073 2.693576
12931 1.85762
13711 1.975218
12636 3.028841
13077 2.980274
13682 1.527967
13782 2.395261
13777 2.501608
5754 2.834627
13709 2.347925
4308 2.865735
5199 4.379842
13707 1.941876
4239 2.946276
4949 1.924622
4211 1.816318
5196 4.012383
