1140
-0.501 -1.06 2.11 -0.00677 0.827 0.322 0.462 
14154 4.270882
13777 2.560116
13907 2.939403
14424 2.358355
14520 2.836954
10997 2.637879
5113 2.991765
14559 2.975805
14514 2.763841
14461 2.70217
14189 1.528238
14239 1.695977
14181 1.501882
13784 2.42464
14526 2.820986
13911 3.084316
14302 1.848074
13968 3.065171
14003 3.298648
14198 1.559792
14444 2.543836
14438 2.526731
14006 3.05126
14454 2.628865
14307 1.893943
14401 2.14781
14615 3.033819
14292 1.795232
12051 3.210048
12122 3.372527
14558 3.013456
14542 2.819481
13790 1.973723
14238 1.693434
13838 1.983158
13689 1.713415
14349 1.932224
14428 2.432632
12079 3.172758
14226 1.636876
14258 1.731698
14177 1.483279
14437 2.443525
14449 2.606714
5062 2.954349
14263 1.749132
14673 1.908809
14251 1.724597
14709 3.972882
13668 1.54928
14619 3.220889
13782 2.428143
13988 3.23813
14209 1.589619
14613 3.090699
14569 2.910818
11845 3.033248
13658 1.480843
14502 2.763853
5046 2.761652
13560 3.240891
13320 2.984614
14316 1.866184
14532 2.802045
14518 2.829455
11993 3.165576
14647 3.03486
13522 3.146327
14651 3.408356
14443 2.612889
14431 2.52926
14584 2.976141
14308 1.869094
14288 1.828254
14389 2.077261
14611 3.171742
14576 3.078748
14279 1.806025
13296 2.918549
14484 2.777551
14524 2.756788
14491 2.730293
13787 2.011523
14314 1.850656
13832 1.980466
13690 1.704524
13684 1.59496
14277 1.803514
12932 1.866899
14668 4.207442
14663 3.90093
14330 1.898977
4223 3.204524
14427 2.435927
14228 1.636059
14253 1.739584
11338 2.81864
14224 1.640531
13492 3.055815
14056 3.494697
14465 2.62673
11863 2.730518
14450 2.585422
5049 2.832952
14639 3.174147
14533 2.90528
14548 2.91186
14685 3.002313
14536 2.865353
5216 3.255732
13457 3.379555
13788 2.381287
4694 2.965184
6269 2.868057
4662 3.918947
14350 1.995956
5494 1.869418
14479 2.748147
14317 1.87517
11804 2.894881
13388 3.010122
14590 2.984308
14550 2.949961
14290 1.821415
14342 1.907301
14360 1.999664
13824 2.089168
14231 1.673158
14385 2.043969
13720 2.023437
13683 1.601582
14201 1.564027
14225 1.63272
14254 1.734277
14665 4.2083
14178 1.498553
14416 2.290414
13970 2.999115
14063 3.181165
13722 1.882036
13674 1.575544
14425 2.402237
14645 3.256063
11596 2.591274
14182 1.47201
14227 1.634822
14677 1.769052
11868 2.905766
12523 2.764776
14556 3.045819
14593 3.137479
5771 3.513366
10982 2.550523
14446 2.567925
14490 2.728307
5705 2.503335
14565 3.039909
5051 2.811465
14505 2.753747
5097 2.950954
5160 2.944306
14510 2.819909
12063 3.024735
14570 3.056702
14700 2.820783
14305 1.822443
14318 1.878493
14356 1.96263
4251 2.783308
14595 3.102432
14568 3.049446
14289 1.830507
14287 1.85598
14232 1.648288
14395 2.104833
14383 2.070431
5039 2.043248
13666 1.564133
14245 1.73973
14324 1.885189
14662 4.127915
4224 3.370384
13663 1.522629
14648 3.211433
14286 1.819484
5792 3.383146
5722 3.005667
14693 3.531601
12117 3.167627
12628 3.184954
14462 2.732479
14695 3.075503
5219 3.142485
14626 3.065686
4708 2.758622
11224 2.731275
14544 2.935571
14456 2.70833
14451 2.660228
5772 3.10749
4941 1.870346
14378 1.994958
14274 1.805699
14293 1.844109
14365 1.999196
5149 1.868257
14355 1.950877
14241 1.782616
14370 2.045343
14325 1.894823
14429 2.659307
14265 1.751122
13640 4.189208
14169 4.682187
4696 3.338693
5174 3.178202
4646 1.88793
14640 3.22196
14633 3.202726
13709 2.334732
14255 1.738832
14295 1.80803
4249 2.796609
14391 2.08743
5127 2.941016
10988 2.523534
3777 2.657496
5747 2.809401
3789 2.576232
5116 2.881643
5044 2.700298
5738 2.866989
14586 2.724566
5165 3.999095
14352 1.968304
13903 2.163369
14410 2.208294
3783 3.172069
5199 3.973666
4935 1.595774
14327 1.919776
13825 2.059901
14495 2.807584
14341 1.976337
14436 2.509883
12670 3.388667
14655 3.375406
13730 1.8556
13707 1.931753
5417 1.699587
14353 1.950727
4998 1.772202
14672 4.544156
14601 3.139939
14566 3.136432
14264 1.759746
14281 1.803396
3788 3.249007
5784 2.628399
4301 2.917152
5787 2.935912
14247 1.723235
14271 1.816347
14357 1.926806
14347 1.940161
14300 1.857433
14337 1.932307
14661 3.10686
13892 2.163566
13783 2.04553
13813 2.071775
14617 3.180256
14388 2.082503
5649 2.777363
4680 1.972741
4268 3.560954
14077 3.160599
14334 1.893658
4645 1.805936
14266 1.796824
14246 1.750298
11924 3.18161
14554 3.115146
3799 2.869218
5178 4.056155
14715 2.750692
14689 3.082239
5132 3.111774
5110 2.855383
14555 2.772124
4940 1.788654
14374 2.006022
4586 1.603619
14371 1.993104
4700 3.288193
14659 3.081011
14634 3.212485
14631 3.220109
4676 1.782835
4693 2.754915
13837 1.97586
13819 2.032326
14323 1.954443
4644 1.758505
14618 3.09202
14574 3.148946
14242 1.698608
14660 3.474597
14635 3.343685
14658 3.559775
5196 4.199271
5053 3.121498
14638 3.260019
3804 3.078298
5220 2.95043
14333 1.966078
5185 1.6093
14390 2.109233
14150 3.159632
14249 1.708237
14587 3.044897
14567 2.970237
14591 3.018004
14553 2.94111
14469 2.724859
14538 2.812676
6220 2.853173
14535 2.885127
14575 2.972894
13768 1.855297
14183 1.523956
12677 3.476817
14614 3.202677
11565 2.3596
14179 1.485637
13488 3.174096
13400 3.065973
14459 2.626121
14494 2.819165
14499 2.852356
14511 2.825885
12068 3.331049
14485 2.722081
14616 3.074061
11916 2.929209
14430 2.537853
14551 2.885345
14304 1.820785
14315 1.873909
14190 1.553267
12878 2.39664
14007 2.980993
4948 1.834311
13092 3.187618
13655 1.485616
14434 2.57514
12030 3.07503
14560 2.955554
14309 1.861098
13754 1.814647
14260 1.724095
14407 2.152217
13423 3.093854
13353 3.399631
11013 2.462904
14481 2.703156
14441 2.529309
14442 2.608086
11800 2.825647
11857 2.877768
14188 1.51622
14380 2.145006
13043 2.579573
14217 1.633029
14252 1.748723
14089 3.299064
14321 1.877431
13710 1.938049
14439 2.4058
13756 2.591274
5774 3.160522
14636 3.224773
5218 3.410548
3791 2.846077
14513 2.921661
14376 2.000829
14282 1.832618
14335 1.938954
14358 1.973384
13884 2.150984
14214 1.667348
14199 1.570334
4215 1.904696
13535 3.375406
13725 1.884037
14417 2.334732
5547 2.083281
14221 1.62209
14627 3.372904
14561 2.974159
14589 3.043772
14610 3.157154
14331 1.901329
5025 2.103622
13808 2.435387
4654 1.917688
13192 2.86373
4597 1.59545
14408 1.993104
5561 2.747027
14496 2.731024
5033 2.711535
14482 2.790363
4313 2.91511
14312 1.924846
14031 3.162363
4686 1.864196
14223 1.625104
4982 1.518123
14311 1.879415
14368 1.992875
