1143
-0.5 -1.04 2.11 -0.0102 0.825 0.324 0.462 
14230 1.635609
13392 3.198491
14643 3.265318
14526 2.800903
13140 3.491595
14587 3.018677
13077 3.010746
14338 1.937532
13560 3.185574
14520 2.821527
14302 1.865915
14619 3.157808
14307 1.817258
14444 2.550715
14438 2.531333
13661 1.47836
11817 2.825701
12122 3.326877
13496 3.306227
14571 2.939361
12051 3.167755
14581 3.048282
14576 2.999267
14584 2.935459
14542 2.932878
14705 2.840966
13787 2.023706
13905 2.174023
14238 1.659078
14183 1.516999
13720 2.02969
14190 1.53247
14349 1.91963
14663 3.660616
14330 1.893856
12079 3.194829
14177 1.491017
14056 3.424065
5801 2.522331
5062 3.041012
5704 2.81342
14263 1.745949
14593 2.994532
13400 3.088795
12110 3.257144
11338 2.813145
13788 2.39547
5113 3.008553
12628 3.119907
14178 1.462447
14198 1.549422
14562 2.893896
5494 1.847098
14316 1.865151
14651 3.277244
14310 1.832729
14539 2.851273
14518 2.83424
11221 2.760026
14441 2.536939
14433 2.537503
14611 3.08491
14389 2.087907
13296 2.907898
11729 2.784379
14524 2.725105
14504 2.692921
14549 2.920419
13790 1.980176
13888 2.173529
14277 1.817652
14218 1.603823
14154 4.001379
13722 1.872379
14344 1.942873
14457 2.570614
14420 2.369648
13777 2.600332
14179 1.475318
14226 1.636106
14284 1.766047
14703 2.970216
12523 2.818486
14600 3.076874
13546 3.417907
11013 2.546321
14465 2.647455
11863 2.73002
14254 1.736263
13791 2.351773
12068 3.209542
5216 3.32008
13457 3.231012
14251 1.69523
13658 1.459187
11794 2.835231
5046 2.815246
10982 2.526498
14548 2.916632
14350 1.900702
14508 2.787412
14497 2.764094
14511 2.841498
14317 1.860188
14470 2.647224
13388 2.971772
14409 2.171719
14385 2.026653
13684 1.595221
14201 1.525796
14324 1.88193
14668 4.051758
13668 1.512416
14427 2.454717
14645 3.25991
14691 3.117069
14182 1.489983
14228 1.638333
6269 2.868766
14553 2.8987
13982 3.312276
11993 3.071967
5722 2.979409
10994 2.593703
14446 2.498625
14463 2.601676
5705 2.652421
14626 3.101115
12063 3.034212
14570 3.078126
4694 2.828921
5097 2.924491
14318 1.882523
14305 1.888358
11857 2.864851
14456 2.728897
14275 1.79151
5544 1.953364
14550 2.975802
14360 1.920475
14395 2.099821
14370 1.984291
14383 2.002062
5039 2.083509
4998 1.807318
14209 1.608151
14265 1.787634
14245 1.717432
14665 4.091102
14709 4.024109
14039 3.253431
13727 1.922936
13663 1.531461
14425 2.421752
14648 3.296085
4223 3.153241
14286 1.803175
14227 1.612651
14200 1.604527
4875 1.464411
5792 3.081822
13881 3.047581
13853 2.956999
14612 3.083596
12117 3.394023
12008 3.064244
14435 2.554134
10988 2.455324
4310 2.883657
4251 2.813473
14715 2.686183
14451 2.655458
3777 2.669698
14255 1.748897
14295 1.814837
14361 1.943411
13813 2.079939
14355 1.9837
14241 1.776471
14380 2.022856
14325 1.906782
13666 1.543485
14268 1.752892
14662 4.054897
4662 3.979569
4696 3.390797
5174 3.347643
4646 1.837055
14423 2.532265
4249 2.749876
5774 3.258713
4671 2.996075
14695 3.001856
14693 3.247347
14505 2.655584
4708 2.769535
3789 2.710792
5116 2.97038
5160 2.938288
5738 2.85991
14352 1.963812
14271 1.778615
3783 3.206985
14410 2.147271
4597 1.591771
14229 1.617935
13825 2.068898
5025 2.080719
14269 1.778724
12835 1.868025
13640 4.090441
14408 2.077432
13818 2.153457
14341 1.974925
14252 1.730111
12670 3.422482
5417 1.783402
14353 1.902742
14495 2.784747
4700 3.223389
14689 3.229084
14672 4.210941
5165 3.998443
14264 1.749604
5772 3.231667
14601 3.241085
14566 2.888837
14610 3.170496
5787 2.9391
4308 2.94424
4707 2.890148
5784 2.716581
14682 2.664226
4941 1.847283
14347 1.974088
14276 1.802233
14365 1.942265
14429 2.693797
13168 3.122271
14661 3.13709
13783 2.089457
14371 1.98428
4996 1.805157
13730 1.86009
4629 1.701692
14334 1.910821
14077 3.326898
5199 4.491498
3799 2.863277
5649 2.78155
14436 2.518419
14327 2.065748
13763 2.363814
5170 4.105031
14247 1.719035
3788 3.0977
14554 2.769104
14467 2.822743
14585 3.002589
4586 1.605746
13837 2.077105
14641 3.181787
4631 1.729933
4676 2.032857
14323 1.868432
4645 1.779601
14242 1.688787
14659 3.200179
4644 1.750317
4179 1.834693
14697 3.151418
5053 3.136711
5220 2.815989
14660 3.016285
4283 3.172665
14635 3.414078
5178 4.159173
4940 1.775548
14634 3.222462
14374 1.91697
4275 3.564617
5185 1.608853
13819 2.220627
14473 2.682322
14203 1.560808
13810 2.383786
11887 2.9975
13674 1.566396
11313 2.792419
11748 2.586924
14669 3.392395
14279 1.793546
14258 1.747508
14624 3.218822
11775 2.80212
5754 2.840981
14290 1.806012
13535 3.180095
12843 1.919133
14639 3.217271
14510 2.80139
14557 2.894213
5020 1.918307
14417 2.335395
4253 3.006104
4301 2.855941
5044 2.69137
14236 1.682753
14313 1.827832
3791 2.875191
4654 1.937466
5011 1.806925
5219 3.062878
13192 2.763116
14357 1.948775
14337 1.931662
14172 2.624889
14702 3.110627
11924 3.301944
4272 2.724854
