1159
-0.0665 -1.11 2.14 0.0245 0.779 0.316 0.542 
13720 1.941338
14177 1.659757
5113 3.150305
14673 1.914085
11267 2.792165
13672 1.366176
11275 2.822518
14404 2.362456
13337 2.388842
14657 3.250932
6219 3.039456
14624 3.431887
14450 3.034195
14465 2.83966
13125 3.365968
12051 3.319251
13087 3.138746
13011 3.036275
14302 1.967349
13856 3.222132
14424 2.358051
13722 1.788009
14485 2.910211
14444 2.846462
14548 3.193961
14551 3.100992
14251 1.49629
12122 3.462026
13982 3.23474
14005 2.975743
14558 3.188453
14520 3.19312
14461 2.93896
11007 2.803777
13988 3.262688
14236 1.596087
14330 1.789991
14345 1.930786
5595 2.633533
13881 3.182313
5705 3.012074
5746 3.151456
14569 3.0821
13311 3.098929
11094 2.54478
5016 2.837702
5801 2.77218
6399 3.16928
14422 2.272255
14463 2.800995
11157 3.354489
12068 3.310306
12795 3.016908
14441 2.808791
14611 3.290689
5097 3.176549
14536 3.038341
14359 2.090459
14339 2.094565
5505 1.96043
14296 2.059868
13747 1.670732
13777 2.548264
12891 2.556293
14651 3.429661
14209 1.550838
12680 3.448723
14320 1.6769
13661 1.359263
14578 3.029455
13560 3.07391
13553 3.271241
13140 3.352676
14405 2.351509
14427 2.482638
11453 3.1153
12527 2.868681
5046 2.95963
5631 2.846005
5598 2.731965
11127 2.90006
14470 2.97494
14481 2.854991
3779 3.263916
14713 3.023445
4237 3.065392
13388 3.022042
4239 3.070735
13457 3.421945
12044 3.218914
14443 2.828019
5795 2.83774
5770 2.723958
5062 3.407239
14205 1.696964
14317 1.993595
11269 2.83734
14484 2.965473
14505 2.9129
14510 2.996201
14590 3.125566
12030 3.353428
14378 2.152081
14287 2.036328
14681 1.957755
13685 1.550992
14277 1.6767
14314 1.680566
14439 2.545528
13788 2.344835
14680 1.783406
13179 3.486222
13675 1.37385
13658 1.353518
12654 3.180127
12637 3.067621
14698 3.042696
5794 3.308666
5547 2.43453
14425 2.459795
5730 2.970325
5754 3.304376
5710 3.161036
6241 2.456689
4251 2.945143
10989 2.822723
11232 3.072725
3789 3.028704
13853 3.05215
14700 3.085553
4307 2.888021
4671 3.21623
4707 3.018527
5784 2.835877
4694 3.224932
4301 3.107761
5116 3.115134
4610 2.302877
14376 2.12829
14300 2.088907
14252 1.648728
14676 1.651343
5218 3.413403
14677 1.769854
14225 1.568548
14201 1.555388
5039 1.928635
13592 3.514586
14174 3.643826
12843 1.867245
14178 1.358642
4229 3.089008
13937 3.112607
13126 3.342639
11975 3.296258
12063 3.216184
14423 2.422006
14648 3.339134
14305 1.964195
5659 2.976532
5607 2.743276
5749 3.020629
5693 2.993433
4305 2.781064
5772 3.193584
14586 3.053901
4603 2.710448
5635 2.781032
11752 2.981447
4679 2.896315
14706 3.173326
4308 3.140536
5541 2.267509
14695 3.214992
3788 3.254875
14375 2.299935
14234 1.535926
14197 1.482062
14245 1.657327
14693 3.256157
13481 3.129348
4597 1.562512
14313 1.810501
14140 3.449481
13730 1.81174
13669 1.363251
4253 2.881344
14513 3.010624
12008 3.17098
12616 3.327899
14640 3.279757
14650 3.429106
4706 3.262486
5571 2.785193
5044 3.04806
5738 3.028692
5591 2.64242
5619 2.96591
11558 3.047122
14566 3.122023
3804 3.071396
14408 2.338107
13808 2.554247
3799 3.381849
14353 1.665507
14355 1.767296
14265 1.634037
14655 3.111787
4246 2.738818
3798 2.70812
12628 3.156176
4586 1.610291
5025 1.988046
12835 1.845304
4646 1.698381
4700 3.19006
3790 2.983072
14268 1.648769
4645 1.691938
14312 1.99529
4941 1.986197
4647 2.764067
5641 2.846779
14467 3.012803
3794 2.809701
14682 2.99407
5219 3.210875
14555 3.059028
4596 2.25083
4604 2.327521
5549 2.32433
14388 2.409321
5378 1.528422
5185 1.615223
14507 3.339606
14077 3.230161
3795 3.119169
4654 1.843696
5053 3.28307
6377 3.21023
5532 2.230331
14255 1.815846
3805 2.887742
4642 2.765268
14466 3.131905
5707 3.02856
14635 3.148958
4313 3.023719
14311 2.108018
14369 2.235302
14659 3.171518
14601 3.062827
4693 3.371977
3806 2.764308
14374 1.881375
4680 1.81951
5011 1.696091
14683 1.897145
14634 3.212386
5213 3.309489
4272 3.079998
14574 3.065099
5612 2.966518
5586 2.808381
3802 2.543217
5800 3.214047
4283 3.144115
4686 1.749873
10994 2.933816
11308 2.772156
11401 3.017317
14198 1.547653
14006 3.045222
13778 2.475641
13392 3.249882
5049 3.18571
14685 3.197598
14366 2.142357
14289 2.064338
13848 2.742266
14428 2.58057
14553 3.033488
13976 3.104893
13353 3.414769
14639 3.307662
5695 2.847855
14272 1.839039
11221 3.149521
14502 3.094046
13674 1.485242
12597 2.90309
14253 1.776489
12110 3.2257
14420 2.585211
5124 3.131208
11096 3.04683
13791 2.288137
5633 2.801849
11225 2.845191
14626 3.475154
13754 1.665729
13721 1.671974
11597 2.556293
5216 3.435034
14248 1.615572
14608 3.349093
14451 2.948745
14550 3.085838
4303 2.72869
14293 2.063212
14361 2.122662
13579 3.434703
5774 3.241192
5747 3.07148
13991 3.122631
5160 3.053399
14367 2.15359
13666 1.482062
14429 2.554247
14557 3.053432
13581 3.448511
14585 3.246088
13763 2.403885
4682 2.86941
5214 2.823678
4973 1.745219
5731 3.007879
3801 2.526112
14690 1.351135
4633 2.313937
14631 3.283867
5789 3.119169
4615 2.14471
14266 1.734613
