116
-0.0193 -0.16 0.0412 0.0345 0.00295 0.00993 0.999 
43 2.165225
63 2.06154
74 1.904001
3 1.961042
70 1.994321
79 2.835581
76 3.037409
25 1.454721
26 2.300884
34 2.741215
50 2.304471
30 2.175264
75 2.789753
57 1.736447
52 1.711411
64 2.305731
93 2.232177
171 1.458533
178 2.845702
12 2.254749
174 3.065752
67 2.339279
66 2.653405
162 2.042158
44 2.081299
192 2.236101
82 2.28688
17 2.201725
94 2.761039
95 2.723464
118 1.445376
99 2.161153
120 2.70525
36 1.723883
218 2.697753
45 2.266904
47 2.403399
288 1.726144
155 2.287786
153 2.167689
318 2.319008
223 1.684903
247 2.33123
109 2.286953
219 2.862746
165 2.636758
274 1.467352
156 1.688179
185 2.785669
195 2.965725
129 2.962283
262 2.841905
132 1.753431
199 2.258772
114 2.306618
142 2.242176
144 2.441052
205 1.917557
225 1.722466
230 1.624446
249 2.183597
175 2.313751
248 2.253774
321 2.487563
184 2.783895
332 2.478737
266 2.619126
244 1.597585
203 1.742175
320 2.337816
264 3.055848
269 2.113834
270 2.333313
110 1.515186
200 2.156895
253 1.623565
190 2.292772
215 2.383416
293 2.280604
295 1.489354
214 1.875844
226 1.830287
307 2.191346
319 2.640342
335 2.81286
259 1.951419
260 3.144386
324 1.568364
280 1.695425
428 2.339725
286 1.719199
297 1.608418
380 1.799074
296 1.537104
294 2.390698
277 2.005469
278 1.805333
290 1.900554
275 2.12246
440 2.248754
444 2.318583
350 1.714381
316 2.270034
173 1.88207
390 2.895083
341 3.017504
396 2.654246
299 1.985622
267 2.077036
367 1.747142
365 2.474798
352 1.882932
363 2.168638
402 1.616148
448 1.616396
407 1.838609
426 1.934643
369 1.924676
312 2.070188
398 1.585331
452 2.931787
330 3.208952
384 2.188297
382 2.087235
391 2.678418
395 2.939481
442 2.319131
291 1.679261
348 1.720965
349 1.704845
356 1.755112
357 1.844923
301 1.568332
362 1.878282
368 1.559349
406 2.381395
358 1.55363
414 1.725893
360 2.087684
400 1.919855
472 1.99888
445 2.024528
537 2.132227
509 2.199642
399 1.796342
408 1.677961
434 1.961182
435 2.179084
381 2.040626
475 2.305988
505 2.23115
443 2.592165
404 2.120161
340 3.02672
453 2.801365
388 3.255928
482 2.890176
480 2.921473
446 1.546194
548 2.183372
493 1.59128
415 2.083008
520 2.274474
534 1.729013
529 3.245514
499 1.979857
545 2.123183
492 2.392512
525 2.885749
495 1.725436
512 1.696509
517 1.658991
449 3.432007
473 2.249708
23 2.252878
111 1.565189
234 2.157559
37 1.679315
20 2.32202
179 2.843992
72 1.440444
115 2.279422
31 3.091021
241 2.066683
236 2.153398
211 1.709213
263 2.856788
338 2.988447
355 1.716953
336 2.92284
272 1.575984
283 2.527593
322 2.139556
302 1.956474
268 2.050754
386 2.364009
196 3.055328
337 2.903552
361 1.717472
385 2.594971
387 1.894313
498 1.97283
392 3.054161
466 1.73297
551 2.854249
