1167
0.263 -1.24 2.05 0.00285 0.758 0.296 0.582 
11401 3.202726
14215 1.638049
11650 3.092263
11832 3.192694
11338 3.512215
13784 2.385398
13848 2.794924
11094 2.65408
5049 3.363797
12122 3.432863
13522 3.148788
14567 3.066153
5519 2.156015
11192 3.292639
6219 3.280977
14502 3.190916
14461 3.092681
12376 3.052016
11293 3.042921
11275 3.027924
12051 3.226854
14576 3.344526
14615 3.389077
14587 3.135617
14551 3.191137
5113 3.117862
5505 2.095798
13856 3.304564
14469 2.994087
11246 2.976062
14450 3.211427
10994 3.071745
14529 3.169949
14339 2.251228
14301 2.146792
14253 1.862769
14000 3.039756
14565 3.311228
14428 2.700884
14177 1.734592
12079 3.652338
13982 3.131439
11405 3.071479
5626 2.832704
5606 2.833003
14267 1.894467
14297 2.050422
14317 2.087643
13296 2.986647
5633 3.113444
6801 2.16519
14511 3.308708
5772 3.36612
13722 1.758005
11118 3.04106
5705 3.187683
11013 3.086445
13405 3.099309
13400 3.142164
12044 3.305559
14549 3.225627
11993 3.219964
14584 3.345531
14548 3.21455
14287 2.128811
14304 2.183903
12843 1.877464
13778 2.555436
14056 3.457855
14651 3.566982
13800 2.359224
14677 1.866457
13734 1.968629
13592 3.543911
13492 3.057309
14035 3.068784
14404 2.655571
14420 2.69537
5695 2.8904
11453 3.410037
6399 3.442293
4307 2.992648
14161 2.799349
11096 3.264693
11232 3.124994
11117 2.934682
5598 2.938269
5699 3.105173
3789 3.065396
12068 3.362428
13092 3.210245
5795 3.062158
14510 3.148643
12628 3.216658
4251 3.306415
4707 3.127833
12030 3.32377
4694 3.372585
5097 3.239326
5494 2.11807
14290 2.054012
14360 2.340949
14275 2.340257
14277 1.676603
14229 1.557922
13777 2.517859
13756 2.561938
14666 3.506554
14260 1.805296
14320 1.637368
13731 1.770109
13672 1.367007
13179 3.464693
4237 3.079536
14593 3.177424
12636 3.026505
12654 3.232542
14579 3.407298
14305 2.126053
5710 3.337543
14501 3.011895
5706 3.244629
5595 2.905031
4618 2.871706
11461 3.186572
5618 3.073928
14255 1.908818
14286 1.941407
14586 2.944309
12008 3.387059
14516 2.981191
14626 3.493491
5116 3.083432
4671 3.183429
5512 2.254724
5020 1.849827
14186 1.385327
14676 1.63774
14252 1.673693
14439 2.655317
13168 3.391574
13457 3.501384
14269 1.868361
5039 1.963272
14324 1.670722
14330 1.768195
13675 1.363447
14700 2.929458
4666 3.004034
4236 3.091934
5722 3.019821
13646 3.412668
5774 3.190598
5547 2.712685
4708 3.462801
5659 2.817142
4653 2.822408
5749 3.520324
3779 3.329055
11558 3.191036
3777 3.183113
5635 2.883234
4603 2.743588
12138 3.127746
4303 3.088051
14462 2.976573
4941 2.123462
5511 2.251472
5787 3.324721
14568 3.051467
14467 3.095165
14300 2.262261
14365 2.31274
14185 1.375644
13763 2.430417
5771 3.26397
5025 1.976765
14321 1.842139
14566 3.01104
14513 3.081174
13937 3.064561
4261 3.288738
4224 3.501377
14283 1.995171
11155 2.983914
4706 3.453957
5541 2.405859
13192 3.106595
14445 2.939171
5738 3.1232
5219 3.430207
3772 2.806768
5619 2.88131
5591 2.941327
5788 3.203742
3392 2.95662
11329 3.139298
4681 3.036023
4241 2.987716
5518 2.316504
14264 1.893283
14537 2.970242
14375 2.399699
4654 1.86602
4696 3.275576
14585 3.59918
3799 3.262336
5011 1.736674
3798 2.655518
5568 2.894578
13709 2.422264
11322 3.189242
13669 1.353798
14689 3.032381
12616 3.140687
13149 3.155104
5174 3.267741
4263 3.200166
4253 3.168797
4647 2.83744
5641 2.886943
4246 2.752018
4308 3.334778
5044 3.033207
14681 2.146194
4958 2.38933
12835 1.919072
13808 2.484359
3795 3.264293
3806 3.123935
13730 1.835212
3784 2.855786
3801 2.751543
3790 2.736283
14634 3.082881
5053 3.292967
4693 3.370178
6377 3.233471
14683 1.993119
14077 3.269061
4682 2.923266
4264 2.91863
5220 3.103518
5612 3.252845
5601 3.045169
5586 2.812278
14554 2.937532
14555 3.203235
5033 3.170692
5526 2.136265
5549 2.430547
14635 3.203843
14333 2.239914
4680 1.736508
4686 1.806511
3820 3.394931
5800 3.454548
4283 3.158602
14601 3.098073
5214 2.88495
5583 2.859203
3807 2.901585
14712 1.976646
14693 3.193597
4646 1.736658
4676 1.681628
4275 3.757265
4271 3.189043
3805 2.941402
4315 2.873615
14466 3.244676
3804 3.214689
14311 2.431999
4633 2.367416
6091 2.357776
5789 3.039379
14631 3.396388
14223 1.478566
5631 3.004157
13553 3.368561
13711 1.866233
13979 3.043646
5794 3.411504
13782 2.359224
5046 3.140781
14569 3.065231
5801 2.891998
14524 3.012554
13727 1.779129
6269 3.345107
13956 3.086591
5602 2.918443
14508 3.027853
5216 3.366676
14713 3.035318
6211 2.716831
11127 3.017789
14451 2.939171
13712 1.872153
11610 2.655317
13043 2.405391
14423 2.556377
6241 2.758173
4301 3.318458
14197 1.470023
4645 1.74692
14610 3.460416
4305 2.961462
14337 2.29139
14335 2.341294
14598 3.413344
3802 2.88516
14436 3.103049
4562 2.316504
4272 3.821493
5713 3.054335
5213 2.967693
4316 2.811871
14374 1.851394
