1169
0.305 -1.25 2.04 0.00253 0.757 0.292 0.584 
11611 2.669818
13011 3.066177
13661 1.365321
13926 3.08851
11217 3.455848
14565 3.368923
5593 2.942333
6219 3.180424
14567 3.03745
13553 3.35973
11275 3.009577
14000 3.001105
14250 1.897827
12051 3.415854
13392 3.423535
13092 3.358472
14504 3.051082
11338 3.43582
14587 3.160166
14569 3.128868
14551 3.165921
13856 3.259748
14584 3.323651
14529 3.156468
12376 3.192915
14450 3.142123
10994 3.17434
14469 3.106024
14465 2.973747
13711 1.890246
14277 1.683399
14056 3.493273
13784 2.40398
14344 1.808976
5710 3.433817
13727 1.817218
6277 3.432735
14651 3.373375
13296 3.039656
12079 3.516459
12028 3.390768
13492 3.066626
14637 3.126917
12044 3.348028
4307 3.138856
5633 2.996407
5046 3.277248
13388 3.006243
5699 3.148128
5705 3.152424
10982 3.040297
14549 3.301499
14272 1.955068
11916 3.214109
14548 3.239346
12628 3.266932
5746 3.089367
14553 3.174763
14463 3.014411
14481 2.967205
12843 1.890265
14263 1.667775
12597 2.900816
13756 2.583092
14340 1.953271
14673 1.965287
14424 2.375011
5794 3.326418
14035 3.185749
14573 3.314451
14427 2.598644
5695 2.922742
11453 3.366373
6399 3.496279
5595 2.960706
5606 2.839824
11832 3.211614
11118 2.956787
5688 2.912705
14306 1.675458
5602 2.979564
13976 3.071396
3789 3.100891
10983 2.926822
4303 3.165915
13560 3.054531
14593 3.217641
12068 3.407845
14636 3.332336
11232 3.307509
11993 3.404372
6801 2.199183
12030 3.356798
5116 3.325798
13655 1.362401
14439 2.576385
14273 1.866404
14258 1.806098
13720 1.968076
13730 1.881384
14140 3.514916
14713 2.953883
12110 3.330123
13087 3.0867
5494 2.129151
6268 2.988686
3779 3.496812
5795 3.069057
5706 3.312402
5611 3.177707
5598 2.859805
5618 2.951116
11384 3.008376
11752 3.14192
14586 3.210264
14462 2.948014
4671 3.35858
3777 3.204465
14560 3.201021
5097 3.347514
5512 2.269391
14305 2.114708
14286 2.020133
14360 2.262144
5020 1.84248
13672 1.380017
12950 2.578446
14666 3.356504
5039 2.024763
14324 1.709143
13722 1.813938
13179 3.609807
14700 3.115245
4237 3.108348
4666 3.020141
14698 3.03965
5722 3.008547
12008 3.184954
14425 2.480633
4706 3.692651
4596 2.406462
4603 2.778569
5591 2.957977
5797 2.959911
5787 3.311347
5511 2.295507
5548 2.391342
14683 1.911268
4941 2.127825
14335 2.363
14365 2.417919
14391 2.490016
13680 1.38025
12117 3.520142
13808 2.558218
5025 1.959735
13034 2.405126
13592 3.629521
4224 3.497164
14695 3.280916
14372 2.420216
6241 2.689021
5506 2.090106
5160 3.339993
11558 3.167864
5738 3.233901
5219 3.309008
3772 2.801684
4642 2.869066
4246 2.757224
5788 2.945454
14585 3.535745
4654 1.865319
4700 3.208178
13981 3.255226
14660 3.585747
14617 3.147658
3790 2.718458
3798 2.795213
3795 3.151693
5174 3.271869
4263 3.092982
13669 1.37596
14689 3.266946
4647 3.167643
5641 2.927933
14566 3.033359
14513 3.113261
4308 3.409118
14467 3.108699
5541 2.414239
3820 2.986698
13665 1.404946
14693 3.202621
14659 3.327342
5053 3.408926
4646 1.941813
4696 3.489965
14601 3.254267
14077 3.44534
4271 2.796168
5583 2.836401
3801 2.784187
5568 2.881458
3806 3.052774
4264 2.859682
14555 3.358601
5586 2.910486
14554 3.070789
4681 3.071348
14635 3.287691
12835 1.804372
14661 3.227564
5800 3.219637
14500 2.917583
5214 3.268775
13664 1.381542
4676 1.741645
6377 3.384726
5652 2.690577
3805 2.843165
3784 2.808452
3807 3.050775
14466 3.282988
5213 3.303646
4682 3.070093
3804 3.227551
5612 3.322515
4315 2.874199
14311 2.187672
6091 2.336058
5789 3.342696
4275 3.754857
14223 1.498821
14374 1.844637
11597 2.669818
11887 3.191163
11174 3.197455
5519 2.21426
14297 2.081252
11293 3.110074
13353 3.423535
14454 2.971248
14474 2.662374
6269 3.340533
11401 3.334867
14518 3.367394
11211 3.322427
14484 3.121563
11013 3.11854
14461 3.026952
14310 2.034111
14317 2.085859
13679 1.375854
13778 2.650591
11822 3.393088
10989 3.028625
14556 3.099296
14181 1.362401
14245 1.676682
11610 2.576385
13782 2.440646
13956 3.02897
5749 3.463099
4707 3.120676
14516 3.071192
14348 2.253441
13699 2.289104
14423 2.554409
5027 1.659468
14138 2.397002
5774 3.386847
14640 3.165845
14352 2.299129
13675 1.437264
14172 2.609582
14654 3.227431
4261 3.191558
14283 2.003521
5619 3.086994
5549 2.453079
14337 2.351231
14429 2.410155
12680 3.277128
12024 3.433291
4253 3.246816
5526 2.352855
14276 2.210474
14702 3.243596
4693 3.444206
13192 3.115041
14537 3.070789
5649 3.409296
4958 2.355431
5033 3.589789
4633 2.412461
