1171
0.334 -1.27 2.03 -0.0038 0.76 0.287 0.583 
14673 1.962874
11332 3.180289
13661 1.394314
14624 3.42284
11338 3.49771
13926 3.129666
12079 3.525502
14565 3.284891
11157 3.482764
14450 3.140055
11275 2.990085
14569 3.110399
14551 3.1535
13492 3.066219
14259 1.951695
14000 3.178556
12051 3.328598
13856 3.197468
12376 3.236771
14471 3.128138
5631 2.990009
14587 3.148093
13339 3.133477
14567 3.10929
11246 3.221576
14469 3.078588
5505 2.08855
12843 1.909584
12878 2.489031
12593 2.826293
13726 1.972902
13784 2.380572
14428 2.674717
5710 3.431808
11417 3.148671
13296 3.044685
14651 3.373303
13353 3.375537
11221 3.322775
5705 3.139817
14685 3.329742
5626 2.930882
5113 3.079397
14549 3.235694
14035 3.127777
13988 3.156817
5801 3.089674
13560 3.056886
12527 3.088856
14490 3.134948
14465 3.03015
14481 2.954494
12044 3.281938
11993 3.268844
14600 3.31801
5046 3.290037
14472 3.027427
6399 3.445323
14272 1.952277
14288 2.017306
14317 2.097215
14434 2.907411
14279 2.123998
13658 1.389875
14056 3.409
12597 2.814234
14253 1.906231
13727 1.830317
14344 1.83408
13553 3.336415
14420 2.682803
14608 3.446929
14427 2.487705
5606 2.830878
11118 3.00887
14376 2.261701
13471 2.978939
4307 3.157989
5633 3.108121
13388 3.044856
5598 2.896625
5027 1.645748
14306 1.691949
13982 3.297837
12523 2.900558
3789 3.155786
12068 3.339545
11864 3.282326
11096 3.309106
5602 2.920916
12628 3.330307
14510 3.207381
14463 2.996138
12030 3.405709
4694 3.270076
14548 3.198947
14360 2.266625
13672 1.421083
12950 2.591891
14273 1.882896
5039 1.958144
13782 2.487895
13717 1.832445
14290 2.148336
14425 2.543165
3779 3.459981
5706 3.255692
4603 2.829225
5618 3.024766
11384 3.090464
11752 3.205615
13663 1.451505
4303 3.046716
14462 3.059687
3777 3.218627
12063 3.348143
12008 3.357617
5116 3.335054
4671 3.335387
14547 3.332612
6801 2.255447
14286 1.976496
14295 2.013828
5020 1.938782
12590 2.976652
12117 3.461011
5561 2.536951
12891 2.398577
13034 2.466024
13731 1.901152
14140 3.586861
4237 2.976319
4666 2.989867
5722 3.209687
14387 2.445736
6241 2.629774
5659 2.91041
4706 3.430642
5506 2.191312
14586 3.298329
14550 3.313073
5591 2.854069
4596 2.426508
14710 2.787237
5097 3.116964
4679 3.018544
14281 1.976529
4941 2.037988
14391 2.7758
13680 1.413816
5025 1.948207
13179 3.632326
14700 3.03715
4253 3.202216
14689 3.246078
13981 3.04819
14372 2.357252
4653 2.747588
5784 2.969439
5628 3.016038
4308 3.252801
5219 3.45263
14557 3.340562
3772 2.803331
4642 2.99547
4246 3.001885
5788 3.170925
11558 3.347571
14371 2.649265
4654 1.86117
4215 1.791965
4700 3.262776
13808 2.607003
3799 3.322905
14585 3.327758
4224 3.472449
13669 1.388977
5568 2.873682
5174 3.144486
13579 2.472378
3795 3.170173
5548 2.390881
14601 3.27721
4647 2.906
5641 3.098743
14566 3.080661
14555 3.307415
5738 3.153504
5787 3.383132
5541 2.467887
3784 2.965625
3798 2.698989
3790 2.910887
14634 2.99647
4696 3.679062
5053 3.367564
14693 3.181055
14661 3.255111
14330 1.823445
14077 3.079349
4682 3.140869
5612 3.009277
14466 3.386061
4272 2.859719
4681 2.932237
6091 2.269315
14635 3.378377
14467 3.134923
14276 2.075119
14388 2.37123
14712 2.049477
12835 1.909668
4693 3.41222
5800 3.430579
14500 2.792016
4264 2.828037
14223 1.500317
14659 3.288159
6377 3.74667
3820 2.906959
4646 1.920443
5583 2.996787
3801 3.089926
3805 2.890555
13664 1.436136
5213 3.528624
4276 3.174905
14554 3.219951
5713 2.987051
14333 2.281746
5586 2.846395
3804 3.026628
14311 2.418869
5538 2.256446
5789 3.69557
13690 1.648967
13720 1.972902
11887 3.166272
11150 3.136091
14559 3.183048
6277 3.308276
5124 3.191721
13848 2.826293
14260 1.833371
5595 2.861185
13722 1.830492
12584 3.147727
13791 2.308158
14512 2.814234
14320 1.692992
13405 3.258137
6269 3.403398
11225 3.005491
5016 2.994721
11610 2.71087
12636 3.101912
4310 3.139945
14318 2.180528
4708 3.376277
5688 2.910578
5160 3.362738
5797 3.075151
14283 1.976529
14451 3.075356
4241 3.156944
3792 3.339801
5731 3.371611
6211 2.814094
14335 2.375581
14015 2.936719
5619 3.070795
5601 2.925091
14597 3.196745
14649 3.303229
5526 2.339516
5560 2.606679
4633 2.460701
4220 1.819295
14527 3.319469
3806 2.968219
13816 2.542535
