1189
0.533 -1.44 1.99 0.0117 0.751 0.315 0.58 
6399 3.509153
13405 3.158176
13835 3.04854
13926 2.975394
13553 3.447625
13092 3.28518
12051 3.369364
14224 1.957388
14294 2.14131
14279 2.156584
14461 3.185477
14468 3.086739
11338 3.3953
14567 3.004074
13988 3.1823
10994 3.067765
5631 2.983281
11157 3.425406
14288 2.030945
5801 2.93809
11026 3.156839
14450 3.197152
11880 3.125386
14377 2.52633
14587 3.070555
14372 2.345166
14389 2.467958
14506 3.014591
14504 3.007129
14469 3.050578
14454 2.962646
5113 3.199664
12597 2.850403
13711 1.86322
13784 2.375248
13720 1.984665
14320 1.673518
14296 2.194148
11246 3.103527
13011 3.047267
14639 3.316846
14600 3.324707
3779 3.590916
5046 3.15088
13471 2.989782
10982 3.030847
11993 3.261034
12079 3.63628
14150 3.292677
5062 3.43179
14472 3.009533
13077 3.01171
14290 2.175822
14536 3.21743
14441 2.969492
14434 2.920856
14319 2.290343
12527 3.056375
14491 3.024016
14490 3.104691
14463 2.986755
5772 3.399874
14569 3.088042
14404 2.579215
13661 1.363106
14398 1.842476
14651 3.481976
5020 1.858132
13726 1.987105
13592 3.411489
5722 3.118469
13979 2.998336
14000 3.108711
11453 3.436726
11275 3.068006
5595 2.950303
5705 3.19439
11117 3.023924
13761 1.596383
5633 3.063732
13400 3.095629
5693 3.173134
6219 3.239266
3789 3.206648
4671 3.179367
4230 3.230905
14305 2.161305
3788 3.35073
14035 2.940911
5494 2.129079
14361 2.301978
14405 2.558595
5216 3.518595
12843 1.846759
13800 2.414474
12878 2.522998
14324 1.68143
13696 1.369251
13492 3.016091
13560 3.014301
5774 3.096955
14330 1.811046
12950 2.710738
14420 2.690111
5730 3.231348
5571 2.912396
5754 3.342575
5749 3.273361
14713 3.032451
12044 3.255826
4603 2.799957
14547 3.047693
14505 2.957311
14481 2.953944
14286 2.017358
14295 2.141938
5160 3.301034
5097 3.351034
14484 3.029373
14282 2.259133
14306 1.643725
14456 2.998817
4679 2.82834
4251 2.974164
14595 3.374876
14391 2.505263
13672 1.395655
13808 2.521239
13777 2.601995
13457 3.464823
13763 2.49433
13734 1.984507
12932 1.645589
13937 2.998118
4237 3.173627
14698 3.106823
14701 3.102285
13856 3.384226
5659 3.060326
4708 3.381871
4241 3.038526
5044 3.05171
3777 3.253512
12008 3.283077
4618 2.797861
4307 3.127492
10988 2.948316
3791 3.215673
13192 2.949105
14586 2.962507
5219 3.412364
14365 2.347862
14392 2.521426
4941 2.162774
13675 1.372637
4253 3.017563
14015 2.925783
4706 3.57345
5541 2.486868
14462 2.950308
14513 2.867245
4666 3.045511
5688 2.9135
4309 3.242032
4246 2.820409
6211 2.790097
4642 2.876585
5405 1.579091
4215 1.658178
14715 2.89341
5214 2.955568
3799 3.433614
5731 3.287493
5039 2.039603
14185 1.430177
13680 1.402085
3798 2.787901
5591 2.884956
3820 3.144212
3795 3.034209
5788 3.137795
5174 3.118395
5738 3.104089
12628 3.127453
14303 2.347174
14500 3.210015
4264 3.123035
14276 2.232436
14661 3.114342
5025 2.042041
13709 2.498916
4263 3.064411
13669 1.409925
5053 3.458174
5789 3.374691
3790 3.139475
12640 2.973241
14371 2.479554
4647 3.268258
5586 3.045958
14566 3.000892
4596 2.516527
5532 2.432009
14466 3.285472
4272 3.055018
14689 3.317961
14635 3.384342
4313 3.299147
4220 1.675469
5400 1.572079
14388 2.591829
14507 3.310938
4654 1.889516
4275 3.439271
4693 3.29192
3806 3.065804
14574 3.282082
6377 3.435807
5612 2.929127
3807 2.738844
6091 2.447829
4213 1.630273
5707 3.305267
14077 3.434786
14554 2.949587
4283 3.194384
3804 3.244166
14311 2.168517
4958 2.459336
14659 3.713465
14562 3.256809
14643 3.484264
14401 2.4811
14277 1.671376
14424 2.392079
13742 2.534911
13378 3.425955
5606 2.808801
14584 3.368793
14548 3.290196
6269 3.445642
14336 2.391546
14178 1.365373
13694 1.368382
14479 3.020989
14509 3.124173
14626 3.330321
13423 3.230526
14221 1.955965
14360 2.358839
14403 2.576726
13658 1.393517
14400 1.835874
11610 2.67054
5609 2.89591
4303 3.12227
5027 1.658363
4305 3.011381
14318 2.148774
5607 2.892299
5069 3.19749
13698 1.355102
14172 2.694111
13816 2.415399
5784 2.978453
4949 2.327621
14352 2.361143
14585 3.630579
14660 3.225899
4316 3.110509
4157 1.382952
4681 3.086791
14408 2.354074
5213 3.085129
14641 3.351187
5800 3.38947
4682 3.059418
14634 3.282061
5713 3.084959
4271 3.134998
14374 1.924794
