1196
0.863 -1.28 2.15 0.0266 0.75 0.267 0.605 
13405 3.077743
5631 3.097523
13455 3.004166
11338 3.483661
11379 3.524841
11118 3.09617
5046 3.156477
14450 3.183242
11013 3.059678
14562 3.209634
14685 3.284887
14567 2.968888
14587 3.050963
11729 3.069937
14504 3.036657
14342 2.182979
14150 3.216836
13712 1.732884
12593 2.753479
13282 1.587224
11453 3.473013
5710 3.382916
5705 3.161439
12051 3.304355
6399 3.465867
5633 3.136526
5801 3.039712
6219 3.241768
14600 3.218135
14469 3.086645
14360 2.230839
14389 2.364809
14394 2.497259
13553 3.237035
12597 2.757876
14320 1.574764
12654 3.109506
14608 3.379315
5595 2.968196
14590 3.126357
12540 2.989491
14509 2.998164
4230 3.316278
13400 3.112527
14713 2.938654
14377 2.398523
14361 2.164058
5547 2.495173
13658 1.269456
14651 3.263923
13562 3.195808
13760 1.537593
11993 3.227458
13492 3.000898
14000 3.055613
12063 3.439972
4301 3.262227
12068 3.194871
5695 3.078208
12138 3.346877
6277 3.287357
5749 3.387275
6241 2.645588
4303 3.027182
3789 3.157604
5598 2.99811
14568 3.190761
4251 3.065913
4305 3.040241
14516 3.054394
13423 3.151671
5772 3.333022
14405 2.471755
14352 2.349974
13675 1.282459
14324 1.537298
13981 3.138577
12616 3.254402
5722 2.940834
14035 2.950003
14698 3.002666
4308 3.197539
12044 3.059252
14425 2.410181
3779 3.480594
5754 3.278695
11089 2.702755
5628 2.946525
3777 3.153934
5641 3.042006
3784 2.932406
5541 2.402892
4310 3.254058
4709 3.187398
14586 3.033588
14595 3.307962
4157 1.296663
12117 3.529918
13722 1.757966
4671 3.283359
13937 3.081755
13535 3.018788
14695 3.297504
12008 3.192915
14417 2.343141
12950 2.5322
4706 3.532654
5659 2.919503
3392 2.999209
11558 3.272677
5607 2.855787
14391 2.451247
4679 3.030882
4642 2.987725
4307 3.088385
3772 2.955789
5619 3.050201
4666 2.84264
5675 2.920645
4215 1.647814
3799 3.650563
4246 3.121352
5788 3.134213
14330 1.760308
5597 3.091542
3798 3.106399
14601 3.244944
5174 3.178312
14566 3.051283
3795 3.133555
4647 3.068352
13680 1.275355
14555 3.325488
14689 3.063885
4677 3.266361
4253 2.949465
4220 1.646722
5214 2.914412
5571 2.852262
4213 1.556483
14507 3.32401
13808 2.384437
14661 3.192058
3801 3.130181
4263 3.150298
5586 2.977199
4664 1.470737
3804 3.052523
5789 3.284784
12640 3.080044
5053 3.769938
14466 3.300461
14635 3.387738
5532 2.323246
6377 3.572701
3790 2.990238
13669 1.276654
5707 3.30431
4264 3.117506
3807 2.753072
4276 3.1117
5800 3.256569
14659 3.140932
14649 3.252615
4654 1.721755
4693 3.313517
4315 3.03142
4272 3.130674
14500 3.044035
3806 3.160449
4316 3.088377
4313 3.102371
14077 3.139901
4682 2.836333
5713 2.679799
4201 1.519501
14178 1.263103
14404 2.490606
13695 1.53011
14533 3.195866
11026 3.20617
12122 3.354044
14637 2.999201
14491 3.09726
13661 1.273737
14624 3.401465
14427 2.472721
13672 1.280424
14542 3.343408
5095 3.030098
13126 3.437637
13457 3.414361
5020 1.719458
5602 3.06891
5618 3.158766
14510 3.0682
14484 3.128363
4232 2.962434
5738 3.355084
13761 1.505662
4596 2.351501
12628 3.179007
14632 3.480949
14387 2.407749
14365 2.368591
14406 2.417675
14655 3.134641
14585 3.743007
4653 2.996602
5591 3.192227
3812 2.753963
6091 2.335737
3802 3.020412
14618 3.260831
5220 3.175399
