130
-0.0307 -0.172 0.0892 0.0281 0.00203 0.00888 1 
80 2.913051
74 1.81399
15 1.462505
165 2.519896
23 2.182735
8 1.879499
28 2.307571
27 2.221564
122 2.220483
75 2.734721
50 2.233276
34 2.662956
178 2.804944
71 1.657323
13 2.111395
97 2.968369
166 2.333913
72 1.407482
109 2.277517
94 2.642064
95 2.696446
162 1.945341
67 2.32758
61 1.437198
89 1.893685
26 2.255442
83 2.182626
174 2.717971
120 2.708349
36 1.642743
25 1.419273
43 2.125109
2 1.620193
123 2.724436
124 2.678244
47 2.347437
40 1.933638
52 1.63779
56 1.821596
30 2.164395
76 2.365891
139 1.645769
243 2.349643
248 2.31089
219 2.779562
262 2.821445
263 2.794553
180 2.948699
192 2.256058
295 1.448408
186 1.47695
156 1.602419
112 2.163393
107 2.002458
241 1.979502
184 2.693275
185 2.760915
31 2.968598
105 2.154627
132 1.673135
111 1.551701
190 2.212976
205 1.880386
144 2.370435
145 1.977438
57 1.60441
207 1.925517
150 1.971339
93 2.111071
323 2.255792
318 2.261225
338 3.037497
110 1.485889
230 1.631816
247 2.422242
78 2.833165
187 1.516357
129 2.971959
289 1.645955
249 2.161332
253 1.609838
138 1.441199
240 1.651613
101 1.852952
226 1.773048
213 1.695772
203 1.655197
244 2.085316
66 2.635422
335 2.81903
258 1.726474
173 1.924863
211 1.66488
260 2.875449
337 2.732171
339 2.960717
272 1.516182
297 1.549098
301 1.642459
275 2.175578
380 1.691445
294 2.368804
278 1.920372
267 1.998761
290 1.756416
282 1.93503
299 1.965518
277 1.984301
300 1.626331
291 1.67347
313 1.711737
384 2.195489
319 2.689238
320 2.438629
394 2.841624
340 3.163446
259 1.876864
280 1.63248
330 2.829258
333 2.849896
393 2.913746
181 3.076654
391 2.757597
348 1.643078
424 1.613308
448 1.625653
365 2.343309
440 2.171022
412 1.871029
361 1.81029
302 1.914779
298 1.813582
342 2.04232
408 1.632603
401 1.91551
441 2.2261
443 2.381059
316 2.144121
386 2.308789
398 1.582575
454 3.236379
388 2.851843
341 3.074378
396 2.656946
407 1.74912
503 2.254969
358 1.555634
432 1.575982
466 1.645613
406 2.375129
509 2.328758
363 1.92517
410 1.823373
467 1.977089
474 2.840983
505 2.24546
452 2.995861
507 2.15403
434 2.00219
382 2.080003
490 2.202414
433 1.946738
470 1.625277
360 2.052285
446 1.55775
512 1.615782
468 1.923983
520 2.222293
522 2.184703
415 1.966242
549 2.082075
544 2.101001
435 2.117247
479 2.937347
473 2.180092
492 2.294243
450 2.731124
482 2.596355
533 2.315539
493 1.657322
498 1.978153
494 1.5943
465 1.631619
506 1.696289
497 1.755285
254 1.593093
220 2.720644
114 2.218813
99 2.075556
209 1.442546
85 1.866839
235 2.159607
251 2.243894
199 2.173012
293 2.296163
283 2.305263
265 2.94818
357 1.802065
210 1.675597
390 2.782501
405 2.311336
369 1.989981
387 1.822678
349 1.725594
414 1.652205
445 1.994946
480 2.641744
469 1.69761
540 1.654578
471 1.6989
