133
-0.0283 -0.193 0.0845 0.0257 0.00173 0.00951 1 
37 1.620565
12 2.245611
80 2.942983
70 1.891199
79 2.770298
76 2.411855
10 1.941179
13 2.124603
178 2.800314
15 1.46628
30 2.144947
43 2.196306
166 2.298664
48 2.154432
25 1.416103
174 2.883763
71 1.623828
44 2.043961
28 2.265347
165 2.561742
109 2.261727
179 2.755487
35 1.602274
97 2.988275
94 2.646572
95 2.699131
160 1.444639
122 2.236197
9 1.704707
8 1.925394
162 1.981271
50 2.223269
36 1.670472
2 1.621368
56 1.8273
243 2.311938
211 1.660567
67 2.351981
66 2.566252
251 2.272124
192 2.271881
248 2.249411
141 2.04373
262 2.828918
324 1.528591
31 2.95395
93 2.141722
99 2.073878
263 2.779719
132 1.703096
184 2.693954
185 2.793678
110 1.450432
156 1.623626
47 2.359266
147 1.651698
205 1.856537
145 1.946185
139 1.650739
253 1.622259
219 2.802788
173 1.826655
331 2.631439
244 2.141412
323 2.253351
393 2.922606
78 2.844297
247 2.343134
249 2.134111
181 3.304206
241 2.001107
129 2.967175
186 1.470897
230 1.600729
114 2.209289
111 1.493392
225 1.765209
217 2.282975
293 2.296982
144 2.363148
138 1.433561
191 1.940634
213 1.702736
226 1.754884
203 1.660595
246 2.062591
315 2.208536
319 2.636568
386 2.383116
258 1.707225
259 1.849931
332 2.469111
337 2.77824
339 2.974717
313 1.70831
301 1.638602
264 3.011083
275 2.141366
187 1.499798
380 1.745774
280 1.65903
289 1.675104
294 2.367871
364 2.267287
278 1.91273
200 1.975477
299 1.944695
290 1.809577
357 1.846294
298 1.848751
303 1.983885
291 1.645343
190 2.222734
340 3.153868
330 2.847058
333 2.864776
341 3.088862
336 2.896798
391 2.72445
361 1.738512
365 2.355786
384 2.179765
448 1.552375
360 1.989235
272 1.530255
297 1.553313
359 1.919503
367 1.595922
350 1.670183
438 2.184904
441 2.227382
443 2.393556
398 1.575944
454 3.170999
387 1.903992
348 1.653403
349 1.749811
260 2.840295
390 2.745314
452 2.999572
396 2.634869
414 1.685
408 1.674257
432 1.593874
503 2.232019
406 2.367046
428 2.224693
473 2.280399
509 2.182158
474 2.827612
505 2.215312
453 2.799429
480 2.597026
482 2.954881
434 2.031821
382 2.087684
401 1.935416
424 1.609589
466 1.660718
549 2.109143
412 1.782353
491 1.999341
493 1.602915
507 2.047664
399 1.71726
506 1.730063
497 1.732362
520 2.301701
460 2.247267
522 2.315984
492 2.275131
435 2.109604
404 2.106909
551 2.431712
525 2.788284
533 2.320365
495 1.73133
543 1.881659
465 1.631802
410 1.839583
516 1.705837
415 2.001128
528 2.219779
388 2.881001
26 2.234389
34 2.661466
57 1.620148
168 1.551012
106 2.179971
175 2.785891
356 1.748758
302 1.866584
183 2.208052
368 1.581822
439 2.211312
426 1.87649
479 3.311421
470 1.622086
471 1.85994
