144
-0.0144 -0.289 0.085 0.00825 0.014 -0.016 1 
63 2.068947
86 2.235089
3 1.939213
1 2.238454
46 2.218857
40 1.946636
158 2.166259
70 1.918701
67 2.362273
95 2.699017
97 2.928953
174 2.824036
36 1.680049
34 2.650674
78 2.761826
50 2.213837
8 1.958332
205 1.844311
44 2.056721
30 2.191578
52 1.684754
57 1.68389
58 1.980256
43 2.166689
99 2.11252
177 2.421084
91 2.928321
162 1.969276
198 1.854499
94 2.614979
251 2.261167
165 2.478248
17 2.135543
321 2.353621
263 2.676433
166 2.242609
28 2.254315
185 2.747969
132 1.665659
129 2.929697
178 2.778441
190 2.178682
115 2.231451
141 2.062247
219 2.753491
9 1.745322
139 1.692084
93 2.199713
85 1.950056
107 2.070311
157 1.950955
105 2.17521
245 2.293281
168 1.555101
270 2.179825
248 2.272219
247 2.29244
334 2.511868
253 1.59956
210 1.671108
180 2.966539
81 2.941818
335 2.797977
230 1.703549
200 2.019629
108 2.225535
227 1.895162
232 1.990087
319 2.579205
47 2.283829
324 1.543583
331 2.776386
341 2.879944
264 2.919422
351 1.753933
313 1.751472
301 1.643219
201 2.013143
402 1.489438
222 1.540051
298 1.903841
275 2.243535
144 2.373169
191 1.942008
297 1.658675
290 1.847767
309 2.156474
382 2.13533
320 2.300598
316 2.162707
386 2.349953
217 2.230417
398 1.570393
195 2.966048
330 2.665287
448 1.617139
277 1.974093
278 1.919579
434 2.026643
368 1.616081
355 1.709132
359 1.918045
299 1.982602
413 2.274942
303 1.970948
407 1.717788
367 1.64639
440 2.271604
384 2.155313
443 2.473114
473 2.248625
365 2.244324
395 2.899901
280 1.693701
474 2.870853
452 3.001122
381 2.024533
435 2.111361
506 1.753708
360 2.007089
508 1.778331
491 1.98283
504 2.22569
361 1.782381
470 1.683002
417 1.778984
379 1.603172
401 1.910395
528 2.209292
294 2.287573
454 2.796255
453 2.771891
348 1.654035
449 2.826901
181 2.951029
480 2.486951
412 1.756172
503 2.290076
507 2.192441
400 1.920492
543 1.915788
499 2.063966
404 2.064205
516 1.718314
415 2.042687
472 1.870636
548 2.235592
522 2.227736
515 2.250579
492 2.328388
534 2.113396
530 2.651751
525 2.740249
533 2.335639
37 1.635842
235 2.186261
122 2.223099
114 2.218769
53 1.707909
82 2.239087
109 2.321566
124 2.615973
240 1.632656
149 1.855473
143 2.275071
197 1.638684
31 2.966048
211 1.635506
207 1.973604
192 2.246444
241 1.942116
390 2.638917
268 2.111017
293 2.238739
267 2.051896
414 1.746322
428 2.292792
262 2.715122
426 1.900075
408 1.628761
362 1.771212
505 2.272525
471 1.870636
549 2.180394
518 2.136522
475 2.10067
388 2.759461
