149
-0.0633 -0.349 0.121 0.0149 0.0455 0.0197 0.999 
628 1.67883
9 1.718764
613 1.63016
1131 1.555412
1164 1.722849
1239 1.964124
1207 1.880627
739 2.001694
748 2.008831
991 2.389486
885 2.201527
568 1.559922
1149 1.617945
1006 2.41303
1348 2.302173
680 1.872193
641 1.770002
969 2.304336
23 2.272473
698 1.928796
869 2.285142
989 2.309761
775 2.082743
815 2.191719
992 2.332966
872 2.255293
750 2.026033
794 2.082804
687 1.829365
688 1.835676
707 1.957594
65 2.253208
697 1.882639
741 1.973276
1312 2.255312
1076 2.529906
1436 2.540157
1109 2.794065
1021 2.309561
1062 2.812293
1043 2.310383
569 1.489423
1098 2.716074
710 1.968674
951 2.235598
973 2.256233
897 2.231692
26 2.278968
66 2.482661
864 2.39151
1234 1.931071
857 2.21224
763 2.017988
1259 2.050805
594 1.610349
30 2.143307
1298 2.181898
964 2.225914
588 1.579377
1171 1.761106
1301 2.170233
1048 2.550023
805 2.188956
53 1.68838
752 1.998952
1000 2.36796
983 2.322906
1340 2.301505
1025 2.394618
894 2.289355
881 2.307045
152 2.354154
692 1.893703
1216 1.918701
733 1.969069
44 2.037766
930 2.289248
878 2.237363
874 2.293214
679 1.907524
1226 1.950354
1214 1.924506
99 2.217496
1170 1.741328
835 2.2159
13 2.146425
1067 2.527951
863 2.126082
1315 2.177123
830 2.247968
100 2.211006
34 2.536119
1079 2.670615
50 2.242634
1428 2.448492
1023 2.425869
619 1.604859
3 1.922788
95 2.554349
55 1.886893
921 2.256639
571 1.561176
584 1.530998
607 1.71257
57 1.731903
1174 1.768195
719 1.935352
730 1.983895
764 2.027294
799 2.184563
2 1.614447
735 1.951527
1233 1.941508
1248 2.020411
614 1.696788
693 1.907274
560 1.575905
580 1.573173
1161 1.739133
646 1.778061
689 1.817389
648 1.731844
1057 2.376784
1411 2.38266
731 1.988222
157 2.014631
696 1.928218
717 1.983549
962 2.372262
154 2.313253
1286 2.181364
888 2.381807
105 2.251031
1036 2.420972
120 2.568015
1434 2.501754
916 2.10726
1009 2.332782
1304 2.200481
81 2.77798
31 2.704483
97 2.741511
114 2.237599
36 1.554268
893 2.210079
162 1.976822
251 2.291594
198 1.860601
667 1.806436
819 2.16449
1387 2.349499
790 2.192203
1303 2.224945
94 2.482128
596 1.63049
601 1.660071
617 1.732346
1155 1.684046
139 1.662982
140 1.696867
1163 1.700572
589 1.628337
573 1.564449
664 1.796172
734 1.946378
757 1.980799
782 2.018683
1223 1.935946
1253 2.032768
1032 2.42136
93 2.192059
47 2.343984
1444 2.766366
1294 2.167767
1430 2.469238
1053 2.472201
1018 2.331583
1425 2.386388
293 2.243875
245 2.251127
109 2.255523
270 2.265795
1458 2.724565
1096 2.809918
264 2.74745
728 1.973046
108 2.16709
1275 2.23206
1447 2.665733
1219 1.94523
247 2.292119
1010 1.960579
1167 1.70545
230 1.634561
685 1.870966
323 2.304786
581 1.657792
1172 1.755281
611 1.63879
1189 1.691398
1269 2.148367
286 1.696029
620 1.765336
616 1.633852
203 1.666851
737 2.034665
1480 1.720974
638 1.72622
633 1.731639
720 1.982595
712 1.95474
205 1.833134
141 2.04147
207 1.990572
882 2.182765
283 2.451574
180 2.73933
1450 2.710259
1442 2.808967
211 1.585146
895 2.310285
192 2.234888
1353 2.255617
132 1.55047
1011 2.321765
184 2.481304
316 2.169228
1024 2.365777
1066 2.608637
357 1.939093
129 2.751015
929 2.243746
1125 1.407653
181 2.756164
1104 2.791209
804 2.120645
1037 1.947694
623 1.767837
949 2.301532
713 1.945406
1289 2.135999
825 2.13511
291 1.681104
682 1.850937
1241 2.015816
1156 1.642748
290 1.903906
1222 1.893073
632 1.788537
683 1.887601
214 1.954071
1486 2.1582
630 1.720159
784 2.053095
809 2.216901
1014 2.334208
319 2.422956
331 2.588017
144 2.308185
729 1.979213
380 1.729066
640 1.748037
1487 1.758683
1236 1.936658
629 1.750825
426 1.920494
657 1.699829
661 1.850684
780 2.020328
278 1.926332
756 2.060893
829 2.149005
791 2.125696
1261 2.00651
1240 2.040812
275 2.23507
1390 2.483078
1007 2.442427
639 1.760521
706 1.943708
361 1.784111
853 2.199642
842 2.103473
1467 2.736649
1484 2.742088
1075 2.962445
1426 2.361523
1101 2.761019
1046 2.380825
1045 2.471484
391 2.496097
349 1.597991
1371 2.196998
395 2.731076
1051 2.706927
1094 2.595076
474 2.897766
1041 2.42461
320 2.216166
1386 2.297214
365 2.225683
624 1.739441
435 2.123008
410 2.043416
765 1.931544
408 1.664126
672 1.916406
699 1.924002
910 2.332786
1015 2.379129
666 1.775535
1220 1.829406
1252 2.040271
813 2.042272
1034 2.424958
428 2.308172
1405 2.364401
400 2.053353
434 2.077679
1407 2.298344
1124 1.976693
491 2.078777
1192 1.833164
1165 1.728299
663 1.859508
957 2.254315
411 2.408979
703 1.988585
545 2.063771
866 2.008032
1446 2.550984
1071 2.609385
452 2.767297
673 1.873548
1197 1.886113
530 2.475062
384 2.185391
1271 2.120238
718 1.831517
471 1.729777
1238 1.961986
1022 2.316346
975 2.357937
356 1.812351
1403 2.363781
1398 2.313499
986 2.23458
972 2.176187
360 1.995729
716 1.905951
695 1.904222
382 2.101052
1035 2.406283
483 2.285245
821 2.06883
736 2.101856
406 2.156365
1054 2.3448
449 2.854145
453 2.694858
945 2.280269
644 1.726262
22 1.692295
705 1.966636
953 2.332647
1388 2.26654
1383 2.300271
979 2.363098
1438 2.551542
1396 2.299149
753 1.95167
879 2.179971
562 1.579377
722 1.934973
1285 2.086376
1092 2.707394
1356 2.313253
1477 1.94937
709 1.945172
963 2.33983
1355 2.26821
1379 2.332446
1440 2.612507
1064 2.499352
1432 2.513819
1273 2.125238
1391 2.311271
653 1.62653
871 2.138714
226 1.894334
1255 2.035153
647 1.871225
1084 2.710259
1456 2.854913
1325 2.172389
1070 2.638148
808 2.067718
1121 1.970849
655 1.761881
770 2.049905
227 1.971923
1380 2.316476
190 2.210119
1073 2.481707
1003 2.37772
1143 1.569546
995 1.947694
798 2.110271
637 1.77298
381 2.020021
792 2.016241
355 1.770884
1330 2.390126
1187 1.748037
1360 2.3448
755 1.976693
675 1.829406
684 1.898839
767 1.931544
404 2.078777
1350 2.333431
1072 2.620378
534 2.120238
480 2.663004
1457 2.619386
1453 2.66547
1188 1.749444
1194 1.812351
1349 2.318234
880 2.176187
982 2.285245
1095 2.731076
