153
-0.108 -0.385 0.148 0.0156 0.0903 0.0414 0.995 
1259 2.050893
1131 1.588231
595 1.658283
1202 1.961432
1223 1.938253
763 2.054095
593 1.606433
588 1.638831
645 1.720972
1171 1.711012
751 2.038792
603 1.737023
1112 2.349925
607 1.776978
8 1.835318
1233 2.071387
26 2.201095
951 2.137662
1062 2.448584
1161 1.891508
1207 1.914979
1221 1.964279
693 2.00672
635 1.819729
1006 2.42555
772 2.068824
1313 2.364287
1117 1.750634
1138 1.744688
580 1.634807
819 2.188688
697 1.935407
628 1.613883
735 1.989046
973 2.22458
753 1.921044
678 1.936366
700 2.050333
815 2.111895
857 2.191878
805 2.370084
1258 2.040674
803 2.126721
23 2.366682
969 2.418205
659 1.788643
992 2.412704
65 2.369047
903 2.403358
892 2.381309
1312 2.376593
1021 2.332131
1234 1.93787
3 1.945777
783 2.007823
779 2.068611
30 2.204161
964 2.26568
566 1.635812
1438 2.374656
707 1.971562
609 1.743343
1023 2.299331
50 2.286883
641 1.85142
1140 1.766059
1133 1.67107
799 2.393771
631 1.882467
748 2.080446
56 1.87532
100 2.42868
646 1.912534
1215 2.050494
741 2.016407
692 1.919902
720 2.039539
688 1.778913
730 2.015149
879 2.314491
1025 2.436589
1170 1.768913
988 2.420957
999 2.378192
797 2.358136
99 2.339251
199 2.410718
862 2.407073
806 2.374429
927 2.37143
105 2.359121
1079 2.421513
1076 2.441555
1439 2.35502
1436 2.446388
34 2.401933
1347 2.243246
1224 1.929953
1164 1.724559
57 1.663017
625 1.709994
9 1.726516
1301 2.356536
1298 2.285432
66 2.398823
207 2.027548
1206 1.781429
714 1.903446
93 2.217891
140 1.608052
664 1.850735
834 2.358355
769 2.080436
1186 1.800418
648 1.76911
732 2.049166
712 1.887458
733 2.065066
1201 1.919593
717 1.992725
984 2.338725
1346 2.364059
861 2.379396
1048 2.365658
1444 2.4126
95 2.300032
94 2.475763
1009 2.342512
1028 2.394067
124 2.387756
120 2.376042
1068 2.252034
1064 2.326705
1183 1.683529
114 2.222104
1209 1.961251
589 1.615047
617 1.683854
162 1.87884
17 2.144976
251 2.304032
109 2.27342
22 1.802578
226 1.87649
1199 1.900674
571 1.618497
601 1.808176
1087 2.380052
1428 2.438883
1280 2.076113
1155 1.802462
696 1.998718
1232 2.000286
1252 2.052803
882 2.216886
236 2.38282
47 2.145422
1036 2.383174
942 2.343512
1440 2.398329
270 2.450365
1442 2.420231
1163 1.705543
729 1.900828
247 2.319875
1037 2.365078
818 2.240275
1269 2.173177
323 2.202466
1213 1.782369
633 1.79698
685 1.927891
85 1.870745
1241 2.072774
205 1.781853
573 1.654103
647 1.919236
141 1.898471
1253 2.03371
227 1.88076
190 2.207499
184 2.289467
185 2.281114
1030 2.415391
290 2.022387
731 1.975676
683 2.030239
895 2.420524
1419 2.324847
1010 2.323143
331 2.242575
1353 2.387204
316 2.414637
740 2.00501
1456 2.467696
825 2.377565
1425 2.395685
914 2.298805
1375 2.307198
842 2.232232
632 1.765562
1447 2.290527
1073 2.335214
829 2.168087
666 1.701653
1247 1.908482
1187 1.725694
657 1.726377
710 1.87178
1191 1.883131
623 1.578826
414 1.73322
690 1.934729
286 1.757907
361 1.815923
771 2.141871
298 1.98466
1228 2.045538
809 2.354104
770 2.021829
1412 2.414548
1407 2.398306
706 1.991041
319 2.503959
1046 2.323563
391 2.188376
1485 2.375076
853 2.385818
1072 2.361744
1370 2.307303
1054 2.166184
320 2.344933
995 2.165488
278 2.074281
435 2.188154
1292 2.136778
1075 2.418862
682 1.819586
408 1.697904
684 2.00934
699 1.91964
1218 2.079008
791 2.258372
1431 2.402784
637 1.648205
629 1.763105
1024 2.065196
144 2.233861
718 1.75628
1220 1.914979
786 2.031592
282 2.048781
802 2.075202
275 2.280041
355 1.827857
1007 2.4569
704 2.031418
1309 2.415339
1430 2.384438
1003 2.262627
1041 2.532147
530 2.406563
1457 2.33333
672 1.932172
1197 1.945703
1278 2.240016
1240 1.996257
1270 2.106346
1260 2.153067
449 2.338837
856 2.30295
404 2.007944
400 1.97413
1237 2.041768
365 2.035786
534 2.292531
910 2.389559
1364 2.290684
755 1.918509
780 1.999374
428 2.328108
670 1.833361
663 1.887324
990 2.414151
703 2.018211
1071 2.376852
1446 2.25761
1123 2.317802
980 2.375183
1403 2.372111
401 2.146675
736 2.014456
467 2.008918
674 1.832558
360 1.918391
1360 2.161442
1044 2.140963
1271 2.169034
1261 2.214337
813 2.169405
518 1.992687
1185 1.837115
1182 1.849126
1022 2.380976
1238 2.022527
716 1.992914
545 2.134274
661 1.799408
1035 2.433322
474 2.366502
453 2.368836
1307 2.218822
782 2.020206
586 1.587733
594 1.561305
1293 2.156762
885 2.254917
1331 2.366333
725 1.798147
1366 2.401079
1473 2.288891
1315 2.262884
669 1.977089
1286 2.400954
722 2.078992
1476 2.402468
849 2.393683
1043 2.336475
746 2.079994
1180 1.742059
757 2.038525
1113 2.35551
1057 2.366893
150 1.991051
1355 2.366269
1229 2.031108
638 1.68468
107 2.033993
886 2.351713
790 2.379879
1427 2.349796
1005 2.305212
1066 2.322976
192 2.175744
249 2.174869
1303 2.41974
667 1.949114
230 1.78427
814 2.12504
781 2.073724
816 2.081608
157 2.031626
850 2.167198
808 1.908482
758 1.9326
1289 2.171734
1175 1.900227
1487 1.827857
840 1.971779
293 2.214903
1014 2.38295
866 2.203245
1026 2.276292
368 1.720895
1371 2.255721
640 1.648825
362 1.886888
649 1.677954
1193 1.73772
624 1.678046
1188 1.7109
1256 2.232155
1070 2.277965
1262 1.893363
1236 2.008918
381 1.785327
766 2.041112
1423 2.224658
471 1.8998
507 2.242311
410 1.834123
480 2.376482
