16
0.000321 0.000231 0.000901 -0.000184 0.00196 -0.000168 1 
65 2.164138
2 1.73394
169 1.766025
15 1.587289
28 2.325212
26 2.261316
27 2.36771
29 1.262282
30 2.230595
25 1.507579
170 1.278517
35 1.709347
37 1.728897
48 2.19697
44 2.193079
45 2.2523
47 2.343897
34 2.728385
40 1.997177
33 1.305542
52 1.777856
53 1.758456
55 1.823505
56 1.926018
59 2.152441
58 2.009072
61 1.560772
10 2.067388
8 2.045714
63 2.1499
165 2.562678
72 1.512698
74 1.997216
75 2.944409
76 3.152854
77 2.410503
78 2.910625
79 2.787946
80 2.93179
178 2.913068
164 2.189762
101 2.029498
243 2.197795
104 1.246413
99 2.161213
100 2.151969
24 2.276982
110 1.601902
111 1.508425
94 2.699001
95 2.872166
109 2.397412
85 1.956635
93 2.239412
118 1.497835
107 2.10722
115 2.135229
123 2.975317
124 2.7515
125 1.263013
126 1.305007
132 1.79567
43 2.197862
197 1.676041
128 1.85407
139 1.760849
140 1.788082
141 2.176133
142 2.242464
144 2.375546
137 1.476405
138 1.537298
147 1.730582
148 1.762292
149 1.814471
151 2.16939
154 2.322734
156 1.726774
157 2.052988
158 2.192784
235 2.215487
160 1.548434
162 2.091456
166 2.333569
168 1.629362
172 1.24441
173 1.945393
21 2.898598
177 2.582833
179 2.815806
81 3.065948
247 2.359454
182 2.074799
114 2.249179
186 1.568272
185 2.87031
189 1.342615
193 1.392393
194 1.513181
192 2.424097
200 2.125929
108 2.246997
195 3.032798
31 3.090864
198 1.879163
212 1.781787
213 1.814437
191 2.087351
204 1.746244
219 2.922689
208 1.462511
209 1.552608
227 2.005126
228 1.965814
206 2.066115
207 2.064484
211 1.759521
224 1.786345
226 1.921275
146 1.313475
292 2.138618
215 2.255005
216 2.231321
229 1.748847
231 2.016992
239 1.569571
240 1.758697
241 2.057177
88 1.209758
248 2.302595
251 2.358284
252 1.655993
255 1.246926
259 1.980941
260 2.890033
175 3.04134
262 2.897763
340 3.131241
129 2.972383
267 2.159372
269 2.113595
199 2.214493
270 2.233581
275 2.307195
396 2.676007
281 2.105555
222 1.683083
280 1.777286
285 1.710044
286 1.770229
289 1.780243
290 1.83381
293 2.263367
294 2.43143
297 1.664652
298 1.946668
299 2.043118
221 1.332459
295 1.535799
296 1.554223
300 1.70672
301 1.723839
302 1.973311
303 1.997451
306 2.259442
310 1.575567
244 2.212197
318 2.353405
319 2.596993
320 2.412255
190 2.266547
321 2.483341
323 2.323298
324 1.668469
253 1.699981
312 2.018642
325 1.300322
256 1.427124
329 2.012778
330 2.936615
331 2.910041
332 2.65071
389 2.424756
336 2.930683
393 3.035772
181 3.032455
342 2.076709
381 2.101125
380 1.835927
400 2.170416
278 1.989137
347 2.2224
346 2.213107
343 1.734417
353 1.538487
354 1.565959
363 2.099653
365 2.430048
348 1.787796
349 1.870861
357 1.90295
351 1.787944
287 1.337993
361 1.819017
362 1.856856
367 1.747589
368 1.655411
369 2.007633
358 1.635566
359 1.909389
360 2.048412
370 2.264043
371 2.258226
307 2.258349
379 1.702149
382 2.175563
316 2.22713
386 2.490519
397 1.285046
388 2.859635
333 2.235025
334 2.649448
390 2.742836
391 2.787249
264 3.042059
335 2.976598
395 2.993076
341 2.992563
387 1.972577
398 1.643243
416 1.798312
417 1.772016
404 2.11578
406 2.405697
407 1.872645
408 1.712686
409 1.866735
410 1.958935
413 2.345438
422 1.539851
414 1.784371
426 1.981956
423 1.739908
425 1.998809
420 1.45828
443 2.486338
446 1.600985
449 2.874727
439 2.466179
451 3.062061
482 2.987339
441 2.360554
384 2.165834
339 2.967829
453 3.014443
454 2.931779
429 1.586002
448 1.740887
402 1.594417
432 1.696408
436 1.410777
437 1.600659
433 2.014228
434 2.071546
435 2.173174
428 2.337016
455 1.967506
447 1.428015
502 2.289562
503 2.289421
424 1.708686
467 2.035768
468 1.987673
461 1.442271
462 1.601878
463 1.650286
459 2.246816
460 2.29665
469 1.806461
470 1.729167
471 1.951217
472 1.898504
475 2.239802
474 2.923821
477 2.505789
478 1.64307
473 2.274557
452 3.011387
529 3.165251
483 2.275022
491 2.026282
492 2.419654
485 1.707158
486 1.534578
489 1.584885
540 1.69797
494 1.669144
496 1.42786
457 1.572659
498 2.044123
500 1.616909
501 1.47973
504 2.212334
506 1.814123
507 2.06869
509 2.309231
511 1.623542
521 2.254302
539 1.611049
518 1.943015
512 1.731975
523 1.53465
524 1.535162
551 2.529584
528 2.242326
530 2.651619
531 1.953822
532 2.309499
495 1.714272
533 2.547114
534 1.908962
538 1.596864
517 1.896123
536 1.665848
493 1.728881
527 1.668024
499 2.126315
545 2.237743
549 2.213613
550 1.664472
11 2.321295
1 2.290116
120 2.728385
131 1.692379
133 1.75355
92 2.967844
201 2.259601
223 1.75517
152 2.263246
245 2.109908
266 2.244231
265 3.069309
481 3.012606
465 1.597371
450 2.651619
488 2.975188
510 1.618338
525 3.063792
480 3.165251
544 2.10698
541 1.738242
