185
-0.608 -0.395 0.216 -0.00305 0.425 0.164 0.89 
1868 2.545058
2357 2.395053
2308 2.756225
2450 2.972638
2429 2.760636
1851 2.479403
2058 1.892665
2019 1.622755
2027 1.948132
2057 1.976623
105 2.371724
1377 2.377468
2362 2.366822
1782 2.351614
741 1.89871
1970 1.923978
1971 1.975129
2460 3.214919
28 1.606387
30 1.790277
1347 1.809511
2159 2.240909
2314 2.648936
1778 2.309887
1734 2.28764
779 1.672684
1955 1.709977
814 1.749516
1897 1.714911
2099 1.973366
2005 1.609752
1170 1.578696
2466 1.609975
22 1.972196
830 2.484143
2092 1.967423
1799 2.410433
1006 2.365944
801 1.992075
1891 1.80536
1965 1.936352
1990 1.968851
2285 2.224293
2459 3.270103
1301 1.768998
2355 2.507122
1531 1.782218
1967 1.653753
2317 2.631706
1731 1.82942
1772 1.78382
607 1.640698
2035 1.607342
719 1.751923
1620 1.675926
85 1.513188
2304 2.285485
2103 1.912176
2311 2.310162
147 1.929673
2130 1.759246
1803 2.415964
2074 1.943267
2306 2.749129
157 1.923518
1881 2.509679
2178 1.924627
2212 1.932057
1973 1.965041
1979 2.010045
2328 2.35178
307 2.33798
2458 3.186091
2452 2.983072
1765 1.867624
1259 1.595405
601 1.614155
2047 1.867649
2089 1.94365
1233 1.621291
1679 1.917349
2396 2.536717
2347 2.490436
57 1.625826
2277 2.535054
2097 1.901889
2213 2.192196
1659 1.933276
226 1.965103
2422 2.566315
2462 3.315312
2284 2.511008
2295 2.14805
2088 1.612311
166 1.601324
275 2.020973
368 1.662526
1581 1.811358
617 1.649251
2297 2.539927
269 2.469434
853 2.504254
1936 1.720308
1569 1.943244
2243 2.090815
2056 1.872347
2197 2.151609
2210 2.176947
214 1.633571
712 1.628401
1566 1.97005
1278 2.033942
1960 1.979452
684 1.898332
2233 1.957043
2457 3.041806
2455 3.078612
1020 1.995282
1309 2.387531
2167 2.203749
2181 2.259929
1984 1.957123
2208 2.180043
2206 2.166295
2142 1.988464
2044 1.884675
1688 1.919318
2002 2.004388
356 1.983409
357 2.054124
2463 3.007925
2315 2.704075
2454 3.0037
278 1.613947
802 1.965105
1289 1.669648
2238 1.75623
1405 2.389719
2028 2.0315
2179 2.105646
2196 2.164846
1666 2.001283
2392 2.552818
2126 1.894794
2148 1.962077
2283 2.168208
408 1.754122
672 1.935046
2248 2.005597
382 1.723786
1802 2.420147
1364 2.25016
1834 2.507466
1724 1.716408
2461 3.339538
1668 2.050915
2226 2.149626
2180 2.062599
2430 2.55507
1871 2.332661
2310 2.605679
2117 1.949385
2161 1.845602
2060 1.9087
2101 1.918063
518 1.8677
699 1.884444
1486 1.831824
545 1.704589
1812 2.433548
2257 1.744782
2465 2.283885
2321 2.301937
1847 2.436718
1517 1.977146
1572 1.973287
112 1.739883
1762 2.351614
2261 2.005925
743 1.787048
764 1.7794
2183 2.212016
1670 1.917349
2451 2.969444
1797 2.406575
1886 2.528651
2083 1.584806
2312 2.739859
2318 2.524982
1537 1.608018
2069 1.666925
1240 1.88479
1884 2.486334
2030 1.957123
1669 2.055114
792 1.780728
1261 2.005361
771 1.829225
507 2.062838
467 2.032055
2236 2.240291
1723 1.704589
