202
-1 -0.202 0.104 0.0179 0.584 0.231 0.778 
2886 2.529114
2884 2.575916
2629 1.818125
1517 1.874953
2125 1.823123
2976 4.075288
669 1.846685
1970 2.031397
1990 2.041505
2819 2.734599
2944 3.670717
2911 3.071841
2691 2.15814
2702 2.189295
2826 2.586131
2217 2.170077
1955 1.580947
2816 2.117278
2429 2.629224
2939 2.93312
2450 2.793934
2664 1.609511
2972 4.000899
1584 1.528847
2698 2.043275
2985 1.831235
2112 1.876887
2887 3.058959
1117 1.703006
2518 1.840126
2814 2.694606
2607 2.091406
23 1.899657
2707 2.151323
2821 2.561044
2706 2.253396
2848 2.25645
2319 2.695527
2560 1.566882
1813 2.103951
2321 1.999446
2374 2.091882
3003 2.745749
2748 1.946163
1973 2.032097
2626 1.622916
1140 1.689027
2647 1.788465
1223 1.466423
1905 1.659465
2948 3.59725
2212 1.679752
2815 2.731231
2936 3.395947
2694 2.268466
2314 2.825332
2559 1.564846
2794 2.403167
2624 1.595646
2455 2.975439
2933 2.851496
2822 2.088757
799 2.092444
801 1.664859
2047 1.56343
647 1.686213
2650 1.784042
2218 1.916452
1873 2.145586
2317 2.634701
1956 1.559166
2925 3.380618
2965 3.657946
2847 2.28227
2295 1.641227
2678 2.218324
2124 1.759258
1566 1.931335
226 1.671421
2213 2.167563
2700 2.060964
1936 1.552081
667 1.7351
857 1.665471
2930 2.875354
1786 2.079242
2459 2.86325
2346 1.948066
2605 1.543211
2386 2.17221
2632 2.130057
2674 2.165022
2924 3.338359
2726 1.607866
2456 2.789525
2960 3.526429
2210 2.189735
2900 2.890012
2554 1.607965
2951 3.310543
2562 1.565279
2065 1.882494
1569 1.776908
2082 1.765596
1800 2.290383
357 1.81943
2938 2.79715
1845 2.167549
2818 2.097672
2947 3.428462
2315 2.740428
2903 2.881154
1278 1.653155
2760 2.310189
2899 2.787172
2967 4.066304
2521 1.555929
2206 2.260027
770 1.647101
2126 1.755128
286 1.715717
2832 2.074298
2444 2.269644
1802 2.146452
1817 2.156965
2310 2.66774
2709 2.175312
2157 1.817526
2734 1.973481
2060 1.785755
356 1.734463
1666 1.782916
1856 2.168236
2021 1.923283
2861 2.722383
1006 1.984847
2963 4.014743
697 1.540518
56 1.675517
849 2.212019
2937 2.975365
614 1.714038
2783 2.421618
2259 1.716249
1216 1.55155
1702 1.647209
795 1.511292
2808 2.695874
2716 2.198678
2245 2.498193
2735 1.743782
581 1.743059
1232 1.613893
2717 2.173102
2318 2.684648
1803 2.102994
2654 2.165022
1020 1.605295
2751 2.161951
2336 2.045746
2980 4.260612
2979 3.592081
2641 1.983191
1658 1.667061
2697 2.26802
2915 3.531522
2942 3.363819
767 1.654783
