260
-1.25 -0.308 -0.121 -0.00583 0.704 0.288 0.649 
2905 2.760835
2871 2.68125
2679 2.165186
2702 2.199331
3100 1.848964
3097 1.867503
2633 1.829709
2159 2.144048
3130 1.853077
2976 3.982558
3229 2.181898
2819 2.899342
2814 2.720698
2691 2.244892
2619 2.286197
3272 2.373521
3328 2.997866
3083 1.775925
2314 2.574872
2217 2.024045
2794 2.24512
3098 1.849697
3249 1.718858
2553 1.967578
3239 2.152078
2021 1.81411
2629 1.638425
2125 1.675082
3127 1.869019
3207 2.144549
3187 2.075238
2869 3.062636
3339 2.894921
2945 3.653766
2972 3.971103
2833 2.776829
2826 2.616001
2614 2.303697
3320 2.953511
3081 1.751192
2508 1.552834
3393 1.559287
3352 3.094287
2791 2.229847
3321 2.487187
3122 1.83399
3199 2.128931
3206 2.113225
3104 1.8628
152 1.759376
2815 2.75219
2936 3.364807
3382 3.583111
2112 1.712103
3226 2.247022
3225 2.241632
3358 3.644165
3269 2.293982
2821 2.641133
3363 3.648187
2694 2.338467
3293 2.556247
3080 1.763539
2319 2.633976
2816 1.810084
2092 1.848449
805 1.684164
2748 1.676388
3329 2.495845
2450 2.35186
3323 2.522708
2957 4.070269
154 1.635902
3205 2.199402
1973 1.969852
3301 2.705068
3289 2.588668
3280 2.421031
3258 2.192607
2318 2.61371
834 1.817147
2783 2.233368
2955 3.537347
3265 2.250718
2820 2.731849
2422 1.748544
2706 2.294052
3291 2.510253
3147 2.027957
2796 2.415756
3341 3.097547
3212 2.062849
2317 2.492366
2640 1.638371
2087 1.971678
886 1.807516
2934 3.339972
2929 3.286184
2750 2.330797
2847 1.769707
3213 2.227471
2654 2.298465
3276 1.914425
1566 1.699023
2459 2.578717
3171 2.031095
2632 2.281708
3350 3.428971
2958 4.001409
3076 1.775326
3149 1.992001
2899 2.919113
2723 2.216485
2915 3.356956
2697 2.3672
2928 3.345709
3389 3.45902
2938 2.466057
2456 2.314379
2674 2.258915
2315 2.561938
2903 2.818656
3359 3.847013
2657 1.760835
3298 2.459903
2878 2.862571
3222 1.816482
3184 1.960555
3087 1.701489
3185 2.142874
3218 2.264631
2458 2.559665
3263 2.290357
2790 2.413019
3340 2.804931
2641 1.934634
2967 4.11032
2310 2.543965
3371 3.179992
3153 2.08958
2920 3.439663
2923 3.060772
2597 2.243124
3151 1.985406
3380 3.774457
3286 2.26404
3365 3.581329
2880 3.062636
3368 3.48568
3335 2.863772
2975 3.801909
3167 1.9781
3254 2.241632
3360 3.197044
2638 1.895336
2922 3.243134
3300 2.128056
2933 2.374755
3349 3.289675
1338 1.836501
2924 3.325918
2808 2.805192
3073 1.747835
2956 4.047078
3362 3.592327
2900 2.853885
2931 3.206965
3318 2.763269
2457 2.733633
3181 1.96777
3090 1.722969
2949 3.490757
