265
-1.2 -0.395 -0.0898 -0.00925 0.707 0.282 0.649 
3083 1.718487
3130 1.820924
2876 2.62105
3100 1.829493
2753 2.117913
2159 2.081048
2633 1.766776
3145 1.963262
3151 1.964894
2871 2.610003
2619 2.244423
2976 4.111504
2880 3.052749
2819 2.672636
3368 3.569813
3352 3.18558
2791 2.21172
3187 2.041948
2869 3.053764
2972 4.148665
2814 2.701283
3339 2.89081
3346 3.135874
3374 3.520782
2702 2.14089
3284 2.50425
3320 2.913522
3354 3.607418
3097 1.799347
3081 1.719436
3353 3.135117
2308 2.747315
3338 2.452675
3286 2.219952
2794 2.20992
3300 2.034676
3321 2.449718
2968 4.105772
2975 3.882599
3180 1.789466
2906 3.022118
2518 1.999379
3226 2.170224
3153 1.974339
3273 2.353825
2815 2.676883
3343 3.032715
3382 3.546577
3358 3.618344
3294 2.696685
3293 2.503316
3080 1.70513
3127 1.810499
2319 2.631022
2910 2.789247
2460 2.628791
3271 1.98667
2884 2.053108
2924 3.279134
3290 2.210116
3388 3.371028
2450 2.363759
3323 2.435929
2870 2.675674
3188 2.052639
3205 2.16797
3280 2.356592
3335 2.837332
3147 1.99509
3167 1.957318
3327 2.799364
2722 2.09008
3301 2.704713
2778 2.834366
3104 1.830645
2694 2.323167
2317 2.61388
2913 2.735362
3307 2.111675
2459 2.655389
3268 1.962278
2922 3.236014
2783 2.180764
2933 2.317235
3213 2.173276
2796 2.374138
3362 3.646721
3341 2.955056
3278 2.289398
2808 2.719214
2716 2.080066
2761 2.234109
3317 2.881995
2422 1.689271
2706 2.30731
2957 4.027681
2318 2.6441
2942 3.077653
2458 2.616014
2962 3.489407
3258 2.171896
2645 2.230364
2723 2.210819
2915 3.322272
2934 3.316495
2455 2.40219
2958 4.076356
2315 2.539582
2903 2.770717
3149 1.99137
3296 2.66255
2717 2.206326
3276 1.906241
2310 2.466458
1800 1.789405
2899 2.810425
2948 3.579492
3181 2.024319
2632 2.255948
3154 2.043708
3218 2.138705
3359 3.760713
2760 2.34396
2929 3.569919
3171 1.973415
3340 2.948872
2967 4.141726
3185 2.017205
3230 1.89255
2457 2.52512
3351 3.433636
3251 2.218399
2888 3.33843
3099 1.776966
2217 1.973244
2833 2.701283
2553 1.880611
2112 1.661488
2622 1.718438
2682 2.323167
2729 2.341195
3242 2.224233
3367 3.353901
2936 3.394691
2954 3.491238
3302 2.081736
3376 3.368959
3243 2.192368
2733 2.461905
3192 1.880564
2867 2.877721
3292 2.205824
2802 2.623521
3212 1.998239
2920 3.378923
3310 2.329732
2452 2.310926
