27
0.00273 0.000114 0.000399 -0.000367 -0.000822 0.000338 1 
65 2.169396
75 3.020077
23 2.259071
197 1.600762
17 2.218647
30 2.245872
33 1.32198
35 1.72886
37 1.736578
25 1.516382
130 2.961678
115 2.101378
51 1.504967
40 2.007017
45 2.305521
46 2.232511
144 2.40202
41 1.352535
52 1.777628
53 1.773653
55 1.822442
59 2.173602
58 2.078975
61 1.56203
2 1.737841
1 2.289435
13 2.188016
63 2.213057
27 2.333889
74 1.999114
21 2.981842
76 2.487902
34 2.758634
78 2.905838
79 2.792533
80 2.946651
81 3.102877
170 1.300876
178 2.86234
28 2.330469
172 1.234053
99 2.170578
100 2.143325
94 2.793961
95 2.812759
26 2.338436
83 2.279269
118 1.509776
107 2.090492
110 1.566495
111 1.524069
93 2.21822
105 2.193875
114 2.234007
50 2.311115
132 1.783359
133 1.74899
126 1.304349
123 2.910748
124 2.74727
128 1.844927
136 1.384414
137 1.497991
138 1.570604
139 1.765457
140 1.748627
146 1.357294
145 2.026386
141 2.130693
142 2.25231
47 2.424973
148 1.774311
149 1.865856
150 2.021975
151 2.186066
156 1.74652
157 2.026172
159 2.235407
160 1.553046
10 2.060114
164 2.194372
168 1.690805
169 1.744717
72 1.539881
174 2.876814
175 2.445303
179 2.791571
91 3.12433
199 2.209799
122 2.315662
183 2.280346
262 2.978587
190 2.241657
195 3.03518
129 3.022141
189 1.337279
201 2.117041
194 1.484812
192 2.309788
198 1.906412
215 2.269096
216 2.200102
294 2.440999
203 1.764272
204 1.766236
209 1.553313
211 1.772302
206 2.048867
207 2.034216
219 2.977422
220 2.801978
221 1.365382
222 1.695158
223 1.766052
228 2.004189
224 1.776922
229 1.733203
230 1.733881
231 1.966055
238 2.220596
240 1.73418
3 2.078893
276 1.768841
243 2.302923
244 2.205081
166 2.276873
249 2.26218
251 2.308423
253 1.684416
256 1.409349
185 2.768887
119 2.791117
263 2.814239
92 2.950571
341 3.151134
266 2.84972
316 2.253519
340 3.057866
31 3.088883
268 2.075896
272 1.532783
275 2.21565
269 2.136057
282 2.020424
283 2.383847
286 1.756723
212 1.780875
277 2.101575
280 1.726344
291 1.758787
225 1.881506
289 1.797496
226 1.899105
295 1.551193
296 1.526838
297 1.697408
298 2.008815
299 2.013117
292 2.17909
287 1.335924
300 1.698962
301 1.721974
303 2.067116
306 2.297523
311 1.540076
319 2.671412
320 2.271364
323 2.284072
324 1.648337
325 1.310125
259 1.954949
260 2.917735
332 2.493558
333 3.122488
335 2.993399
336 2.946332
339 3.06329
181 3.108114
343 1.735754
380 1.805406
400 2.075803
278 2.135011
346 2.249405
353 1.545349
348 1.764616
349 1.811802
358 1.667708
359 1.970077
360 2.088512
350 1.802243
351 1.82252
352 1.904056
363 2.145094
365 2.387683
366 1.352093
355 1.768004
356 1.798823
357 1.964746
367 1.705263
362 1.914676
290 1.89438
368 1.734153
342 2.136615
375 2.36265
376 2.287913
379 1.735502
381 2.120292
382 2.178083
384 2.30341
385 2.461114
321 2.489216
390 2.886389
391 2.805548
264 3.110985
393 2.970998
394 2.968305
196 3.089979
398 1.640127
448 1.640697
404 2.173511
406 2.453559
408 1.732457
409 1.911915
410 1.99886
411 2.245332
414 1.80245
417 1.821634
413 2.338624
419 1.355323
420 1.466076
422 1.514647
423 1.773625
424 1.714943
369 2.065794
426 1.892247
428 2.222438
429 1.626247
485 1.695765
432 1.726862
399 1.800709
433 2.114783
434 2.090206
436 1.411288
440 2.270133
441 2.366211
443 2.232092
445 2.027983
446 1.672568
402 1.627585
330 3.155922
452 3.000829
453 2.910146
395 3.3149
387 1.909805
444 2.324812
459 2.285102
457 1.588333
458 1.480562
461 1.465434
462 1.624895
463 1.59998
465 1.713636
425 2.079642
468 2.016774
469 1.83795
470 1.747403
471 1.835277
472 1.941592
477 2.486165
473 2.285621
388 3.115337
476 2.438788
482 2.948796
478 1.653788
454 3.162474
479 3.11669
486 1.58708
480 2.607978
488 3.015083
489 1.558844
491 2.062404
492 2.44874
493 1.7053
490 2.204204
494 1.698164
495 1.719662
496 1.411966
497 1.819042
499 2.056678
498 2.230227
504 2.270842
506 1.839156
507 2.172152
508 1.812841
509 2.360455
510 1.638604
511 1.701966
520 2.32648
522 2.252277
518 1.973951
519 1.937581
515 2.246444
547 2.042894
523 1.560788
524 1.551606
528 2.257096
525 2.758797
474 2.894494
529 3.066512
531 1.963129
532 2.358494
533 2.33527
534 1.900816
536 1.697817
535 1.614267
538 1.577704
539 1.630002
540 1.703008
544 2.135432
546 1.521681
467 2.099035
549 2.27874
513 1.906435
551 2.930995
8 2.053299
152 2.256162
6 2.50431
173 2.019482
270 2.170758
15 1.559482
267 2.108766
162 2.115367
184 2.764384
200 2.131518
271 1.550236
329 1.972739
265 3.06329
386 2.385535
389 2.415276
338 3.044037
516 1.92056
517 1.630002
512 1.79683
