284
-1.15 -0.573 0.0412 0.000489 0.75 0.28 0.599 
3352 2.846893
3442 1.552008
2976 3.850826
3789 5.068569
2954 3.239807
3773 5.394602
3392 5.07601
3743 3.477895
3797 4.877993
3776 4.16574
3783 5.476373
3780 5.279751
2876 2.323063
3501 1.754312
3199 1.928848
2819 2.492766
3649 2.386402
3229 2.002624
3707 2.957673
3706 2.94642
3368 3.42449
3624 2.165046
3782 2.45693
3328 2.755489
3781 3.143995
3770 3.896031
3636 2.011178
3790 5.183174
3151 1.80794
3500 1.735955
3524 1.762209
3559 1.946156
2880 2.842156
2833 2.454549
3575 1.948103
3251 2.050234
3622 2.095591
3309 2.312265
3334 2.589424
3778 4.301721
2694 2.177563
3312 2.806386
3717 3.29731
3755 3.690132
3441 1.562596
3353 2.841035
2975 3.668169
3323 2.030435
2791 1.89878
3772 4.859916
3286 1.948883
3512 1.825661
3255 2.048878
3581 1.963598
3554 1.947854
3555 1.983642
3672 2.512579
3750 3.491564
3614 2.063469
2906 2.864258
2936 3.275596
3756 3.584682
2821 2.424134
3639 2.163974
3684 2.541008
3749 3.611027
3363 3.429585
3666 2.487875
3301 2.509475
3293 2.258323
3701 3.088583
3766 3.84191
3710 3.045169
3444 1.555902
3722 3.057964
3765 3.686284
3795 5.277763
2955 3.210487
2313 2.316289
2783 1.937236
3784 4.758921
3779 5.447978
3820 5.268888
3321 1.997937
2826 2.408894
3767 3.431475
3803 4.321949
3362 3.73892
3621 2.043777
2815 2.503439
3747 3.359694
3645 2.425359
3663 2.542704
3763 3.63913
3713 3.286101
3440 1.549657
3427 1.528592
3564 2.014148
3805 4.639757
3799 5.563302
2319 2.202557
3280 2.073582
3800 4.652987
3292 1.956784
3806 5.418604
2794 1.936612
3218 2.087593
3205 1.975531
3674 2.520001
3716 3.187573
3712 3.040191
3809 4.544984
3804 5.425027
2317 2.175478
2942 2.821772
2796 2.180443
3813 4.739882
3291 2.303389
3651 2.439751
3725 3.352304
3683 2.781345
3476 1.712604
3758 3.166675
2318 2.241833
2949 2.816244
3816 5.651345
3350 3.188253
3814 4.53869
3669 2.488431
3650 2.484154
3686 2.708722
3470 1.700272
3720 3.278853
2958 3.730683
2315 2.193564
2951 2.828106
3678 2.404744
3359 3.18844
3544 1.961834
2308 2.444574
3787 5.220978
3785 4.566735
2749 2.445379
3731 3.38877
3431 1.524744
3558 1.977408
3577 1.98366
3597 2.108086
3269 1.967978
3343 2.869872
3336 2.851076
3740 3.278394
3657 2.495742
2820 2.321951
3594 1.916814
3627 2.075803
3671 2.497032
3341 2.793839
3593 1.984078
2808 2.514721
3619 2.183676
3675 2.527007
3807 4.55584
