29
0.000355 -0.000379 0.000212 -0.000173 -6.03e-05 -0.000495 1 
75 2.965352
8 1.935863
9 1.817706
15 1.602066
21 2.924241
80 3.01332
10 2.070756
11 2.351523
33 1.307426
16 2.021834
65 2.165333
35 1.728287
36 1.784253
37 1.733711
23 2.246636
25 1.513673
26 2.319755
27 2.32486
41 1.342287
44 2.156362
45 2.289261
46 2.252297
47 2.410995
51 1.499387
30 2.222501
40 2.016692
48 2.212845
113 2.207912
52 1.787972
53 1.782689
58 2.064903
55 1.831295
56 1.936085
59 2.162797
2 1.733423
62 1.3707
63 2.239176
64 2.312102
165 2.542729
67 2.465203
28 2.309622
74 1.991034
76 2.861319
34 2.778156
78 2.84081
72 1.536056
95 2.785641
85 2.055133
13 2.174776
170 1.28986
172 1.247909
93 2.215343
101 2.045394
110 1.583925
111 1.551848
99 2.164902
107 2.026433
17 2.190872
115 2.179238
105 2.19238
106 2.236362
129 3.014013
116 1.447005
117 1.354184
118 1.50405
124 2.780771
120 2.716332
125 1.266415
126 1.299197
127 1.884659
128 1.89524
131 1.720058
132 1.843483
133 1.750201
122 2.361129
136 1.368326
137 1.494263
138 1.558145
142 2.261127
143 2.326214
144 2.400536
139 1.766434
140 1.760894
147 1.755878
148 1.774311
149 1.819615
146 1.339889
150 2.004127
145 2.026967
151 2.196491
152 2.277464
154 2.346609
156 1.74951
157 2.037348
158 2.204857
61 1.550637
3 2.049477
163 1.356831
167 2.314109
82 2.360916
168 1.666944
169 1.741023
173 2.002361
174 2.878634
175 2.90432
178 2.868364
79 2.783912
240 1.71334
182 2.007115
183 2.280568
185 2.726402
195 3.038954
189 1.340096
186 1.565364
187 1.529369
114 2.234319
192 2.319542
193 1.407395
200 2.094987
201 2.079446
198 1.870881
202 2.22337
203 1.761396
204 1.771432
205 1.914697
212 1.774056
213 1.790807
206 2.099355
207 2.115298
219 2.930573
208 1.471829
209 1.556878
211 1.773192
222 1.685468
223 1.74894
227 1.960026
228 2.001097
215 2.270386
216 2.186273
221 1.367145
224 1.795864
225 1.883809
226 1.870663
229 1.75285
230 1.741672
231 2.005833
232 2.020502
233 2.354415
234 2.195581
238 2.211935
160 1.557978
241 2.099911
243 2.377032
164 2.188633
247 2.462438
249 2.274675
250 2.328992
251 2.308491
252 1.684147
253 1.695414
258 1.83081
259 1.957447
266 3.086809
262 2.802582
179 2.816875
181 3.139251
340 3.034315
31 3.287791
263 2.79985
272 1.719786
273 1.401747
314 1.320666
267 2.133714
269 2.124206
270 2.26047
275 2.196608
281 2.078992
279 1.706486
280 1.810492
277 2.098794
278 1.97735
285 1.6915
289 1.787207
287 1.351534
291 1.759582
295 1.540484
296 1.568619
292 2.17439
293 2.286897
294 2.524438
297 1.696927
298 1.982838
300 1.724502
301 1.728101
302 1.948906
303 2.049429
304 2.292397
309 2.230142
305 2.295071
306 2.291313
307 2.26926
239 1.593097
311 1.539777
312 2.034314
313 1.840864
190 2.236923
319 2.612631
320 2.452785
321 2.383297
322 2.223703
323 2.384847
324 1.638036
325 1.297774
327 1.441614
260 2.899182
331 2.747436
333 3.085887
334 2.488171
335 2.952105
336 2.973262
341 3.106061
380 1.805726
400 2.074195
343 1.737528
346 2.238991
347 2.247132
353 1.542039
354 1.576783
348 1.820741
349 1.798494
363 2.135972
364 2.276011
365 2.386072
366 1.355941
350 1.796655
351 1.812451
352 1.900096
358 1.664871
359 1.941112
360 2.061091
362 1.895253
286 1.738266
355 1.745794
357 1.94524
367 1.713621
368 1.715426
369 2.061405
371 2.290049
372 2.314993
373 2.269089
427 2.356684
376 2.284537
310 1.589362
379 1.719182
381 2.109729
382 2.156877
383 1.305093
316 2.274138
397 1.324113
387 2.067009
330 3.15995
390 2.907971
391 2.796916
402 1.623021
404 2.162225
406 2.446512
407 1.899096
408 1.720831
409 1.925356
410 1.982122
411 2.250076
416 1.830791
418 1.948272
419 1.352623
420 1.465339
413 2.332661
414 1.791854
426 1.874895
415 2.094459
422 1.541948
423 1.756404
424 1.715467
425 2.084757
375 2.257012
443 2.286713
449 2.909014
398 1.629022
452 3.021817
444 2.29922
439 2.389472
384 2.210153
440 2.272479
441 2.406335
430 1.409262
453 2.76
395 3.103777
445 2.021207
429 1.608234
432 1.714797
436 1.413247
437 1.614213
433 2.110027
434 2.101553
435 2.137808
428 2.188535
442 2.308355
455 2.043302
447 1.457258
459 2.27677
460 2.312306
502 2.311387
506 1.825655
461 1.45996
462 1.615368
463 1.592467
464 1.65984
465 1.714302
466 1.66456
468 2.004547
469 1.831803
470 1.736558
471 1.99086
472 1.928644
388 2.906541
476 2.448313
477 2.280806
478 1.652817
475 2.277596
483 2.337928
486 1.601748
196 3.154953
482 3.010122
488 3.048498
489 1.554799
491 2.055658
492 2.434031
493 1.729364
494 1.694335
495 1.725302
496 1.409666
457 1.583028
497 1.810935
499 2.057069
500 1.64055
504 2.255008
505 2.313649
507 2.139166
508 1.807343
509 2.35096
510 1.6371
446 1.647744
473 2.273684
512 1.742391
515 2.237695
516 1.821452
517 1.910161
518 1.975054
519 1.83375
523 1.544913
524 1.552126
528 2.259653
474 2.895086
527 1.62161
531 1.960584
532 2.340461
535 1.621162
533 2.267811
534 1.979313
536 1.693763
537 2.205846
539 1.62221
541 1.739553
542 1.436845
544 2.107908
545 2.180864
546 1.518516
547 2.051716
549 2.25909
521 2.285595
511 1.69076
551 2.952822
100 2.159292
1 2.325032
77 2.803529
83 2.318679
108 2.20785
134 2.344807
141 2.127393
176 2.797439
199 2.241459
268 2.205344
123 2.952105
217 2.437781
255 1.251379
191 2.05712
92 3.041935
339 2.955561
431 1.747516
399 1.804731
520 2.324165
522 2.242407
