298
-1.22 -0.608 -0.114 0.0107 0.824 0.307 0.477 
3990 2.742961
4221 3.766289
3789 4.800499
4234 4.814235
4015 2.797803
4123 3.499035
3739 3.668872
4064 3.161356
3773 5.651752
3846 1.686588
3777 5.371932
3779 5.305931
4305 4.96471
4232 5.310077
3945 2.191905
4301 5.271454
4164 3.837665
4043 2.801318
2976 3.469758
3915 2.049961
3791 5.167426
3838 1.653843
4227 4.779336
4304 5.434531
4251 4.826728
3855 1.780853
3875 1.913385
2819 2.273977
3962 2.278461
3964 2.214031
4009 2.344704
3731 3.01119
4144 3.355414
2720 2.128466
4131 3.271432
4171 3.550291
3953 2.134349
3689 2.716386
4191 3.954487
4150 3.856483
4143 3.137821
4031 2.839278
3996 2.710228
4121 3.572966
4187 4.020234
4155 3.666841
4253 5.483565
4241 5.302418
4092 2.866834
3771 5.097421
3988 2.333594
4050 2.505709
4311 4.205289
4025 2.338217
3524 1.762733
4310 5.544634
2880 2.56953
4034 2.623319
3776 4.211291
4067 3.227883
3961 2.288173
3928 2.18874
4138 3.283304
3749 3.374253
4004 2.360625
4029 2.66784
3978 2.432896
4052 2.699402
4163 3.844507
4188 4.105332
4178 4.05044
4194 4.271114
4182 4.025636
3999 2.731839
3857 1.886095
4115 3.635068
4139 3.804387
4254 5.185948
3798 4.662869
3794 5.22856
3797 4.498874
4309 4.959002
4002 2.348173
4038 2.508907
4027 2.563712
4093 2.965546
3967 2.106174
3785 4.222347
4079 3.299445
3756 3.220509
2959 3.396726
4149 3.369979
3718 2.958587
3745 3.379163
3960 2.143274
2936 3.058015
4046 2.752991
4189 4.380136
4179 3.850486
4016 2.868477
3841 1.651517
3992 2.658658
4156 3.856748
4148 3.855289
4262 5.860206
3790 4.613331
3969 2.320535
2906 2.584889
2952 2.776357
3801 4.334671
3772 4.434968
4047 2.522497
4090 3.279853
3750 3.475408
3977 2.275051
3681 2.703079
4040 2.661593
3293 2.180252
4173 3.991306
4211 4.009841
3989 3.023107
3766 3.928686
4267 3.795575
4081 2.817988
4202 3.937486
4128 3.678579
4271 5.656783
3954 2.269373
3382 3.113376
2975 3.304352
4012 2.295087
2954 2.921503
4315 5.066639
3807 4.943331
3805 4.982438
4264 5.367303
3795 5.130893
3784 4.376881
4272 5.396771
3995 2.303723
4218 3.827839
3983 2.41775
4268 6.487729
4286 4.440061
3811 4.68292
4056 2.522744
3835 1.751585
3987 2.675766
4135 3.287023
3997 2.325086
2947 2.763306
3820 4.549674
4285 4.785747
3804 5.800677
4282 4.74342
3722 3.140718
4217 3.827606
4277 5.366827
4278 5.232115
4105 3.075663
4116 3.282785
4049 2.734628
4030 2.660231
3742 2.851143
3800 4.623284
4042 2.50394
4276 5.832835
4293 4.823984
4133 3.26359
4185 3.778082
4007 2.777595
4296 4.32026
4289 5.302543
3716 3.427279
3705 3.014457
4130 3.756303
4162 3.876367
4281 5.443973
3350 3.147797
3767 3.144341
3758 3.022601
4032 2.989377
3968 2.280505
3691 2.720581
4287 6.052042
3861 1.817831
3712 3.14173
4208 3.669318
4177 3.683404
4294 4.6752
4172 3.984923
4132 3.247864
3359 3.153634
3866 1.929483
4082 2.948352
3725 2.647157
3813 4.567778
4299 4.820917
2942 2.409524
4275 6.892056
4229 5.417127
3701 3.064902
3828 1.585038
4235 4.70787
3774 4.984257
4028 3.186641
3909 2.055135
4307 5.136627
4246 4.58856
4091 2.986352
3936 2.089478
4239 5.376919
3351 3.474701
3288 2.117841
3328 2.700043
4104 3.278018
3860 1.851162
3783 5.495679
4261 5.316839
4308 4.996616
3665 2.315427
4019 2.558618
3640 2.158318
3763 4.157301
2815 2.320535
3986 2.285671
3799 5.320371
4244 4.858758
4313 5.156122
3976 2.341408
2808 2.269373
3806 4.408254
4051 2.948407
3812 4.521219
3726 3.291365
4152 3.328012
3859 1.771376
4316 4.702024
4206 3.705523
4063 3.164351
3814 4.461792
4145 3.559937
4288 5.524652
2958 3.564487
4317 4.577487
4011 2.582204
4122 3.249189
