299
-1.21 -0.61 -0.125 0.00993 0.827 0.309 0.469 
4229 5.170591
4223 5.32084
3773 5.440709
3789 4.825927
4234 4.732894
3828 1.561474
4303 4.732986
4098 3.334927
4305 4.955917
4232 5.406046
3777 5.406213
4028 3.091794
4164 3.85007
4015 2.875317
4123 3.51627
4221 3.716041
4043 2.851786
4157 3.744155
2976 3.483437
3964 2.171354
3915 1.93953
3988 2.280977
4254 5.48552
4307 4.680414
4120 3.440364
4121 3.575733
4251 5.287558
3953 2.137348
3963 2.140882
4009 2.309746
4096 3.109069
4091 3.074723
3779 4.983086
3368 3.230752
3936 2.124978
2819 2.280579
4238 3.039414
4131 3.28108
4144 3.33594
4171 3.545776
3962 2.300517
3945 2.172416
2749 2.240074
3961 2.251612
4127 3.153716
3990 2.752948
3996 2.699472
4155 3.810519
4241 5.174989
4239 5.25814
4227 4.788345
3771 5.469065
4301 5.381767
4002 2.306124
4050 2.410092
3967 2.140759
4025 2.308718
4187 3.79765
3351 3.428103
4138 3.257847
4252 2.94471
4067 3.262743
3288 2.051134
4029 2.661873
3781 2.924949
3756 3.12026
4104 3.403442
4189 4.328897
4031 2.912359
4108 3.378988
4066 2.96573
3860 1.881357
3999 2.715846
4139 3.664907
4178 4.133655
3783 5.023977
4261 5.273278
3776 4.312297
3798 4.65176
4308 5.049754
3797 4.508209
4038 2.456335
3793 2.984859
4079 3.334672
4149 3.27294
3688 2.653719
4019 2.598489
3977 2.31757
3640 2.185357
4179 4.19743
3985 2.885836
3763 3.777591
3857 1.866932
3841 1.68026
3992 2.653544
4148 4.050294
4262 5.787248
3749 3.515066
4311 3.97255
2815 2.316706
2880 2.568769
2975 3.320006
3790 4.683213
3986 2.351063
2952 2.76203
3801 4.375216
3799 5.229466
4244 4.717745
4313 5.301415
3772 4.430424
3976 2.288305
4090 3.246011
3706 2.827902
3989 2.898325
3766 3.962672
4267 3.851752
4128 3.862404
4271 5.415613
2808 2.244619
2936 3.052517
2906 2.629557
4012 2.275818
4020 2.383322
2954 2.965151
4315 4.596675
3807 4.308066
3805 4.89422
3795 5.142626
3804 5.030868
3784 4.380967
4047 2.545972
3983 2.360827
3811 4.628198
4286 4.423358
4268 6.293788
3987 2.595726
3806 4.43257
4051 3.171371
4285 4.914984
3812 4.387248
2947 2.729066
3820 4.572867
3726 3.117435
4277 4.92779
4278 4.687808
4282 5.353776
4130 4.417259
3750 3.69218
4152 3.436733
4116 3.021731
4081 2.906983
4032 2.679611
3681 2.612527
3691 2.742731
3859 1.822592
4316 4.112328
4293 4.832463
4007 2.869011
4294 5.092014
3722 3.193929
4206 3.788174
4162 3.919866
4289 5.378116
4063 3.339482
3971 2.260639
3742 2.943431
3758 2.987827
3350 3.290868
3814 4.630437
4049 2.64748
4030 2.497879
4056 2.496449
3813 3.878996
4287 6.067293
4135 3.370912
4133 3.461759
4185 3.843161
3861 1.817279
4172 4.148402
3816 5.545476
4275 7.338928
4284 3.504949
4011 2.496198
4132 3.213142
3359 3.133396
3866 1.914727
4082 2.731625
3725 2.635304
3800 4.037501
4299 5.625201
4077 3.008772
3856 1.771942
4237 5.333078
4212 4.413533
3761 3.881936
4022 3.106872
4064 3.195164
3718 3.101305
3919 2.127119
3707 2.602459
4018 2.429986
4222 4.136694
3826 1.605718
4115 3.620013
3921 2.130948
4309 4.985381
4040 2.678894
4005 2.351063
3978 2.43724
3716 3.026202
3692 3.052915
3974 2.390185
3663 2.429872
3720 3.171371
4281 5.187284
3747 3.323862
4214 4.073902
4126 2.943431
3650 2.389686
3870 1.943544
3815 4.734335
