3
8.53e-05 5.91e-05 0.000151 1.22e-05 -7.15e-06 -5.54e-05 1 
72 1.541661
30 2.218274
10 2.071437
28 2.384539
15 1.599089
21 2.970416
8 1.936488
64 2.308857
26 2.312006
27 2.328405
16 2.032997
17 2.181573
25 1.513222
23 2.249154
35 1.718685
36 1.773068
37 1.73183
41 1.337149
42 1.355134
44 2.143793
45 2.268722
46 2.253571
47 2.402913
43 2.214031
52 1.788785
53 1.77117
40 2.015609
51 1.493669
55 1.828279
56 1.933166
33 1.313648
59 2.148988
60 2.281608
61 1.549789
2 1.731949
63 2.197469
74 1.975241
75 2.988
76 2.856477
34 2.743261
79 2.78297
78 2.855074
85 2.028866
99 2.16353
101 2.045825
82 2.340702
93 2.204535
91 3.091078
107 2.034006
124 2.729497
116 1.442706
117 1.345356
118 1.503176
114 2.233556
115 2.147762
110 1.580223
111 1.54707
105 2.19428
106 2.249805
125 1.266434
126 1.299189
127 1.865603
128 1.902337
122 2.379843
119 2.810886
131 1.715041
132 1.82998
133 1.752649
129 3.052377
94 2.758913
95 2.81583
141 2.114871
143 2.322958
144 2.395364
136 1.36149
137 1.490059
139 1.767473
146 1.321617
147 1.746839
148 1.773946
149 1.813482
150 1.996856
145 2.03048
151 2.199229
152 2.275074
153 2.203199
154 2.345101
155 2.284204
156 1.747267
157 2.033563
158 2.201771
159 2.225765
160 1.559259
3 2.041895
62 1.355942
243 2.272881
166 2.355033
167 2.322319
168 1.672341
170 1.284399
171 1.516437
172 1.249289
173 1.98528
174 2.893949
175 2.917312
195 3.019105
196 3.059782
182 2.095222
190 2.243221
199 2.238288
189 1.340977
186 1.581908
187 1.524388
191 2.018772
192 2.290383
193 1.391074
194 1.522407
198 1.874393
200 2.084842
201 2.10908
206 2.092527
207 2.106833
208 1.472243
203 1.758781
204 1.763934
210 1.832049
211 1.773059
222 1.687614
223 1.750464
142 2.265026
216 2.184323
219 2.936799
212 1.780416
213 1.798897
228 1.991632
221 1.351128
224 1.795757
229 1.719786
230 1.742198
231 1.999104
232 2.018325
233 2.355793
234 2.195164
235 2.22235
236 2.177708
238 2.20955
239 1.587841
240 1.710657
241 2.093905
245 2.210932
247 2.465559
249 2.286717
250 2.336191
251 2.296186
252 1.685408
253 1.724589
258 1.829868
185 2.747556
266 3.113286
178 2.803082
179 2.791984
81 3.145102
316 2.236815
273 1.402744
267 2.127283
268 2.077333
269 2.12043
270 2.186596
279 1.70137
280 1.797005
275 2.191095
281 2.091607
282 2.11531
283 2.385978
277 2.081412
278 2.018878
284 2.301188
285 1.759392
286 1.73245
287 1.329535
225 1.883113
289 1.785491
290 1.861051
297 1.692062
227 1.974289
299 2.008815
291 1.754439
292 2.166247
293 2.281022
294 2.514451
295 1.542069
296 1.563793
300 1.716045
301 1.726767
302 1.946798
303 2.044533
304 2.285302
308 2.258791
309 2.22854
305 2.293898
306 2.28652
307 2.268787
310 1.582619
311 1.535076
312 2.03413
314 1.322736
317 2.155325
319 2.623867
320 2.449971
321 2.468715
323 2.379619
325 1.305261
255 1.239912
327 1.437703
259 1.932738
330 2.903713
332 2.447122
333 3.088619
334 2.488241
262 3.003487
340 3.024919
342 2.068233
380 1.801364
346 2.23409
353 1.541386
354 1.574167
349 1.798171
347 2.241414
350 1.793582
351 1.807508
352 1.894455
363 2.128042
364 2.270051
365 2.379493
358 1.657761
298 1.934357
360 2.086286
355 1.734663
356 1.791196
357 1.938767
366 1.345806
361 1.810541
362 1.889032
367 1.752193
368 1.669165
369 2.039566
370 2.292718
371 2.286747
372 2.303842
373 2.262705
375 2.252407
376 2.282351
377 1.577302
378 1.572895
379 1.713585
381 2.105762
382 2.170269
383 1.304596
384 2.274072
386 2.374835
397 1.302599
329 2.037545
388 2.916092
389 2.478415
390 2.888414
391 2.824811
393 2.97451
394 2.953711
395 3.26088
396 2.619895
324 1.63346
448 1.762252
348 1.716273
407 1.892252
408 1.71591
409 1.913126
410 1.979592
411 2.244234
412 1.87048
414 1.79307
415 2.083794
413 2.327873
404 2.151898
405 2.344625
406 2.432164
416 1.820941
417 1.821097
420 1.460604
421 2.171978
423 1.762901
424 1.708239
425 2.049322
359 1.872783
427 2.352009
428 2.355213
429 1.606637
430 1.406593
432 1.709998
399 1.802369
433 2.069315
434 2.072596
435 2.188883
436 1.412366
437 1.606829
439 2.251941
440 2.246578
441 2.415793
442 2.313894
443 2.213204
445 2.014256
398 1.623957
447 1.452949
402 1.611829
449 2.872608
451 3.151612
452 2.986659
453 2.90117
454 3.122107
387 1.988984
457 1.583623
506 1.827479
459 2.268945
460 2.305988
465 1.705537
466 1.66747
467 2.076467
468 2.003329
461 1.455673
462 1.613817
463 1.589214
464 1.65995
469 1.821583
470 1.737162
471 1.98367
472 1.919564
477 2.305646
476 2.454295
478 1.64973
475 2.284331
479 3.035726
450 2.898936
483 2.342798
482 2.983179
485 1.715089
486 1.59324
489 1.554898
493 1.711429
491 2.047015
492 2.433861
494 1.692096
495 1.720644
496 1.409106
500 1.624001
502 2.307181
504 2.246386
505 2.308728
507 2.115407
508 1.79653
509 2.346286
474 2.969085
510 1.630524
446 1.65103
473 2.283088
547 2.038353
517 1.921195
518 1.976516
519 1.831226
520 2.318857
521 2.280501
522 2.232203
523 1.544905
524 1.550066
525 2.842429
528 2.283978
526 2.900183
527 1.60885
531 1.959723
532 2.33838
535 1.637118
533 2.29144
534 1.921035
536 1.684756
537 2.207425
538 1.601938
539 1.621825
541 1.745334
542 1.433892
546 1.51503
498 2.230902
499 2.104531
545 2.188004
548 2.165691
549 2.248091
511 1.68628
551 2.925483
9 1.806883
12 2.424344
80 2.88956
22 1.688585
38 2.250172
48 2.21692
183 2.272137
108 2.197001
135 2.244471
13 2.170938
226 1.94365
237 2.206295
331 2.770555
335 2.910896
343 1.733958
418 1.942409
419 1.348174
339 2.97451
458 1.474971
512 1.737797
540 1.728182
