309
-1.18 -0.595 -0.122 0.0106 0.838 0.319 0.443 
4164 3.887194
3739 3.500814
3773 5.471143
3788 5.359022
4235 4.577188
3771 4.856578
4305 4.67573
4118 3.597415
3789 4.949401
3856 1.715946
3731 2.933287
4098 3.419932
4091 2.941915
3354 3.353493
3368 3.181281
4015 2.806345
3715 3.475124
3860 1.831177
4234 4.539379
4117 3.625363
4253 5.117962
4009 2.12391
3519 1.713043
2749 2.156199
4022 2.980099
4120 3.473324
3919 2.08884
3707 2.435464
4168 3.410807
3328 2.632968
4163 3.981143
4188 4.167621
4150 3.860542
3980 2.180042
4018 2.336365
4127 2.940146
3743 3.80819
3755 3.853312
4016 2.890299
4108 3.379621
3846 1.601082
4043 2.813417
3990 2.759864
4115 3.555164
4147 3.948837
4224 5.929512
4157 3.665694
4227 4.544393
4301 4.941207
3151 1.723883
3776 4.052322
3794 4.970338
4062 3.0455
4238 2.920859
4131 3.177089
4029 2.52508
3334 2.207515
4165 3.814779
4191 4.015318
4178 4.192251
3312 2.573125
3697 2.793382
4169 3.477402
3710 3.411897
4121 3.609143
4262 5.833594
4139 3.707037
4137 3.659029
2819 2.139424
2976 3.205774
4025 2.138442
4092 2.633581
3775 4.527393
4241 5.401767
4254 5.25121
3798 4.395257
3772 4.330241
4067 3.357912
3781 2.730798
3749 3.350436
2959 3.324333
3706 2.685534
3976 2.164283
2880 2.472086
3699 2.861506
3763 3.799194
3713 3.377767
4179 3.821875
3841 1.630351
4073 2.863584
3857 1.851658
4271 5.06834
4155 3.750148
4311 4.029718
3969 2.170974
2975 3.255654
4024 2.147906
3756 2.967962
4264 4.874933
3795 5.201085
3783 5.327738
3726 3.120943
3982 2.388839
4085 2.961026
3956 2.17981
3978 2.343851
4079 3.254908
3716 3.025531
3766 4.074505
4207 4.045795
4210 3.75483
4081 2.91625
3858 1.837027
3992 2.695041
4268 6.010149
4141 3.873631
4267 3.979831
3790 4.467366
2906 2.405808
4315 4.970684
3805 5.469237
4272 4.554149
3800 4.364596
3675 2.427482
4287 6.122142
2952 2.646496
3807 4.507426
4286 4.141272
3806 4.490028
3720 3.175688
4217 3.757175
4128 3.688103
4282 5.373127
4083 3.409222
4183 3.660924
4278 5.040722
4285 4.271631
3987 2.586437
4277 4.978124
3804 5.104615
4090 3.242859
4173 4.485467
4195 3.279884
3820 4.440519
4116 2.77636
4156 4.046807
3681 2.591133
3812 4.710907
3813 4.310497
3862 1.873937
4294 5.518573
4296 4.831511
3861 1.792114
4162 4.173926
4189 4.507335
3758 2.880208
4293 4.960396
4289 5.188502
4281 4.84263
4219 4.302687
4202 4.181108
3350 3.341771
4206 4.072645
3814 4.431813
3691 2.529238
3983 2.336337
3811 4.284514
4056 2.367965
2955 2.720931
4275 5.881459
4133 3.718778
4159 3.827018
3784 4.102355
3859 1.852357
4007 2.625627
3816 4.915353
4130 4.094559
3371 3.165009
4177 4.333666
4284 3.426819
4317 5.012995
4011 2.266684
4047 2.363805
4299 4.724909
4145 3.640244
4300 6.699572
4208 4.042836
3828 1.571139
4167 3.977714
4028 3.251834
3822 1.521021
4103 2.645454
3826 1.560932
3999 2.759864
4148 3.896496
4149 3.197644
4154 3.373846
3842 1.611689
3827 1.593353
3745 3.46754
4093 2.777843
3959 2.106052
3801 4.33712
3835 1.669773
3362 3.44961
2954 2.733861
4185 3.933973
4059 2.923402
2958 3.45859
3730 2.803869
