31
-0.000151 0.000125 0.000526 -5.68e-05 0.00017 -4.05e-05 1 
80 2.907123
10 2.099383
78 2.813023
110 1.606972
65 2.161957
8 1.9275
86 2.176984
16 2.034362
23 2.242618
25 1.513171
33 1.309329
27 2.349847
35 1.721515
36 1.769565
37 1.731537
43 2.214499
34 2.722612
19 2.488644
45 2.277765
46 2.265526
40 2.035155
52 1.786282
53 1.769774
30 2.212396
51 1.489827
48 2.205155
59 2.148229
54 1.807718
55 1.829817
56 1.928142
2 1.729375
62 1.358947
63 2.159262
66 2.57603
67 2.39433
28 2.321529
74 1.977842
21 2.942455
75 2.988188
76 2.837302
101 2.03901
165 2.634511
72 1.521641
97 3.113564
85 2.0194
99 2.164258
100 2.142845
94 2.774299
95 2.816797
105 2.195993
15 1.596652
82 2.323353
107 2.031941
109 2.446386
117 1.352408
118 1.503591
93 2.20863
114 2.238148
122 2.346981
125 1.265236
126 1.297863
197 1.619148
127 1.876279
128 1.894224
129 3.035273
130 3.004399
131 1.725532
132 1.826227
133 1.747088
135 2.240921
123 2.838772
124 2.735776
137 1.487473
138 1.550478
139 1.764296
147 1.751071
149 1.816592
41 1.335842
141 2.196792
142 2.247489
143 2.312619
47 2.394162
151 2.202815
153 2.200487
156 1.743029
157 2.026376
154 2.337559
158 2.199723
159 2.22569
3 1.959014
13 2.166893
168 1.66259
169 1.73345
170 1.281369
172 1.245576
173 1.985692
174 2.889853
175 2.890406
77 2.80759
178 2.842854
179 2.760949
79 2.808549
184 2.733085
185 2.747113
182 2.089321
164 2.179438
186 1.580634
111 1.544799
189 1.340319
190 2.241593
193 1.390909
194 1.523078
195 3.011313
31 3.034554
191 2.026648
192 2.320777
200 2.082716
198 1.872153
202 2.206928
212 1.786101
213 1.78772
203 1.75651
204 1.762747
205 1.911805
208 1.471585
209 1.557134
206 2.084602
207 2.096288
210 1.828767
211 1.7682
222 1.683992
223 1.747661
146 1.328779
148 1.77572
225 1.872126
226 1.931706
215 2.267545
216 2.181825
144 2.393837
227 2.009294
228 1.989331
219 2.875581
229 1.754567
230 1.746209
231 1.99473
232 2.083451
235 2.217553
236 2.172019
238 2.199075
160 1.55938
240 1.779817
162 2.087873
249 2.270757
251 2.278694
252 1.684558
254 1.766289
255 1.260276
256 1.42407
259 2.038594
266 3.062576
262 2.994031
181 3.142708
201 2.075251
400 2.051142
314 1.322006
273 1.401833
269 2.117136
270 2.260548
275 2.186706
284 2.300102
279 1.708788
281 2.086902
282 2.103873
277 2.080138
288 1.880811
224 1.788522
290 1.851547
285 1.754312
221 1.359744
291 1.753845
295 1.53461
296 1.560755
292 2.161775
293 2.275378
294 2.504766
297 1.688673
298 1.967973
299 2.004782
300 1.711726
301 1.732545
302 1.947479
303 2.035567
304 2.288173
308 2.259474
309 2.224107
306 2.283387
239 1.588374
311 1.5301
312 2.029131
313 1.833108
316 2.234936
244 2.138198
317 2.153995
319 2.627728
247 2.445822
321 2.450858
322 2.212848
323 2.357859
324 1.627483
325 1.310008
327 1.429943
329 2.072667
260 2.88555
331 2.747671
332 2.551374
333 3.055934
334 2.466622
336 2.945695
390 2.882649
339 3.076602
340 3.027765
341 3.071512
346 2.228894
347 2.238576
380 1.79914
278 2.051799
343 1.73309
353 1.540537
354 1.571024
280 1.786718
349 1.788407
289 1.785617
363 2.122159
364 2.264556
365 2.365513
357 1.925342
350 1.79151
351 1.806721
352 1.891071
287 1.328952
358 1.651003
359 1.928095
360 2.072766
367 1.751626
368 1.710283
369 2.031048
372 2.303227
373 2.263038
370 2.288447
371 2.280097
307 2.279342
378 1.56381
379 1.711097
267 2.154778
382 2.173713
383 1.303027
384 2.274481
320 2.461886
387 2.045208
263 2.72969
391 2.791363
393 2.942746
395 3.238766
396 2.602179
398 1.623817
402 1.606972
448 1.759259
348 1.726418
407 1.889164
408 1.717445
416 1.811577
417 1.819426
418 1.937834
404 2.145671
406 2.429563
413 2.324461
421 2.169546
414 1.789497
426 2.004526
415 2.04737
495 1.719183
412 1.865945
366 1.346885
420 1.45784
423 1.756074
424 1.71603
342 2.037575
375 2.34977
428 2.354464
429 1.598903
432 1.706945
381 2.100467
435 2.172335
436 1.412405
437 1.601546
440 2.223892
441 2.390425
445 2.015283
446 1.648176
330 2.907688
451 3.123997
452 3.005253
454 3.114528
455 2.014966
447 1.450629
506 1.821554
411 2.248973
459 2.266449
460 2.303795
461 1.452648
462 1.612708
463 1.588161
464 1.654663
465 1.712795
466 1.673743
425 2.066931
468 1.998916
470 1.732625
410 1.974264
477 2.320725
473 2.26964
449 2.855645
478 1.648413
475 2.278489
453 2.877083
479 3.058243
485 1.716439
486 1.5999
482 2.986929
489 1.558182
483 2.312517
487 3.090837
493 1.733355
491 2.046138
492 2.439918
494 1.687079
496 1.40919
457 1.581702
433 2.020291
434 2.086932
498 2.048894
500 1.625471
502 2.305182
442 2.308803
507 2.109494
508 1.788592
509 2.338722
510 1.629406
511 1.680215
518 1.971269
512 1.744083
513 1.974831
472 1.964117
515 2.225229
523 1.545038
524 1.550218
528 2.257563
388 2.898197
525 2.831537
530 2.697904
531 1.95666
532 2.343841
533 2.249334
534 1.954462
536 1.683724
535 1.664881
538 1.599007
542 1.434683
546 1.512389
499 2.053753
549 2.243182
505 2.303315
521 2.277081
64 2.308735
6 2.265428
4 3.197201
22 1.692036
42 1.348479
12 2.429657
17 2.185573
155 2.284284
119 2.752943
187 1.524433
199 2.25209
268 2.18164
233 2.354401
234 2.190991
163 1.332963
253 1.673689
310 1.583529
243 2.255844
335 2.873993
361 1.81174
374 2.305453
362 1.910844
419 1.345579
385 2.283314
519 2.00488
409 1.819919
469 1.974831
471 1.918818
551 2.793332
443 2.460643
516 1.908632
474 2.895561
517 1.623724
527 1.740086
544 2.112961
