313
-1.14 -0.65 -0.122 -0.00188 0.839 0.315 0.443 
3773 5.38727
4164 3.879317
4123 3.571779
3739 3.35201
4237 4.993532
3789 4.646555
4234 4.649817
3855 1.701337
4305 4.667861
3779 4.832411
3731 2.971741
4232 4.88814
3768 3.784156
3761 3.865838
3715 3.346223
4204 3.877746
4117 3.860248
4235 4.304363
4251 5.284408
4223 5.388361
4307 4.625702
4303 4.506779
4009 2.136803
4227 4.467169
2749 2.134815
3919 2.056083
4191 4.137697
4150 3.950566
3368 3.197246
4168 3.412594
3328 2.589531
4018 2.302602
3743 3.56541
4186 3.741317
3857 1.845571
4147 3.826141
4139 3.816857
4137 3.972238
2819 2.103362
4241 4.95991
3771 5.024113
4254 5.485252
4187 4.002276
4309 4.641444
4310 5.058965
3794 4.656548
4062 3.271405
4104 3.319329
3718 2.943316
3351 3.382723
3961 2.169246
3697 2.830646
4131 3.131314
4171 3.337117
4029 2.535887
3707 2.48725
3312 2.616023
4052 2.606419
3980 2.177136
4163 3.842869
4188 4.047047
4140 3.801679
4178 4.010333
4143 3.061017
4203 3.37131
3985 2.8845
3765 3.771238
3763 3.928823
3990 2.860943
4253 5.459555
4224 5.712756
4155 3.86441
3969 2.160204
2976 3.198934
4024 2.118092
4261 5.49266
3798 4.556283
3797 4.384233
3745 3.340356
4079 3.326672
3750 3.387212
3334 2.173891
3755 3.757652
3710 3.313793
4179 3.881178
4121 3.44739
4271 5.275404
4262 5.777897
4148 3.948886
4149 3.252487
4311 4.045774
2815 2.19067
3790 4.463511
4025 2.115194
3799 4.865203
3783 5.249173
4313 4.888231
3772 4.313482
4014 2.479656
3793 2.850377
4093 2.842573
4125 3.395881
4266 3.330575
3706 2.653125
3681 2.490571
2959 3.312286
3978 2.298025
4090 3.224607
4189 4.526023
3989 2.87276
3692 2.999917
3766 3.825936
3713 3.177405
4210 3.834899
3992 2.548984
4128 3.798431
2975 3.281526
2955 2.678147
2880 2.400345
4264 4.6454
4315 4.849452
3805 5.22169
4272 5.102342
3795 4.703891
3804 4.848224
3801 4.140819
3800 4.267086
3982 2.368854
3983 2.458627
2952 2.530768
4287 6.591547
3807 4.563051
3806 4.379702
4269 5.897567
4282 5.285226
4081 2.898614
4162 3.928794
4135 3.472587
4130 3.792787
4281 4.869444
4278 5.214111
4285 4.360977
4277 5.091255
4173 4.371451
4152 3.329057
2906 2.35495
4116 2.831238
3820 4.475167
4027 2.40503
4101 2.940754
3812 4.801843
3784 3.878637
4007 2.695124
4133 3.684649
4172 4.394753
4159 3.846042
4294 4.807394
4296 4.183274
3758 2.828901
4289 5.141009
4013 3.084662
4293 4.678754
3371 3.272789
4206 3.781312
3814 4.512427
4284 3.325006
4317 5.327639
3673 2.351123
3691 2.615482
3767 2.945157
4316 4.65418
3725 2.372241
4268 6.244691
3816 5.199638
4122 3.3138
3350 3.08868
4177 3.785964
3742 2.728859
3815 4.141387
3813 4.04567
2947 2.841763
4275 6.655686
3859 1.816173
4208 3.945204
4072 2.998806
3774 4.783049
4028 3.157681
4092 2.62402
4301 4.947795
4304 5.065903
3860 1.798477
4180 3.896263
3788 5.282487
4067 3.319329
3945 2.082751
3962 2.103744
3781 2.794297
4120 3.442054
3999 2.876445
2954 2.603107
4308 4.769752
3959 2.172086
3854 1.824458
3785 4.185433
4041 2.479656
4211 4.047526
4201 4.089589
3747 3.395881
4112 2.940754
4051 3.025251
4295 4.514932
4141 3.9536
3861 1.776777
4299 4.436604
3686 2.694028
