34
-4.91e-05 1.01e-05 -0.000159 -1.41e-05 1.78e-05 -3.82e-05 1 
64 2.308532
26 2.308504
27 2.3218
8 1.931813
9 1.802183
75 2.842815
21 2.931734
15 1.598333
10 2.072966
12 2.41227
65 2.163154
109 2.504814
22 1.686452
33 1.311983
23 2.243291
16 2.026922
35 1.718126
36 1.772319
37 1.733207
25 1.512168
34 2.731053
43 2.220885
48 2.211897
52 1.787396
53 1.77076
30 2.194268
51 1.49218
41 1.349938
42 1.352698
40 2.016376
44 2.141313
45 2.27238
46 2.263873
47 2.405041
55 1.830202
56 1.935464
59 2.149023
61 1.544799
2 1.729676
63 2.233346
66 2.575067
71 1.775011
74 1.981124
78 2.828805
80 2.990024
166 2.336466
170 1.282052
97 3.105345
165 2.52045
93 2.207021
99 2.163369
100 2.116548
94 2.779132
95 2.816292
101 2.040451
110 1.583858
111 1.54583
107 2.027807
108 2.187867
105 2.193605
82 2.317064
83 2.266167
114 2.230668
115 2.138463
116 1.441592
117 1.351541
118 1.502244
125 1.267128
126 1.298278
119 2.826403
120 2.691972
129 3.033777
197 1.61781
128 1.906963
131 1.721157
132 1.828718
133 1.747908
135 2.244985
122 2.36211
142 2.24537
143 2.316992
144 2.39772
137 1.488734
138 1.547137
139 1.764903
147 1.747204
148 1.775527
149 1.815684
145 2.033373
146 1.320981
150 2.066925
151 2.197967
153 2.202259
154 2.342686
156 1.745685
157 2.030281
158 2.200789
159 2.226555
160 1.554682
162 2.04468
85 2.026538
13 2.168054
168 1.664343
72 1.531041
173 1.990451
174 2.886993
175 2.904842
178 2.858485
79 2.800042
28 2.280372
164 2.180473
182 2.090902
183 2.273493
186 1.578624
187 1.523087
195 3.012811
31 3.04177
189 1.340694
193 1.389217
194 1.522159
191 2.024463
192 2.320201
190 2.236203
200 2.090415
201 2.10076
203 1.757881
204 1.762646
205 1.911282
198 1.877092
206 2.089329
207 2.102329
208 1.47115
209 1.555398
212 1.78515
213 1.788184
210 1.830414
211 1.775168
202 2.20945
219 2.895358
215 2.261746
216 2.183697
221 1.350135
222 1.687831
223 1.747982
224 1.798407
225 1.873136
226 1.938083
227 2.008461
228 1.993853
229 1.756723
230 1.745867
231 1.996577
232 2.015092
233 2.356713
235 2.220545
236 2.174372
238 2.209419
239 1.588712
240 1.708117
242 1.330763
243 2.267444
247 2.469189
249 2.274613
251 2.279726
252 1.627404
253 1.677495
259 2.03844
185 2.74665
266 3.075536
262 2.780819
181 3.142872
273 1.40279
275 2.188004
269 2.117444
270 2.221306
281 2.087057
282 2.110651
283 2.385224
277 2.074667
278 2.02044
284 2.300844
285 1.755776
286 1.729091
279 1.706767
280 1.797297
343 1.726282
288 1.881298
289 1.78476
290 1.855289
291 1.756337
292 2.163971
293 2.272614
294 2.514608
287 1.328396
295 1.538858
296 1.561625
297 1.690327
298 1.972404
299 2.004409
300 1.711932
301 1.732319
303 2.040653
304 2.286221
308 2.259663
309 2.226416
306 2.284903
307 2.268722
310 1.601667
311 1.536705
312 2.030932
314 1.32211
316 2.217622
244 2.140706
319 2.61161
320 2.442309
321 2.464475
322 2.226454
323 2.366069
325 1.298694
329 1.93865
260 2.901062
331 2.76876
332 2.51403
333 3.058894
334 2.467677
336 2.971066
390 2.803925
338 3.120033
340 3.009663
341 3.079796
380 1.797925
347 2.240173
349 1.795065
353 1.540714
354 1.572517
355 1.732866
356 1.794878
357 1.931939
363 2.125754
364 2.26516
365 2.369501
361 1.812899
366 1.347074
350 1.794552
351 1.805063
352 1.893283
358 1.650368
359 1.929445
360 2.073982
367 1.749838
368 1.711752
369 2.033458
370 2.290644
371 2.283201
372 2.306103
373 2.262568
376 2.281768
379 1.713606
267 2.103329
382 2.165261
383 1.304186
384 2.257849
346 2.229546
386 2.37655
397 1.303413
387 2.049845
330 2.916526
389 2.478209
391 2.813619
264 3.066417
395 3.256603
324 1.628322
448 1.760465
407 1.890907
408 1.711666
410 1.976068
411 2.243971
404 2.14795
406 2.43448
412 1.866814
416 1.8194
417 1.821034
418 1.937801
413 2.32639
420 1.460129
421 2.170632
414 1.79129
426 2.006371
423 1.750177
424 1.717273
425 2.043565
428 2.353144
271 1.604896
432 1.709849
381 2.045074
434 2.085754
435 2.180688
436 1.412796
437 1.610411
440 2.224933
441 2.413624
442 2.30862
443 2.217565
445 2.011503
398 1.621796
402 1.610094
449 2.891694
451 3.137283
452 2.987943
453 2.88317
454 3.113431
455 2.011736
447 1.444662
459 2.267352
460 2.305175
461 1.454327
462 1.612623
463 1.586775
464 1.654284
466 1.673407
468 1.999553
470 1.736704
471 1.978395
472 1.914839
475 2.267306
473 2.278188
385 2.452635
478 1.648528
479 3.058468
477 2.304137
482 2.981638
483 2.325783
484 1.259164
485 1.714841
388 2.965719
493 1.723772
429 1.556566
491 2.045255
492 2.434673
494 1.691081
495 1.721349
496 1.406666
457 1.584376
499 2.037075
500 1.631015
502 2.306449
504 2.242548
505 2.306842
506 1.825201
507 2.11612
508 1.796476
509 2.342253
510 1.631683
446 1.648532
512 1.914863
520 2.318474
521 2.278105
522 2.228647
515 2.229021
518 1.962457
523 1.542167
524 1.54562
474 2.897341
525 2.824313
528 2.255523
531 1.95211
533 2.267686
534 1.919034
536 1.684673
489 1.602059
539 1.615659
542 1.431025
540 1.721483
544 2.12523
546 1.512248
549 2.24782
511 1.680399
551 2.956191
70 2.03479
76 2.860631
81 3.100354
106 2.247556
123 3.010523
155 2.282119
163 1.374905
214 2.031684
234 2.192233
241 2.092856
268 2.075446
302 1.946644
317 2.160784
328 1.544695
335 2.865945
392 3.066417
339 3.029025
400 2.045093
362 1.885633
409 1.913416
415 2.023455
450 2.598984
467 2.071491
469 1.822201
488 2.97436
514 2.049643
527 1.609868
532 2.347939
517 1.913168
541 1.744375
548 2.171761
