340
-1.09 -0.402 -0.0612 -0.0205 0.87 0.343 0.353 
3848 1.417425
3845 1.349672
4215 4.053327
4237 4.78458
4157 3.662803
4096 2.798918
4108 3.102463
3824 1.289015
4304 4.495795
4301 4.540174
4256 4.395374
3500 1.416357
3842 1.349452
4305 4.170139
3351 3.055307
4155 3.639433
4192 3.998494
4091 2.599376
3731 2.497387
4170 3.087018
4168 2.993073
3990 2.57315
3715 3.137817
3441 1.286941
4193 3.932416
4212 4.151166
4232 4.293984
4253 4.732024
3773 5.056121
4228 5.640319
4307 3.672405
3838 1.340857
2720 1.665954
2749 1.72055
3745 3.027261
4131 2.743834
3368 2.775746
4006 2.023352
4104 3.355586
3778 3.652873
3718 2.646946
4238 2.368449
4171 2.978764
3328 2.204969
4033 2.264363
3996 2.431968
3710 3.123569
3440 1.291523
3854 1.552798
3825 1.286467
4178 3.886848
4182 3.936202
4123 3.141315
3755 3.7016
3875 1.545285
4261 4.824814
3794 4.350456
4224 5.483393
4254 5.087781
3789 4.087789
3777 4.374179
4308 4.476966
3771 4.173851
4060 3.132783
3689 2.249811
3358 2.984345
4259 3.676064
4093 2.384056
4252 2.331122
4052 2.17823
3713 3.232136
3989 2.892472
3827 1.344276
4211 3.816272
4173 4.098772
3559 1.558811
3911 1.642586
3843 1.33631
3776 3.60042
2819 1.679921
3707 1.960479
4310 4.692432
4262 5.519465
3783 4.770114
4311 3.573795
3640 1.697938
3688 2.124118
3808 3.386421
4271 5.237142
3795 4.297187
4315 3.851336
4135 3.084929
4207 4.053159
3766 3.870527
3803 4.075071
3512 1.441931
3431 1.387407
4313 4.970118
3969 1.707961
4079 3.18201
3793 2.290862
4138 2.779927
4102 2.631953
4026 2.249971
3750 3.006726
4268 5.559321
4183 3.777218
3987 2.376582
4272 4.335174
4264 4.073696
3804 4.532073
3805 4.224415
4051 2.662247
3954 1.679386
4067 3.113422
3362 3.164428
4149 2.864655
4146 2.465985
3767 2.281506
3978 1.908046
3944 1.727748
4130 3.786438
4185 3.68014
4078 2.584079
3703 3.246937
4281 4.622331
4277 4.094752
3837 1.361219
4145 4.515399
3359 2.948011
3735 2.534499
2936 2.23062
3546 1.428879
3663 2.032831
3956 1.80003
3983 2.04324
4294 4.446928
4275 5.591579
3858 1.54118
4007 2.402442
4208 3.544351
4011 1.861605
3705 2.631611
4206 3.384853
3371 2.780623
4266 3.09512
3851 1.4322
3974 1.985241
3671 1.917639
4282 4.881505
4289 4.819407
4287 5.455684
4172 3.969215
4072 2.662649
4074 2.622237
4098 3.209109
3909 1.67302
4194 4.162416
4186 3.364136
4241 4.57406
3519 1.424097
4201 4.005605
3699 2.481718
4148 3.710963
4085 2.610012
3802 3.754524
3959 1.730769
3814 3.734584
