347
-1.14 -0.473 0.0565 -0.0137 0.863 0.349 0.365 
4662 6.291317
4671 4.972259
4513 2.585926
3788 4.908698
4542 3.045878
3368 2.662439
4418 1.958313
4215 3.910317
4389 1.724869
4384 1.709786
4405 1.84552
4616 3.508396
4640 3.815354
4491 2.473942
4423 1.967053
4455 2.149645
4610 3.405328
4547 3.005059
4538 2.857102
4397 1.790784
4425 1.959894
4456 2.201242
4545 2.935437
4341 0.910364
4015 2.657511
4440 2.228749
4646 3.738626
4665 6.208509
3773 4.932807
4301 4.457238
4304 4.493466
4707 4.564577
4617 3.615111
4613 3.51262
4634 3.663042
4305 4.099906
4694 4.566735
4505 2.511982
4232 4.444467
4390 1.665208
4424 1.96139
4556 3.059314
4567 3.24973
4486 2.33523
4524 2.805674
4557 3.027252
3731 2.484899
4500 2.541491
4534 2.872399
4168 2.951523
4599 3.511555
4457 2.169198
4337 0.807147
4329 0.801597
4551 2.982692
4123 3.170615
4504 2.519503
4098 3.20001
3828 1.256274
4670 3.839317
4645 3.725441
4654 3.954487
4212 4.215204
4357 1.258047
4224 5.238138
4223 4.773022
4228 5.265424
4618 3.540102
3777 4.384932
3820 3.65612
4708 4.319125
3789 3.789494
4251 4.612871
4578 3.246024
3938 1.677484
3961 1.682202
4398 1.807051
4413 1.97554
4469 2.27168
4479 2.364181
4512 2.525792
4191 3.781622
4178 3.694952
3351 2.981123
4622 3.581464
4507 2.600232
4490 2.417862
4499 2.611232
4485 2.345485
4517 2.652276
4171 2.946783
4601 3.64543
4420 1.989223
4445 2.179267
4419 1.938658
3999 2.453064
4108 3.087434
3985 2.70912
3827 1.24854
4649 3.805771
4641 3.637359
4676 3.887252
4194 4.032886
4631 3.717457
4532 2.844521
4611 3.561778
4229 4.711374
4696 5.386845
4697 5.598858
4307 3.726249
4603 3.551891
4653 3.662363
3779 4.184924
4252 2.245939
4554 3.092407
4549 2.989949
4311 3.52261
4621 3.660322
4029 2.106816
4439 2.125417
4482 2.338281
4523 2.856102
4415 1.924075
3328 2.181484
4344 0.905407
4338 0.803766
4502 2.415949
3710 3.174385
4079 3.121861
4658 4.034679
4624 3.585222
4211 3.809678
4189 3.835827
3763 3.698948
4124 2.584104
4260 3.61889
3776 3.49523
3707 1.892084
3959 1.703133
4709 4.690946
4682 5.164332
4700 5.039929
4642 3.904535
4052 2.06769
4475 2.2778
4706 4.066793
4498 2.433929
3713 3.012346
4683 4.697747
4210 3.662119
4346 0.926633
4639 3.63623
4262 5.700516
4279 4.94527
4271 4.628798
3783 4.797118
3843 1.257976
4075 2.473172
4656 3.991144
4612 3.632275
4261 4.796773
4313 4.459276
4681 4.288394
4411 1.959993
4481 2.282963
4572 3.193389
4102 2.470654
4553 3.104261
3362 2.88286
4026 2.140481
4412 1.893502
4317 3.989989
4328 0.781166
4268 5.386901
4693 4.165071
4508 2.397269
4347 0.927889
3795 3.90503
4378 1.64472
3996 2.308939
4264 4.004308
4081 2.552652
4217 3.586713
4183 4.283246
3805 4.135288
4651 3.942965
4609 3.541848
4162 3.91619
4684 3.965034
4581 3.132302
3749 2.829041
4495 2.489944
3803 3.755185
4562 3.109849
3722 2.689279
4122 2.871157
3750 2.866991
3312 2.182612
4185 3.614511
4374 1.656937
4272 4.391537
4278 4.356934
3992 2.360238
4283 4.953587
4130 3.833167
4051 2.718974
4573 3.454597
4219 4.137381
4619 3.591325
4635 3.623188
4406 1.852859
3767 2.380755
4558 3.103021
4555 3.114293
4541 2.841459
4565 3.053965
3691 2.129556
3745 2.823482
3978 1.901561
4275 5.820421
4007 2.610858
4343 0.924087
4361 1.464502
4531 2.450216
4590 3.448723
4582 3.447875
4561 3.221927
4409 1.816959
4451 2.243243
4443 2.334978
4501 2.472689
4563 3.04538
3359 2.831662
4552 2.786903
3371 2.896504
4519 2.763469
4530 2.533111
3814 3.518335
3983 1.915029
4082 2.240496
4289 4.593387
4287 6.122619
4480 2.494679
4345 0.892752
4028 2.800258
4535 2.797486
4193 3.727326
4155 3.56397
4386 1.638389
4392 1.715386
4518 2.65873
4022 2.960992
4154 2.981123
4417 1.940812
4110 2.717656
4604 3.491482
4111 2.66481
4497 2.439853
4476 2.327305
4395 1.677484
4201 3.818472
4509 2.602578
3431 1.245105
4139 3.496518
4493 2.556817
4310 4.690946
3793 2.226474
4040 2.132663
4660 3.896046
3799 4.146298
4340 0.882838
4315 3.900901
3716 2.718974
3804 4.55189
4148 3.619762
4090 3.115838
4584 3.541425
4422 1.949033
4280 4.813925
4281 5.035758
4049 2.240496
3987 2.181103
4473 2.334978
3350 3.01433
4175 2.896504
4466 2.244337
