355
-1.22 -0.522 0.213 0.000622 0.87 0.34 0.358 
4640 3.712543
3739 3.060975
4664 3.750909
4657 3.591571
4630 3.497056
4610 3.27072
4535 2.620678
4548 2.77911
4646 3.85213
4662 6.178478
4224 5.461246
4504 2.318974
4253 4.538821
4237 4.518714
4547 2.841556
4666 4.506533
4707 4.484326
4232 4.222068
4305 4.010374
3777 4.125426
4518 2.482426
4513 2.419613
4537 2.643601
4655 3.513595
4251 4.443517
4455 1.988736
4538 2.654583
4456 2.028282
4488 2.220164
4545 2.789151
3715 3.03097
4665 6.056548
4676 3.837055
3768 2.986994
4074 2.285948
4596 3.34051
4696 5.167766
3773 4.898375
4671 4.617946
4458 2.032718
3368 2.478235
4505 2.387033
4110 2.492089
4256 4.243353
3778 3.419105
4506 2.432929
4472 2.12573
4534 2.659946
4479 2.211182
4500 2.405959
4544 2.741802
4108 2.85046
4578 3.08721
4497 2.317474
4139 3.365802
4670 3.774657
4131 2.502474
4604 3.281084
3792 4.426651
4697 5.029965
4235 3.586624
4679 3.962907
4307 3.707213
4301 4.206721
4708 3.999933
3789 3.963941
4016 2.480437
4062 2.843515
4168 2.757968
4439 1.94433
4447 1.982567
4111 2.551047
3351 2.882778
3358 2.854225
4512 2.44102
4481 2.039892
4238 2.093292
4503 2.358301
4532 2.684957
4492 2.208571
4509 2.468661
3713 2.949897
4179 3.746049
4210 3.40806
4574 3.074235
3999 2.376611
4648 3.514161
4128 3.627248
4680 3.765991
3765 3.265009
4631 3.521713
4556 2.890063
3779 3.925586
3776 3.407379
4229 4.56087
3794 4.025837
4262 5.387012
4682 4.637673
4261 4.503521
4709 4.46346
4228 5.733202
4642 3.805979
4308 4.080903
3745 2.770502
4444 2.075259
4067 2.959932
4502 2.263938
4157 3.424035
4686 3.580439
4600 3.394669
4601 3.480548
3763 3.348585
4138 2.473652
4553 2.860625
4706 3.947216
4611 3.265534
4523 2.681646
4468 2.050759
4493 2.319356
4239 4.650464
4268 5.136265
4271 4.462705
4700 5.391212
3795 4.018281
4280 4.704202
4217 3.238584
4647 3.83854
4498 2.420065
4135 3.005397
4272 3.873168
4562 2.827129
4073 2.39942
4081 2.385724
4264 4.239188
4313 4.516965
4462 2.074426
3803 3.790521
4079 2.924148
4572 3.039579
4311 3.538088
4495 2.327307
4052 1.877689
4152 2.621897
4133 3.100147
4185 3.326094
4275 5.455343
3805 4.622447
4051 2.482414
4282 3.888932
4283 4.358258
4281 4.057449
4278 4.081868
4471 2.046308
4565 2.862767
3802 3.306455
4609 3.375892
4090 2.937296
4063 3.116803
4627 3.280059
4260 3.305462
3362 2.72345
4267 3.542792
4614 3.486361
4475 2.176621
4473 2.149649
4315 3.52735
4289 4.606901
4290 4.598965
4293 4.646376
3786 3.119877
3808 3.233344
4541 2.639545
4183 4.053829
4619 3.468398
3359 2.733537
3814 3.734979
4141 3.218604
4049 1.864799
4451 2.013845
4501 2.258479
4287 5.252809
3692 2.466853
4588 3.282919
4616 3.38692
4015 2.49397
4440 2.02235
4539 2.739089
4653 3.48138
4622 3.370825
4418 1.774441
4424 1.796951
4557 2.852345
4123 2.977549
4096 2.568918
4510 2.500094
4178 3.721811
4617 3.641139
4423 1.779597
4419 1.744345
4485 2.208571
3743 3.031631
4107 2.520078
4186 3.058989
3771 4.123392
4633 3.546638
4171 2.75526
4460 2.03909
4420 1.725323
4445 2.017652
4496 2.192541
4310 4.46346
4515 2.51455
4252 2.099139
3750 2.869017
3783 4.584044
3799 4.148602
3712 2.541683
4075 2.383713
4612 3.54484
4317 4.065174
4573 3.433403
3804 4.884991
4581 3.008507
4615 3.416345
4285 3.785957
4130 4.205887
4563 2.665365
4592 3.556805
4555 2.984149
4550 2.751505
3371 2.682505
4449 2.215559
4296 4.077497
4159 3.286218
