366
-1.33 -0.486 0.34 0.0206 0.88 0.354 0.315 
4064 2.722024
4662 6.205908
4190 3.54717
4513 2.37402
4616 3.441827
4212 3.739802
4666 4.127785
4066 2.261355
4610 2.863426
4596 3.061832
4223 4.340148
4537 2.498053
4220 3.697816
4545 2.488338
4194 3.743083
3739 2.900939
3768 2.872418
4474 1.83298
4646 3.466529
4224 4.910034
4671 4.578055
4604 2.898023
4613 3.423811
4677 4.23233
4230 3.938355
4304 4.16589
4256 3.823885
4107 2.310216
4110 2.285126
3354 2.553254
4638 3.125535
4488 1.886577
4500 2.101692
4578 2.918608
3743 2.840325
4186 2.923364
4239 4.006909
4253 4.232274
4672 4.017574
4676 3.495661
4696 5.033175
4700 4.78066
3773 4.556905
4680 3.555663
4305 3.583142
4232 3.838242
4708 3.73051
3788 4.350757
4301 3.84506
4144 2.368686
4611 2.89456
4251 3.970375
4503 2.088137
4625 3.004853
4191 3.503393
4178 3.63623
4091 2.137444
4096 2.337841
4170 2.524067
4168 2.488312
4540 2.373418
4529 2.488384
3715 2.839509
4067 2.842547
4497 2.197967
4649 3.770939
4648 3.441163
4624 3.436117
3765 2.884988
4631 3.179129
4072 2.203561
4653 3.084391
4249 3.87258
4681 4.113432
4261 4.462502
4679 3.643006
3777 3.912278
3789 3.372607
3791 3.906145
3718 2.164341
4111 2.239179
3985 2.348238
3731 1.905944
3358 2.495262
4521 2.302552
4171 2.481178
4686 3.566439
4268 4.976089
4580 3.167288
3999 2.174806
3783 4.4592
4560 2.648632
4210 3.273308
4309 3.69522
4058 2.271502
4189 3.661855
4509 2.299065
4682 4.414874
4308 3.951796
4310 4.109868
4633 3.358039
4138 2.242101
4262 5.0398
4639 3.82491
4007 2.190581
4569 2.890539
3763 2.841307
3766 3.113045
3712 2.401693
3795 3.768029
3794 3.670571
3805 3.675409
4685 2.60031
3713 2.687861
4173 3.785945
4550 2.479264
4313 4.002546
4683 3.908968
4651 3.746621
4452 1.944464
4462 1.886253
4146 2.002029
4601 3.117224
4572 2.947864
4085 2.088609
4490 1.972724
3716 2.504818
4075 2.060033
4264 3.531613
4619 3.587484
4279 4.565898
4280 4.023809
4272 3.630333
4159 3.221933
4471 1.905089
4621 3.149546
3803 3.099902
3804 4.245919
3989 2.379901
4090 2.792572
4581 2.980931
4131 2.171904
4219 3.648679
3362 2.467714
4275 5.442048
4573 2.951462
4282 4.056619
4693 4.0762
3692 2.222016
4311 3.110156
4635 3.518004
4494 2.071117
4281 4.229394
4185 3.140303
4555 2.713784
4558 2.771372
4576 3.568393
4152 2.303443
3371 2.400242
4293 4.238301
4294 3.397214
4287 5.248507
4640 3.766614
4215 3.506962
4709 4.127232
4606 3.254996
4457 1.816709
4634 3.266028
4157 3.261854
4551 2.812878
4098 2.86111
4641 3.285867
4602 3.093132
4074 2.155994
4557 2.562931
4695 2.100654
4600 3.079548
3771 3.663799
3992 1.977468
4678 3.136849
3799 3.774745
3749 2.164643
4615 2.976
4208 3.016722
4051 2.504818
4595 3.247827
4133 2.686453
4063 2.871242
