370
-1.33 -0.47 0.368 0.0193 0.884 0.36 0.296 
4597 2.925761
4548 2.665679
4662 6.153484
4649 3.672537
4220 3.521587
4657 3.598833
4015 2.252045
4215 3.398446
4616 3.43717
4665 5.728537
4646 3.508922
4680 3.431715
4677 4.177763
4224 4.678377
4640 3.695378
4301 3.74705
4613 3.459836
4606 3.220869
4634 3.450103
4212 3.573746
3739 2.718757
4520 2.257927
4676 3.48544
4671 4.288388
4707 3.768595
4060 2.729084
4232 3.66162
3788 4.121061
4223 4.178826
3777 3.819547
4600 2.955955
4610 2.750921
4110 2.209125
4168 2.407326
4191 3.270301
3368 2.070022
3992 1.867085
4066 2.178561
4596 2.806671
4696 4.849886
4229 4.168517
4253 4.141862
4697 4.8088
4654 3.393253
4305 3.42431
4666 4.021892
4230 3.902268
4545 2.364834
4604 2.748429
4625 2.961252
4695 1.947929
4091 2.029531
3778 2.999106
4201 3.379141
4178 3.517578
4529 2.549978
3715 2.652544
4629 3.261245
4104 2.781188
4648 3.510373
4641 3.556195
4186 2.921634
4631 2.983962
4107 2.216671
4594 2.868695
4249 3.558785
4239 4.270185
3783 4.238907
4261 4.564955
4679 3.469806
4251 3.699397
3358 2.395384
4601 2.984544
4490 1.909048
4138 2.109036
4560 2.575713
4090 2.781188
4497 2.171554
4624 3.168081
4194 3.587746
3763 2.813619
4119 2.182523
4611 2.930429
4260 3.014245
4702 3.47364
3794 3.641878
4308 3.910217
4579 2.758668
4633 3.231168
4554 2.362675
3362 2.390873
4171 2.362931
4686 3.613921
3999 2.051987
3710 2.623643
4262 5.095866
4269 4.819607
4271 3.838312
4626 3.239981
4452 1.872756
3722 2.276863
4572 2.816865
4272 3.715262
4159 3.213156
4587 2.93221
4217 2.818656
4267 3.158659
4135 2.931312
4268 5.389823
4462 1.751622
4283 3.939393
4621 3.099921
4651 3.643708
4619 3.379133
4183 3.194566
4581 3.000009
4131 2.137374
4085 2.088181
4264 3.446627
4519 2.285608
4293 4.047615
3805 4.151556
4133 2.731535
4311 3.053372
4555 2.618056
4558 2.795367
4130 3.180495
4615 2.909154
4152 2.187706
3371 2.627414
4282 3.399994
4294 3.441245
4275 5.012235
4185 3.15231
3773 4.367741
4236 4.467614
4672 4.097632
4108 2.477329
4221 3.426943
3771 3.656601
4658 3.75047
3768 2.907128
4670 3.480016
4708 3.625054
3792 4.213015
4639 3.511268
4540 2.236111
3743 2.733971
4096 2.203312
4241 3.779596
4189 3.815038
3765 2.74561
4586 3.14918
4681 3.926116
4549 2.436316
4280 4.009258
3766 3.32989
4067 2.781188
3703 2.582225
4081 2.069869
3803 3.015728
4530 1.997752
4290 4.233712
