398
-0.471 -0.885 1.43 0.000631 0.787 0.297 0.541 
5039 2.648874
5062 3.947049
5049 3.859735
5097 3.879116
5124 3.802996
5078 3.699349
5046 3.724761
4955 2.604594
4947 2.198041
5016 3.526041
3779 3.838594
4603 3.399532
5079 3.564237
4948 2.557547
4303 3.491199
5113 3.739909
4875 2.304191
4941 2.725597
5216 4.226246
4301 3.902055
4666 3.614029
5116 3.714924
5069 3.751743
4232 3.556364
4223 4.086108
3777 3.781559
4251 3.563638
4707 3.617877
4954 2.511225
4797 1.748995
4534 2.412917
4849 2.179583
4998 2.431908
4215 2.41772
5020 2.629933
4696 4.228272
4237 3.687029
5218 4.023789
4671 3.846155
4305 3.60867
3789 3.687722
4307 3.548261
3392 3.562473
4882 2.305375
4883 2.301404
4805 1.738241
4521 1.998676
5011 2.481304
4123 1.907236
3773 4.098557
4808 1.736666
3351 2.032344
4646 2.604849
4155 2.0989
4229 3.689889
4672 3.577705
5095 3.467172
4224 4.182857
4253 3.717387
5219 3.699445
4596 2.982709
4706 3.899288
4642 3.535674
4246 3.34806
4679 3.599337
4308 4.016973
3784 3.302193
4618 3.436218
4191 2.327376
4664 2.366119
4846 2.173036
4518 1.893824
4124 1.796013
4938 2.689219
4958 2.97795
4604 2.92922
3368 1.875757
5025 2.774071
3783 3.887069
3765 2.381312
4597 2.294783
4676 2.435636
4239 3.753663
3794 3.699341
4261 3.817506
4854 2.155947
4647 3.468133
4702 3.713509
3799 3.851907
5044 3.771719
3798 3.22513
4562 2.707597
4138 1.914453
4633 2.95038
4599 2.797035
4961 1.980416
4644 2.145105
5185 2.328861
4999 2.517475
3795 3.639028
4996 2.423259
4907 2.286251
4682 4.141507
4661 2.462643
4286 3.297321
3801 3.34021
4982 2.141021
4264 3.723506
5034 3.612581
5221 3.737602
5033 3.572104
4565 2.641435
3790 3.584293
4843 2.034353
4152 1.917414
4680 2.526275
4964 1.890369
4211 2.360533
3739 1.996364
4916 2.144935
4586 2.375816
3763 2.451827
4693 3.829095
4552 2.033234
4201 2.381078
4262 4.236911
4271 3.872551
3807 3.31843
4315 3.757292
4980 2.169258
4272 3.601525
5220 3.731366
3805 3.653647
4283 3.9469
5121 3.716428
4313 3.753806
3802 3.261939
4563 2.593805
4621 2.948601
4686 2.442959
4219 2.432956
4210 2.309788
4629 2.267221
5191 2.521065
4275 4.32283
4280 3.738929
4963 2.564231
3743 2.111668
4583 2.351555
4316 3.370308
3813 3.126014
3812 3.453108
3804 4.012014
4317 3.998112
4615 2.884847
4610 2.907941
4925 2.858922
4847 2.086184
5027 2.438587
5063 3.577044
5146 3.38257
4835 2.106355
5052 2.702381
4526 2.371677
4524 2.329486
5001 2.337085
3788 4.019421
3791 3.763345
4594 2.937436
5210 2.478702
4600 2.524446
4107 1.732098
4800 1.751593
4913 2.97795
4171 2.166118
4973 2.429108
4894 1.871011
4157 2.083672
4310 3.807359
4309 3.771719
4932 1.984116
4971 2.18884
5000 2.396241
5105 2.476418
3820 3.617918
4495 1.895466
4595 2.914046
4806 1.966804
5050 2.619454
4569 2.135397
4268 4.633895
4803 1.995961
