404
-0.185 -0.951 1.59 0.0167 0.751 0.273 0.602 
5658 3.773568
5632 3.718179
5668 3.554713
5603 3.530243
5683 3.861822
5046 3.761091
5483 2.665823
5617 3.390797
5611 3.917025
5589 3.606805
5704 3.717818
5705 3.74096
5626 3.498762
5592 3.481872
5606 3.526318
5609 3.536669
5392 2.005213
5113 3.720074
5714 3.586721
5099 3.775074
5585 3.389318
5494 2.566562
5078 3.574316
5639 3.590216
5364 2.326093
5276 1.898435
5710 3.957797
5566 3.325361
5217 3.581836
5733 3.670048
5687 3.573885
5792 3.700152
3789 3.599461
5591 3.551207
5746 3.670005
5055 3.588164
5709 3.597761
5432 2.090637
5388 2.034981
5772 3.751788
5613 3.637991
5633 3.705978
5638 3.575843
5607 3.405531
5602 3.452971
5283 2.002721
5698 3.724443
5662 3.523785
4232 3.593824
5049 3.825069
5120 3.718919
4837 1.851627
5299 1.874469
5235 1.81584
5016 3.492605
4941 2.595212
5380 2.362634
5556 3.093805
5434 2.127125
5216 3.856303
5297 1.879148
5337 1.99488
5372 2.083871
5450 2.274979
5749 3.915008
3779 4.083057
5430 2.328082
5588 3.660996
5682 3.968475
5618 3.641734
5595 3.561516
5653 3.802098
5630 3.654761
5641 3.485053
4671 4.012311
5759 3.626092
4307 3.759956
4251 3.597497
5580 3.401878
5774 3.855176
5615 3.592097
5608 3.370413
4305 3.516105
5160 3.646797
4230 3.777518
5095 3.671507
5504 2.53307
5280 1.947291
5339 2.159672
4875 2.244394
5149 2.679364
5512 2.746791
5541 2.957188
5386 2.339051
3368 1.865951
5293 1.980965
5295 2.039492
5039 2.371086
5446 2.151078
5307 1.885578
5722 3.554584
5476 2.239457
5675 3.550653
5044 3.611451
5571 3.4048
5695 3.818003
5282 1.984722
5436 2.335183
5718 3.904389
2976 2.2656
5583 3.594174
5703 3.869034
5116 3.786694
5688 3.365232
3788 4.009247
5621 3.574072
4904 2.728198
5684 3.829548
4303 3.570394
5619 3.513547
5647 3.63357
4642 3.574536
5127 3.796392
5389 2.345963
5348 2.248297
5086 3.427399
5412 2.252336
4883 2.231711
5511 2.724675
5298 1.953886
5552 2.929042
5558 3.052333
4534 2.503801
5332 2.117249
5052 2.479728
4597 2.081743
4998 2.147476
5211 2.855884
5773 4.131936
4900 1.997621
4969 2.328143
4253 3.537969
4224 4.033124
5466 2.193072
4237 3.522061
4709 3.699785
4706 3.948489
5664 4.004308
5654 3.813722
4308 3.959524
5620 3.492209
5411 2.357753
5318 1.955819
4261 3.947595
4310 3.830847
5262 1.933588
5418 2.239393
5508 2.572792
5515 2.785177
5314 1.962508
4825 2.001345
4958 3.01707
4596 2.929392
5279 1.917439
5286 2.067417
4507 2.181273
5415 2.446382
5469 2.631785
4835 2.037361
5011 2.134129
4949 2.859823
4697 3.896244
3773 3.753447
5344 1.986378
3768 2.100532
5798 3.68279
4696 3.962712
4646 2.225885
5628 3.480756
4241 3.71891
5219 3.925532
5732 3.756879
3799 3.787005
5629 3.952757
5321 2.0622
5336 2.217805
4246 3.601418
5788 3.608259
5567 3.548153
4313 3.614412
5220 3.767988
5520 2.579073
4562 2.701567
5357 2.157393
4633 2.976093
4604 2.932528
5537 2.80405
5438 2.403656
5475 2.650195
4268 3.9846
5559 3.390266
4682 3.399565
4263 3.634428
4186 2.074428
5533 2.697023
4645 2.149988
5576 3.506237
3795 3.7369
4228 3.928017
3783 3.751797
5459 2.384624
5214 3.672366
5586 3.474801
4681 3.320712
5471 2.389075
5549 2.897207
3786 3.19493
5659 3.787704
5040 3.978097
5690 3.808486
5426 2.477998
5378 1.93815
4260 2.82334
5535 2.596628
5420 2.360598
5484 2.636043
5460 2.734399
4999 2.200407
4631 2.150112
3765 2.038104
4262 4.042763
5200 3.796401
5186 4.008592
4271 3.856009
5741 3.79463
5713 3.74403
4283 3.673844
5748 4.233107
4996 2.115258
5025 2.358738
5536 2.709283
3805 3.334162
4647 3.483158
5597 3.509518
5525 2.989036
4257 3.033767
5800 3.742896
3790 3.820958
5557 3.357739
4693 4.164536
4602 2.407959
5640 3.518193
4272 3.783828
5369 2.11576
4549 2.150065
4599 2.815547
5526 2.664647
5443 2.352757
5500 2.783078
5530 2.593574
5531 2.782072
4290 3.680658
3820 3.898092
3763 2.321048
4907 2.050384
4289 4.062169
4276 3.425769
4315 3.002103
5563 3.318073
3807 3.596323
5569 2.957266
4317 4.074489
3804 3.530084
5560 3.080546
4911 2.171326
5472 2.431189
4905 2.597612
5360 2.539775
4316 3.535749
4275 4.431125
4586 2.147077
5505 2.699286
5712 3.585582
5261 1.868648
5144 3.616951
5492 2.643334
5349 2.271961
5335 2.162241
5744 3.787005
5529 2.625614
5554 3.014903
5272 1.940965
5547 3.040197
5375 2.078981
4618 3.412301
4707 3.608255
5414 2.242426
5513 2.630052
5428 2.418603
5387 2.000965
5514 2.609144
3777 3.849305
4679 3.608172
5302 1.999472
5532 2.898293
5553 3.120723
5409 2.240323
5451 2.5794
5132 3.857118
4866 2.681369
5738 3.80271
5340 2.147223
4309 3.654004
5478 2.622863
5033 3.834815
5495 2.758293
4833 2.048271
5274 1.960458
4973 2.332987
5649 3.993784
5328 2.050556
4680 2.200648
5111 4.070448
5518 2.740024
4686 2.331088
3750 1.923608
4802 2.091632
5185 2.124701
5496 2.704525
4295 3.647628
5465 2.431189
5424 2.339926
