405
-0.138 -0.969 1.61 0.0171 0.744 0.27 0.61 
5609 3.522038
5297 1.860385
5683 3.968696
5639 3.612199
5662 3.479614
5593 3.53883
5606 3.456545
5505 2.699982
5712 3.501752
5668 3.436869
5633 3.674558
5636 3.616289
5589 3.517665
5709 3.608156
5113 3.792641
5714 3.587262
5046 3.755827
5698 3.687878
5483 2.679586
5124 3.691034
5103 3.684234
5705 3.692736
5235 1.824828
5548 3.073236
5603 3.393986
5078 3.534066
5613 3.457832
5276 1.902948
4925 2.759544
5595 3.556859
5658 3.865281
5588 3.421207
5217 3.565872
5733 3.567412
5216 4.041139
5434 2.112315
3789 3.594869
5746 3.627608
5144 3.631654
5476 2.185482
5602 3.416196
5792 3.715689
5566 3.27026
5492 2.655052
5638 3.524477
5335 2.138198
5615 3.461949
5744 3.68522
5120 3.570357
4232 3.635607
5016 3.612448
4847 2.026823
5529 2.626211
5541 2.916759
5554 2.999797
5272 1.876919
5607 3.496323
5364 2.352619
5547 3.026067
5375 2.026658
5307 1.902535
5337 1.940946
5372 2.072944
5450 2.257801
4618 3.498903
5583 3.507087
5653 3.793924
5641 3.582269
4671 3.817451
5127 3.694474
4303 3.620881
5348 2.265507
5688 3.510397
5339 2.19444
4251 3.390673
4707 3.756744
5774 3.738448
5044 3.62008
5608 3.496082
5772 3.64064
4230 3.812361
5414 2.229933
4875 2.23081
5513 2.612005
5149 2.648114
5571 3.297034
4305 3.633789
5512 2.735502
5556 3.041617
5312 1.970359
5428 2.422391
5380 2.373634
5446 2.100518
5771 3.88781
4948 2.428455
5722 3.546954
5695 3.900436
5682 3.992085
4603 3.581631
3777 3.782397
5703 3.698761
5620 3.546025
4237 3.62282
4666 3.367867
5656 3.537211
5621 3.61028
5160 3.768224
5116 3.851742
5628 3.626217
5469 2.670147
5011 2.111611
4642 3.4701
4246 3.479414
5504 2.611088
4679 3.381929
5341 2.027834
5302 2.024676
5532 2.997758
5511 2.744326
5553 3.097819
5409 2.23684
4883 2.210932
5552 3.011421
4534 2.466834
5293 2.004126
5039 2.378624
5132 3.860865
5773 3.754471
3773 3.823299
5318 1.943633
5464 2.329345
4253 3.400832
4224 3.951401
3788 3.665514
4706 3.967053
4904 2.702102
4866 2.690215
5718 4.04802
5580 3.456301
5788 3.761619
3772 3.378668
5220 3.680261
4604 2.833415
5314 1.949385
5515 2.78895
5475 2.634824
5340 2.176015
5357 2.103143
5389 2.346232
5286 2.036852
5321 2.131116
4958 2.99643
4998 2.055655
5052 2.37763
4949 2.830069
3783 3.800776
4935 2.124229
3768 2.059579
4954 2.302362
4696 3.915252
5466 2.169204
4241 3.260845
5219 3.644917
5732 3.852101
4309 3.688484
4261 3.836099
3799 3.840566
5478 2.723715
5664 4.007679
5426 2.425874
3798 3.434312
5033 3.533628
5418 2.227499
5522 2.771309
5495 2.758685
5582 3.76572
4562 2.720451
5537 2.82887
4633 2.946935
4833 2.04176
4549 2.099408
5438 2.42579
4597 2.060549
5798 3.754471
4263 3.558145
3801 3.334396
3784 3.544692
5533 2.690413
4973 2.258587
4186 2.133853
5025 2.345557
5567 3.413808
5783 3.12908
3795 3.841478
5586 3.325608
3786 3.170615
5659 3.78123
5690 3.895103
4264 3.688848
5471 2.386634
5040 3.684986
5328 2.082406
4680 2.264043
4268 3.922746
5378 1.922371
5369 2.105809
5526 2.677628
5111 3.947526
4647 3.494946
4260 2.825159
4599 2.551648
5518 2.750357
5269 2.04049
5453 2.622416
5484 2.77025
5500 2.657342
4686 2.270514
5559 3.559892
5616 3.461747
4262 4.054353
4283 3.712253
5748 3.628631
3765 2.175089
4602 2.288651
3812 3.853326
5563 3.258432
5576 3.517173
5741 3.530339
3805 3.330109
5525 2.913684
3790 3.811195
5459 2.469069
5536 2.629779
5557 3.068952
4693 4.14295
4313 3.610006
4272 3.704832
4802 2.021808
5443 2.489188
5185 2.037665
5530 2.582718
4905 2.529568
5531 2.669977
5496 2.677591
4586 2.038612
4290 3.550861
5491 2.233194
5186 3.630175
4276 3.559775
4289 3.859612
5790 3.612532
4257 2.970818
5800 3.566131
3820 3.844013
3813 3.155675
5560 3.258746
4294 3.450497
4911 2.182222
5465 2.472689
5424 2.0433
3804 3.685427
4316 3.461266
4989 2.198441
5404 2.001271
5631 3.556348
5283 1.999416
5024 3.742673
5208 3.955922
5585 3.469808
5368 2.042506
4236 3.624426
5801 3.535658
5282 2.000783
5338 2.138198
5069 3.700518
5693 3.696449
5637 3.446906
5097 3.795015
5074 3.649179
5677 3.736233
5579 3.33733
4968 2.262861
4708 4.000603
5542 3.089753
5635 3.494611
5747 3.673397
5470 2.649768
4825 2.060417
5442 2.037744
4969 2.262454
5095 3.500705
4938 2.553325
5734 3.486376
4846 2.116627
5374 2.104821
4673 3.491385
5619 3.648459
3797 3.641641
4583 2.094425
5735 3.90453
5460 2.573007
4682 3.424184
5549 2.938819
3806 3.461747
5520 2.656078
5629 3.852999
5789 3.638446
5053 4.122052
5568 3.551934
4573 2.230186
5535 2.671944
4280 3.754578
5538 2.986835
