409
0.0392 -1.08 1.61 0.0111 0.718 0.27 0.641 
5450 2.220376
5691 4.005789
5683 4.081762
5710 3.862062
5595 3.598573
5592 3.540267
5606 3.408445
4603 3.4896
5599 3.729083
5705 3.627047
5698 3.633949
5709 3.591867
5113 3.542863
5714 3.535021
5598 3.444214
5626 3.435049
5566 3.36677
5639 3.606597
5633 3.652831
4875 2.194918
5529 2.572505
5124 3.497468
5276 1.915267
5543 2.97368
5283 2.028889
5662 3.331438
5078 3.384021
4925 2.738401
5467 2.135232
4908 1.859398
5388 1.90397
5236 1.927407
5718 4.149235
5372 1.996717
5069 3.578472
4618 3.538679
5583 3.542616
5618 3.577929
5733 3.280031
5792 3.555373
3789 3.735752
5160 3.707116
5747 3.722667
5772 3.775737
5055 3.63373
5693 3.635539
5638 3.541808
5613 3.436117
5622 3.492582
5602 3.412995
5261 1.916581
5097 3.646323
5541 2.920058
5474 2.384963
5749 3.947069
5335 2.198937
4941 2.544427
5603 3.3076
5554 3.077381
5457 2.673014
5239 1.917619
5295 2.123515
4228 3.687289
5604 3.600749
4307 3.798753
4303 3.646789
4671 3.660121
4866 2.69273
5635 3.513917
5641 3.482138
5699 3.584019
5123 3.626209
4707 3.58496
5688 3.481521
5103 3.566026
5116 3.791954
5607 3.451127
5580 3.447829
5409 2.187397
4904 2.702432
5648 3.258618
4232 3.303813
5339 2.211042
4305 3.327116
5380 2.451986
5312 1.97535
5555 3.076139
5512 2.762472
5294 1.979869
5771 3.655757
5216 3.981669
5722 3.368937
5208 3.810131
5695 3.991494
2976 2.40065
4230 3.619095
5110 3.490431
5675 3.364677
5571 3.537905
5628 3.27975
4679 3.460889
4251 3.658364
5656 3.383912
5478 2.719228
3777 3.530854
5677 3.59603
5095 3.310132
5280 2.041288
5340 2.272645
5504 2.447965
4604 2.923941
5386 2.45944
5348 2.345625
5418 2.198755
5357 2.136624
5511 2.768418
5052 2.238078
5132 3.880861
5783 3.061847
5218 3.889756
5390 2.191508
4666 3.29171
5774 3.521303
4301 3.751824
5332 2.250779
4642 3.405761
5788 3.974909
5621 3.549256
3806 3.713237
5127 3.417996
5472 2.3527
5262 2.025841
5341 2.001477
4833 2.036335
4846 2.107223
5784 3.294342
3794 3.422766
5507 2.505125
5374 2.114074
3786 3.043132
5515 2.822926
5553 3.245125
4958 2.986392
4610 2.825596
5415 2.537954
5469 2.690985
5286 2.102135
4507 2.30908
5211 2.813689
4700 3.831576
5039 2.240294
5767 3.787407
3773 3.720039
3768 2.040382
4253 3.139845
5732 3.800528
5659 3.88367
3799 3.848966
5411 2.51185
3772 3.574658
4246 3.343244
3784 3.691984
5567 3.961647
3790 3.846438
5328 2.042349
4549 2.115703
5210 2.278109
4913 3.097731
5549 2.891519
5426 2.476557
5460 2.592558
5522 2.652436
4681 3.250151
4562 2.752486
5475 2.727167
4583 1.946663
3783 3.694909
5568 3.482393
3795 3.939146
3765 2.128604
5787 3.560058
5586 3.280792
5597 3.288111
5798 3.451939
4241 3.289875
5111 3.852101
4261 3.434012
4825 2.05718
4882 2.201286
4673 3.281224
4272 3.33621
4802 2.099566
5536 2.590642
4599 2.760043
5366 2.260317
5518 2.725526
5438 2.557345
5500 2.677436
4276 3.330243
4268 3.751169
4631 2.186712
5582 3.634479
3805 3.85671
5471 2.31783
5563 3.372234
3807 3.795401
4257 3.024074
3820 3.872288
5186 3.36214
5741 3.19984
4682 3.612848
5053 4.115168
5526 2.619506
4283 3.627525
5690 4.127698
5634 4.112958
5443 2.575333
4848 2.079311
5459 2.277636
5025 2.202204
5421 2.422133
5420 2.782546
5531 2.726534
5530 2.651137
4905 2.589723
5213 3.556356
4271 3.175977
5713 3.566877
4285 3.549753
4954 2.310937
4294 3.670073
4290 3.461034
4286 3.224872
5707 3.815289
5538 2.99754
4693 4.285795
5800 3.942866
5520 2.687895
4262 3.698478
3763 2.282259
5589 3.583491
5046 3.602732
5144 3.600625
5682 4.242339
5687 3.36794
5668 3.302916
5282 2.029283
5302 2.08823
4948 2.437296
5293 2.078173
5544 2.936686
5451 2.628432
5436 2.390345
5349 2.376013
5134 3.302207
5338 2.198937
4596 2.946907
4667 3.584748
5773 3.687289
5217 3.417892
5684 3.702115
3788 3.885789
4849 2.11047
4534 2.603875
5646 4.030794
5219 3.859735
5510 2.505125
4973 2.192931
4696 3.594976
5336 2.376822
5735 3.852101
4315 3.429046
5221 3.814742
3785 2.983599
4883 2.21913
5487 2.741177
3812 3.381237
4633 3.097731
4289 3.705462
4317 4.008398
5652 3.939229
5557 3.103236
5484 2.726534
