411
0.129 -1.13 1.6 0.00785 0.706 0.269 0.656 
5595 3.563913
5683 4.202003
5630 3.874692
5046 3.741665
5699 3.585697
5283 2.063162
5592 3.401679
4618 3.522061
5566 3.36747
5633 3.587853
5261 1.906291
5714 3.510852
5693 3.553836
5099 3.714915
5078 3.359687
5543 2.963558
5235 1.910275
5705 3.698827
5639 3.607103
5345 2.01273
5364 2.508598
5457 2.691066
5276 1.905625
5216 3.66241
5698 3.569764
5134 3.224581
5662 3.318914
5208 3.688727
5668 3.32055
5622 3.567452
5602 3.348828
5754 3.896292
5716 4.103336
4307 3.759992
5613 3.380443
5709 3.530513
5097 3.65978
4667 3.486005
5016 3.338445
5103 3.543279
5554 3.091776
5298 1.950312
5380 2.459438
5450 2.219108
5372 1.98398
5144 3.45399
3779 4.003133
5492 2.672936
5682 4.207865
4603 3.464601
5583 3.517027
5069 3.629319
3777 3.651624
5759 3.322785
5688 3.344783
5641 3.351309
4223 3.777454
4303 3.685981
5580 3.247596
4904 2.682634
5744 3.710963
5049 3.669438
5116 3.564763
5706 3.668847
5541 2.95165
5607 3.300236
5339 2.263744
5302 2.100221
5784 3.379723
4822 1.976006
5354 2.070794
5295 2.142576
5293 2.122364
5555 3.005984
4535 1.989472
5519 2.902001
5386 2.445368
5773 3.778018
4959 2.777693
4875 2.202105
4974 2.36065
5733 3.26395
5217 3.366423
5792 3.303389
5747 3.674971
5659 4.026328
4708 3.937634
5718 4.213241
5703 3.863307
3772 3.55667
3789 3.720903
5660 4.117429
5635 3.648162
5647 3.479939
4246 3.401642
5262 2.079752
5340 2.251867
5684 3.818797
4707 3.478404
5738 3.776864
5677 3.47815
5750 3.636845
4679 3.468099
5675 3.203601
5628 3.337721
4596 3.055482
5760 3.528252
5510 2.616829
4849 2.083008
5512 2.87683
5389 2.473192
4534 2.597616
5279 2.047926
5286 2.158565
5771 3.636398
5561 2.55475
4968 2.160362
4949 2.797977
5132 3.826281
5418 2.206422
5722 3.183578
5774 3.414175
4671 3.490563
4251 3.416255
5695 3.967494
5571 3.489756
5664 4.248682
3784 3.401915
5797 3.644384
5646 3.968021
4308 3.5649
5732 3.775238
5656 3.548838
4833 2.029903
5374 2.083913
5511 2.849847
5553 3.133146
5558 3.012762
3794 3.478604
4610 2.906503
5411 2.542387
5460 2.643018
5332 2.339445
5211 2.807369
4583 1.946871
4935 2.161326
5039 2.147124
3773 3.70263
4883 2.196021
5464 2.275694
4241 3.340604
4253 3.410748
4224 3.527174
3799 4.075245
5475 2.707561
5426 2.567425
5576 3.492753
5567 3.756137
5621 3.822145
4599 2.685695
5033 3.754426
5649 3.528363
5495 2.734657
4264 3.402158
5515 2.795536
5415 2.564328
5487 2.775375
5025 2.16951
4696 3.491416
4673 3.202948
4973 2.190587
3783 3.696718
3795 3.796218
4261 3.716217
3790 3.849881
5586 3.349471
3801 3.63115
5472 2.341296
4604 2.94106
5690 4.04063
4681 3.184004
5328 2.11612
5459 2.377453
5040 3.764582
4848 2.094481
5536 2.710425
5334 2.214718
5526 2.614315
5111 3.799994
4562 2.639996
5453 2.636254
5484 2.738401
5500 2.752091
5563 3.273588
5568 3.398748
4316 3.639256
5121 3.531188
5186 3.384306
5798 3.187418
5200 3.616827
4257 3.278915
3820 3.869807
4647 3.800307
3807 3.944808
4239 3.271882
4958 2.940845
5053 3.882944
5214 3.328859
4700 3.744262
3785 2.992871
5538 2.936516
5800 3.837214
4549 2.146261
5471 2.230455
5221 3.924806
5443 2.475948
4262 3.477895
4631 2.128925
5366 2.487962
4286 3.320136
5213 3.541161
4276 3.280758
4682 3.279017
3805 3.503197
4289 3.585706
4954 2.321996
5465 2.404006
5713 3.225402
5557 2.843016
5569 3.266483
5652 4.021841
5707 3.894069
4285 3.71113
3812 3.692345
4693 3.629873
4317 4.260403
5360 2.418544
4882 2.198977
4283 3.315389
5518 2.798526
5531 2.753674
4268 3.479329
5712 3.417654
5636 3.641459
5064 3.629227
5239 1.909119
5627 3.546513
5035 3.099658
5338 2.250398
5470 2.742853
4694 3.606722
5052 2.155533
5379 2.130621
5787 3.554898
5280 2.049439
5120 3.626536
5570 2.801517
4969 2.170212
5210 2.39241
5678 3.245326
4237 3.330625
5438 2.547048
5767 3.638472
4310 3.773523
5789 4.024583
4263 3.201197
5424 2.377453
3808 3.251153
4905 2.664638
5701 3.43029
5491 2.406272
4294 3.27847
5549 2.992871
5530 2.80436
5496 2.753674
