415
0.321 -1.2 1.59 0.00646 0.679 0.262 0.686 
5631 3.463019
5595 3.644968
5592 3.526801
5598 3.404069
5626 3.466069
5046 3.523975
5633 3.673199
5638 3.574658
5704 3.582465
5113 3.404224
5283 2.085104
5338 2.249023
5603 3.262159
5078 3.253033
5770 3.279394
5364 2.50687
5239 1.99774
5795 3.534758
5710 3.872781
5236 2.027392
5658 4.048581
5618 3.777682
4223 3.770948
5756 3.558516
3780 3.52941
5698 3.562506
5754 3.748706
5662 3.254733
5566 3.322954
4847 1.974942
4875 2.151087
5602 3.410652
5120 3.533342
5097 3.568742
5693 3.533477
5542 3.165484
5613 3.308945
5796 3.361003
5124 3.516979
5705 3.582244
5492 2.582272
5016 3.376553
5380 2.503024
5488 2.376374
5235 1.96222
5272 2.093784
5497 2.477759
5216 3.660377
5450 2.097061
5668 3.099976
5801 3.457618
5683 4.42983
5749 3.922991
5695 3.837909
4618 3.545825
5703 3.903967
5604 3.700496
5583 3.546658
5677 3.454803
5341 1.975902
4251 3.248214
5714 3.358759
5675 3.10087
5759 3.333482
4694 3.750425
5103 3.466636
5116 3.591999
5049 3.605048
5615 3.185956
5772 3.527158
5607 3.503143
4303 3.658705
4305 3.419284
5733 3.007561
4232 3.339652
5644 3.244454
5333 2.366665
5386 2.533444
5326 2.320395
5529 2.492065
5149 2.506149
5512 2.792795
5295 2.244682
5771 3.457321
3792 3.52933
5792 3.177945
5641 3.299722
3777 3.720876
3789 3.527657
5682 4.339374
4603 3.653766
3784 3.557347
4642 3.359471
5218 3.49005
5767 3.644604
5571 3.593972
4304 3.462614
5656 3.540474
4307 3.854845
5504 2.403708
4709 3.576352
4904 2.697778
5411 2.530763
5511 2.802768
5553 3.144984
4938 2.580875
5470 2.758773
4968 2.133653
5132 4.001858
5722 2.992654
4237 3.101948
4671 3.677304
5774 3.155611
4301 3.650113
3798 3.423953
4309 3.460576
5558 2.949465
5621 3.737843
5328 2.083299
5379 2.155041
4610 2.799504
4653 3.316096
3794 3.407076
5214 3.286741
3786 3.060898
5426 2.617342
5428 2.533448
5469 2.793705
5438 2.659505
5279 2.149257
5507 2.561591
5783 2.775326
4697 3.338005
3783 3.344049
3799 3.756115
5628 3.163701
4253 2.858281
5597 3.400655
5515 2.814436
5567 3.851015
4647 3.406647
5647 3.646577
4257 3.242826
5573 3.378784
5269 2.159405
5533 2.724835
5453 2.642967
5475 2.750998
4286 3.527697
5576 3.4821
3806 3.377941
4261 3.461056
4633 2.93905
5690 3.924718
5424 2.557122
5484 2.849358
5221 3.895016
3795 3.767256
4241 3.170871
5532 2.885004
5800 4.08429
3790 3.754758
5033 3.607169
4883 2.183169
4549 2.109114
5334 2.334911
5559 3.883045
4599 2.700526
5330 2.409682
5420 2.800785
5487 2.723436
5500 2.818481
5521 2.713874
5536 2.646498
5186 3.18527
5680 3.311703
5200 3.259964
5798 2.896347
5563 3.397321
5568 3.474285
5741 3.084492
4681 3.190799
4693 4.129414
3805 3.128419
4264 3.484364
4604 2.812636
4562 2.735528
5471 2.236098
5538 2.881482
5518 3.362292
5634 3.795465
5111 3.391464
4272 3.821456
5443 2.550707
4905 2.509125
5560 2.856071
5530 2.566172
5557 2.833849
5652 3.721238
5799 2.318131
5053 3.7676
5121 3.111552
5465 2.162481
3813 3.343052
4294 3.41373
4289 3.282157
5549 2.811256
5569 3.472195
4317 4.251634
3804 3.756735
5707 3.93023
5421 2.631891
5335 2.249023
5099 3.721467
5505 2.60845
5349 2.505945
5474 2.292163
5448 2.116125
5339 2.279496
4596 2.986045
5514 2.582272
4708 3.672391
5035 2.953122
5503 2.786895
4667 3.389099
4679 3.326221
5280 2.095082
5044 3.460576
5210 2.293995
5357 2.123887
5738 3.537307
5659 3.793814
5398 2.539376
5495 2.717867
3773 3.469885
5785 3.917841
5527 2.911468
4825 2.080008
2955 2.06572
4882 2.156208
5366 2.470959
3820 3.780338
5472 2.236098
5780 2.684078
4706 4.096504
5748 3.612083
