42
-5.38e-05 -2.97e-05 7.15e-05 1.97e-05 2.07e-05 4.82e-05 1 
13 2.172855
8 1.933169
9 1.800515
80 3.00575
10 2.074815
75 2.934663
15 1.597832
103 1.187396
109 2.481523
22 1.689047
25 1.511944
16 2.02942
17 2.180037
23 2.244279
33 1.311977
29 1.247005
170 1.269806
34 2.722699
26 2.296488
27 2.329926
35 1.71056
36 1.773731
37 1.734511
44 2.149929
45 2.282351
46 2.2595
47 2.3996
43 2.218675
30 2.193029
41 1.350885
48 2.216351
40 2.01547
51 1.493869
55 1.82741
56 1.93339
52 1.786924
53 1.774521
59 2.152683
61 1.552121
2 1.72939
62 1.367769
63 2.23811
64 2.310026
67 2.354722
74 1.985161
76 2.840233
77 2.82726
78 2.826067
172 1.228369
85 2.040884
94 2.76326
95 2.782607
99 2.167282
100 2.18978
107 2.024011
101 2.041898
117 1.349287
118 1.502644
120 2.693307
93 2.195747
110 1.58071
111 1.547412
104 1.226025
105 2.194219
106 2.243073
125 1.26612
126 1.298759
127 1.868058
128 1.902392
122 2.37012
131 1.714907
132 1.831576
133 1.750841
123 2.909871
124 2.732755
135 2.247215
136 1.365163
137 1.490096
141 2.118073
142 2.25458
143 2.322198
144 2.394896
139 1.766357
146 1.32967
147 1.747212
148 1.770165
149 1.812862
145 2.0313
150 1.995851
151 2.200018
152 2.272953
153 2.201783
154 2.346377
156 1.746073
157 2.031657
158 2.204331
159 2.227395
160 1.563038
162 2.043863
86 2.183032
82 2.332702
168 1.667394
72 1.527778
173 1.994155
21 2.958838
175 2.876988
176 2.83299
178 2.856851
91 3.097396
179 2.776441
255 1.221776
184 2.744117
185 2.944097
182 2.092122
186 1.579361
187 1.524595
189 1.340515
195 3.030371
129 3.006032
194 1.524923
191 2.016378
192 2.321319
200 2.090348
268 2.190337
114 2.24315
198 1.876333
218 2.658829
219 2.925669
220 2.7971
208 1.472
206 2.092276
207 2.10402
203 1.757822
204 1.766037
210 1.832481
211 1.774344
212 1.780281
213 1.796817
221 1.348913
222 1.686531
223 1.747236
215 2.267847
216 2.184089
224 1.792124
225 1.872368
226 1.940287
227 2.006269
228 1.993281
229 1.759657
230 1.744544
231 1.996196
232 2.010101
233 2.356168
234 2.193808
235 2.220564
236 2.177237
237 2.208319
238 2.208599
239 1.595581
240 1.709897
241 2.092794
242 1.332496
315 2.320091
247 2.465536
248 2.248612
249 2.269007
251 2.287713
252 1.680366
253 1.675915
254 1.77953
258 1.841385
259 2.047724
177 2.507663
262 2.778276
81 3.144068
266 3.069829
267 2.159619
201 2.077404
190 2.237682
272 1.720653
269 2.120275
270 2.229939
275 2.190777
281 2.088356
282 2.1131
283 2.38481
279 1.702788
280 1.796847
284 2.301438
277 2.069405
285 1.760304
286 1.731953
288 1.881573
289 1.783463
290 1.85784
287 1.328965
291 1.754982
292 2.167395
293 2.277748
294 2.525901
297 1.690651
298 1.976327
299 2.00511
295 1.54186
296 1.5629
300 1.715929
301 1.73025
302 1.946755
303 2.044629
304 2.286054
308 2.258609
309 2.22935
305 2.29373
306 2.286427
307 2.266462
310 1.601912
311 1.531664
312 2.03267
314 1.322792
319 2.615657
320 2.445425
321 2.439709
322 2.224873
323 2.364892
324 1.699398
325 1.320487
329 1.948062
260 2.893843
331 3.012199
332 2.519042
333 3.055066
334 2.495466
335 2.896408
79 2.740806
339 3.050061
31 3.031033
181 3.081763
343 1.739034
346 2.231759
380 1.797678
400 2.048321
347 2.242618
353 1.541453
354 1.573096
348 1.814601
349 1.794649
356 1.789803
357 1.939582
366 1.350191
350 1.79384
351 1.80442
352 1.894851
358 1.650947
359 1.934176
360 2.068887
363 2.128166
364 2.272068
365 2.384072
367 1.690542
362 1.88609
368 1.707414
369 2.039523
371 2.284677
372 2.307093
373 2.264663
375 2.251844
376 2.281774
428 2.241875
378 1.574615
379 1.71358
381 2.110044
382 2.186849
383 1.304371
316 2.272196
386 2.36179
387 2.055915
389 2.506145
390 2.879757
391 2.801165
264 3.008554
393 2.958742
340 3.272329
398 1.633033
404 2.15145
405 2.358228
406 2.430101
407 1.897191
408 1.719311
409 1.912763
410 1.97693
416 1.822226
418 1.943732
411 2.24591
413 2.327535
414 1.78794
415 2.054267
421 2.171827
422 1.546252
419 1.353667
420 1.46069
423 1.75179
424 1.71597
342 2.050034
426 1.873351
443 2.232305
446 1.624281
330 2.86038
451 3.126464
452 3.011982
431 1.747103
440 2.242567
441 2.402079
384 2.185829
487 3.048603
453 2.899369
395 3.13292
445 2.012983
429 1.601092
448 1.764787
402 1.613201
432 1.710833
399 1.804636
433 2.024823
434 2.075303
436 1.413219
437 1.607725
425 2.071152
442 2.310026
455 2.012243
447 1.463024
459 2.268564
460 2.306916
506 1.820438
461 1.456072
462 1.610164
463 1.587451
464 1.657514
466 1.669098
467 2.076638
468 2.001807
469 1.823852
470 1.73722
471 1.981206
472 1.914582
477 2.299044
385 2.452286
473 2.258216
478 1.64857
475 2.276731
454 3.061983
338 3.149843
482 3.006377
483 2.3238
485 1.712907
486 1.603483
489 1.554771
493 1.719127
491 2.047456
492 2.431735
494 1.69087
495 1.72085
496 1.409091
457 1.582501
498 2.053007
499 2.041303
500 1.634255
504 2.24618
507 2.131694
508 1.797756
509 2.343596
449 2.907914
510 1.631337
511 1.651109
520 2.319207
521 2.280501
522 2.231543
512 1.743068
523 1.544744
524 1.546793
525 2.849454
528 2.2669
388 2.897288
530 2.854137
531 1.966269
532 2.346475
533 2.270067
534 1.982662
535 1.632168
536 1.685418
537 2.206329
544 2.103014
541 1.742815
546 1.515221
547 2.048797
548 2.170548
549 2.247968
4 3.041246
19 2.426765
60 2.284258
183 2.275374
163 1.352894
199 2.235248
108 2.192512
278 2.031211
256 1.436496
336 2.971098
502 2.308579
465 1.712765
476 2.906966
481 3.149843
516 1.816125
517 1.912436
518 1.958745
527 1.608996
480 3.044401
539 1.619539
550 1.686639
