426
0.924 -1.06 1.53 0.0211 0.595 0.221 0.773 
4875 1.943826
5660 4.40756
5683 4.513309
5691 4.245172
5653 4.100067
5631 3.321843
5606 3.332159
5639 3.473839
5796 2.867774
5710 3.711551
5598 3.226005
5626 3.170602
5630 3.990484
5062 3.498295
5636 3.506578
5595 3.492224
5338 2.281834
5704 3.275719
5283 2.093883
5236 2.090227
5529 2.263142
5609 3.402542
5497 2.211448
4603 3.377018
5602 3.311451
5103 3.087756
3779 4.038125
5749 3.658091
5046 3.151215
5801 3.169731
5078 2.791792
5637 2.967917
5494 2.217941
5543 2.807611
5638 3.62584
5583 3.495054
5542 3.162063
5695 3.81199
5658 4.019627
5682 4.555047
5604 3.731029
5635 3.313912
5770 2.97013
5097 3.205931
4223 3.4544
5662 2.687309
4596 2.814476
5607 3.323679
4667 3.033529
5016 2.992791
4307 3.65511
3772 3.408911
5055 3.333907
5335 2.329062
5470 2.755842
5239 2.021616
5512 2.747161
5386 2.548429
4708 3.686682
5499 2.194814
5613 2.797045
5591 3.248967
3392 3.66147
3789 3.425036
5718 4.499377
3777 3.432855
5693 3.225521
5615 2.774914
5625 2.771681
5732 3.376444
4301 3.415914
3791 3.246615
3784 3.475062
4308 3.210008
5750 3.089336
5350 2.545881
4941 2.204895
5513 2.258466
5340 2.29375
5411 2.567603
3786 3.069649
5511 2.733937
4904 2.473422
5506 2.446073
5149 2.362081
4694 3.313765
5659 3.781431
4232 2.819177
5116 3.27862
5113 2.81585
4618 3.308157
5641 3.230772
5664 4.723182
3788 3.166458
5528 2.926847
4677 2.998817
4305 2.933794
5515 2.778116
5553 3.182706
5475 2.786025
5428 2.588992
5262 2.142
5279 2.145912
5330 2.508849
5558 2.768723
4949 2.496194
5628 2.803849
5787 3.199553
5677 3.21257
5738 3.219356
4251 2.871446
4642 3.11754
5621 3.264228
2952 2.244383
3795 3.214478
5040 3.38926
3806 3.469203
5680 3.18571
5424 2.373191
4562 2.707541
5443 2.705194
5286 2.294766
5522 2.441922
4958 2.850833
4604 2.777561
5415 2.62467
5533 2.465993
3799 4.169901
5563 3.396255
5527 2.912927
5586 3.210271
5219 3.197976
4709 3.296438
5034 3.009291
5784 2.914392
5110 3.357926
4309 3.332407
3790 3.745182
5518 2.662414
5360 2.594118
5582 3.422214
5526 2.329113
4633 2.685824
5549 2.708606
5484 2.749726
5420 2.614432
4599 2.605428
5537 2.561959
4264 3.153025
5597 3.294142
3783 2.986483
5735 2.908464
4286 3.347764
5568 3.366336
5707 3.176916
5649 3.296327
4257 2.983843
5652 3.653477
2955 2.221623
5690 4.318739
5531 2.723139
4272 3.187288
5557 2.566155
5453 2.607107
5500 2.846759
4693 3.500104
3805 2.586898
5200 2.828024
4316 3.115245
4315 3.537849
5536 2.453804
4313 3.182597
5220 3.085571
3813 3.194891
3802 3.239954
5569 2.968473
4706 3.993886
3820 3.808162
5421 2.589074
5618 3.640877
5705 3.502213
5235 1.994525
4249 3.617418
5474 1.977243
5714 2.87047
5709 3.178846
5021 3.06698
5389 2.606657
5216 3.042265
5144 2.803649
5160 3.32694
5339 2.320873
5364 2.548429
5573 3.358702
5218 3.032697
5069 3.071048
5744 3.063699
5619 3.381703
5548 3.069721
5644 2.796796
5422 2.596061
5426 2.615016
5524 2.446073
5576 3.505529
5478 2.535607
3798 3.223289
3775 3.31855
4647 3.219356
5334 2.289431
5438 2.739443
4707 2.999998
5221 3.34603
3801 3.302256
5751 4.039683
5496 2.70041
4289 2.828024
3812 3.432277
3808 3.11467
4317 3.678019
