438
1.52 -0.797 1.19 0.0124 0.485 0.181 0.855 
5457 2.694491
5932 2.045439
6004 2.263978
6115 2.687069
6060 2.45745
5933 2.047771
6253 3.167391
5589 3.256833
6121 2.700428
6048 2.391109
5695 3.663025
6367 3.631183
6096 2.60078
6062 2.461372
6130 2.754141
6041 2.369149
5807 1.72644
5618 3.602418
6370 3.639788
6392 3.755288
6387 3.733629
5730 3.770369
6397 3.814714
6400 3.838415
6376 3.670648
6102 2.62306
6108 2.646168
6042 2.370925
6353 3.563403
6321 3.396608
6274 3.248268
6261 3.195359
6288 3.292925
6267 3.209155
6270 3.23452
6231 3.116531
5595 3.248792
5611 3.546233
6196 2.957071
6150 2.812953
6337 3.470161
6318 3.389457
6237 3.132139
6252 3.166656
5805 1.669237
5838 1.811873
5631 2.854041
6159 2.830115
6228 3.112515
6234 3.129679
6266 3.208886
6148 2.811351
5837 1.810812
5888 1.898841
6131 2.757038
6123 2.704886
5863 1.849535
6301 3.338714
5633 3.328224
6089 2.563699
6160 2.831217
6289 3.295788
6202 2.995155
5593 2.990887
6303 3.355815
5910 1.965021
6215 3.053806
6221 3.07813
6193 2.95008
6080 2.528896
5818 1.754594
6165 2.836686
5283 2.0974
6101 2.615604
5810 1.728131
5873 1.869321
5976 2.194121
5505 2.293603
5519 2.743163
6204 3.000978
6187 2.925303
5922 2.006712
5234 1.828692
6184 2.910124
6032 2.330791
6171 2.859521
6138 2.781434
5841 1.818408
5981 2.203817
5985 2.211897
5683 4.492244
6382 3.693865
6236 3.131433
5588 3.385021
6212 3.034209
6173 2.866266
5938 2.071409
6359 3.578463
6369 3.635312
6095 2.590526
6398 3.82126
6325 3.405398
6024 2.307591
6374 3.649731
6381 3.686042
6309 3.369335
6339 3.48988
6281 3.265138
6314 3.382038
5626 2.785264
6120 2.699091
6198 2.960741
6200 2.9814
6283 3.281444
6226 3.10745
6399 3.823532
5833 1.797764
5834 1.799605
5710 3.504026
6255 3.174693
5815 1.753751
5881 1.885388
6017 2.290056
6064 2.490136
6146 2.808143
5598 2.797623
6380 3.681711
6233 3.119461
6243 3.145287
6246 3.150001
6265 3.198106
6209 3.032287
6263 3.196387
6373 3.647874
6361 3.608604
6256 3.177392
6292 3.300541
5823 1.781698
6305 3.356691
6362 3.61249
6277 3.256569
6174 2.873055
6137 2.778569
5812 1.73381
5858 1.838255
5884 1.891902
6119 2.696254
6083 2.532657
6092 2.586258
6240 3.136507
6241 3.138715
5705 3.066249
5875 1.870436
5882 1.886571
6345 3.523563
6219 3.067291
5276 1.750907
6356 3.575163
5282 2.063912
5339 2.33672
5943 2.080386
5806 1.720945
5908 1.956877
5878 1.880891
5974 2.190691
6049 2.393282
5261 1.820379
5835 1.804184
5944 2.087907
6213 3.041582
6192 2.939788
6162 2.834515
5240 1.838449
5233 1.844047
5854 1.834452
5829 1.793846
5861 1.83967
5969 2.180249
5986 2.216338
6031 2.329704
5682 4.515166
6294 3.322736
6199 2.962395
3392 3.642144
6358 3.577795
6355 3.57487
5583 3.322321
6296 3.325911
6391 3.753393
6368 3.634689
6349 3.54504
6298 3.331346
6257 3.179213
6404 3.875926
5046 2.727605
6144 2.800019
6178 2.881492
6151 2.815102
6229 3.113959
6047 2.388508
5895 1.924895
6389 3.739062
6109 2.648159
6223 3.084601
6293 3.324559
6327 3.412112
6390 3.749655
6269 3.233494
5754 3.21648
6280 3.265023
6371 3.645612
6071 2.512583
6154 2.818023
5853 1.834067
5856 1.837305
6218 3.061238
5859 1.83854
5494 1.893443
5889 1.906042
6264 3.197995
6307 3.364583
6245 3.146509
5639 3.136808
4307 3.351874
4303 3.303597
6238 3.060116
5386 2.557301
5883 1.889048
5836 1.804532
5820 1.772704
5898 1.929825
5962 2.155823
6082 2.53193
4610 2.510221
5909 1.962802
5887 1.897986
5822 1.776912
5252 1.817549
5871 1.867498
5937 2.064951
5512 2.72018
6206 3.016253
5548 2.968782
5847 1.828084
5828 1.78776
5874 1.870389
5869 1.863036
5428 2.536332
6169 2.850129
6142 2.793387
5877 1.873344
5920 2.001028
6003 2.259188
6020 2.2962
6018 2.290831
5659 3.71256
5606 3.019421
5580 2.742444
6235 3.130827
6167 2.84369
5718 4.610879
6059 2.457046
6058 2.449898
5931 2.040729
6372 3.647179
6312 3.375377
6375 3.658228
6401 3.841346
6069 2.509278
5602 2.820281
6214 3.043846
6304 3.356633
4603 3.199749
6311 3.374456
6153 2.817811
6052 2.420766
5374 1.77128
5389 2.608988
6247 3.152133
6244 3.146339
4941 1.870333
5870 1.86469
5880 1.884723
5842 1.818734
5839 1.813847
5914 1.973736
6286 3.290234
6316 3.384919
6211 3.033846
6273 3.248207
6319 3.393062
5541 2.671231
5607 2.988609
6248 3.154698
5247 1.818258
5868 1.861034
5511 2.699732
6172 2.863579
6179 2.888263
2880 1.799764
5826 1.787558
5901 1.937504
5470 2.707564
6163 2.835718
5506 2.289261
5945 2.088293
5844 1.825279
5281 2.035784
5984 2.210514
5286 2.304208
5846 1.825695
5229 1.958737
5993 2.232013
6012 2.276975
6076 2.51939
5749 3.580904
5049 2.735629
5959 2.139259
6015 2.281887
3779 3.804682
5824 1.782539
6034 2.343778
6055 2.438087
6222 3.081078
6127 2.733161
3789 2.977465
6352 3.561908
6326 3.406566
3772 3.398932
5664 4.716328
5788 3.48967
6394 3.76741
6383 3.708105
6063 2.470712
5951 2.115603
5850 1.830333
5950 2.114639
6346 3.525542
5635 2.902817
6189 2.927928
6054 2.426836
6379 3.681495
6343 3.521445
6260 3.194969
6317 3.386935
6276 3.253815
6251 3.166496
5426 2.668043
6090 2.565371
5573 3.117912
6156 2.819653
6128 2.733999
4825 1.834128
5571 3.112391
6125 2.723686
5885 1.89224
5941 2.077404
5896 1.925213
5334 2.27789
6077 2.520462
5827 1.7877
5819 1.757022
5897 1.926231
4959 2.120436
6002 2.248387
6302 3.347329
6334 3.434726
6106 2.64471
5515 2.7595
6180 2.889501
6133 2.769886
5267 2.059779
5928 2.029624
6104 2.634435
5954 2.119674
6050 2.405811
5990 2.226334
6066 2.490863
6079 2.526559
4249 3.358156
6203 3.000193
4706 4.027423
3820 3.740123
4596 2.661088
5591 2.899342
3798 3.245662
6155 2.818701
6175 2.877668
6207 3.022129
6378 3.67708
3784 3.193435
5703 3.746701
5797 3.351094
6056 2.444721
5911 1.96542
5848 1.829418
6342 3.511441
6363 3.613363
6086 2.544299
5532 2.628841
5926 2.017705
5900 1.936839
3806 3.509369
5747 2.977194
6282 3.276184
3786 2.932719
6140 2.789728
6208 3.03073
5971 2.18319
6075 2.518929
5487 2.699569
5415 2.570652
5892 1.916314
5921 2.004862
5973 2.188666
5263 2.039089
6299 3.335912
6297 3.331183
6021 2.301535
5979 2.198422
5366 2.486417
5330 2.493173
6001 2.243515
5558 2.561696
3799 3.400684
6249 3.159346
5132 3.195437
5968 2.169342
5903 1.942673
5443 2.636209
4653 3.070027
3790 3.603394
5872 1.867581
6038 2.352369
3801 3.043233
6158 2.828157
5619 3.072755
5641 2.89945
5621 2.975286
6403 3.850986
6357 3.577403
6272 3.245924
6388 3.73378
5886 1.89729
2955 2.226924
5970 2.182583
5967 2.168947
5840 1.814864
5891 1.91194
6290 3.297976
6344 3.522851
4562 2.74028
6177 2.880853
5260 2.04312
5982 2.205533
5899 1.931369
5890 1.909611
5924 2.011017
5923 2.008462
5927 2.020765
6285 3.287574
6232 3.118004
6306 3.361111
6166 2.843546
6111 2.654733
6067 2.492837
5438 2.568406
5965 2.163232
6027 2.31909
5936 2.063998
5958 2.137651
5983 2.206252
6039 2.362245
6103 2.624051
6093 2.588732
6030 2.324853
5398 2.781173
5918 1.994958
5905 1.952809
5987 2.218418
4958 2.416886
6044 2.374443
6300 3.336444
5800 3.682756
5907 1.955906
6026 2.313393
3795 3.28584
6194 2.95559
6147 2.809208
5902 1.937667
5421 2.61689
6377 3.672237
6341 3.504511
6291 3.299584
5972 2.18547
6036 2.345753
6014 2.27923
4286 3.094171
5518 2.692965
5913 1.970468
5925 2.012628
5904 1.943547
6005 2.264102
6331 3.422415
6336 3.462828
6037 2.352094
6322 3.397659
6009 2.271568
6045 2.375809
6094 2.589206
5453 2.730281
6025 2.311271
5526 2.203397
4633 2.406689
6011 2.274191
6074 2.518646
5549 2.473219
5516 2.535939
5538 2.643833
5634 3.533541
5789 3.510059
5586 2.712992
5563 3.126313
3807 2.987255
6329 3.417103
5996 2.235716
6134 2.773101
5533 2.157423
5975 2.192545
6338 3.477772
5266 1.907549
4599 2.308117
5964 2.160273
5995 2.234688
4693 3.155472
5609 3.127845
5062 2.95008
5596 3.200049
5716 3.265023
4875 1.740575
5704 2.695606
5235 2.056519
5332 2.520227
4849 1.757045
5528 2.850129
5801 2.63937
5653 3.760127
4955 1.882151
5706 2.796776
5336 2.723686
4061 3.248207
5795 2.690754
4642 2.837779
3777 2.852464
5504 1.83798
4604 2.518929
5629 4.798181
5567 3.558379
5522 2.218418
4308 2.864749
5420 2.730281
5537 2.405922
5557 2.544299
5601 3.093037
4647 2.824005
5536 2.090125
5484 2.706966
5496 2.572897
5560 2.369633
3812 3.004338
5612 2.803088
5597 2.987619
5652 3.417103
5245 2.066958
4316 3.352046
5690 3.155472
