443
1.7 -0.721 0.99 0.0184 0.435 0.168 0.885 
5248 1.794845
6032 2.304444
6089 2.540453
5457 2.698873
5589 4.271823
6321 3.429069
6041 2.445444
6237 3.177353
6252 3.209969
6365 3.631368
6359 3.655519
6392 3.72698
6382 3.675504
5658 3.772951
6096 2.598175
6062 2.488624
6367 3.715056
6280 3.148902
5838 1.995232
6024 2.309911
6400 3.63341
6278 3.203458
6318 3.44438
5695 3.507753
6253 3.212143
6256 3.008784
5873 1.998307
6238 3.001007
5592 3.02185
5805 1.829859
5812 1.844784
5837 1.889716
5636 3.160834
5283 2.069669
5335 2.289722
6101 2.562482
5519 2.602418
6092 2.446599
6035 2.170548
5449 2.635598
6364 3.604949
6233 3.14815
5942 1.923874
6355 3.601335
6376 3.676184
5653 3.819178
6100 2.50998
6060 2.507342
6340 3.859726
6399 3.705882
5730 3.712174
6345 3.457626
6354 3.646636
5683 4.524132
6288 3.216283
6281 3.306116
5618 3.3483
6361 3.6772
5834 1.996145
5604 3.702691
6380 3.650716
6226 2.863683
6236 3.224965
6298 3.546938
6387 3.758183
5639 3.007573
6270 3.081017
6289 3.143366
6301 3.140347
5633 3.142573
5609 2.946149
5878 2.006177
5595 3.22519
5994 2.13651
6160 2.829457
5276 1.713819
5543 2.576445
6267 2.884903
6228 2.855328
6423 3.297726
6356 3.23468
6114 2.569091
5981 2.066294
5562 2.243054
5845 1.951582
5853 1.933672
6192 2.910006
5282 2.044949
5240 1.838454
5233 1.866672
5261 1.781997
6006 2.237695
5833 1.883158
5588 3.863953
5599 3.481721
6327 3.456256
5985 2.060782
5606 2.677272
6198 2.744083
6404 3.727866
5659 3.471435
3392 3.331713
6314 3.272196
6390 3.386935
6389 3.33721
6047 2.320215
6342 3.459859
5682 4.674825
6058 2.49982
6375 3.890277
5638 3.096661
6283 3.264629
6383 3.702953
5824 1.757263
6245 3.245621
6391 3.707238
6305 3.437652
5607 2.981763
6292 3.169527
5906 1.824242
3707 1.751861
5710 3.190008
5914 2.102943
5887 1.988887
6372 3.72424
6223 2.890289
5836 1.72376
6248 2.959022
2876 1.80777
6231 2.81584
3334 1.728474
5858 1.94758
5380 2.55347
5547 2.190826
5822 1.727147
5944 1.838943
5945 2.088012
5512 2.560793
5969 2.031053
5877 1.876421
6143 2.767947
2880 1.859428
5826 1.856201
6082 2.395846
6034 2.274797
6008 2.141506
6326 3.407379
6394 3.2553
6401 3.614162
3779 3.747945
4307 3.183023
6247 3.244139
6371 3.72424
6319 3.501299
5931 2.117591
5386 2.543239
6154 2.835636
6317 3.553313
5865 1.822467
5939 2.058466
6077 2.51641
5843 1.937999
5428 2.525563
6003 2.102284
5511 2.630617
5548 2.871557
5247 1.821444
6068 2.355058
5286 2.28654
5984 2.229945
5986 2.058593
6076 2.336383
5591 2.691216
4603 3.058518
4303 3.106946
6352 3.582866
6343 3.433569
4596 2.566344
5571 2.972447
6057 2.286797
4706 3.680977
6235 2.799619
5896 2.026448
6302 3.364028
6297 3.378036
6276 3.341998
3786 2.79375
6206 2.933783
6344 3.542176
5860 1.942775
5358 2.607389
5885 2.003185
6180 2.897352
5515 2.627275
6179 2.852527
5979 2.188465
6050 2.255423
5475 2.678212
4534 2.598868
6066 2.342463
5827 1.874605
5967 2.176274
5269 2.263707
6411 2.219236
5558 2.362757
5281 2.037152
4708 2.953555
5991 2.07436
3772 3.165794
6304 3.094879
6414 2.658555
4618 3.168375
5788 3.431385
6357 3.597415
6420 4.287282
5703 3.571031
5718 4.712576
6052 2.494334
5911 2.040637
5848 1.947933
5426 2.609851
6413 2.711811
4257 2.82934
4562 2.672859
6038 2.350196
5900 2.051314
5891 2.013497
5415 2.508215
6014 2.276665
6046 2.289408
4604 2.347556
5541 2.59181
5886 1.944517
5899 2.028986
5977 2.127889
5983 2.205294
5982 2.194019
5398 2.513332
5330 2.487753
5250 1.81741
5260 2.035203
5892 1.901502
5522 2.101035
4958 2.395356
5715 3.196517
5993 2.064392
6388 3.889843
6260 3.224091
3801 2.935549
6341 3.571665
6290 3.300833
5926 2.086265
5941 2.081383
6029 2.351153
5840 2.012922
4061 3.218036
6036 2.029157
5987 2.132308
5890 1.951668
5902 2.026662
5487 2.667912
5334 2.30108
6067 2.486669
6111 2.615827
5907 2.013144
5516 2.488494
6075 2.432398
5532 2.544348
5953 2.026313
6009 2.29582
5988 2.211854
3784 3.069787
6026 2.383199
3798 2.831912
3802 2.996459
6377 3.855952
3790 3.34133
5443 2.634621
6338 3.266524
5954 2.044997
5518 2.603873
5652 3.407712
5923 2.039841
6044 2.258064
6322 3.364987
6053 2.227357
5266 1.988917
6037 2.126013
6001 2.115743
5531 2.604815
5526 2.100838
6043 2.303619
6093 2.575531
6084 2.506585
6103 2.393136
6086 2.396249
5904 2.073016
6045 2.377075
3807 2.94416
5995 2.445132
5563 3.056756
6306 3.407024
5453 2.606289
6329 3.410866
3808 3.088133
4317 3.78695
5484 2.675059
3806 3.227192
5800 3.401805
6196 2.703107
6274 3.115653
6261 2.984632
6159 2.62137
5593 2.778283
6335 3.330384
6187 2.869352
6138 2.761675
5831 1.798573
6130 2.989599
5631 2.634807
5598 2.654697
6369 3.608944
6220 2.803589
6004 1.987296
6162 2.767122
4610 2.377975
6031 2.16495
6269 3.141453
5963 2.166824
5909 2.037604
6368 3.725132
6323 3.141541
5871 1.870777
5497 1.782357
5505 2.237695
5828 1.873351
6358 3.360773
6219 2.760975
5850 1.972877
6286 3.017842
5550 2.370578
6311 3.19324
6199 2.700205
6056 2.49462
5336 2.525405
6334 3.378036
6140 2.77035
5507 1.789991
6012 2.099209
4653 2.826273
6282 2.869714
3789 2.790819
6403 4.56319
5664 4.789061
5928 1.918715
5495 2.308959
6039 2.115504
6104 2.624516
4246 2.675893
6331 3.218036
6073 2.396249
6134 2.55934
5789 2.901765
6285 3.301929
6110 2.543136
6027 2.271506
6054 2.123249
6025 2.223949
6091 2.470145
6315 3.074235
6291 3.351302
5952 1.977017
6300 3.262743
