445
1.77 -0.689 0.878 0.0158 0.412 0.158 0.897 
6032 2.315755
6101 2.607302
6400 3.638041
6397 3.570804
6096 2.557222
6325 3.512125
5683 4.46499
6321 3.437802
6339 3.592262
6382 3.690687
6237 3.175245
6062 2.493146
5838 2.047424
5589 3.778054
5873 2.026709
5853 2.009228
5618 3.28617
6256 2.909779
5283 2.056118
6024 2.26826
5335 2.267264
6266 3.229682
6253 3.210993
5933 2.237968
5364 2.556169
6399 3.608745
6187 2.797165
5810 1.869582
5592 2.866308
5805 1.898815
5595 3.080195
6374 3.635514
6365 3.592188
6058 2.475731
6398 3.740737
5695 3.595026
6359 3.598421
6376 3.615594
6100 2.552515
5730 3.543751
6048 2.32018
5682 4.521174
6361 3.666678
6301 3.118711
5633 3.070411
6261 2.847549
6288 3.18043
6042 2.278165
6165 2.687898
6233 3.157033
6340 3.495062
5875 1.781055
5949 1.945322
6354 3.657213
6281 3.304362
6367 3.694387
5878 2.061918
6236 3.238557
5938 2.198539
5981 2.00654
6008 2.089635
6241 2.873591
6192 2.869011
5543 2.491614
5242 2.229809
5837 1.910565
5519 2.615221
6169 2.873012
5609 2.852776
6263 2.966526
5944 2.06449
6114 2.576123
6081 2.306673
5240 1.837345
5235 2.066232
6312 3.491137
6372 3.455244
6404 3.630746
5824 1.762529
5839 1.996197
6245 3.199123
6243 3.166962
6047 2.327673
5931 2.200796
5638 3.015233
4603 2.874707
6292 3.156779
6311 3.005546
5865 1.777204
6383 3.76257
5969 2.001327
5986 1.956787
5945 2.042331
6389 3.383547
4610 2.341443
6223 2.828697
6209 2.744237
5548 2.863495
5725 3.101997
6423 3.175348
6356 3.21565
5833 1.9017
6132 2.748643
5386 2.584364
5332 2.60764
6160 2.720779
5261 1.740417
5248 1.82262
3334 1.784951
6122 2.60212
5710 3.297047
5588 3.397115
6283 3.075753
5599 3.521887
6355 3.620814
6375 3.561536
5834 2.045263
2450 2.307471
5607 2.773698
6248 2.927753
5639 2.914966
4303 3.059722
6069 2.504514
5901 2.07286
5896 2.059933
5950 2.219354
2876 1.956599
6247 3.342596
5788 3.43011
6273 3.256664
6319 3.5128
4534 2.588681
5247 1.822482
5281 2.035464
6034 2.22985
5512 2.565614
5470 2.65116
6179 2.786321
6172 2.826853
6206 2.758055
6265 2.990659
5984 2.237957
5821 1.968884
5550 2.328771
5919 1.980236
4124 1.863311
5229 1.93814
5286 2.342515
3779 3.61333
5659 3.50509
4708 2.813437
5749 3.375921
5583 3.056541
4618 2.811724
6342 3.428792
6326 3.532475
6420 4.439395
6393 3.814733
5718 4.623291
6052 2.472047
5684 3.027025
5250 1.76996
6023 2.107642
3786 2.806857
5553 2.898079
6208 2.751365
6411 2.244959
6067 2.459999
6007 2.295108
5991 1.978584
5827 1.922482
6050 2.246437
5541 2.5731
5511 2.656431
5475 2.667427
6285 3.291689
6302 3.271453
6104 2.617982
6066 2.336348
5269 2.347325
5571 3.03597
4706 3.753411
6348 3.173525
5743 3.19506
6379 3.854769
3772 3.136958
6260 2.95677
6352 3.573616
6421 4.389223
6378 3.693187
5664 4.688354
6029 2.411733
5900 2.091164
5885 2.073165
6090 2.598489
5926 2.16455
5891 2.084015
5860 2.026361
5715 3.283105
6046 2.226732
5532 2.339788
5973 2.218772
5983 2.276536
5515 2.555915
6133 2.751505
6111 2.607138
5426 2.641093
6072 2.324605
4604 2.350044
5334 2.282683
6084 2.593158
5398 2.624775
5886 1.992055
5330 2.473562
5953 2.072643
6180 2.803799
3820 3.568028
6388 3.891685
6057 2.285368
3798 2.723346
6272 3.196322
6357 3.535013
6343 3.804701
5840 2.09035
6291 3.26849
5941 2.158406
5563 3.110233
4562 2.642022
5980 2.212259
6075 2.260522
6001 2.026465
5899 2.081372
6232 3.245185
5453 2.693289
5360 2.621383
5952 2.101325
2952 2.335903
6418 4.920854
6026 2.393289
5731 3.160898
6039 2.249031
6038 2.29627
6413 2.575971
3801 2.874749
4257 2.813306
6377 3.689108
5443 2.662536
5913 2.244906
5487 2.657182
6014 2.106459
6336 3.561851
5907 2.12026
6338 3.192493
5904 2.144376
3784 3.135104
6347 3.728113
6315 2.999264
5652 3.374717
5518 2.62214
5484 2.676491
6299 3.326355
5902 2.05056
6036 1.94214
5522 2.053165
5538 2.473274
5999 2.213329
5421 2.553483
3802 2.895214
5531 2.654342
6043 2.195649
5995 2.498928
3806 2.707209
3808 2.632562
5989 1.916991
5881 1.757403
6228 2.69394
5812 1.913089
6092 2.413928
6041 2.455731
6396 3.721503
6380 3.700466
5957 1.949128
6387 3.740737
6202 2.670249
5679 3.140008
5994 2.103873
5272 2.323525
6082 2.299415
6391 3.696205
5856 1.751782
5887 2.062937
3707 1.835964
5858 1.998587
6143 2.744875
5578 3.76609
3321 2.221354
4307 3.123476
6276 3.240777
5358 2.652764
6154 2.807354
5506 2.107642
5797 3.124011
2452 2.266207
6304 3.186926
5703 3.886598
5924 2.16455
6313 3.291689
6073 2.335646
3731 1.878684
6030 2.388988
5560 2.344968
6093 2.456039
5266 2.101325
6009 2.293445
6403 3.990272
6329 3.374717
5516 2.268066
5526 2.017003
6011 2.23094
3790 3.295442
6134 2.634886
3807 2.92925
5800 3.220479
