450
1.89 -0.564 0.704 0.0173 0.376 0.133 0.917 
5422 2.488715
6101 2.570029
5837 1.962197
5861 2.000524
5349 2.659248
5242 2.224658
6032 2.309948
5449 2.565996
6382 3.663974
6337 3.572884
5660 4.219861
5630 3.558758
6325 3.437975
6294 3.335933
6321 3.398689
5658 3.688484
6397 3.42716
6387 3.657376
5882 1.706646
6096 2.484032
6062 2.511398
6130 2.945436
5611 3.202726
6339 3.613854
6367 3.719404
5683 4.420892
6237 3.191552
6252 3.21232
5695 3.49353
6330 3.499347
6376 3.649171
5589 3.843923
5691 3.877439
5805 2.015385
5838 2.168323
6253 3.236668
6423 3.084795
6138 2.643192
5283 2.059168
5878 2.114944
5908 2.150231
5380 2.526767
5542 3.131977
5457 2.638066
5295 2.301549
6392 3.526223
6365 3.56219
6100 2.514217
6060 2.546028
5730 3.460232
6381 3.544647
6359 3.588853
6369 3.597234
6281 3.145539
6361 3.719792
6301 2.982715
5834 2.147688
6239 2.893528
5654 3.832231
6233 3.19198
6243 3.166126
6241 2.770927
6264 3.230819
6236 3.2806
5261 1.739223
5944 1.983973
6404 3.606092
6265 2.841364
5829 1.983534
5931 2.322875
5833 1.953939
6049 2.079829
5282 2.03772
5339 2.278899
6187 2.744304
5519 2.516063
5909 2.171695
5887 2.123341
5240 1.847109
5233 1.845354
5599 3.379977
6354 3.61801
6058 2.52857
6391 3.626351
5653 3.512337
5571 2.71578
6268 2.83581
6372 3.746988
6383 3.770831
2450 2.49223
6292 2.997855
5633 2.803008
6390 3.32152
6380 3.46558
6368 3.696779
5850 2.143075
5710 3.08276
6389 3.469471
6213 2.763016
5896 2.16239
5386 2.535795
5986 1.914695
5679 2.96054
6356 3.062648
6263 2.818792
6192 2.715235
6245 3.242584
5638 2.856014
5945 2.035567
6068 2.253008
6122 2.580375
5877 1.871816
6069 2.434345
6400 3.574332
5595 2.980257
6375 3.592985
6355 3.574772
6260 2.780823
6283 2.980857
5788 3.168375
6374 3.572088
6393 3.621366
6248 2.921259
5797 3.240449
5684 2.850621
4303 2.847414
6055 2.252795
5950 2.270652
2308 2.175406
5389 2.552166
6090 2.669191
5428 2.504394
2976 2.651133
6247 3.335217
6251 3.22036
6034 2.101277
5900 2.140182
5885 2.123903
5470 2.607064
4534 2.571671
5512 2.502873
6082 2.148111
5827 1.950882
5819 1.958527
5248 1.832374
5844 1.854962
5939 2.034942
5286 2.296619
5984 2.245781
5229 1.943402
5659 3.423408
6399 3.540235
6106 2.450633
6052 2.46028
5664 4.694284
5620 3.608396
6421 4.037501
6352 3.353901
2313 2.027612
5860 2.103052
5840 2.182395
6276 3.361377
5475 2.60924
5890 2.12286
5891 2.126173
5926 2.234866
5544 2.173198
6075 2.25262
5511 2.48487
6206 2.769969
6104 2.54507
6050 2.10318
4596 2.35922
5541 2.420748
4307 2.935319
6302 3.306903
5979 2.202547
5411 2.597505
5967 2.266184
5269 2.270028
6411 2.225251
6371 3.420051
5583 2.86243
5703 3.585517
6342 3.412906
5901 2.122537
5629 4.418328
6290 3.411563
5902 2.13387
5923 2.146264
4610 2.220501
6038 2.251605
5515 2.504662
6046 2.166127
6166 2.599285
2315 1.954431
5987 1.94497
6023 2.04406
6007 2.232146
5415 2.500349
2880 1.97487
5886 2.011222
6009 2.17727
5330 2.463825
5281 2.021819
5953 2.022288
5977 2.164079
5983 2.221472
6285 3.452926
5553 2.774091
3820 3.185257
6029 2.467152
6343 3.685973
5426 2.58214
3772 2.983917
6272 3.215979
6420 4.293332
5899 2.120341
5531 2.453973
2318 1.989763
5334 2.27544
6111 2.601982
6232 3.351681
5443 2.546986
5266 1.992563
6377 3.161458
5424 2.254639
3786 2.694356
4562 2.41502
6014 2.065174
5495 2.098675
4604 2.187242
5532 2.33291
6134 2.636617
6388 3.960752
6110 3.752478
6291 3.465151
5904 2.187492
5907 2.130277
2457 2.868352
2446 2.492233
6341 3.377527
6072 2.197019
5516 2.354337
5518 2.485436
5487 2.668116
6322 3.331678
5958 2.15408
5999 2.14723
5453 2.79712
6045 2.36254
6136 2.574695
5652 3.292608
4706 3.353206
4317 3.274134
6039 2.22042
4615 2.213232
6026 2.538879
5913 2.18942
5995 2.540252
6338 3.167787
6031 1.981336
6000 2.225488
6041 2.556056
6238 3.00504
6289 2.913462
6327 3.595586
5858 2.117888
5949 1.860341
5592 2.741706
6162 2.651361
6042 2.268345
2876 2.096041
5588 3.880219
5963 2.228575
5871 1.765854
5938 2.262134
5338 2.278899
5548 2.852454
5514 2.010271
2452 2.468098
6317 3.529005
5280 2.017301
5607 2.808062
6304 2.931493
6061 2.128047
5991 1.981141
6020 2.025424
4653 2.858875
5567 3.702002
3707 1.772042
5715 3.241654
5522 1.94497
5973 2.226157
5438 2.546193
5559 3.630763
6331 3.321218
5484 2.584819
5970 2.29895
3678 2.097376
3808 2.708246
5893 2.11791
6057 2.473453
5549 2.213232
6091 2.271894
5960 2.179874
