456
1.96 -0.477 0.484 0.0344 0.332 0.131 0.933 
5449 2.500043
5364 2.528085
6032 2.295397
6089 2.515111
6096 2.597212
5611 2.982522
6365 3.501072
6382 3.653502
6294 3.382745
6321 3.407675
5683 4.384956
6252 3.238571
6062 2.519366
6041 2.570222
6330 3.447829
6253 3.24148
6367 3.660813
6318 3.613696
5838 2.248276
5335 2.215437
5519 2.462766
6138 2.606951
5542 3.010526
5837 1.986257
5908 2.236334
5878 2.186267
6162 2.618807
6355 3.513351
6392 3.544936
6058 2.502969
5599 3.05859
6281 3.222919
5730 3.289268
5653 3.513846
6381 3.43125
6387 3.607468
6048 2.181467
5695 3.237963
5589 3.950764
5691 3.796566
6361 3.673767
6237 3.195378
6243 3.164326
6298 3.594853
5834 2.263769
5283 2.01435
6049 1.969701
5543 2.257784
6266 3.271405
6236 3.273561
6192 2.698256
5380 2.484599
6160 2.792626
5240 1.820924
5887 2.187529
5233 1.838167
5833 1.979605
6374 3.363163
5682 4.289461
6421 4.117327
6378 3.328337
5654 3.738234
6383 3.804931
5618 3.041039
6358 2.949903
3779 3.373556
6238 2.476411
6245 3.304814
6264 3.337813
6047 2.181334
2450 2.709286
5860 2.158425
5957 1.776496
5850 2.268678
5945 2.007867
5386 2.562687
5896 2.191211
5826 2.026635
6122 2.546552
5877 1.86841
6325 3.427669
3300 2.614743
6390 3.146011
6055 2.199051
6393 3.52795
6069 2.365726
5571 2.459687
4653 2.623709
6052 2.499318
6247 3.239894
6273 3.320347
6319 3.440432
6206 2.607636
2313 2.133643
5548 2.654033
5512 2.447453
6179 2.703395
5282 1.96604
5827 2.00244
5358 2.54507
5885 2.185683
5470 2.556872
5984 2.236987
6399 3.230008
5659 3.206455
6400 3.393025
6375 3.531109
6389 3.152531
3392 3.059567
6352 3.384707
2318 2.147246
6057 2.226201
2459 2.983843
5389 2.436358
5967 2.264
6054 2.36997
6050 2.015842
5541 2.270382
5950 2.257034
5840 2.361484
6007 2.127759
5250 1.785237
5511 2.410525
6090 2.49531
5475 2.561829
6104 2.529711
2880 1.982657
5286 2.256694
6106 2.333202
6420 4.115406
5788 3.01271
5567 3.163969
6342 3.346144
6326 3.311249
6043 1.990865
4596 2.188968
5415 2.374206
6208 2.417348
6177 2.756931
5260 1.983163
4534 2.513694
5334 2.197739
5979 2.16347
6030 2.242544
5330 2.46619
5890 2.229578
5923 2.282139
5973 2.201626
5892 1.888714
5846 1.871272
3820 3.146302
5473 2.183227
6029 2.362408
5426 2.592066
5983 2.24672
5703 3.226847
6357 3.452789
2458 3.2603
5266 1.908252
5398 2.678985
6111 2.452447
5229 2.028431
5936 1.892651
5484 2.546627
5515 2.359553
6026 2.492263
6136 2.626712
6388 3.90159
6418 4.078644
6338 3.338168
6299 3.381973
5904 2.2261
2317 2.126393
2446 2.658631
6412 4.231828
5952 1.897556
6291 3.486276
5518 2.556764
6232 3.396277
6045 2.3499
2315 2.132817
5913 2.17071
6038 2.16715
4562 2.303755
5487 2.549025
6009 2.176676
5453 2.457423
6164 2.505469
5500 2.489046
6329 3.124571
5424 2.141699
5995 2.449623
6341 3.145501
2457 2.642242
5861 2.058574
6339 3.643987
5881 1.580535
5812 2.100769
6000 2.208058
6364 3.557565
5658 3.507706
6213 2.601861
5875 1.619573
5805 2.148301
5847 2.060698
5883 1.612049
5963 2.247843
6034 1.935397
6241 2.714381
2876 2.180228
5901 2.171749
6248 2.592126
5822 1.664059
5835 1.758125
6166 2.756931
4124 1.793963
6424 1.63418
6133 2.541029
5366 2.39626
5891 2.188617
5281 2.016365
5953 2.005476
5438 2.452447
5982 2.212883
5977 2.139892
5421 2.626712
5956 2.220935
5999 2.33005
6065 2.505469
5652 3.124571
