464
2.04 -0.337 0.174 -0.00438 0.279 0.137 0.951 
6380 3.129966
6359 3.381448
5660 3.914568
5933 2.50417
6324 3.432405
5589 3.358946
6330 3.475108
5519 2.354281
6367 3.712929
6318 3.549216
5875 1.607792
6138 2.484579
5457 2.507591
5276 1.640605
6101 2.543441
6032 2.324457
886 2.659541
5833 2.085175
5887 2.318063
6062 2.620862
5838 2.39233
5283 2.020793
6192 2.588425
5548 2.587341
5261 1.717318
5835 1.768809
5380 2.516071
5885 2.323274
5348 2.684689
6048 2.160867
6213 2.50025
6058 2.612396
5683 4.098237
5672 3.920983
5695 3.04472
5691 3.621967
5658 3.242122
6361 3.635447
6354 3.614711
5938 2.472623
2450 2.81252
5817 1.552809
5386 2.542107
5825 1.724669
5248 1.837649
5896 2.337788
5358 2.533655
5295 2.330597
5233 1.892377
6055 2.1659
5512 2.33607
6355 3.299875
6381 3.019409
5718 4.160915
5659 3.089847
5653 3.132776
6264 3.10323
2313 2.472121
5931 2.498765
270 2.573682
5250 1.82744
6090 2.518024
5332 2.572362
5890 2.308657
5909 2.281701
5967 2.317354
4534 2.438701
6057 2.113123
5511 2.310183
5836 1.598288
5298 1.620385
2880 2.086059
6352 3.347157
5664 4.145225
5629 3.991712
6346 3.466123
6299 3.074717
6379 3.865895
5941 2.440551
5900 2.314754
5846 1.926608
5911 2.077688
5891 2.318148
3374 1.98383
5977 2.306632
6111 2.537455
6206 2.532037
5515 2.38201
5842 1.600073
5886 2.156459
6052 2.505677
6375 3.259084
5567 3.249195
5703 3.129841
6363 3.354231
6273 3.201916
6383 3.819448
3352 2.463365
1834 2.555122
6342 3.250905
5970 2.080562
5983 2.249405
5279 2.214203
6029 2.581792
6317 3.652567
6038 2.145921
4562 2.418003
5426 2.517257
4131 1.62959
5902 2.315922
5923 2.378332
5314 1.561015
4825 1.636804
6413 2.512318
6341 3.208958
6418 4.020934
6026 2.512591
6284 3.383059
5553 2.485555
5518 2.405332
2430 2.654575
5953 2.020653
5453 2.44824
5443 2.780833
2318 2.420184
5913 2.378217
4138 1.631005
6388 3.674265
1800 2.661572
5904 2.345844
4806 1.565826
5516 2.262079
4152 1.626035
2315 2.382095
5936 1.977251
6403 3.80295
6187 2.509226
5349 2.680028
5829 2.125627
6241 2.573007
5919 2.050269
5834 2.398555
2452 2.769595
5470 2.522143
5415 2.438701
5843 2.297446
5286 2.357204
5269 2.306632
6125 2.614297
5860 2.318148
6302 3.074717
5229 1.991873
5281 1.976825
5266 2.020653
5848 2.408044
5921 1.943681
6285 3.369169
5260 2.011188
5995 2.477525
5484 2.502394
6134 2.752368
5328 1.641655
6065 2.73769
