477
2.22 -0.128 -0.132 0.00753 0.223 0.0927 0.97 
6927 3.423374
6062 2.627481
6071 2.553603
6855 2.935003
6964 3.160631
6362 3.701565
6236 3.043657
6682 2.015924
6943 3.52692
6631 1.864424
5519 2.233181
6138 2.464847
6458 1.467377
6639 1.899879
6788 2.433196
6649 1.856838
6845 2.519584
5457 2.398262
6444 1.488247
6703 2.106915
5837 2.131101
6507 1.658425
6786 2.591554
6032 2.30368
5887 2.392509
6977 2.69795
5938 2.489094
6939 3.234734
6919 3.181439
5349 2.661078
2450 3.013343
6367 3.660053
5261 1.681938
6815 2.344709
6926 3.059019
6253 3.070231
6298 3.50387
6801 2.203892
6680 1.986152
1803 2.800675
5875 1.516929
6502 1.476677
6539 1.702007
6624 1.837677
6454 1.454182
6783 2.43663
6659 1.999091
6688 1.965703
6677 1.945081
6787 2.168803
6122 2.365648
2876 2.41914
6487 1.586824
6048 2.026282
6162 2.451436
6588 1.792649
6637 1.89626
5877 1.839673
5833 2.146977
6769 2.18487
6840 2.515224
6634 1.903739
6500 1.478357
6521 1.663717
6906 2.714775
6543 1.599578
6936 3.266395
6930 3.400172
6983 2.994824
2784 2.667902
6106 2.059793
6192 2.422361
6816 2.224403
6526 1.707862
6645 1.865335
6047 2.037802
5470 2.397764
6765 2.204834
6440 1.495472
6520 1.632825
6739 2.147109
2880 2.15089
5941 2.486204
6470 1.491169
6544 1.596221
6828 2.427178
5233 1.867152
6551 1.709465
6456 1.549375
6464 1.522276
5252 1.76192
6663 1.804949
6461 1.494642
6534 1.752082
5919 2.040595
6968 2.502717
6872 2.537455
6052 2.542749
6355 3.276772
5683 3.867523
6878 2.585036
6346 3.567817
6685 2.017358
6931 3.26701
6852 2.865213
270 2.931381
6800 2.418748
6791 2.57651
6848 2.541646
6090 2.482638
6657 2.038573
6469 1.520887
6457 1.536761
6480 1.572864
6745 2.146572
5900 2.429296
5827 2.117578
3352 2.460211
6489 1.536513
6471 1.436317
5247 1.76991
6054 2.260222
6104 2.370242
5286 2.319535
5984 2.233076
3731 1.881916
6593 1.808646
6674 1.966438
2976 2.59504
5512 2.248651
4518 1.656736
5967 2.186273
6058 2.504334
6954 3.548205
5664 3.993073
6853 2.580434
6694 2.111139
6914 2.962275
5848 2.580515
6904 3.021295
6841 2.799679
6495 1.559692
5250 1.802901
6671 1.821097
5890 2.416786
3749 1.650458
6567 1.768805
6698 2.015255
3374 1.861694
6770 2.160653
5977 2.278132
6540 1.73567
5511 2.241606
5836 1.494988
4521 1.504827
5904 2.466644
6557 1.683047
6273 3.261509
6403 3.382512
6951 3.374369
6352 3.243449
6388 3.833111
6875 2.644826
6809 2.406781
6804 2.346498
6732 2.111773
6932 3.263716
6505 1.59747
6530 1.73478
6538 1.694621
6623 1.884126
1834 2.874783
5279 2.185214
5983 2.222435
6621 1.892461
6687 2.027307
6683 1.94984
6575 1.859314
6413 2.386478
4562 2.280647
5842 1.483816
6057 2.070868
5923 2.419348
6029 2.599345
6302 3.271787
6948 3.39483
6342 3.111861
6383 3.829464
5682 3.838584
6344 3.350901
6807 2.482991
6792 2.382973
5840 2.532245
6627 1.832181
6527 1.733633
6916 3.16528
6905 3.007328
1856 2.854569
6636 1.75653
5266 1.935598
6729 2.042565
6604 1.822264
6676 2.0912
6974 4.207375
6923 3.13373
6856 2.707284
6589 1.829728
6299 3.268939
4825 1.561263
6038 2.022595
6790 2.227215
6026 2.515224
6667 2.06797
5453 2.335215
6250 2.839123
6833 2.699643
5443 2.526616
6651 2.165197
6479 1.645067
6379 3.690375
6976 4.205549
6768 2.027344
6941 3.266327
6808 2.402005
6704 2.162666
6748 2.295999
6824 2.554039
6232 3.192785
2318 2.663444
6590 1.876949
6554 1.718429
6696 1.884003
5487 2.335812
6823 2.65742
6826 2.359837
6605 1.743165
6730 2.020949
6586 1.726328
6666 1.879393
6715 1.991938
6700 2.268751
6537 1.687209
6536 1.740374
6576 1.907472
6799 2.433196
6369 3.158062
6679 1.921317
6668 1.939151
6496 1.606499
6482 1.574375
6962 2.321639
5283 1.967879
5829 2.179641
6877 2.667037
5834 2.516894
6758 2.203064
6468 1.496719
6725 2.181533
5909 2.436657
6947 3.396167
6813 2.496343
6760 2.268397
6690 1.96126
5822 1.624097
6647 1.794279
5896 2.390971
6439 1.402125
6550 1.575747
6707 2.105158
6662 1.965159
6712 2.127765
6738 2.216465
6844 2.431614
5931 2.476907
5718 3.875754
2313 2.460894
6555 1.654392
6463 1.506218
6822 2.57651
6706 1.941006
2952 2.52439
6749 2.149414
6493 1.504827
5953 2.000628
6317 3.610853
6672 1.956654
6528 1.62187
6608 1.864098
6513 1.497752
5260 1.911519
5979 2.16378
1812 2.78297
5629 3.951998
5893 2.470965
5902 2.416057
5426 2.572071
6504 1.66672
6532 1.724899
6829 2.648016
6606 1.876949
6134 2.603001
6065 2.31369
6810 2.414281
5913 2.379475
6750 2.176007
6802 2.508532
6491 1.566707
6045 2.342973
