480
2.24 -0.0957 -0.315 -0.00918 0.183 0.0947 0.978 
5660 3.377796
2784 2.865709
6052 2.614106
6936 3.060844
6367 3.459546
6919 3.203804
6747 2.227114
6943 3.349128
6549 1.524889
5283 1.928843
6787 2.08229
6964 2.981106
3302 3.496553
6795 2.520147
6793 2.404905
5887 2.42179
6114 2.362657
6138 2.25624
6668 1.947711
6444 1.553321
6631 1.886546
5837 2.117296
6558 1.728225
6701 2.099213
6682 2.058813
6726 2.213238
6458 1.476736
6522 1.611727
6539 1.717359
5909 2.438512
5878 2.381793
2313 2.595177
6799 2.444983
5282 1.897847
5233 1.822467
6500 1.425323
6162 2.234586
6825 2.236095
5457 2.304891
6840 2.382342
5276 1.518284
6544 1.543748
6660 1.875616
5833 2.133505
6089 2.423618
6703 2.201558
6707 2.242578
6680 2.063961
6629 1.870679
6688 1.998021
6709 2.076379
6618 1.928907
6593 1.960861
6727 2.219322
6429 1.393674
6752 2.0448
6659 2.084602
6032 2.24965
6448 1.583488
6062 2.580438
6361 3.320635
6359 3.014434
6815 2.274128
6930 3.453328
6911 3.130271
2450 3.012485
6506 1.438773
6828 2.289622
5386 2.397119
6436 1.374305
6465 1.493641
770 2.595069
6677 2.001202
6548 1.536775
6505 1.645491
6440 1.511212
6071 2.425101
6614 2.006485
5252 1.667506
6685 2.045447
6699 2.118274
270 2.990713
6607 1.885415
6563 1.879895
6520 1.690507
6551 1.783531
5945 1.887419
6048 1.927394
6647 1.741367
5896 2.379894
6058 2.536611
6526 1.709558
6298 3.350544
6952 3.422467
5718 3.571356
6783 2.448114
6757 2.385258
6931 3.468267
6763 2.216053
825 2.937181
6735 2.103391
6694 2.174353
5247 1.746575
6690 1.994274
6891 3.029759
6493 1.436312
6732 2.26518
6630 2.02951
6648 2.062285
6479 1.661444
5967 2.186438
5279 2.2037
6090 2.440301
5470 2.309652
5415 2.208207
6122 2.264115
4534 2.316571
2955 2.51437
6555 1.690646
6489 1.556805
6372 3.433351
6853 2.556169
6822 2.579811
6804 2.442834
411 3.01319
6904 3.032527
6932 3.509204
6847 2.845263
5683 3.559549
6355 3.030414
5983 2.172019
6689 1.98756
6453 1.507074
6488 1.440439
6495 1.527606
6712 2.156685
6723 2.220534
6494 1.726112
6530 1.727041
6538 1.763212
6746 2.356069
6770 2.170458
5984 2.171731
6104 2.325267
5250 1.792587
5822 1.560776
6656 1.907255
5941 2.416228
5904 2.439008
6528 1.720878
6481 1.515428
6346 3.280991
6342 3.029572
6388 3.514523
6960 3.42719
6807 2.264997
6698 2.174817
6814 2.434269
2824 3.021056
6875 2.513569
5664 3.466666
6687 2.047918
5824 1.561577
6504 1.71124
6542 1.779729
6540 1.863048
6411 2.129393
5260 1.861886
6413 2.349018
5438 2.268925
6819 2.211561
5294 1.493216
3749 1.619025
3352 2.447709
6798 2.464398
6029 2.417043
6317 3.24152
6285 3.089494
6383 3.531506
6809 2.241849
6792 2.350541
5840 2.520547
6700 2.18948
6627 1.964741
6536 1.869978
6916 3.184398
2430 3.031289
6854 2.566999
6974 3.78277
6532 1.8395
6729 2.018237
5977 2.049247
6527 1.81562
6576 1.954915
1816 3.087592
980 3.14568
6895 3.124154
6808 2.357881
6842 2.923819
5913 2.415667
6790 2.276368
6026 2.502761
6589 2.062027
5487 2.308321
5484 2.374113
5443 2.445867
6774 2.281622
6833 2.568801
6676 2.127424
2318 2.521709
6513 1.468137
5952 1.990451
6826 2.352418
6586 1.808526
6881 3.011765
6856 2.461696
6379 3.558516
6958 3.436643
4138 1.515918
6941 3.279099
6767 2.150919
6537 1.826743
6606 1.930374
5266 1.903809
6730 1.999812
5426 2.470285
6045 2.297429
6721 2.256168
6485 1.517665
6554 1.73541
1817 2.990733
6923 3.189147
6810 2.340657
5936 1.944816
6927 3.469716
6450 1.422217
6626 1.909615
1025 3.045148
5829 2.188053
6508 1.563267
6517 1.666619
5834 2.414645
6788 2.444983
6431 1.358466
6628 1.886408
283 3.071981
6510 1.611727
6446 1.495375
6624 1.870679
6490 1.426375
5295 2.26142
6330 2.980087
6362 3.450346
6480 1.632308
6534 1.85403
6463 1.528933
3707 1.990398
6739 2.100296
6154 2.637809
6638 2.02951
6702 1.917951
5286 2.2037
6969 2.416228
5900 2.413182
6352 3.03705
6612 2.014073
5428 2.208207
3368 1.5554
5890 2.464398
6457 1.554219
2457 3.228719
1800 3.031289
6541 1.740075
3374 1.899464
6518 1.468137
6902 3.055399
6636 1.727572
6708 2.198584
6605 1.620629
6771 2.218073
6604 1.871863
6477 1.613845
6851 3.058179
