482
2.25 -0.057 -0.444 -0.0129 0.154 0.0902 0.984 
6964 2.900392
3302 3.172608
6793 2.365384
6725 2.330079
6943 3.252979
6101 2.254943
5887 2.405207
6795 2.554791
6712 2.312206
6458 1.525015
6668 2.011155
5283 1.839091
6032 2.178621
6709 2.004596
6468 1.514029
6482 1.617447
6546 1.846138
6682 2.101785
6679 1.895663
5837 2.118181
6855 3.09205
6062 2.512941
6927 3.2481
5876 2.553682
2876 2.531285
6738 2.380131
6114 2.282338
5386 2.24737
6688 1.993823
6677 2.025414
6465 1.469029
6454 1.478288
6629 1.865576
6587 1.887065
6478 1.332875
6500 1.375933
6523 1.675887
6539 1.717647
5282 1.825765
5295 2.178452
6487 1.621142
6558 1.684767
6533 1.810119
6680 2.080285
5909 2.378876
6058 2.508985
6432 1.321414
6367 3.376372
6707 2.307635
2450 2.993659
6838 2.882844
6647 1.684707
5261 1.575782
6436 1.365041
6071 2.42382
6473 1.341684
6469 1.571568
6501 1.703571
6463 1.531053
6526 1.717594
6624 1.900147
6574 1.721927
5833 2.112625
6486 1.643463
6448 1.602885
6529 1.856919
6685 2.068573
270 3.123489
6752 2.021975
5945 1.869255
6122 2.102509
5896 2.378379
6965 1.812615
6431 1.34902
6298 3.291724
6952 3.408378
6746 2.374368
6691 1.985941
2313 2.583649
6703 2.196897
6983 3.114321
6931 3.524837
6673 1.719654
6644 1.904525
6578 1.681441
6607 1.947946
6661 2.09203
6694 2.184573
6612 2.031819
6657 2.280453
6567 1.888618
6664 1.891276
5827 2.105722
1834 3.111527
5286 2.183427
6714 1.84403
5967 2.099192
4534 2.221023
6669 1.811326
5252 1.654577
6383 3.384612
6732 2.323191
6822 2.61197
6904 3.03097
6932 3.28329
6597 1.879611
6735 2.067255
6530 1.792965
6627 2.053572
6495 1.546313
6572 1.896012
6538 1.704139
6702 1.901249
5917 1.947489
5983 2.140285
6104 2.177388
5389 2.281522
5247 1.693979
5822 1.520832
5900 2.360561
6029 2.352894
6807 2.339914
6388 3.372716
6875 2.454748
6960 3.294639
6723 2.27278
6689 1.996443
6783 2.458447
6914 3.117042
1856 3.110828
6790 2.174493
6509 1.705466
6542 1.734003
6700 2.358548
6651 2.244362
6479 1.64829
6494 1.726336
2392 3.050865
6111 2.193544
5443 2.339356
6413 2.309435
5904 2.390599
5902 2.405719
6696 1.888307
6026 2.496623
6492 1.555969
6317 3.334898
6809 2.247396
6973 3.379701
6856 2.41854
6804 2.466702
6748 2.465652
6547 1.952023
6902 3.045653
6916 3.041688
6881 3.012985
990 3.109001
1350 3.009424
1405 3.099156
6379 3.475385
1817 3.084889
6958 3.305253
6810 2.307452
5913 2.273364
5438 2.174125
5426 2.325701
6687 2.209659
6730 1.906032
6589 2.084299
5973 2.108066
6814 2.61161
6557 1.66797
6586 1.712253
6620 1.823935
1022 3.111475
6808 2.349981
6767 2.195145
6824 2.436907
5923 2.29493
6802 2.499481
6826 2.141226
6606 2.002001
6632 2.142465
6792 2.426199
6485 1.53438
6491 1.570507
6554 1.73967
6676 2.294149
6750 2.275404
6532 1.788029
6851 3.056857
6896 3.196504
6923 3.09447
6758 2.316271
2784 2.894128
6339 3.182416
6450 1.385065
6437 1.517857
6631 1.865576
6840 2.282338
6517 1.713486
6052 2.487914
6936 2.889735
6815 2.279177
6475 1.519514
6699 2.059395
6736 2.116165
6727 2.276384
6359 2.922042
6853 2.424314
6847 2.87398
2283 3.016668
6635 1.979285
6672 2.075479
5294 1.40631
6090 2.31369
6611 2.038413
5428 2.188504
6548 1.491709
6971 1.879636
5279 2.152606
6698 2.050915
6675 2.067259
3374 1.823106
6828 2.150837
6506 1.367917
5941 2.432877
1812 2.916605
6854 2.423468
6667 2.235948
5415 2.193544
5260 1.75927
6344 3.211926
5848 2.575806
2457 3.313926
2430 3.056857
5952 1.865568
980 3.103261
6697 1.859971
5840 2.709237
6610 1.962564
4138 1.505751
6527 1.76878
6949 3.288855
2318 2.631971
6715 1.781479
6721 2.271171
6666 1.779268
