504
2.37 0.568 -1.2 0.0402 -0.0346 -0.0615 0.997 
5888 1.694811
6738 2.32991
1346 3.33638
6579 2.037678
6701 2.052422
6722 2.269749
5845 2.007405
6618 1.932987
6437 1.377264
5861 1.756094
5933 2.056099
5908 1.977689
292 3.304607
780 3.283864
6062 1.876975
6677 1.84842
2784 3.173506
6852 3.340946
6482 1.463685
6795 2.283507
5876 2.391029
6694 2.044254
6685 2.029575
6726 2.247878
6637 1.928393
6743 1.874234
5837 1.704078
5938 2.056986
6539 1.43568
6640 1.611962
6791 2.305081
6440 1.381911
6486 1.47532
6736 1.641715
6635 1.912821
6496 1.546422
6756 1.718877
5931 2.044012
6058 1.858509
834 3.236487
821 3.354478
6456 1.514446
5827 1.70312
6479 1.633152
6804 2.253225
6698 2.065351
6732 2.307937
5900 1.993532
6608 2.160552
6612 2.108029
6052 1.845088
6914 3.251315
6881 3.235167
1803 3.265804
6687 2.02321
6699 1.958271
5950 2.02792
5890 2.054304
2955 1.880636
6026 1.889887
6480 1.433805
518 3.182332
5893 2.076846
6589 2.055219
6661 2.049691
6739 1.673151
6527 1.777903
1403 3.211591
6759 1.965403
6969 2.001436
6814 2.294297
6538 1.538482
6733 1.886931
6585 1.722558
1812 3.216197
6627 2.083758
6700 2.306852
6850 3.312318
6895 3.302492
990 3.272291
5923 2.03757
6792 2.192806
6771 2.031179
6676 2.044512
474 4.144853
2952 1.839919
6884 3.319048
6532 1.621466
6606 2.137094
6708 2.32628
6829 2.576216
6851 3.239473
6724 1.808038
6774 2.006656
6767 1.775836
6721 2.062014
449 4.666455
6668 1.838411
6523 1.503179
6711 2.269749
6695 1.747932
5805 2.25053
6812 2.339426
6503 1.713054
6644 1.611962
307 3.363531
6515 1.714955
5843 2.084065
5885 2.018123
6521 1.620134
6820 2.318374
6649 1.494707
6898 3.114275
6494 1.643809
6704 2.378062
1800 3.12247
