523
2.1 0.482 -1.64 -0.00864 -0.13 -0.0374 0.991 
5933 1.984889
7407 3.057059
7297 2.42556
7435 3.340277
7206 2.163737
7359 2.54654
7173 1.946014
7001 1.344393
7331 2.493973
6862 3.319686
7498 3.951779
7165 1.77928
5837 1.649625
6701 2.070707
7502 3.850967
7048 1.539906
7107 1.643284
7199 1.850977
6556 2.014042
6659 2.309031
7248 2.096643
320 3.758088
263 4.790277
6996 1.340997
6989 1.186785
7050 1.479995
1104 5.116161
7479 3.679829
7393 3.137843
7499 3.935028
5887 2.02975
7046 1.468989
7281 2.373662
7389 3.082085
7413 3.405347
5805 2.300217
7127 1.678168
6677 1.845526
7210 1.951797
7315 2.292521
7115 1.631865
7176 1.789262
7049 1.548777
6699 2.096056
7114 1.781
7434 3.386803
7505 3.844337
7401 3.25337
7135 1.757417
7081 1.692563
7458 3.32639
6726 2.304198
3302 3.220988
7302 2.418314
7391 3.170435
7506 3.938478
7042 1.451025
7014 1.411016
7029 1.521032
7253 1.975673
6486 1.582466
6645 1.496564
6694 2.115236
5833 1.662561
6644 1.65795
7214 1.898798
7318 2.305419
7287 2.194348
7429 3.355665
7424 3.337188
7493 3.768947
7396 3.105471
6611 2.263876
7085 1.693396
7141 1.807401
5938 1.932681
6757 2.470075
7328 2.310951
7444 3.152918
7180 1.973589
6999 1.355733
1075 4.697431
2880 1.647326
7151 1.685807
7406 3.021932
7290 2.258726
6683 2.127205
6675 2.119285
6698 2.163169
7294 2.21317
6456 1.646606
7123 1.78121
7353 2.548632
7398 3.109506
7131 1.81202
7055 1.534547
7143 1.773862
6521 1.717914
6662 2.352397
6612 2.228961
5941 1.957665
6791 2.295642
6983 2.892899
7323 2.274234
7447 3.179986
7030 1.503857
247 3.846499
7451 3.360686
7392 3.169619
449 4.71822
394 4.627448
6469 1.450779
7076 1.695018
6479 1.818496
7320 2.404794
7399 3.055298
7064 1.672864
7126 1.744655
5827 1.631676
7503 3.68159
6530 1.744717
7282 2.298593
5931 1.892174
7196 1.772984
6800 2.31249
6833 2.250198
7308 2.315932
7212 1.932683
7136 1.680021
270 3.257631
7341 2.548142
7298 2.507897
7022 1.560307
7496 3.828987
1094 4.806467
7322 2.469399
6804 2.26249
7522 1.724761
6597 1.96269
7431 3.122936
7438 3.220783
5950 1.902922
5885 2.010235
7430 3.319307
7395 3.1532
7338 2.636654
5840 2.323147
7122 1.817218
7512 3.736668
7380 2.801677
6585 1.778462
6850 3.340867
474 4.980556
5923 1.847828
7523 2.025037
853 3.20283
7381 3.195954
7516 3.664582
6687 2.062911
7319 2.562287
7309 2.776907
6994 1.34565
7257 2.37178
6792 2.403093
7033 1.555155
7159 1.837001
7117 1.665106
6771 2.033402
7452 3.444055
7133 1.596955
5890 1.940709
7201 1.847928
6589 2.20682
6700 2.412752
7378 2.757212
6532 1.823229
7524 2.97167
7263 2.120003
7321 2.345459
7441 3.267156
6721 2.19862
7469 3.427377
2315 2.283487
7262 2.411181
6774 1.993428
7157 1.77692
7096 1.597267
5893 1.864903
7295 2.461936
7040 1.574265
7162 1.819156
7427 3.42793
7492 3.71877
6708 2.398115
6851 3.623564
7450 3.259145
1055 4.632609
863 3.643183
7303 2.222064
7325 2.316715
7125 1.662561
6522 1.337699
6852 3.195164
7213 1.86737
6523 1.537898
6637 1.935092
6881 3.267632
6805 2.393435
7369 2.560488
7344 2.481594
6988 1.187979
6688 1.819731
7288 2.175569
6433 1.364955
7068 1.621907
6635 1.953944
7301 2.31249
6743 1.904319
7350 2.34051
7078 1.505696
7245 1.957665
7289 2.3524
7487 3.668414
7510 3.939882
452 5.093369
7069 1.534547
7231 2.003411
7155 1.646117
7110 1.690477
7119 1.671069
7299 2.523288
6542 1.733607
7128 1.763886
6843 3.40678
7400 3.153732
7327 2.148882
7296 2.461936
3352 1.882146
7467 3.208506
1817 3.368395
7518 3.692675
6789 2.283487
6823 2.31859
7075 1.559555
7423 3.067249
6590 2.171455
