537
1.29 0.475 -2.07 0.0271 -0.31 -0.103 0.945 
6799 1.72592
181 5.725863
320 3.910444
6722 1.904367
2238 3.302471
7246 2.258054
6886 2.806416
93 3.39616
7498 3.964864
280 3.861235
1317 2.756254
7206 1.983046
6701 1.609886
7393 3.105895
7404 2.811986
157 2.899423
7505 3.542984
6682 1.63907
7360 2.712345
7342 2.592053
7254 2.333243
1813 2.677363
7420 2.520563
7499 3.972942
7475 3.277867
452 5.813524
6726 1.897599
7391 3.135304
491 3.630755
7186 1.677737
7297 2.381049
7351 2.669968
7388 2.926312
7451 3.284059
6680 1.649567
7204 1.521398
7361 2.373628
7331 2.302937
7397 2.807641
7249 2.302619
1881 2.776053
6534 1.674023
7418 2.812616
7434 3.075265
7503 3.583275
6659 1.961207
7359 2.164968
6699 1.61508
7303 1.724271
7416 2.458778
1275 3.232149
7506 3.882003
7497 3.825367
1075 4.964459
406 4.072993
7312 2.337405
7396 2.79904
7173 1.663601
7390 3.218109
1294 2.779789
853 2.779789
6575 1.666513
6563 1.683078
7364 2.351636
7412 2.795566
6738 2.127407
6685 1.625099
7302 2.35999
7413 3.16686
7401 2.71256
1803 2.659509
247 3.676141
7257 2.265183
1094 4.805319
6612 1.905849
270 2.785491
7320 2.099667
7366 2.460747
7398 2.717058
886 2.811351
6914 2.465071
6674 1.628487
7347 2.007669
7294 1.71737
7341 2.432002
7298 2.378653
7406 2.691229
7487 3.669395
449 4.924837
7510 4.020337
821 3.22419
394 5.318406
6616 1.789419
6648 1.973778
7329 2.170065
7444 2.617357
1041 4.175469
2315 1.721261
7480 3.15138
7344 2.250285
6683 1.630561
2196 2.126571
7338 2.416533
7306 2.37866
7430 3.229755
7402 3.289909
7399 2.741955
1405 3.098312
6881 2.714071
7282 1.898577
6804 1.718265
7289 1.73123
7447 2.414567
7508 3.584412
474 5.079788
7295 2.329013
6675 1.751978
6757 2.152087
7319 2.396914
7299 2.297083
1856 2.752639
7441 2.706863
7491 3.580341
6850 2.759199
1350 3.002856
534 3.099541
7296 2.329635
7324 2.429496
7410 3.284458
6589 1.939527
6708 2.056021
7450 2.71302
7380 2.58576
7452 3.345039
6565 1.884476
1189 3.120285
7318 1.647773
7392 3.218109
7281 2.153424
7502 3.523761
6711 1.89621
2372 3.17164
7339 2.337405
6529 1.579018
6621 1.882417
6694 1.661287
6814 1.79853
7395 3.289909
6822 1.721261
1812 2.693885
7426 3.184482
7493 3.497562
7504 4.186895
