563
1.45 0.377 -1.92 0.0778 -0.311 -0.13 0.938 
834 2.600413
7513 3.482687
93 3.169968
1467 5.215445
452 5.376256
7498 3.829034
7409 2.555087
6712 1.988366
864 2.650555
7416 2.370148
2311 2.390898
7507 3.277511
1813 2.573159
7497 3.603567
1020 3.376423
6719 2.024894
7404 2.739137
1648 2.994235
7246 1.981489
7342 2.441147
7505 3.347336
7479 2.940201
395 5.302042
7418 2.524073
7473 3.334601
247 3.552621
7340 2.039908
7388 2.696935
6725 2.15421
7389 2.693168
7393 2.888194
7254 2.061221
6659 1.756316
6703 2.010503
7361 2.141389
7420 2.420106
7494 3.827391
1075 4.77226
7407 1.885741
7429 2.827449
6623 1.719843
7451 3.031098
7351 2.465044
7249 1.997659
7331 2.029645
7387 2.782489
7391 2.898582
7412 2.515317
7434 2.77193
518 2.94111
7352 1.942565
7347 1.809693
7502 3.287168
1803 2.563293
7487 3.721458
853 2.519091
7413 3.121439
7480 3.210908
7402 3.205263
7390 3.036557
7257 2.048891
6662 1.762476
7396 2.610077
7503 3.148857
974 2.782203
7436 2.859338
7359 1.970849
7444 2.506605
7508 3.680226
449 4.850741
7399 2.527715
7312 2.068178
821 3.170666
7349 1.949564
7424 2.732686
7430 3.053556
1405 2.915302
990 2.743805
1800 2.70469
7395 2.861736
7306 2.106261
6738 1.982242
7341 2.196546
7493 3.272223
986 2.721817
6850 2.599216
6851 2.545809
1812 2.595752
7515 3.842728
7516 3.296383
534 3.066387
7400 2.751066
7410 3.422251
6757 1.971316
7431 2.71034
6884 2.697338
2392 2.719299
7504 3.835733
7438 2.604409
7490 3.86343
7518 3.568109
7469 3.065315
7366 2.300632
7295 2.114808
7296 2.165589
1827 2.613914
7450 2.640711
280 3.85563
1068 4.706614
1740 2.413075
262 5.258228
7365 2.593882
7454 2.59276
825 2.526665
1003 3.710586
394 4.740325
7397 2.5908
1881 2.608346
818 3.21619
7392 2.872439
6670 1.762476
7455 2.540675
7332 2.454449
6881 2.530796
406 3.860684
7398 2.671772
7403 2.603333
7500 4.10429
7491 3.197585
7338 2.211791
6914 2.262992
7442 2.636045
7378 2.333597
7452 2.60813
7461 2.79362
7394 2.719869
7319 2.174369
