570
1.43 0.507 -2.02 0.0334 -0.315 -0.113 0.942 
1055 4.724973
93 3.284011
195 5.350382
1832 2.618746
452 5.524749
7342 2.560772
6712 2.106649
649 3.128662
834 2.735257
1006 3.074031
7454 2.740433
320 3.851298
7498 3.886617
7416 2.419718
7233 1.764278
7333 1.671572
7404 2.849379
6682 1.577536
7348 2.153983
7361 2.283291
7360 2.594088
7505 3.351731
1025 3.128612
1068 4.843467
6685 1.574006
6722 1.825396
7359 2.066479
7180 1.626336
7388 2.841971
6760 1.653013
7393 3.028455
6556 1.573554
6609 1.640957
6566 1.604592
7297 2.282896
7351 2.667513
7397 2.738143
7331 2.125935
7248 1.606075
886 2.693432
7420 2.416165
805 2.648695
825 2.676824
7497 3.603087
7479 3.098862
1075 4.874979
7506 3.967881
394 4.938052
7451 3.122277
7391 3.082445
703 3.238217
7249 2.277124
7412 2.67556
7396 2.745657
7302 2.327677
7434 2.884876
7458 2.789827
6881 2.71257
7289 1.652261
7347 1.908321
7429 2.952955
7173 1.645155
6614 1.849304
1803 2.575371
247 3.601029
1041 4.028343
7480 3.320627
1442 4.831928
7430 3.167154
7370 2.25682
7398 2.65819
7312 2.234777
7298 2.312061
7503 3.439165
7474 2.906869
1350 3.038603
7320 1.987404
6680 1.569772
6814 1.700379
7436 2.978018
7186 1.627127
7278 2.120018
7438 2.613558
7487 3.636929
821 3.196823
7392 2.974125
7341 2.356277
7493 3.435493
7406 2.637316
7399 2.67325
6615 1.639219
2372 3.173063
6822 1.731257
7508 3.631418
449 4.971424
7169 1.6095
7496 3.371651
7395 2.96192
7417 3.442303
6738 2.055265
7366 2.373262
7380 2.520669
7349 2.020427
6914 2.501533
7308 1.634408
7515 3.669138
7469 3.228487
7282 1.80793
7314 1.803025
7512 3.203484
7299 2.355641
7400 2.965775
7403 2.566055
7423 2.718451
7455 2.602129
1800 2.581121
7431 2.604607
6757 2.082003
7338 2.296377
7491 3.257658
7500 3.608869
534 3.114651
7378 2.556152
7410 3.513178
6675 1.688491
6589 1.801895
7357 2.027401
6700 1.972624
1817 2.659509
6851 2.868697
7421 2.81121
6850 2.686453
1740 2.465544
7354 1.939357
864 2.733514
280 3.857563
1813 2.562273
2784 2.509025
263 5.228351
7502 3.420111
1430 4.77052
7340 2.196703
7315 1.581197
7407 2.001307
7494 3.94837
6727 1.826135
7344 2.256937
518 3.109272
813 3.056553
7441 2.680417
7306 2.318073
7208 1.576343
7295 2.355224
7492 3.203484
7334 1.861886
7296 2.3209
7437 2.730608
