575
1.44 0.592 -2.07 0.0393 -0.304 -0.123 0.944 
7206 2.012395
7498 4.031736
263 5.294406
1748 2.558681
1006 3.236154
7246 2.233518
7414 3.264072
7342 2.6538
99 2.848448
6609 1.748452
6703 2.213622
320 3.984974
2311 2.546759
7416 2.539311
7254 2.2316
7331 2.278125
6680 1.655207
7393 3.099927
7404 2.853937
7120 1.473039
7351 2.644884
6722 1.938155
7505 3.493103
830 2.814698
7180 1.700444
1813 2.705445
7506 3.926661
452 5.615683
7340 2.305466
7339 2.330029
7359 2.170665
7249 2.322556
7332 2.680252
7391 3.089233
7390 3.091916
7388 2.924954
7451 3.215841
7347 2.021418
6726 1.927264
7114 1.478324
7502 3.554246
6712 2.248467
7325 1.687366
7186 1.712367
1803 2.725881
1851 2.739123
7497 3.623163
7479 3.283929
6990 0.972617
7494 4.061686
7413 3.285888
7480 3.417706
1041 4.115362
7315 1.669034
7412 2.686554
6630 1.805391
7392 3.146112
7294 1.743878
6699 1.642628
2432 2.831841
7141 1.577737
7397 2.798835
7503 3.563945
6613 1.655741
6813 1.820586
5876 1.702463
7333 1.741343
7344 2.265007
6685 1.678997
6727 1.927879
7444 2.707256
247 3.790873
7302 2.376848
1075 4.843378
394 4.735078
7398 2.759675
6814 1.812945
7313 1.960281
7337 1.752866
7312 2.296411
7401 2.718611
7169 1.715214
6674 1.633867
7455 2.786707
7487 3.709095
7298 2.347584
474 4.910817
1094 4.945472
6612 1.938655
449 5.078506
7508 3.634723
6804 1.770892
7306 2.467369
7395 2.999614
7220 1.704428
7208 1.82103
7341 2.384383
7417 3.087647
6683 1.681553
1350 3.012537
1403 3.300791
7490 4.030846
7440 2.564717
6800 1.643932
7308 1.748512
7469 3.102837
6992 1.09704
7289 1.742557
6536 1.710467
7282 1.921865
7400 3.050708
1015 3.071432
7516 3.342895
1812 2.689915
7441 2.872277
7378 2.640115
7338 2.371165
7493 3.306332
7410 3.503432
6757 2.140393
7491 3.353256
7450 2.798202
6851 2.860876
2315 1.766719
534 3.125043
7314 1.949641
533 3.656796
7222 1.700072
6590 1.955229
7295 2.353028
7394 2.94787
7427 3.331975
6700 2.189155
1856 2.663119
1817 2.716269
7319 2.298065
6546 1.505269
7486 3.277785
834 2.808605
185 5.549456
6565 1.91601
7280 1.547049
7318 1.672381
7237 2.04658
6718 2.314518
7238 2.072988
2238 3.289372
7248 1.6874
6711 1.866932
1881 2.752523
491 3.782214
6641 1.79169
6989 0.979318
6738 2.172456
7399 2.743283
6791 1.760841
7123 1.479751
6847 2.627328
6615 1.875699
910 3.066135
6597 1.627014
7299 2.3992
7430 3.269286
6796 1.607318
6687 1.6609
7437 2.767473
