587
1.42 0.717 -2.22 0.0194 -0.286 -0.114 0.951 
7180 1.946253
7002 1.316305
7107 1.431186
7027 1.521503
452 5.855266
7303 2.048979
7498 4.190393
7297 2.582353
7365 3.118011
6680 1.918741
6722 2.177276
7331 2.55671
7404 3.048528
7134 1.605109
6701 1.896714
7120 1.744095
5805 1.94877
247 4.147744
7359 2.425764
649 3.335685
7499 4.239863
7190 1.425546
6482 1.431502
7502 3.851534
7446 3.037791
7235 2.106671
834 3.060534
6685 1.925018
6726 2.183066
7199 1.619466
7388 3.238043
6699 1.886829
7032 1.430683
7434 3.260262
1803 3.036099
320 3.831249
6616 2.056051
7095 1.408044
2432 3.107881
7503 3.780293
7313 2.228255
6674 1.93269
7347 2.292146
7344 2.543071
7210 1.679049
7275 1.814899
7287 1.916195
6437 1.444398
6505 1.552037
7149 1.64982
6694 1.899317
6995 1.352648
6479 1.687288
7085 1.65669
7412 3.076832
7398 3.058721
7413 3.164862
7393 3.331982
7391 3.395241
6623 2.161504
7166 1.453077
7312 2.448278
7003 1.354491
6615 2.099762
7424 3.352683
7328 2.081439
7294 2.036343
7447 2.839534
7288 1.915662
7213 1.52587
7315 1.928412
7038 1.540289
7430 3.509031
1075 5.111513
394 5.455798
7341 2.655312
7064 1.62148
6585 1.656487
7131 1.79299
6757 2.462712
7399 3.103089
6504 1.627922
7337 2.051496
7316 2.173608
5840 1.93769
7318 1.926845
6612 2.143348
7406 2.99423
7493 3.678958
449 4.961525
7392 3.35978
1094 5.420438
7380 2.876455
6540 1.804767
7122 1.699974
980 3.383547
910 3.362061
1812 3.031701
474 5.590544
7400 3.411119
7410 4.060593
6814 2.059544
1800 3.111712
7156 1.605152
6721 1.966656
7202 1.4802
7290 2.023716
7022 1.552672
7282 2.164317
7338 2.642173
2372 3.198569
7496 3.673431
7327 1.896582
7159 1.667772
6604 1.747306
7438 3.027538
7469 3.317624
7516 4.168805
7394 3.251969
7452 3.372955
7460 3.558299
7308 2.066855
7421 3.179825
7378 2.86372
7319 2.59674
7225 1.730551
6698 1.980221
6796 1.923233
7522 1.661838
7334 2.273875
6851 3.301263
6774 1.593583
7350 2.038665
6689 1.569379
7157 1.576997
6672 2.018398
6708 2.380464
7061 1.55793
6992 1.299541
7382 2.876835
7324 2.581219
7427 3.137598
6542 1.618935
533 3.444977
7455 3.072683
7323 1.797081
1456 4.933102
7008 1.408503
7414 3.357552
6738 2.414459
7246 2.484941
6688 1.54164
1881 3.025064
6743 1.591008
7254 2.540548
7291 2.110401
6487 1.440991
7339 2.557884
7249 2.458046
7112 1.582906
7029 1.43659
7114 1.730364
7123 1.742851
7451 4.001562
7036 1.529404
7126 1.750966
7087 1.618504
7444 2.973336
7090 1.620447
7169 1.917698
7186 1.901744
7376 2.470802
7370 2.610198
7214 1.680343
7402 3.402903
7220 1.952124
7423 3.115665
1015 3.291089
6789 2.064365
6700 2.351953
6687 1.944103
1350 3.258794
