59
0.000173 6.27e-05 6.22e-05 0.00055 -0.000112 0.000254 1 
10 2.061207
28 2.371276
15 1.606897
75 2.952469
23 2.244394
33 1.309596
67 2.373237
25 1.51299
31 3.050915
26 2.308898
41 1.350084
43 2.263847
35 1.727005
36 1.773208
37 1.733459
40 2.0051
113 2.217434
44 2.172759
45 2.307771
47 2.403064
30 2.194372
52 1.781176
53 1.80217
59 2.212246
55 1.818456
56 1.92755
57 1.704204
2 1.740324
8 2.062764
63 2.257122
70 1.991253
74 1.952575
76 2.8605
78 2.815096
81 3.098089
62 1.364017
95 2.879983
82 2.310332
83 2.271881
99 2.157695
100 2.135691
110 1.586281
85 2.058788
34 2.72371
106 2.239182
107 2.033679
118 1.502969
197 1.617197
127 1.865723
128 1.912082
131 1.71487
132 1.836938
130 2.992413
123 2.957717
124 2.759684
115 2.210212
126 1.322407
134 2.348104
135 2.193409
139 1.765386
137 1.488461
138 1.536212
122 2.352601
142 2.294189
144 2.398309
145 2.034412
146 1.358656
148 1.787622
150 2.08016
151 2.185409
152 2.269069
154 2.368375
155 2.27369
229 1.746866
156 1.756302
61 1.549293
162 2.09858
13 2.178162
166 2.307632
167 2.30319
168 1.668459
170 1.283895
172 1.244245
173 1.988822
174 2.953677
175 2.869048
178 2.849363
79 2.799759
242 1.333014
182 2.004795
248 2.266959
199 2.256668
114 2.233156
186 1.583631
187 1.709277
193 1.400639
194 1.524883
200 2.100546
108 2.176491
198 1.892607
219 2.990844
206 2.066512
303 2.059847
205 1.92316
211 1.781824
223 1.767219
227 1.998753
228 2.011791
292 2.190835
215 2.274606
224 1.793553
225 1.872319
226 1.926174
230 1.744168
233 2.355538
236 2.177292
160 1.561455
240 1.772608
241 2.085136
243 2.254062
164 2.19104
102 2.359007
93 2.237772
323 2.354994
252 1.62802
253 1.689978
171 1.505387
185 2.814146
266 3.072683
262 2.782041
179 2.803466
339 2.99415
129 3.070054
181 3.119642
195 3.287777
196 3.021698
275 2.201635
273 1.408974
281 2.082533
283 2.380363
222 1.63594
284 2.307629
280 1.80977
290 1.844099
285 1.752925
286 1.72399
291 1.765501
294 2.526002
212 1.784838
277 2.114552
278 2.092457
295 1.524695
209 1.575669
297 1.704241
298 1.954798
299 2.021782
221 1.377383
300 1.702548
301 1.730749
309 2.233219
307 2.272637
239 1.587112
311 1.540687
192 2.312687
190 2.240371
247 2.366179
321 2.429439
249 2.177255
251 2.311366
324 1.655899
326 1.245963
259 1.943134
260 2.888677
331 2.865782
263 2.766526
393 2.966019
335 3.014897
341 3.098741
382 2.146731
201 2.078535
343 1.738599
296 1.585048
380 1.820335
356 1.789693
289 1.784411
348 1.816598
349 1.894772
363 2.136691
365 2.510024
359 1.914223
350 1.787748
351 1.78569
287 1.355712
367 1.741371
368 1.68479
372 2.317844
378 1.574903
379 1.70799
381 2.098378
383 1.26206
316 2.276328
346 2.232527
320 2.445071
386 2.419162
397 1.318427
329 2.033882
330 3.121402
389 2.406014
390 2.867471
402 1.624709
400 2.029609
401 2.103158
448 1.773182
416 1.791699
417 1.845326
418 1.930233
404 2.147271
406 2.437796
408 1.706052
413 2.328605
421 2.174836
414 1.781851
426 1.990971
415 1.99277
425 2.046548
375 2.353152
428 2.350023
271 1.607308
430 1.429328
432 1.702204
433 2.106666
436 1.415999
437 1.585434
384 2.182516
439 2.406121
441 2.382942
442 2.272538
443 2.547495
446 1.631445
447 1.43719
452 3.028885
453 2.874949
395 3.148949
387 2.033594
538 1.597735
467 2.084884
411 2.246945
459 2.273684
460 2.30609
461 1.458025
462 1.601531
463 1.587364
464 1.673531
469 1.818545
471 1.973604
410 1.918865
474 2.903429
476 2.451543
477 2.514503
483 2.298708
475 2.271578
473 2.266567
340 3.092772
530 2.666639
431 1.741197
482 3.0338
429 1.597247
490 2.239834
491 2.036214
492 2.443499
494 1.686244
496 1.412074
498 2.054111
434 2.044195
457 1.577051
500 1.63653
506 1.816449
507 2.117953
505 2.312122
508 1.794792
509 2.346167
511 1.680478
470 1.712219
472 1.963336
514 2.018081
523 1.536445
524 1.557046
516 1.801742
517 1.911091
518 1.973912
528 2.248513
551 3.028409
449 2.888342
525 2.838872
531 1.954952
532 2.355726
537 2.184828
533 2.453475
534 1.896792
535 1.640794
489 1.558717
539 1.615609
541 1.746405
543 1.984434
499 2.115287
546 1.519209
548 2.18477
549 2.248355
513 1.868993
478 1.624551
72 1.551827
270 2.100855
191 2.054033
310 1.604656
319 2.664891
332 2.521124
353 1.53011
361 1.786654
333 9.465046
485 1.741197
