603
0.645 0.867 -2.52 0.0187 -0.377 -0.152 0.913 
6722 2.059458
6990 1.273778
7002 1.371662
7393 3.420223
7485 3.572608
6487 1.38208
6680 1.823081
7331 2.577739
7434 3.235227
7100 1.698889
99 2.825581
6556 1.866912
6693 2.42074
756 3.687323
7391 3.403029
7510 4.307067
6989 1.256446
7000 1.368062
263 5.724192
6711 2.001092
6482 1.386124
6498 1.480926
7344 2.603998
7397 3.08851
6551 1.560859
6659 2.190777
7114 1.739422
6515 1.710715
7473 3.550227
247 3.882099
1075 5.101032
7451 3.498139
7123 1.729987
7135 1.579221
6662 2.1673
7412 2.928386
7204 1.78403
7503 3.778236
7370 2.594345
6597 1.780901
6529 1.835745
2432 2.82368
307 3.059806
6623 2.114398
7104 1.561657
7143 1.566601
6694 1.78715
6504 1.545027
7493 3.729548
7497 4.336503
1094 5.319379
7430 3.392109
6612 2.100136
7406 2.925156
1800 2.818286
7110 1.550573
7028 1.517838
6530 1.574343
6698 1.801341
474 5.048065
394 4.903224
7392 3.243589
7487 4.364038
7452 3.876501
7402 3.385554
7043 1.588742
7282 2.179492
7059 1.645003
7057 1.409573
1403 3.227338
6884 2.719506
7504 3.679838
1350 3.281567
7491 3.638843
7512 3.419768
6704 2.095577
980 3.048256
6589 2.03505
7382 2.763639
6676 1.832778
7159 1.708771
7400 3.208407
7518 3.435665
7492 3.3585
6992 1.354988
7061 1.521024
6537 1.654379
6590 2.148293
7098 1.582281
7460 3.183701
7129 1.556325
7342 2.793998
7358 3.146049
7404 3.042979
7011 1.344649
6546 1.711006
7505 3.581231
7029 1.460417
7388 3.062797
320 3.726609
6674 1.822002
6988 1.26002
7298 2.719073
7320 2.247762
7399 2.925156
7033 1.584413
7417 3.333532
7496 3.596756
7319 2.648673
7380 2.826466
7410 3.201948
6542 1.549092
6708 2.229907
7427 3.166317
