61
-0.000459 -0.000134 -0.000492 0.000202 5.42e-05 -0.00016 1 
6 2.025952
2 1.732174
109 2.334846
75 2.894267
15 1.599946
30 2.200376
67 2.366886
86 2.199969
23 2.246424
25 1.512248
125 1.275336
33 1.311934
16 2.028911
119 2.81121
43 2.193961
35 1.706688
36 1.777272
37 1.733108
45 2.270363
47 2.405907
113 2.273246
40 2.008533
52 1.784
53 1.79747
59 2.207648
55 1.82256
56 1.928412
58 2.063323
61 1.548676
8 2.065843
65 2.160029
28 2.366126
26 2.310693
74 1.979478
76 2.3867
78 2.82439
99 2.159387
100 2.14622
94 2.787115
95 2.875199
13 2.178712
85 2.063678
166 2.356444
118 1.502839
82 2.322322
165 2.558264
110 1.583401
93 2.198638
115 2.151559
106 2.244221
34 2.720189
107 2.021371
122 2.338736
197 1.619035
128 1.919799
132 1.837945
124 2.810141
126 1.301262
134 2.346903
31 3.063206
130 3.008811
139 1.764864
136 1.362991
137 1.488975
41 1.334192
142 2.2521
144 2.397628
145 2.032247
148 1.788115
151 2.183549
150 2.078788
154 2.35022
156 1.74513
158 2.20456
160 1.561875
10 2.105174
62 1.364705
168 1.683087
170 1.287879
171 1.520195
172 1.25259
173 1.987054
174 2.996304
175 2.872545
177 2.419945
178 2.862418
79 2.800345
179 2.770654
114 2.23465
313 1.836915
185 2.823172
199 2.255526
182 2.008589
183 2.272867
242 1.332467
195 3.037578
129 3.031284
186 1.583181
111 1.724885
200 2.095062
108 2.170839
193 1.396895
194 1.525021
198 1.920598
213 1.772228
203 1.755475
204 1.784272
205 1.92107
208 1.47159
206 2.078155
207 2.111065
223 1.768095
211 1.778287
146 1.339874
220 2.75884
292 2.189045
215 2.280568
227 2.00448
228 2.013742
224 1.796131
225 1.867663
226 1.928763
229 1.750794
230 1.758391
233 2.355362
236 2.176374
239 1.557048
162 2.088293
164 2.18881
247 2.365238
248 2.276582
249 2.270198
83 2.307296
252 1.63735
253 1.699441
259 2.047797
260 3.015772
266 3.07944
262 2.777681
181 3.133863
187 1.717588
201 2.080179
275 2.204672
284 2.304661
273 1.4079
274 1.514879
269 2.115196
270 2.198699
281 2.09603
283 2.379764
285 1.757006
286 1.731464
280 1.809356
288 1.877815
290 1.8507
212 1.767883
277 2.102577
278 2.081693
291 1.763024
294 2.525945
221 1.341368
295 1.528007
209 1.57408
297 1.701976
298 1.963395
299 2.024473
300 1.708154
301 1.746295
305 2.297961
307 2.269568
240 1.710478
192 2.323498
314 1.325311
243 2.308036
190 2.233067
320 2.445662
321 2.398775
323 2.364757
325 1.312268
329 1.935883
330 2.883366
331 2.820659
335 2.836282
336 2.79583
393 2.96784
339 3.049264
196 3.086269
341 3.098643
435 2.137177
346 2.233817
347 2.243669
343 1.740694
380 1.80663
296 1.58237
289 1.793709
355 1.723888
356 1.793176
348 1.81641
349 1.795884
363 2.135482
364 2.263429
365 2.509306
350 1.786261
351 1.794172
287 1.351216
358 1.66695
359 1.92247
367 1.742817
368 1.727945
372 2.319207
342 2.09931
379 1.709471
381 2.10586
383 1.305756
316 2.268479
386 2.430952
390 2.881318
394 3.013439
395 3.28849
387 2.043536
324 1.664404
400 2.027014
401 2.105431
411 2.24983
407 1.891057
408 1.706969
404 2.152013
406 2.42794
416 1.804194
417 1.844142
418 1.933819
413 2.330271
422 1.540584
414 1.787744
426 1.997848
360 2.075759
421 2.172988
423 1.740158
424 1.681304
425 2.05005
375 2.353907
271 1.603375
430 1.39123
485 1.743204
432 1.705648
433 2.06878
382 2.153386
436 1.414266
437 1.612429
384 2.184022
439 2.452769
441 2.401263
442 2.274824
443 2.536611
445 2.009129
398 1.626886
448 1.773611
402 1.624065
451 3.203436
452 3.017505
453 2.909609
444 2.289943
506 1.820063
415 2.000582
459 2.273335
460 2.307195
465 1.61289
466 1.665857
467 2.085831
468 2.004885
461 1.458937
462 1.605117
463 1.588527
464 1.669753
469 1.822273
470 1.73589
471 1.978654
410 1.929256
474 2.892483
475 2.272045
476 2.458085
477 2.551279
473 2.255705
340 3.114461
482 3.00803
480 2.889682
483 2.309945
429 1.553378
490 2.191905
491 2.03889
492 2.431577
494 1.689816
498 2.046524
496 1.40943
500 1.637627
501 1.499876
457 1.576348
507 2.12397
505 2.309564
508 1.797702
509 2.34736
446 1.648682
516 1.799924
517 1.91273
518 1.964903
515 2.233467
523 1.536896
524 1.555693
449 2.894184
528 2.244995
525 2.849402
531 1.955731
532 2.34348
536 1.689836
537 2.194394
533 2.240282
534 1.919259
535 1.658472
539 1.618347
493 1.718986
541 1.73997
542 1.432572
543 1.969946
546 1.516094
549 2.252381
472 1.880082
521 2.281734
478 1.622661
511 1.690964
131 1.707321
189 1.331933
302 2.023153
282 1.985521
322 2.161076
332 2.543705
344 1.507423
352 1.902989
319 2.89015
388 3.102242
454 3.150146
486 1.604417
529 3.060158
513 1.880082
512 1.742844
