622
-0.613 0.741 -2.46 0.0281 -0.541 -0.181 0.821 
8252 1.319321
8348 1.464323
8158 1.247455
8421 2.325473
7967 3.635472
7968 3.770713
8466 5.277036
8081 1.160632
8101 1.180782
8464 1.470483
8165 1.239219
8458 3.757526
8462 3.8388
7763 1.523615
7746 1.500743
8391 1.55557
8218 1.298089
8170 1.238306
8126 1.203291
7958 2.677984
7572 1.380053
8282 1.345137
8280 1.354147
8333 1.442877
8341 1.454972
8183 1.256743
8215 1.272429
8106 1.166131
8228 1.283048
8211 1.279577
8171 1.250709
8290 1.388487
7657 1.438709
7627 1.425639
8254 1.32818
8149 1.231254
8052 1.13125
8337 1.468307
8313 1.409732
8456 3.723215
452 5.306415
8416 1.822467
8445 3.525114
8289 1.378883
7823 1.584869
8061 1.138511
8179 1.244784
8377 1.520174
7793 1.543139
8054 1.167681
8075 1.144142
8459 3.766524
7993 2.936988
7589 1.397899
8426 2.483643
8210 1.284725
8123 1.191024
8094 1.17579
8236 1.301932
8259 1.328854
8269 1.340868
8279 1.352192
8162 1.23767
8176 1.247811
8154 1.228103
8125 1.190217
8105 1.180678
8194 1.268642
8209 1.286948
8268 1.337192
8293 1.389174
7681 1.468878
8300 1.393287
8307 1.402927
7849 1.50619
8384 1.540663
8153 1.237366
7791 1.369963
8035 0.994353
8051 1.134443
7827 1.468638
8405 1.607257
7719 1.400971
8460 3.77016
8351 1.527256
181 5.35606
7818 1.498214
8343 1.464428
8078 1.14328
8060 1.138274
8097 1.18277
8135 1.210042
7995 3.709534
8406 1.617928
7804 1.55974
8380 1.525247
8124 1.19515
8108 1.18657
8264 1.33472
8274 1.336404
7656 1.4407
8310 1.392876
8273 1.352502
8258 1.320735
8187 1.260405
8180 1.249795
8099 1.197903
8102 1.183185
8199 1.287146
8173 1.236183
8147 1.240707
8375 1.512822
8321 1.424952
8425 2.369283
8389 1.561617
8169 1.245493
7390 2.728383
7701 1.22152
7580 1.010537
7731 1.495574
8404 1.600744
7714 1.375927
7834 1.50383
8397 1.58627
8415 1.843216
8461 3.808227
8355 1.497038
8476 5.548416
8473 4.524457
8278 1.355664
7649 1.476039
8077 1.14632
8130 1.186757
8088 1.137041
8447 3.63719
8463 3.758507
8212 1.284222
8191 1.264408
8177 1.244282
8390 1.523149
7956 2.678797
8302 1.37469
8057 1.131033
7840 1.481512
7876 1.592509
8398 1.583096
8413 1.835032
1456 3.852829
530 4.131044
8350 1.505881
7749 1.384777
1101 5.221169
8312 1.412969
7510 3.480039
8329 1.350185
7812 1.608875
8074 1.153185
8128 1.196495
8136 1.214557
8100 1.181957
8140 1.216451
8453 3.551223
8062 1.125144
7662 1.451302
7839 1.48108
8386 1.56411
7737 1.256171
8430 2.594517
8207 1.27834
8064 1.131408
8407 1.770079
8357 1.479927
7843 1.465471
7867 1.601018
7694 1.381512
8381 1.531183
7820 1.518894
7841 1.463647
480 4.424605
8401 1.621487
8093 1.174162
8087 1.156302
8111 1.173044
7975 3.803761
8172 1.241942
8283 1.353636
7688 1.469682
7711 1.487332
7696 1.477288
8359 1.471334
7608 1.354206
8479 4.399704
8414 1.858531
8048 1.108032
7822 1.433887
7745 1.372644
8330 1.434784
8365 1.4607
7755 1.31378
7732 1.275173
8480 5.185177
7754 1.313122
7806 1.532876
7858 1.581194
7861 1.510749
7859 1.536543
7879 1.581178
8066 1.134502
8369 1.488178
7952 2.669495
8143 1.223681
8110 1.177404
8400 1.567324
8285 1.356285
8221 1.293553
8306 1.400555
8443 3.50744
8056 1.141979
7832 1.510437
8387 1.559634
8334 1.426087
7769 1.429763
8308 1.410673
7687 1.448542
8322 1.443203
7821 1.534664
8314 1.405315
7790 1.566026
8326 1.381068
8063 1.141283
8371 1.544525
8385 1.571302
8454 3.559581
8352 1.475827
8349 1.449294
8213 1.35305
8166 1.213557
8247 1.306275
8092 1.173679
8084 1.155045
8151 1.215883
8107 1.169093
8441 3.32287
7908 1.992846
8079 1.147544
7803 1.555565
7692 1.352972
8399 1.608225
8327 1.436226
7750 1.378282
8396 1.565387
8452 3.708815
8055 1.11863
7965 2.761704
8214 1.317499
8164 1.260036
8223 1.369423
8129 1.231561
8058 1.131241
8440 3.347571
8270 1.355046
7894 1.84722
7842 1.491088
8045 1.105283
8044 1.214247
8316 1.414111
7809 1.596695
8411 1.719001
8156 1.235093
8155 1.214697
8230 1.302486
7784 1.535312
8133 1.216407
8109 1.182433
7593 1.395105
7723 1.516647
8034 0.899144
8255 1.323218
8138 1.219805
8428 2.449057
7568 1.383937
8253 1.313608
8265 1.337259
8167 1.236345
8319 1.418164
8250 1.31879
7393 2.692702
8410 1.725816
8388 1.500201
7591 1.400712
7678 1.252233
8266 1.344905
8227 1.293918
8332 1.453215
8238 1.313264
8412 1.744211
8356 1.443636
394 4.568515
8049 1.10436
8043 1.07782
8240 1.307515
8042 1.045968
8299 1.406693
1094 4.885158
8376 1.507431
8134 1.194076
8119 1.195481
8065 1.128971
8050 1.106852
8224 1.293812
8344 1.458421
8429 2.515829
8372 1.505031
7724 1.381512
8370 1.498801
8082 1.161088
8347 1.477288
7989 3.522243
7760 1.322529
8189 1.23467
8121 1.195577
8047 1.091527
7729 1.27093
7957 2.740165
8435 2.636869
8360 1.485561
8190 1.228475
8118 1.166559
8432 2.626862
8160 1.215283
8367 1.510665
8439 3.208525
