625
-0.608 0.777 -2.45 0.0257 -0.535 -0.184 0.824 
8447 3.569911
8450 3.771048
8165 1.223771
8135 1.198826
8303 1.402444
7763 1.510703
8458 3.78929
7958 2.666041
7981 2.891993
8142 1.219672
8126 1.182779
8133 1.205148
8243 1.318325
7690 1.247944
8248 1.30751
8282 1.320771
8122 1.175798
8106 1.155589
8098 1.169666
8076 1.151412
8176 1.243627
8171 1.239182
8195 1.257073
8333 1.4359
7588 1.395242
7592 1.380721
7674 1.45161
8328 1.433625
8254 1.332224
8149 1.242386
8052 1.142343
8405 1.606921
8456 3.75776
1066 4.409739
8351 1.459478
8445 3.620697
365 3.7601
8289 1.372277
8072 1.123841
8116 1.179313
7967 3.689733
8053 1.113316
8179 1.223576
8459 3.898692
7589 1.38298
8377 1.514482
7993 2.992563
8138 1.203096
7782 1.523629
8144 1.206675
8236 1.307249
8269 1.344826
8253 1.320287
8094 1.162271
8105 1.169686
8264 1.316308
8187 1.245026
8204 1.265305
8162 1.234579
8181 1.240208
8154 1.222997
7637 1.421631
7593 1.390708
8307 1.395126
7681 1.459778
7670 1.472659
8277 1.335921
8293 1.382278
8389 1.553341
7791 1.368189
8051 1.139911
8410 1.726539
8464 1.464788
8348 1.466575
8404 1.610048
8460 3.83167
8355 1.462777
8466 5.149002
8465 5.217005
8469 1.447483
7823 1.612656
7818 1.494666
8083 1.128664
8448 3.58424
7995 3.615452
7678 1.24136
8123 1.180268
8205 1.240793
8173 1.223292
8147 1.215601
8237 1.298312
7656 1.429336
8232 1.275769
8384 1.560009
7390 2.697885
7956 2.700233
8040 1.046117
8080 1.171265
7580 1.00117
8412 1.739798
7827 1.472616
7876 1.620914
7834 1.475514
7838 1.501053
8461 3.837046
394 4.66818
8312 1.394044
8473 4.581729
8278 1.352956
8078 1.132796
8054 1.113145
8139 1.200276
8100 1.167904
8044 1.076804
8273 1.343676
8305 1.373245
7662 1.429452
7852 1.478508
8390 1.562624
7737 1.262475
7698 1.261043
8057 1.138671
7840 1.485087
7694 1.390042
7868 1.548416
8413 1.887133
8350 1.491428
7749 1.356859
7510 3.59287
480 4.172062
8329 1.398485
8245 1.300027
8077 1.127421
8130 1.193422
8110 1.167285
8453 3.658364
8062 1.117154
8043 1.067947
7839 1.489984
8386 1.567311
7855 1.485807
8430 2.611688
7952 2.657412
8207 1.294033
8069 1.142892
7843 1.479648
7867 1.605764
8299 1.392144
8381 1.530809
7854 1.509466
7841 1.532744
8398 1.589706
1456 4.102135
8330 1.411769
8480 5.231749
7716 1.385175
8266 1.34438
8140 1.207199
8111 1.173899
8059 1.114884
8221 1.285424
7711 1.489203
7608 1.388664
8089 1.132329
8048 1.080916
8414 1.869331
8064 1.135687
7859 1.437198
7879 1.596817
7824 1.45048
7745 1.373896
8308 1.409212
7858 1.528396
7861 1.451651
7732 1.289829
8369 1.449032
7985 2.721014
7724 1.407077
8371 1.540627
8121 1.172822
8066 1.126326
8400 1.600478
8220 1.297591
8107 1.147977
8143 1.2154
8283 1.33311
8093 1.165338
8443 3.526191
8441 3.327476
7822 1.450708
7754 1.321481
7832 1.429289
8387 1.571631
8322 1.422125
7821 1.525628
7802 1.368601
8364 1.438059
8214 1.285573
8166 1.215205
8285 1.322812
7646 1.495785
8092 1.165308
8084 1.142153
7894 1.863751
7692 1.32637
7726 1.252783
8326 1.382387
8327 1.435503
8385 1.561491
8452 3.478936
8349 1.460162
7965 2.695384
8103 1.148198
8055 1.137016
8164 1.189001
8247 1.329309
8367 1.507352
8068 1.140589
8058 1.121495
8439 3.262397
7769 1.384272
7908 1.9365
7842 1.452691
8079 1.156116
7788 1.434764
8095 1.152668
8280 1.332605
8290 1.367537
8337 1.477117
452 5.373366
8061 1.122331
8279 1.345791
8271 1.336177
8125 1.181762
8163 1.206156
7601 1.390708
7849 1.48854
7705 1.327401
8416 1.920358
181 5.163228
294 3.741977
8060 1.122559
8310 1.376341
8238 1.300948
8356 1.432432
7714 1.389971
8415 1.848542
8401 1.593091
7591 1.396487
8302 1.354191
8091 1.154673
8397 1.585346
7812 1.603432
8128 1.205326
7676 1.407077
8359 1.431327
7806 1.554016
7989 3.262397
7803 1.553105
8334 1.445203
8396 1.568871
7966 3.684684
7831 1.387467
8046 1.110058
