63
-7.65e-05 -5.29e-05 -0.000338 0.000272 -7.34e-05 3.3e-05 1 
96 3.112221
75 2.866034
67 2.363575
174 3.053034
87 7.943029
65 2.159458
100 2.114951
125 1.275083
33 1.310246
25 1.512582
19 2.367289
34 2.717611
43 2.202407
16 2.025163
23 2.246173
26 2.293925
27 2.332363
35 1.716177
36 1.777192
37 1.737199
44 2.166301
45 2.253784
47 2.407542
40 2.008908
30 2.219754
52 1.785672
53 1.793932
55 1.824386
56 1.934443
58 2.063242
59 2.212964
61 1.551959
10 2.085072
8 2.067083
63 2.238474
74 1.986396
78 2.842209
85 2.06379
165 2.564919
107 2.022103
99 2.160112
15 1.606512
98 2.36969
120 2.716757
106 2.251974
118 1.503029
31 3.092571
130 2.992345
122 2.395159
115 2.260639
197 1.616927
127 1.874411
128 1.921811
131 1.71608
132 1.838122
134 2.346342
189 1.331921
126 1.300468
124 2.778109
137 1.488827
139 1.766033
140 1.767361
141 2.136665
142 2.280521
143 2.320705
144 2.399919
145 2.030659
146 1.331382
93 2.203057
148 1.792132
149 1.810996
151 2.183779
152 2.265565
150 2.078458
154 2.348631
156 1.746819
158 2.203681
160 1.561049
162 2.106686
62 1.357234
86 2.12622
13 2.174204
28 2.3203
167 2.34348
82 2.333431
168 1.675658
171 1.536711
172 1.249739
173 1.994133
95 2.843793
175 2.991673
177 2.498487
178 2.876339
79 2.805393
242 1.33318
114 2.233619
182 2.007569
183 2.272522
199 2.253642
110 1.587687
111 1.524681
192 2.334888
193 1.408327
194 1.525293
200 2.098308
108 2.184013
203 1.755295
204 1.781564
205 1.920708
206 2.080733
207 2.110708
212 1.767789
213 1.788139
208 1.470465
211 1.790689
227 2.005346
228 2.009211
223 1.766446
292 2.189811
215 2.259425
219 3.00632
220 2.758118
224 1.784379
225 1.871845
226 1.934996
229 1.745246
230 1.754543
157 2.021298
233 2.354945
235 2.22516
236 2.176446
239 1.587237
240 1.71306
241 2.092398
166 2.313819
249 2.270806
250 2.358274
252 1.621729
259 1.939436
185 2.787878
262 2.801883
179 2.773218
129 3.062562
181 3.140963
314 1.325701
201 2.078846
281 2.089441
283 2.3798
274 1.516609
269 2.1209
270 2.25844
164 2.187583
284 2.303511
280 1.818091
285 1.759641
286 1.732645
288 1.880848
289 1.793689
290 1.851009
277 2.108395
278 2.078953
291 1.763719
294 2.525624
295 1.531273
209 1.5714
297 1.699514
298 1.964166
299 2.020065
221 1.338839
300 1.706664
301 1.740077
302 1.988061
305 2.297376
307 2.269693
310 1.606847
190 2.244099
83 2.360852
247 2.363472
321 2.465908
322 2.207353
323 2.361939
324 1.668254
253 1.696075
325 1.320674
255 1.229978
260 2.997265
331 2.809892
389 2.434226
337 2.733569
393 2.957438
339 3.051157
335 2.861637
195 3.028159
341 3.098547
342 2.10162
344 1.500766
400 2.031153
401 2.113433
347 2.245126
343 1.740945
356 1.792276
296 1.580392
348 1.760096
349 1.791173
363 2.137817
364 2.268181
365 2.540441
287 1.341062
358 1.666922
359 1.924035
350 1.785845
351 1.794002
352 1.901304
367 1.751571
368 1.722451
372 2.313656
376 2.285156
275 2.156296
379 1.710993
381 2.112028
435 2.132783
383 1.305007
316 2.267935
346 2.234173
319 2.966851
386 2.376107
397 1.324316
330 2.903042
333 3.106411
334 2.497006
336 2.836799
390 2.865612
480 2.598294
395 3.289218
396 2.62234
329 2.045384
398 1.62648
448 1.773572
402 1.622019
403 1.791264
411 2.249437
413 2.329241
407 1.893799
408 1.714722
416 1.808622
417 1.83021
418 1.933633
404 2.150527
406 2.445863
412 1.861623
422 1.54423
414 1.786296
426 2.00196
360 2.087035
421 2.175373
423 1.749818
424 1.621198
425 2.05155
375 2.352982
428 2.357647
271 1.604056
430 1.403943
485 1.704444
432 1.706603
380 1.803636
433 2.066953
382 2.185662
436 1.414414
437 1.611883
384 2.18812
439 2.443111
441 2.40116
442 2.273908
443 2.551818
444 2.290169
445 2.011531
388 3.146087
392 3.073802
452 3.020747
453 2.894681
454 3.150436
387 1.989658
447 1.435295
506 1.82021
415 2.076236
509 2.348399
457 1.582437
458 1.479193
459 2.272598
460 2.308457
461 1.458554
462 1.609223
463 1.588561
464 1.670308
466 1.665825
467 2.08091
469 1.818524
470 1.737258
471 1.981146
410 1.919015
477 2.497187
475 2.267215
482 3.010622
478 1.619502
340 3.113901
473 2.260502
530 2.428543
481 3.171776
483 2.324193
429 1.556625
491 2.040343
492 2.443861
494 1.689745
490 2.260645
496 1.410859
498 2.054893
434 2.092744
500 1.637369
501 1.498939
505 2.312285
507 2.124574
508 1.796912
474 2.928141
446 1.648682
515 2.233772
517 1.910291
518 1.984407
521 2.281396
522 2.234917
512 1.740463
523 1.53994
524 1.551583
528 2.241606
476 2.94299
525 2.848546
449 2.892446
529 3.054504
531 1.953132
532 2.369991
533 2.254606
534 1.91932
537 2.202191
535 1.672594
539 1.621708
542 1.432294
493 1.721044
541 1.744572
499 2.071877
546 1.517021
549 2.255585
511 1.685268
70 1.990664
76 2.362824
80 2.971323
198 1.818494
186 1.589088
232 1.988267
243 2.250037
266 3.125081
210 1.811018
304 2.291667
327 1.418364
366 1.352834
486 1.602242
538 1.601905
536 1.678344
544 2.121456
