635
-0.557 0.869 -2.46 0.0328 -0.515 -0.191 0.835 
8351 1.487274
7763 1.498614
8348 1.495959
7852 1.514567
8416 1.910816
8289 1.384844
8165 1.195248
8252 1.339833
7968 3.57636
8259 1.288957
8135 1.166351
8126 1.149594
7723 1.497465
7649 1.425857
7958 2.716579
8122 1.139862
8155 1.163819
8243 1.281985
8211 1.253025
8171 1.207921
8195 1.231649
7572 1.345287
8264 1.295775
8277 1.307836
8333 1.415504
8290 1.344648
8353 1.430336
7681 1.442522
7678 1.262605
8158 1.263347
8149 1.253503
7595 1.073837
8405 1.611365
7804 1.54362
8456 3.903414
7869 1.611951
7868 1.526464
8176 1.214916
7849 1.496127
8035 1.0343
8447 3.537985
8459 3.752335
8375 1.495379
7637 1.4066
7956 2.71439
8138 1.165133
8106 1.118421
8343 1.42455
7589 1.384537
8154 1.192055
8162 1.201808
8253 1.285349
8280 1.321797
8275 1.317318
7657 1.420678
7654 1.416104
7701 1.257755
8040 1.075502
7791 1.382185
8404 1.628496
7575 1.242969
7705 1.355832
8460 3.888619
394 4.769447
8288 1.364634
8469 1.454641
8269 1.311786
8054 1.075888
8076 1.107573
8100 1.135167
8212 1.238907
7593 1.367928
8139 1.165461
8204 1.2297
7591 1.374022
8125 1.155476
8099 1.124204
8232 1.259985
8261 1.297794
8191 1.221066
8237 1.282072
8205 1.220959
7855 1.48695
7393 2.819268
7708 1.253261
8153 1.260599
8080 1.160804
7834 1.516293
7827 1.475512
7719 1.398579
7798 1.543048
7854 1.548335
8418 1.901535
8461 3.949393
8445 3.658756
8111 1.137148
8454 3.565038
8119 1.14412
8062 1.068543
8245 1.281293
8140 1.165494
8263 1.301862
8305 1.36596
8231 1.260354
8477 1.436588
7690 1.272077
7755 1.30726
7840 1.4847
7876 1.609706
7714 1.368521
7738 1.389706
7707 1.314394
7858 1.571428
8415 1.877581
8350 1.519398
8273 1.334237
8088 1.085582
8130 1.137866
8110 1.132822
8001 3.627759
8059 1.07254
7645 1.41987
8339 1.422917
8443 3.676046
8134 1.156485
8479 4.473579
8414 1.879168
7841 1.539038
7867 1.633284
8019 4.272416
7716 1.432722
7694 1.350487
1094 4.649459
8355 1.451674
8372 1.499939
8048 1.047224
8038 1.054673
8087 1.101205
8112 1.137464
7576 1.360354
8283 1.295203
8202 1.227131
7749 1.38117
7754 1.46765
8207 1.29547
7861 1.50094
7843 1.459041
7879 1.560701
8369 1.449496
8401 1.592323
7724 1.402218
8385 1.568022
8312 1.436125
7894 1.876244
7833 1.525277
7395 2.725408
8390 1.538335
8143 1.158707
8121 1.144157
8066 1.083244
8220 1.257083
8192 1.205009
7608 1.363453
8285 1.283375
8221 1.228138
8441 3.531617
7769 1.455601
8058 1.074195
7859 1.495366
8387 1.580559
7732 1.296358
7973 3.604221
7675 1.369606
8362 1.44031
8399 1.597806
7962 2.676632
8242 1.326236
8151 1.166488
8068 1.094188
8063 1.085883
8104 1.15222
8093 1.121092
8214 1.250492
8166 1.192593
7687 1.458716
7623 1.385131
8247 1.308728
7803 1.466801
7832 1.518077
8482 1.474012
7771 1.483956
8349 1.442349
7709 1.309117
8129 1.153157
8103 1.148116
8092 1.134776
8213 1.220437
8164 1.175005
8223 1.288447
8367 1.478724
8046 1.080652
7692 1.341638
8270 1.456524
7908 1.864101
8145 1.18523
8101 1.125753
8181 1.198493
8225 1.256381
8098 1.125662
8187 1.220081
8219 1.254838
8226 1.251471
7664 1.420912
8148 1.17465
8209 1.246327
8169 1.303692
7663 1.426083
7598 1.07337
8299 1.389706
8203 1.293385
8251 1.30234
7392 2.831003
8107 1.137736
8334 1.451789
8308 1.433793
7865 1.659566
7764 1.388274
