653
-0.781 0.738 -2.52 0.0211 -0.537 -0.195 0.82 
8126 1.292738
8094 1.274832
8289 1.478689
8408 1.762335
181 5.421243
8415 1.999553
8158 1.333732
8348 1.563487
8248 1.411302
8421 2.402453
8165 1.303244
7589 1.499264
8243 1.403445
8162 1.347408
8167 1.338133
8144 1.301869
8154 1.31581
8181 1.326271
7618 1.525972
8275 1.43071
8149 1.32485
8405 1.723097
8343 1.557392
1456 4.290023
8465 5.231487
7967 3.763228
8119 1.26754
8083 1.248286
8097 1.286154
8230 1.366321
8416 2.004997
7684 1.531763
8428 2.603216
8073 1.222679
7849 1.595659
7827 1.561496
8424 2.430861
8380 1.639103
8447 3.710972
8255 1.417588
8303 1.510769
8099 1.265874
7958 2.770683
8135 1.314773
8269 1.443266
8191 1.341785
8173 1.349445
8147 1.315667
8204 1.364386
8170 1.314175
7390 2.816294
8153 1.322348
7690 1.33436
7791 1.481519
8042 1.142189
8080 1.271496
7748 1.342315
8404 1.702782
8410 1.806734
8378 1.640345
365 3.708754
7812 1.717107
7995 3.731428
8458 3.789848
8406 1.713785
8418 1.974761
7798 1.641841
8249 1.375828
8310 1.471099
7956 2.778706
7993 2.979725
8425 2.55738
8059 1.223995
8138 1.319277
8273 1.450771
8261 1.40246
8323 1.502962
8232 1.372234
7840 1.572004
8302 1.483771
7737 1.338997
7876 1.698808
7649 1.552886
7714 1.45974
8351 1.594078
8278 1.446881
1071 4.372425
8466 5.126152
7662 1.51143
8394 1.625644
8459 3.778064
8117 1.262998
8082 1.256151
8251 1.390367
7867 1.751083
8407 1.827402
8381 1.619255
7820 1.608486
7724 1.536574
8393 1.71335
530 4.392883
8355 1.550591
8329 1.405238
7894 1.967401
7664 1.518616
8078 1.265553
7971 3.682212
8463 3.734739
8221 1.367676
7843 1.580977
7957 2.797803
8207 1.417687
7841 1.571862
7777 1.61526
8350 1.512232
7716 1.530532
8401 1.694076
8093 1.266615
8143 1.309528
8309 1.50107
8074 1.242546
8128 1.294436
8453 3.744771
8285 1.406816
8479 4.393473
7879 1.702917
8189 1.335515
8399 1.69645
8121 1.2633
8048 1.19775
8368 1.599398
7822 1.518928
7754 1.616594
8413 1.913957
7853 1.642899
7859 1.549875
7663 1.519615
7984 3.757517
7802 1.486297
7985 2.799559
8112 1.292506
8092 1.265832
8055 1.220211
8441 3.484921
8476 5.196987
8046 1.218273
7726 1.36037
8270 1.400052
7769 1.485093
8256 1.396107
8364 1.533891
7832 1.571063
7975 3.918712
8452 3.825712
7646 1.51984
7608 1.470231
7831 1.463123
7770 1.640506
7908 1.856083
7803 1.658279
8480 5.127424
7866 1.503977
8286 1.368158
8327 1.475091
7965 2.686812
8379 1.647681
8068 1.252798
8166 1.31918
8056 1.205112
8067 1.242456
8414 1.900089
8387 1.648648
7834 1.60007
8176 1.359681
7681 1.553341
8333 1.519228
7593 1.491578
8187 1.375918
7852 1.590331
7981 2.998496
8205 1.365877
8398 1.688874
8130 1.298239
8044 1.192322
8429 2.679044
480 3.916346
8066 1.233321
8019 3.904889
7694 1.506996
8063 1.22826
7824 1.642253
8190 1.33314
8089 1.255717
8192 1.378174
7857 1.707086
7730 1.363161
