654
-0.783 0.73 -2.53 0.0196 -0.535 -0.198 0.821 
8465 5.029723
8343 1.566043
8076 1.275877
8050 1.194172
8044 1.176249
8289 1.493147
8081 1.261833
8447 3.684779
7849 1.602926
8348 1.585791
7390 2.909067
8179 1.314037
8241 1.398174
8421 2.462256
8135 1.319805
8269 1.463808
8280 1.469568
8167 1.331811
8133 1.321674
8181 1.338531
8154 1.340758
8317 1.523728
7572 1.458359
8149 1.347236
8468 1.796542
1456 3.962332
7967 3.764781
8462 3.930014
8408 1.763123
8397 1.71258
8278 1.50819
8469 1.54219
8422 2.35034
8230 1.366293
8165 1.331458
7827 1.578802
8424 2.408765
7601 1.464432
8255 1.421276
8428 2.579052
7958 2.698636
8187 1.375995
8138 1.326635
8178 1.347033
8279 1.456805
8144 1.308313
8259 1.412248
8232 1.379108
8204 1.368397
8153 1.339099
7791 1.481846
8405 1.721889
8410 1.816619
8475 5.185023
8416 2.007433
294 3.704483
8474 5.019414
7995 3.725556
8458 3.772861
8406 1.753435
8310 1.474018
7798 1.660047
7956 2.758549
8425 2.465257
8273 1.460625
8205 1.373003
7840 1.587115
7690 1.335152
8302 1.512162
8042 1.144901
8404 1.743787
8351 1.629316
8418 1.989311
7510 3.725371
480 4.23738
7664 1.515466
8083 1.251132
8459 3.868057
7876 1.707582
8381 1.650303
7820 1.616394
7676 1.483874
8398 1.705189
530 4.177547
8355 1.519251
8329 1.531859
7662 1.513218
8110 1.292205
8078 1.257954
8134 1.314489
8463 3.78652
8221 1.368484
7843 1.583558
8429 2.715291
8207 1.408458
8369 1.577736
7867 1.743136
8382 1.66291
7777 1.636337
8368 1.631907
7724 1.520032
7841 1.578739
8019 4.283234
7716 1.537699
7894 1.967958
8401 1.713387
8093 1.284804
8112 1.305317
8048 1.20439
8441 3.626201
8479 4.387137
7857 1.747206
8074 1.256303
8189 1.341943
7709 1.410828
7822 1.534077
7754 1.623549
8413 1.945225
7608 1.510014
7839 1.570676
7859 1.560521
7984 3.94576
8453 3.858521
7802 1.481813
7957 2.850434
8435 2.795362
8092 1.297763
8121 1.262643
8159 1.332771
7879 1.731166
8443 3.578765
8058 1.240387
7726 1.356934
8480 5.206243
8399 1.70685
8270 1.416513
7769 1.620134
8414 1.887546
7853 1.658055
8364 1.564113
7832 1.533445
8256 1.402285
7803 1.659949
7663 1.561252
7831 1.485205
7985 2.813135
7770 1.646299
7776 1.663243
8151 1.317907
8326 1.497463
8216 1.341438
8046 1.221718
8327 1.495074
8129 1.347702
8067 1.255108
8476 5.905755
7908 1.954311
8387 1.71658
181 5.495525
8415 2.04807
8158 1.338355
8248 1.403524
7589 1.512618
8211 1.400548
7618 1.531457
7588 1.505142
8380 1.642922
8303 1.531552
8147 1.333983
7748 1.340121
365 3.681616
8249 1.411469
7993 2.945375
7931 2.628788
8240 1.400931
7737 1.348083
7714 1.503044
1071 4.23738
8117 1.265401
8251 1.394007
8393 1.693051
7971 3.963142
8309 1.526428
8128 1.306151
8386 2.632483
7660 1.605457
8365 1.555617
8055 1.240387
7975 3.928725
8452 3.874329
7866 1.562752
7965 2.829115
8379 1.651665
8068 1.242818
8166 1.332728
8056 1.223818
