657
-0.789 0.7 -2.55 0.017 -0.535 -0.2 0.821 
8282 1.43899
8149 1.383598
8464 1.590724
7804 1.69727
8145 1.337755
8248 1.458713
8423 2.492287
8230 1.398045
8255 1.446036
8303 1.532891
8154 1.35709
8105 1.283667
8269 1.481209
8201 1.373298
8211 1.409521
8244 1.439512
7592 1.499128
8158 1.340366
8348 1.606515
8410 1.84515
8378 1.64865
8402 1.746291
1456 4.101063
8416 2.03964
8338 1.550129
7967 3.771691
8458 3.758246
8408 1.780559
8065 1.259526
7684 1.571038
7827 1.610114
7849 1.631693
8173 1.389258
8194 1.391595
8307 1.528911
8167 1.356234
7390 2.793839
7791 1.51557
8042 1.169892
8404 1.770231
8468 1.825294
8475 5.097372
8415 2.011745
365 3.701338
8465 5.177891
7812 1.719879
8097 1.321392
7995 3.715865
8406 1.76623
7840 1.612913
7852 1.621745
7798 1.710777
8059 1.24875
7958 2.792219
491 3.467861
8117 1.281685
8140 1.343051
8249 1.430126
8199 1.382069
7678 1.373412
8302 1.502221
7737 1.355184
7876 1.722849
8398 1.743099
8355 1.67794
8278 1.472011
8418 2.012137
294 3.790095
1071 4.128741
8466 5.706899
7664 1.554895
8130 1.334068
8459 3.913007
8043 1.216429
8271 1.443656
7591 1.536585
7956 2.782815
8240 1.4303
7867 1.750109
7873 1.742078
8381 1.673074
8393 1.70664
7841 1.636374
530 4.265172
8351 1.527304
8329 1.487488
7662 1.565375
8083 1.281706
8134 1.331803
7994 4.053599
8463 4.11751
8192 1.344188
8386 1.696788
7843 1.628129
7957 2.862034
7755 1.460659
7879 1.703449
7777 1.677427
8299 1.54724
8019 3.873631
8350 1.51248
7716 1.487003
480 4.274859
7608 1.501481
8401 1.743622
8143 1.334791
8078 1.290309
8128 1.346943
7971 3.780976
8089 1.302344
8048 1.211468
8399 1.756567
7729 1.390845
7821 1.580923
7824 1.54541
7754 1.419557
8413 1.886276
7859 1.653371
7623 1.49924
8453 3.936558
7802 1.502115
7964 2.799709
8092 1.304237
8479 4.731724
8441 3.647111
7822 1.539653
7857 1.641968
7726 1.318955
7831 1.505078
8480 5.829543
8256 1.425662
7750 1.463593
8270 1.499652
7769 1.383281
7894 1.891189
8400 1.652188
7832 1.63649
7975 3.959784
8129 1.341903
8055 1.257043
8166 1.3031
8223 1.427829
7829 1.523841
7779 1.465393
8058 1.25487
8476 5.27913
8414 1.894416
7853 1.738543
8364 1.606137
7866 1.659142
8327 1.458983
7965 2.743901
8056 1.211387
8164 1.316442
8387 1.672452
8081 1.291877
8335 1.555258
8165 1.326553
8280 1.491608
8135 1.354607
8171 1.368241
8127 1.322215
7572 1.491964
8054 1.330398
8179 1.342903
7663 1.552341
8346 1.55372
7731 1.620862
7589 1.535494
8138 1.356099
8119 1.302481
8212 1.385011
8237 1.423823
8394 1.657192
8305 1.505055
8088 1.306672
8132 1.29996
8382 1.685255
7820 1.641772
7576 1.482179
8220 1.399524
8121 1.280134
7908 1.896384
8063 1.245022
7865 1.709454
8160 1.341806
8216 1.385212
