662
-0.739 0.606 -2.59 0.0116 -0.538 -0.167 0.827 
8149 1.362143
8158 1.362576
8338 1.551141
7968 3.812759
8458 3.824649
7967 3.789281
8348 1.615536
7746 1.637651
7784 1.690619
7931 2.526519
8282 1.4752
8171 1.387821
8126 1.330515
8098 1.315526
8375 1.656099
7670 1.615439
8280 1.486503
8226 1.424109
8154 1.365756
8201 1.39207
7588 1.53866
8268 1.468772
8264 1.46421
8289 1.519084
8404 1.756025
7719 1.546546
8415 1.964776
8076 1.296243
8408 1.802623
8117 1.316364
8459 3.897482
7849 1.633789
7827 1.614303
8462 3.937337
7868 1.651979
7995 3.7611
7690 1.375904
8255 1.479924
7958 2.863046
8271 1.460826
7664 1.578643
8162 1.390278
8123 1.329473
8167 1.359359
7649 1.59784
8232 1.414165
8279 1.495033
8262 1.474638
8278 1.501049
8236 1.45125
7876 1.755546
8465 5.265936
8179 1.355053
8406 1.820945
7971 3.719853
8463 3.882071
7852 1.65951
7840 1.61532
7731 1.635447
7678 1.386205
8274 1.460976
8173 1.376547
8199 1.405603
8329 1.470709
7390 2.813538
7791 1.496407
7737 1.361217
7834 1.630077
8351 1.605612
7894 2.043745
8466 5.533825
8078 1.289118
8372 1.66337
8066 1.270731
8350 1.546217
7716 1.494555
7956 2.81587
8302 1.525025
7841 1.625846
7867 1.773373
8398 1.749761
1456 4.226974
8474 5.713089
8001 4.010579
7843 1.606653
7821 1.65389
8369 1.610631
7879 1.759874
8019 4.205459
8083 1.296634
8159 1.355689
8089 1.316595
8387 1.751845
8048 1.246702
8399 1.738665
8256 1.442966
7750 1.463197
7859 1.573658
7957 2.841374
7822 1.557731
8063 1.260037
8092 1.313056
7608 1.510892
7857 1.741811
7853 1.758557
7754 1.56979
7802 1.524681
8216 1.42611
7832 1.661896
7985 2.801758
8452 3.839476
8121 1.298738
8055 1.256856
8166 1.322475
8476 6.981094
7964 2.73182
7824 1.5459
7779 1.526051
7866 1.733613
8103 1.301927
8327 1.60263
7864 1.685956
7568 1.46974
8252 1.466045
8383 1.68207
292 3.459561
8394 1.669079
8378 1.638082
7994 3.838725
8237 1.440545
8355 1.609183
8412 1.863081
7684 1.583885
7663 1.566696
8305 1.495009
8376 1.671303
8430 2.738807
8241 1.459006
452 5.661985
8418 2.029205
406 3.785817
480 4.433878
8381 1.69476
7662 1.582793
8202 1.405667
7688 1.627262
7755 1.431319
8413 2.011709
8207 1.43127
8064 1.290869
7729 1.361501
8479 4.478914
7769 1.235584
8079 1.256935
8286 1.467081
8367 1.642751
8400 1.682385
7803 1.628359
8364 1.642868
