674
0.257 0.199 -2.78 0.0756 -0.418 -0.133 0.895 
7849 1.802787
8405 1.845736
8282 1.447865
8461 4.887257
8348 1.721448
8436 3.419262
8252 1.629153
8473 5.144969
181 6.147002
8415 2.376363
7342 2.959245
7968 3.72699
8458 3.76418
7601 1.537342
8462 3.797448
8426 2.861314
7592 1.494691
7571 1.493871
8002 3.548285
8466 5.310634
8469 1.646473
7834 1.748368
7827 1.739578
7756 1.676991
8465 5.820227
8418 2.354669
8255 1.633593
6725 2.54265
7976 3.377578
7502 3.681806
7753 1.661335
7935 2.960976
7952 3.136839
7994 3.711103
8459 3.740114
7690 1.558312
6659 2.137383
8144 1.221812
8293 1.489482
8259 1.391778
8268 1.402467
7852 1.804028
2238 3.384802
480 5.414866
7876 1.838157
7331 2.521681
7393 3.400795
7662 1.610285
7920 2.727179
7412 2.848169
7746 1.650108
8447 3.747726
8463 3.72427
7958 3.138583
7678 1.576421
6662 2.143331
6623 2.089658
6712 2.400521
8389 1.876176
8212 1.334662
7503 3.625648
394 5.199793
8413 2.369884
7860 1.811274
320 4.072381
7867 1.878651
8474 5.781174
8453 3.620275
8430 3.514507
8412 1.971715
7915 2.502178
6612 2.090804
6657 2.339216
7855 1.792617
7737 1.614856
7508 3.989866
804 3.450148
7664 1.600068
7843 1.736714
7879 1.891711
8189 1.54613
8285 1.425985
8009 3.685609
8008 3.463439
7496 3.450148
7399 2.912705
7956 3.267456
1094 5.373348
7729 1.612373
7754 1.566098
7765 1.673945
8387 1.890542
8001 3.712841
8390 1.849542
8213 1.353106
8283 1.481137
8020 4.777896
7646 1.622721
8443 4.194783
1075 5.356663
8399 1.858183
7824 1.800011
7769 1.729234
7752 1.605956
7957 3.272032
8400 1.904166
8192 1.28218
8247 1.438683
8441 4.050723
7832 1.668433
7865 1.867956
474 5.527784
7493 4.050879
7964 3.217601
8452 3.779887
8166 1.257523
7948 3.244253
1456 5.25455
7992 3.282281
7842 1.768795
7460 3.636348
7853 1.771464
7382 2.75401
8374 1.870369
7985 3.367831
292 4.022387
7759 1.60095
7972 3.681797
7980 3.639876
7505 3.70312
7735 1.612208
8158 1.620251
452 5.964455
7896 2.157565
6693 2.475481
8425 2.903418
7747 1.680736
7731 1.662411
8427 3.099376
8310 1.521369
7998 3.532809
7392 3.514507
7946 3.136582
1405 3.167378
7380 2.794575
8224 1.306675
7937 2.871026
7320 2.182674
8306 1.496336
7395 3.477094
7857 1.872084
7692 1.581157
7978 3.2069
8322 1.620928
8481 5.328751
7955 3.124869
8214 1.33132
8286 1.357684
