686
1.39 0.643 -2.63 0.024 -0.258 -0.117 0.959 
1803 3.494712
7552 1.667719
8302 1.864878
8153 1.850737
8348 1.87718
7539 1.582064
7613 1.729201
7671 1.815873
7869 1.862795
7864 1.902195
7834 1.919249
1430 5.287879
8394 1.665229
8035 1.704326
8384 2.109695
7849 1.969077
7606 1.830001
7999 4.101074
7342 3.261807
8436 3.864762
7678 1.787907
8236 1.886379
6680 2.471144
6726 2.722222
6727 2.78036
6487 1.949336
7817 2.115595
7331 3.066441
8010 3.876022
5837 1.823526
7891 2.647306
7899 2.764612
8421 3.184579
7958 3.496269
7871 1.862385
8460 5.002858
8445 4.663146
7827 1.899727
7548 1.670647
7800 1.677076
7578 1.686707
8278 1.765882
6539 1.799553
7868 1.878143
7841 1.883053
480 5.537085
6677 2.154669
6699 2.456231
5878 2.186816
8000 4.013071
7931 3.016062
7393 3.928342
6685 2.441945
7915 3.101679
1659 3.872484
7429 3.840481
1828 3.622987
5876 2.558097
5933 2.062515
109 4.44897
8251 1.806605
7610 1.794258
7719 1.698808
181 6.686901
6694 2.451494
7716 1.769321
821 4.113583
7612 1.814739
7855 1.97577
5896 2.054632
7306 3.110572
7391 3.836736
7819 2.109931
7895 2.840444
6757 3.018666
7747 1.604161
6538 1.979547
2432 3.734659
7412 3.495195
7451 4.222381
6597 2.29146
6623 2.706271
5938 2.061914
8009 4.372815
270 3.683119
8207 1.840207
7538 1.586408
7840 1.903068
7694 1.63472
7854 1.892075
8012 4.502765
452 6.086088
7860 1.95964
8175 1.853033
7059 2.145018
7957 3.588771
8008 3.827419
6612 2.708395
7320 2.846403
1405 4.059774
6530 2.185969
6504 2.139399
5941 2.042076
7316 2.737971
6698 2.520616
320 4.361916
7503 4.327979
853 3.519866
7732 1.804312
7551 1.667086
7843 1.909491
7879 1.907683
7749 1.78316
7676 1.620679
8014 4.532832
7510 4.736864
7729 1.853188
7750 1.861049
7839 1.963695
2372 4.056092
8013 3.882301
7472 3.838265
6914 3.370992
6796 2.575794
6800 2.539689
5890 2.080948
7282 2.720967
7609 1.801252
7493 4.624271
7395 3.943945
7964 3.62251
8256 1.813303
7540 1.563631
8387 1.948272
7754 1.857488
449 6.086253
910 3.861026
1398 3.951978
8399 1.886615
6814 2.578662
474 6.528008
7803 1.947681
534 3.697415
7859 1.962349
7857 1.903424
7769 1.809063
7536 1.55888
5923 2.028559
5893 2.104573
7710 1.872182
7962 3.854665
7985 3.574235
7898 2.763138
2392 3.671661
7978 3.836436
8385 1.707948
6589 2.661056
1817 3.703163
6687 2.506573
8443 4.62989
8441 4.565101
1075 6.160245
7730 1.844079
8020 4.763036
7832 1.868963
7831 2.003976
7537 1.563188
7602 1.691445
7955 4.244851
7460 4.172739
6721 2.541411
8481 4.278372
7992 3.909869
6802 2.200746
7965 3.52669
6708 2.846145
7382 3.322588
6676 2.480966
1456 7.264013
7698 1.815364
7505 4.199979
8002 4.101074
6707 3.125933
7556 1.681661
7876 1.926463
6614 2.706196
7714 1.638993
7562 1.685492
8022 2.29146
7867 1.932843
365 4.775599
5885 2.2095
7399 3.4904
7298 3.099872
5840 2.536824
7752 1.865758
7873 1.838307
7820 1.830163
8011 3.827419
1350 4.082187
8189 1.812843
7764 1.837138
5827 1.820557
986 3.883329
8038 1.687295
8368 1.84422
6542 2.16398
7949 3.863782
7604 1.811864
6532 2.205731
7853 2.794961
7585 1.794498
