690
1.69 0.682 -2.53 0.0105 -0.217 -0.0909 0.972 
7869 1.823399
7849 1.931662
3302 3.385868
7841 1.879465
8348 1.836503
8404 1.867682
8456 5.156579
5933 2.278304
1072 5.58286
7552 1.729746
8302 1.86192
8153 1.838014
8035 1.767373
7748 1.920819
7613 1.828268
8378 1.775133
7993 3.733212
7342 3.346979
8436 3.820024
8010 4.112419
6644 2.122001
7331 3.057905
7388 3.58641
7594 1.897001
7539 1.63099
6677 2.308677
6699 2.480947
5837 2.003114
7958 3.656464
6680 2.602875
6614 2.793536
7548 1.692919
7556 1.676169
7562 1.762119
7737 1.908406
7855 1.927597
7610 1.762203
453 5.492766
7694 1.613837
5938 2.250024
8000 4.190449
8412 1.903076
7876 1.915575
7708 1.854581
5878 2.366889
7393 3.877937
8278 1.698398
7935 3.281814
6539 1.88813
7981 3.74596
394 5.834667
7963 3.927064
7864 1.878687
7871 1.854759
6822 2.780316
7915 3.074621
7947 3.597761
7606 1.831198
6694 2.512041
7819 2.20858
7189 2.163774
7956 3.604928
6440 1.991059
7412 3.501533
7827 1.839177
181 6.093009
8473 4.34857
8009 4.405235
5931 2.238052
8207 1.818707
8008 4.289871
7059 2.223899
7306 3.107339
7391 3.867171
7510 4.678126
7599 1.830857
7952 3.668791
5909 2.332578
6538 2.048297
6612 2.737227
7907 2.892009
6623 2.727738
6530 2.260906
6683 2.510859
7998 4.304917
7538 1.617132
7598 1.758346
7867 1.926935
7840 1.87746
7860 1.966556
7714 1.604523
7854 1.883609
8012 4.387843
452 6.039526
7812 1.722522
6698 2.56124
7609 1.819835
7946 3.719642
7282 2.726066
5941 2.272479
5900 2.283666
7320 2.904514
7399 3.565694
7862 2.418894
6555 1.926138
821 3.898034
7563 1.74266
7752 1.874752
7957 3.614853
7541 1.647254
7298 3.127384
7605 1.764755
7873 1.809506
7839 1.944447
7843 1.881167
7881 2.093108
7724 1.706266
7732 1.824385
449 5.729499
8014 4.338313
7392 3.820814
6527 2.405424
5890 2.286873
1350 4.049824
910 3.93025
7902 2.989178
6800 2.652634
7503 4.249079
7964 3.770052
7621 1.799546
7879 1.871234
7870 1.759578
7859 1.91154
7676 1.601761
320 4.074748
474 5.883884
8011 4.289941
7395 3.992606
7754 1.748088
6687 2.531591
2392 3.919436
7978 4.11818
1022 3.755126
1075 6.003919
5923 2.167288
8387 1.887127
7675 1.57059
534 3.866161
7581 1.757235
8013 4.233871
7769 1.650662
8364 1.96655
7832 1.821037
7604 1.847874
7985 3.844224
6814 2.634298
6589 2.815456
6700 2.9329
7493 4.250287
7803 1.820475
6676 2.48474
7730 1.864376
7460 4.18357
7962 3.850127
7602 1.703563
7781 2.190001
6802 2.377371
6774 2.226422
7955 3.746353
7537 1.615358
7382 3.479645
5904 2.171281
7992 3.874951
7948 3.65517
7853 2.680211
7866 1.947206
7965 3.725238
1828 3.657861
6726 2.814335
100 3.733416
7671 1.88515
7999 4.252521
6727 2.808093
8397 1.922023
7786 1.951804
7615 1.860937
8470 1.705361
7705 1.726592
7545 1.704454
1405 3.994892
7390 3.870556
6479 2.349053
1803 3.697999
7760 1.8312
7064 2.21302
6804 2.745629
5827 1.969103
980 3.874587
7729 1.926416
7551 1.698817
1094 5.433364
6796 2.78641
7380 3.379293
6969 2.251282
7512 4.072909
7736 1.873304
7857 1.890499
8401 1.754565
8020 5.154531
7492 4.017281
7764 1.869716
