696
2.15 0.728 -2.25 0.00756 -0.14 -0.0703 0.988 
7708 1.790791
7554 1.62201
7556 1.63504
7626 1.81807
8475 5.71827
7958 3.458007
5235 1.775595
7915 2.897175
7552 1.676693
8436 3.767369
6685 2.619533
7539 1.629384
7931 2.880012
5933 2.503783
7748 1.828376
7412 3.61407
6743 2.419009
7817 2.206168
6659 2.990875
1881 3.891965
7135 2.286577
7610 1.780711
8042 1.678479
7578 1.662024
5283 1.534299
7868 1.704187
7956 3.413451
7880 1.941766
7393 3.754749
7947 3.59977
7451 3.866299
6694 2.604616
7548 1.678781
8000 4.324509
7538 1.644433
6555 2.053163
5938 2.47817
7737 1.801534
270 3.85457
7429 3.89127
7503 4.506986
7819 2.231349
7907 2.930393
7143 2.306879
6058 2.204424
7834 1.717441
7678 1.686579
7705 1.568987
452 5.940439
7952 3.444081
6698 2.611962
7391 3.777259
5941 2.493514
7752 1.830981
6612 2.775076
853 3.787772
8009 4.361286
5885 2.585913
7320 2.971305
6062 2.220445
6914 3.724832
7860 1.786012
7858 1.718273
8355 1.769036
8014 4.007472
394 5.118204
7925 3.819541
7736 1.825033
5931 2.453804
5890 2.52196
6623 2.743311
7541 1.618534
6538 2.11699
7493 4.459194
980 3.890045
7562 1.678707
7508 4.862957
8011 3.903098
7395 3.75705
7496 4.306004
7957 3.43239
8012 3.858397
1094 6.124232
7902 2.933942
6771 2.606385
910 4.064988
7380 3.394728
6029 2.211318
5967 1.92649
6814 2.816213
6676 2.65873
7227 2.4528
1812 3.756924
7540 1.616467
7585 1.86138
7282 2.784878
8400 1.985447
7563 1.683254
7729 1.765007
8020 4.839197
449 5.840887
8013 3.74893
8334 1.74224
7964 3.42449
6895 3.755548
6542 2.383981
1075 5.47749
7605 1.674665
7985 3.448469
8441 4.503715
5923 2.375723
6774 2.52458
7764 1.670034
8374 1.995467
7726 1.79062
7710 1.730452
6537 2.375892
6700 2.947765
6589 2.77941
7382 3.347329
474 5.616537
7992 4.020841
7581 1.796607
7730 1.723693
7460 4.268431
7962 3.441956
7537 1.576252
6851 3.706136
1350 4.179037
1398 4.131675
7965 3.545944
5956 1.979168
7948 3.588767
6767 2.306934
5837 2.177014
7404 3.636074
7505 4.225097
7904 2.990875
6052 2.220445
7510 4.707559
7946 3.667154
7399 3.639729
6757 3.08803
6530 2.357395
7750 1.644392
2955 2.147453
7709 1.673517
7403 3.886049
7824 1.741589
3731 1.624658
6829 2.287773
7829 1.860232
7939 3.683456
7512 4.254745
8364 1.797355
6532 2.383981
