75
-0.000243 -0.000713 -0.00011 0.00135 5.98e-06 3.62e-05 1 
79 2.802127
67 2.372348
63 2.187894
15 1.587247
10 2.068644
113 2.265101
28 2.349847
75 2.852446
121 1.56491
65 2.165727
21 2.955323
23 2.237523
97 3.08266
25 1.515134
34 2.728119
43 2.206674
26 2.318076
27 2.312469
35 1.725249
36 1.782821
29 1.268091
48 2.185494
40 2.010029
44 2.17679
45 2.265984
47 2.420714
53 1.804924
30 2.202537
147 1.763499
55 1.826789
56 1.925885
59 2.166408
58 2.068298
61 1.550337
8 2.070437
72 1.543452
74 1.985726
77 2.428398
78 2.825594
81 3.076977
101 2.061716
166 2.329186
172 1.25367
62 1.361733
111 1.654814
85 2.070322
115 2.227171
109 2.354917
179 2.809831
122 2.348497
106 2.236037
118 1.505566
107 2.022684
134 2.34168
180 3.043693
120 2.742597
123 2.872405
124 2.782886
127 1.897017
131 1.712117
132 1.841979
135 2.227503
148 1.767109
149 1.817576
52 1.763648
140 1.770832
136 1.374816
137 1.491292
145 2.0267
141 2.137118
142 2.311227
143 2.32259
144 2.4032
41 1.331288
57 1.724392
150 2.011487
151 2.199544
152 2.281993
156 1.752299
154 2.351213
155 2.288253
158 2.207685
160 1.558114
99 2.172922
93 2.201419
82 2.321765
168 1.671219
171 1.524709
173 1.994076
95 2.835854
175 2.911808
178 2.863339
90 2.15413
110 1.565136
272 1.607278
199 2.231156
189 1.33879
192 2.353053
196 3.036854
193 1.40322
194 1.52721
200 2.080223
201 2.198552
198 1.885633
114 2.25262
219 2.878375
207 2.115926
202 2.229591
212 1.768381
191 2.037356
211 1.780137
146 1.356115
215 2.26498
139 1.759524
204 1.771732
205 1.912381
227 1.953499
228 1.996374
224 1.795909
229 1.726087
230 1.74972
234 2.196104
239 1.593191
240 1.715846
162 2.081017
251 2.287487
252 1.686871
253 1.683941
259 1.932989
185 2.76877
266 3.089737
262 2.813447
263 2.800778
264 3.055949
339 3.088894
181 3.116943
187 1.728497
269 2.118604
195 3.035593
129 3.087349
283 2.38518
190 2.241977
275 2.199186
280 1.796366
403 1.839829
285 1.746396
286 1.756561
203 1.762717
297 1.692759
298 2.000511
299 1.990966
277 2.072301
278 2.121611
292 2.163381
293 2.288864
294 2.533557
288 1.881447
289 1.802677
226 1.892635
221 1.329517
295 1.511596
300 1.740305
301 1.723449
302 1.970161
310 1.578072
311 1.538621
108 2.199994
321 2.436048
249 2.250318
323 2.379641
324 1.6259
182 1.962864
325 1.321941
327 1.461679
329 1.94544
260 2.896069
331 2.762997
332 2.577227
333 3.106977
335 2.891199
336 2.848478
337 2.795099
341 3.171457
346 2.225734
343 1.738872
436 1.397355
380 1.799064
400 2.050071
401 2.217039
357 1.965415
363 2.12092
365 2.377907
353 1.527112
291 1.798578
351 1.819909
349 1.819347
287 1.338603
290 1.86461
358 1.648884
359 1.97485
360 2.212776
373 2.32066
372 2.297537
368 1.746508
369 2.057061
307 2.275153
378 1.554273
379 1.759442
382 2.123617
383 1.267478
316 2.280057
385 2.772552
386 2.397507
397 1.33822
326 1.275237
387 2.068139
396 2.613379
398 1.644643
355 1.779133
404 2.175207
405 2.450721
406 2.436354
367 1.697456
409 1.851088
413 2.325198
420 1.459354
350 1.800814
426 1.950717
415 2.13188
421 2.162886
424 1.704367
375 2.359475
428 2.335687
429 1.58744
431 1.746163
432 1.692368
381 2.022413
434 2.097262
435 2.153672
384 2.187291
440 2.276493
441 2.472736
443 2.453605
444 2.308287
445 1.959992
366 1.339019
330 2.867408
390 2.828895
450 2.622294
451 3.082714
452 3.051175
453 2.869832
395 3.048695
446 1.646818
459 2.281264
460 2.313703
465 1.670978
468 2.050735
469 1.812334
408 1.77415
410 2.067274
388 2.873696
476 2.452478
480 2.607224
473 2.298482
475 2.27798
478 1.65087
482 3.022317
525 2.845402
479 2.91748
491 1.955268
492 2.428537
486 1.561024
271 1.639697
490 2.216883
461 1.465982
493 1.74072
494 1.6743
495 1.706648
500 1.644682
499 2.067565
545 2.185528
414 1.831786
507 2.107868
504 2.232292
505 2.315123
417 1.824039
511 1.613915
523 1.508597
524 1.569052
516 1.808855
506 1.893443
518 1.975686
528 2.204718
551 3.090954
449 2.891487
533 2.42204
534 2.018969
531 1.983294
532 2.374095
538 1.642569
539 1.617867
529 2.639472
540 1.634549
541 1.738713
543 2.021514
547 1.886072
508 1.707277
470 1.715201
20 2.340347
76 2.845773
167 2.320647
174 3.127179
119 2.722255
177 2.519701
348 1.775951
466 1.746132
471 1.821668
527 1.651615
549 2.304891
