782
3.91 0.0933 -0.92 0.0139 0.0198 0.00707 1 
9718 1.613602
9676 1.550023
9878 1.947664
10049 2.374235
9523 2.758593
9200 1.657883
9203 1.650652
9726 1.644931
9969 2.242206
9979 2.184557
9706 1.577465
9697 1.590745
9702 1.581254
9730 1.656349
9775 1.722154
9797 1.79159
9964 2.141728
9796 1.797523
8882 2.088985
10145 2.751071
10147 2.767195
9861 1.920978
9900 1.992441
10163 2.757527
9859 1.937813
5933 2.146459
9922 2.024418
9738 1.647845
9253 1.643771
8937 2.334988
10060 2.421674
9876 1.922065
9763 1.736422
9759 1.714319
9481 2.665298
10065 2.36184
9424 2.420322
9933 2.097447
9976 2.198361
9926 2.056792
9909 2.048632
9944 2.180988
10088 2.470833
9537 2.850201
10024 2.407206
9967 2.198312
10002 2.24451
10061 2.463825
9455 2.548529
10070 2.509001
10062 2.405937
9810 1.744149
9442 2.46936
9675 1.553673
10008 2.21863
10112 2.729113
9910 2.054665
9936 2.057571
9755 1.716124
10161 2.795341
9719 1.619932
8800 1.630839
9873 1.951469
9521 2.775312
9845 1.870563
9742 1.693977
9700 1.57507
9792 1.78594
9771 1.755599
9972 2.138743
9962 2.12604
9277 1.818627
9806 1.811078
8888 2.077378
9842 1.870558
9883 1.940179
9723 1.608598
8697 1.590239
10089 2.609179
10095 2.69003
10114 2.654006
10136 2.683459
10272 2.91793
9862 1.87977
10027 2.291186
9888 1.970235
9415 2.436506
9974 2.220592
9890 2.048685
10087 2.54783
9817 1.814215
9939 2.129445
9940 2.079768
6367 2.589612
9973 2.164246
10159 2.810596
9988 2.22313
9691 1.595379
10036 2.325807
8939 2.409757
9917 2.060766
9728 1.673349
10171 2.790169
9833 1.884284
9864 1.972667
9715 1.598655
10169 2.792001
9762 1.712554
9391 2.052285
10032 2.403572
9436 2.48685
9297 1.894046
9331 2.089374
9510 2.786217
9462 2.626229
8929 2.403811
9714 1.670095
9217 1.671754
9919 2.096127
9701 1.583115
10158 2.817826
9711 1.597187
9459 2.56262
9841 1.861912
10119 2.747282
10174 2.76905
10237 3.108076
9801 1.789366
10220 3.218915
10116 2.718004
10129 2.66687
9846 1.897195
9825 1.842048
10051 2.425768
9947 2.201413
9948 2.139043
9886 1.967179
9785 1.75325
9924 2.034499
9219 1.67286
9444 2.591921
9408 2.307615
9918 2.05601
9894 1.96981
9929 2.052102
5938 2.172439
9965 2.14941
10025 2.331672
9463 2.520205
9388 2.089213
9789 1.765677
9506 2.794158
10179 2.82697
10143 2.744721
9177 1.634863
9290 1.818597
9746 1.724646
9692 1.597078
9770 1.753397
9840 1.905802
10037 2.462063
10058 2.40714
9867 1.921284
10081 2.547805
9704 1.652212
9309 1.881621
10127 2.707274
10054 2.454234
9495 2.51371
9385 2.08729
9823 1.854946
9800 1.788946
9765 1.775885
8774 1.804323
10215 3.294794
10082 2.552449
10096 2.621759
9497 2.554796
886 3.185076
9828 1.86649
9981 2.132586
9467 2.35859
9501 2.833369
10014 2.24176
9884 1.966262
5931 2.133611
10170 2.83161
9911 2.061337
10152 2.777472
10148 2.791574
9943 2.078947
9240 1.677516
9747 1.640573
9847 1.854629
9934 2.08769
9880 1.934147
9843 1.860857
5885 2.174557
10045 2.341044
10048 2.519924
9769 1.747823
9945 2.031705
9915 2.053305
10113 2.719982
10121 2.615822
9228 1.66283
9874 1.979328
10072 2.409941
9321 1.828167
10242 3.22125
9594 3.252669
8830 1.791997
9721 1.618629
10166 2.772988
10153 2.783624
10075 2.624556
10086 2.649705
10102 2.538436
6125 1.805013
9838 1.941915
9835 1.879604
8978 3.241594
1800 3.254635
9295 1.87759
10202 3.167206
9927 2.148823
9513 2.69865
9858 1.934372
9519 2.860698
10017 2.263077
10077 2.68804
10050 2.393654
5589 1.828483
9741 1.653309
10009 2.650276
10043 2.382407
5941 2.100775
9761 1.665044
9820 1.814637
9990 2.175444
9903 2.061806
9793 1.761499
9032 2.116588
10064 2.405258
10067 2.325425
10038 2.418044
9536 2.988
9477 2.525076
9778 1.752644
9893 2.045177
10133 2.765879
9887 1.929678
9941 2.034256
9963 2.16544
10078 2.729355
9492 2.762579
6342 1.947117
990 3.236705
10210 3.255237
9809 1.806162
9865 1.849155
9760 1.722335
10259 3.288821
10142 2.790164
8973 3.225122
8985 3.045795
10266 3.355633
6851 3.166194
8972 3.228736
10206 3.309324
9456 2.597131
10178 2.837086
10172 2.855391
10195 3.1531
10098 1.898141
10044 2.390578
9971 2.21906
9351 1.952107
9951 2.068364
9298 1.797915
9849 1.928634
10176 2.915389
5900 2.09746
9863 1.896692
10071 2.343019
10168 2.82017
8782 1.759325
10057 2.410577
10199 3.211405
8969 3.227306
10223 3.240263
5893 2.112656
10015 2.229227
9905 2.06021
10212 3.098455
10203 3.197825
10066 2.39949
9923 2.011729
8921 2.680742
6895 3.211649
9773 1.732275
9300 1.734022
10011 2.222482
10251 3.061475
10131 2.865513
10201 3.065295
10198 3.141958
2955 1.957274
10128 2.722062
6388 2.763654
10186 2.700568
10018 2.32378
9987 2.337774
10269 4.071103
9511 2.79014
10268 3.836342
10267 3.701277
10055 2.333878
9745 1.703557
9852 1.910742
9928 2.069076
10033 2.382744
10085 2.550098
10151 2.599014
9522 2.819086
9744 1.806243
10068 2.483165
10042 2.192538
6341 1.871725
10073 2.343253
10080 2.678277
10224 3.089529
9471 2.60081
10126 2.672204
9930 2.085526
10208 3.090904
10059 2.387425
10132 2.76885
10150 2.734604
10177 2.873323
9896 1.943148
9898 2.067908
8874 2.11165
9318 2.010391
10052 2.363575
9402 2.306693
10188 2.816602
10263 3.521548
9758 1.742083
10090 2.636378
10244 3.253335
10130 2.758433
10108 2.504023
9854 1.936184
9932 2.154704
9768 1.720682
9869 1.956857
9925 2.096086
9263 1.770862
9682 1.55591
9710 1.609587
10184 4.963643
9671 1.547267
9705 1.594254
9395 2.133811
9959 2.074487
9665 1.138825
10183 4.841331
10234 3.278509
9902 2.019461
7318 2.280348
9879 1.965959
9906 1.981246
9818 1.828914
10019 2.329697
9821 1.83453
9897 1.965715
9672 1.557959
9709 1.58853
9734 1.668721
10156 2.777821
10165 4.861662
10155 4.91094
9901 2.019575
9961 2.079135
8760 1.614192
9740 1.683621
10140 2.774752
9673 1.557635
9685 1.605344
10257 3.340134
10118 2.638105
10227 3.264591
9989 2.253557
9892 2.019855
9882 2.006889
9392 2.310193
9851 1.884284
9913 2.015568
9232 1.618328
9983 2.172439
9689 1.609944
9489 2.606185
10091 2.668914
5386 1.598132
9667 1.605653
9590 3.220005
10254 3.255215
10207 3.250524
9836 1.864535
9980 2.192784
9791 1.828649
8775 1.558931
9912 2.027451
9677 1.575688
9822 1.854048
9713 1.633543
8698 1.583115
9889 1.9772
9178 1.57507
9441 2.550044
9732 1.631487
10069 2.591921
10205 3.198426
9445 2.614641
10012 2.312987
10005 2.231169
9885 2.034654
9505 2.684386
8799 1.648828
9238 1.631647
9727 1.593697
9984 2.111531
10141 2.813236
10144 2.777954
9895 2.001611
9695 1.56662
9788 1.747642
9453 2.548371
9907 2.058396
9908 2.033655
9624 3.225851
10235 3.253933
10222 3.307128
9035 4.556991
9480 2.552743
9229 1.678493
9957 2.136321
9616 3.317379
9443 2.2762
9904 2.105331
9372 2.17232
8912 4.499158
9816 1.801705
8743 1.746816
9213 1.653309
9736 1.708317
9819 1.834536
9956 2.174557
10185 2.911998
9866 1.89225
9750 1.728199
10246 3.122739
10236 3.16098
10173 2.666317
10279 3.236705
10191 3.1577
9389 2.298371
10181 2.754962
9257 1.747446
9531 2.746681
9772 1.712107
9949 2.043682
9975 2.171773
9899 2.112656
10193 3.260825
9660 3.252315
9401 2.366889
10265 3.143431
10196 3.355704
10280 2.694171
10137 2.683762
10180 2.565379
9804 1.806243
9916 2.046797
9784 1.742819
9356 2.184066
9831 1.855997
5996 1.678436
8837 2.112111
10115 16.216909
9839 1.808728
9479 2.52147
10022 2.084069
9352 1.9756
10123 3.521548
10139 2.6352
9545 2.901207
9826 1.785128
7227 2.019182
10093 2.53323
