798
4.14 0.161 -0.759 0.0517 0.0121 -0.0224 0.998 
10117 2.495972
10184 2.651769
10097 2.37928
9537 2.625776
9415 2.154911
9979 1.981924
9933 1.915409
9988 2.027155
9900 1.801158
9436 2.221925
10062 2.002849
9888 1.795732
10094 2.382053
10281 1.72368
10109 2.392866
10146 2.52958
9447 2.257934
10088 2.230142
10282 1.75795
9972 1.877694
9521 2.551528
9395 1.875989
10084 2.280703
10103 2.248178
10049 2.185865
10110 2.437762
9357 2.023829
9535 2.640244
9936 1.83375
9914 1.77613
9331 1.901047
9442 2.250611
10019 2.041274
9944 1.88499
9890 1.866797
10054 2.210029
9909 1.804327
9969 1.887227
10089 2.388032
10156 2.579272
10095 2.475313
10167 2.604944
10145 2.466341
10136 2.418387
10272 2.567834
10171 2.796044
5938 1.914201
9996 2.062878
9527 2.508075
9965 1.837125
10158 2.604836
9472 2.365883
9910 1.81022
9911 1.834377
9948 2.031957
9939 1.971775
9886 1.793816
9882 1.899
10027 2.045951
10061 2.024499
9408 1.975295
9455 2.195152
10070 2.213413
9444 2.270287
10129 2.456534
10116 2.428334
10270 2.622548
10125 2.552179
9498 2.549472
10162 2.475657
9884 1.802048
10124 2.495885
10105 2.466566
9509 2.494342
10141 2.574273
10100 2.520397
10087 2.269391
9510 2.542082
9992 2.060328
10152 2.523103
10143 2.522747
10274 2.637551
10185 2.681703
9467 2.085857
5931 1.907814
9892 1.749123
9337 1.898876
9339 1.928357
10144 2.532139
10024 2.030979
10106 2.390196
9926 1.833673
9947 1.970295
10045 2.090737
10178 2.647663
10170 2.517402
10096 2.389995
10075 2.288107
9459 2.384665
10077 2.199171
10069 2.269211
9871 1.772348
10190 2.765143
5923 1.936298
9945 2.044821
6367 2.358844
9392 1.951818
10039 2.094562
10148 2.540309
10050 2.132245
9918 1.862107
9927 1.893032
10058 2.13272
10072 2.135203
9915 1.767128
6342 1.736804
10176 2.81681
10068 2.15721
10173 2.764744
5941 1.854851
9924 1.82118
10043 2.117487
10085 1.796024
10133 2.407612
9426 2.336157
10016 2.173009
10083 2.168126
9887 1.800552
6341 1.745735
10142 2.757367
10132 2.635771
9923 1.79391
10010 1.983203
10038 2.158678
10090 2.275302
10111 2.409142
9439 2.19845
10151 2.462542
5904 1.814444
9893 1.743771
10099 2.357063
9662 2.368479
9513 2.237427
9511 2.558068
10131 2.677258
10180 2.79572
9480 2.346244
9492 2.343767
10078 2.217913
10175 2.660226
9853 1.823598
10154 2.569962
9953 1.906722
9523 2.52458
10149 2.688234
10001 2.02246
10174 2.559323
9883 1.729766
10091 2.356122
9912 1.745762
10161 2.494342
10271 2.579221
9524 2.53989
9528 2.506874
10118 2.466791
10140 2.52976
10169 2.626936
9500 2.462476
9554 2.647154
9894 1.788024
9505 2.564843
9529 2.46688
10041 2.085857
8929 2.172816
10166 2.601883
10157 2.584649
6058 1.791242
9550 4.61887
10046 2.032518
9506 2.54699
10186 2.648972
9490 4.185555
9519 2.641755
10032 2.099877
9907 1.803885
10168 2.589975
9531 2.408702
10150 2.640511
9508 2.369276
