803
4.16 0.0499 -0.895 0.0349 -0.00383 -0.0137 0.999 
9988 1.979842
10091 2.309958
9442 2.209466
10000 2.089457
9979 2.092136
9535 2.669314
9357 1.989091
9933 1.862544
9447 2.282733
10070 2.178579
10065 2.160264
10145 2.443032
9972 1.932959
9888 1.754602
9534 2.666344
8882 1.902086
8888 1.927004
10114 2.371323
10094 2.32445
10149 4.583228
9500 2.483636
9509 4.528295
9940 1.955032
10101 2.359089
9331 1.870964
10184 2.634621
10179 2.639445
8929 2.172923
10156 2.50669
6058 1.798921
9861 1.722139
9926 1.814039
9890 1.78504
9944 1.875598
10088 2.205434
10072 2.116297
10062 2.017008
10051 2.12885
9965 1.90811
9969 2.034158
10084 2.376064
10171 2.789292
10136 2.474767
10157 2.517245
10141 2.600043
9472 2.35414
10272 2.673674
10089 2.387386
10095 2.427148
10271 2.580375
9924 1.836538
10158 2.611006
10165 2.569436
10117 2.591433
9996 1.974165
10174 2.626273
9533 2.618881
9948 1.919151
9436 2.187922
10061 2.090342
10027 2.161207
10019 1.959412
10024 2.014068
9455 2.246373
9480 2.378747
9886 1.748154
9939 1.868343
5938 1.964326
10125 2.574252
10082 2.399263
5885 2.02969
9444 2.241568
10087 2.261
9498 2.562093
10162 2.474443
9885 1.742716
10032 2.1475
10129 2.549087
10282 1.730418
10121 2.410218
10124 2.512302
10143 2.573593
10166 2.550305
10274 2.740141
6052 1.811664
9945 1.961677
9492 2.352594
10081 2.223511
10046 2.026881
9337 1.881391
9947 1.871475
10064 2.182134
10054 2.108819
10077 2.270445
10069 2.241984
9490 4.033041
10044 2.10316
10185 2.89608
9911 1.896928
9936 1.818563
10151 2.399772
10103 2.520329
10075 2.279789
10096 2.400767
10190 2.709274
9992 1.986913
10105 2.406748
5931 1.9532
9910 1.847893
9912 1.788275
10168 2.518089
10058 2.142547
9496 2.578594
9871 1.725928
9887 1.739908
9927 1.845382
10173 2.829498
10153 2.542671
5904 1.905475
5941 1.931885
9923 1.869796
10083 2.112114
9956 1.965302
10053 2.130141
10041 2.35823
10133 2.477056
10175 2.722841
10043 2.121439
9501 2.436903
9915 1.708131
10048 2.123867
10177 2.763644
9531 2.584904
10176 2.48393
6367 2.367439
10111 2.198429
10122 2.242833
9519 2.435685
10181 2.557876
10148 2.387386
10142 2.662988
10040 2.244667
10010 1.886462
10038 2.107676
10078 2.242842
10055 2.269617
9318 1.769279
9949 1.918753
10067 2.094006
9471 2.231248
9511 2.623815
10131 2.809827
8921 2.563436
9439 2.227196
10108 2.381739
10172 2.728349
9853 1.636651
10073 2.168629
9537 2.638367
9909 1.824306
10097 2.368378
10025 2.144985
10155 2.534129
9518 2.591433
10163 2.544699
10146 2.527304
10161 2.52662
9906 1.751603
10002 1.920429
10140 2.54585
10109 2.38076
10147 2.580375
10127 2.483753
10169 2.556864
9918 1.817997
9529 2.455378
9510 2.495591
9392 1.985772
10170 2.628414
10050 2.191087
9907 1.866527
10186 2.729104
10057 2.141226
10090 2.301411
9459 2.31233
10137 2.697616
10130 2.478917
10182 2.310009
10123 2.754759
10139 2.537566
