813
4.22 -0.0548 -0.714 0.0258 0.0231 -0.0076 0.999 
10114 2.463037
9436 2.247212
9480 2.417612
9979 2.037221
9933 1.927484
10159 2.650278
9914 1.847274
10163 2.600013
9447 2.35833
9415 2.240352
10070 2.256674
10109 2.469391
9888 1.82983
9940 2.060095
10161 2.579022
9509 2.621405
10106 2.380884
10145 2.531473
10110 2.481888
9926 1.948867
10179 4.49101
9939 1.9961
9944 1.942145
9500 2.570791
9972 1.933855
10190 2.682267
10094 2.393154
9909 1.879595
9953 1.971081
9444 2.370109
9442 2.263612
10065 2.197096
10061 2.233353
10072 2.216013
9973 1.937466
10119 2.551043
9910 1.840905
9886 1.836406
9408 2.150884
9890 1.854228
10183 4.804245
10088 2.330721
10147 2.621584
10125 2.613027
9035 2.630255
10044 2.183795
10117 2.618803
10127 2.575996
10171 2.695518
10112 2.738463
10136 2.584806
10095 2.584389
9533 2.73695
6058 1.827572
9527 2.603286
9969 1.994542
9959 1.921166
9496 2.618003
10089 2.408432
9924 1.861735
10081 2.378487
10058 2.288687
10054 2.226188
9455 2.381721
9900 1.865186
10274 2.639441
10167 2.594384
10271 2.557314
10162 2.527076
10157 2.561432
10100 2.448332
10116 2.572307
10118 2.458023
10046 2.185473
5938 1.930276
10087 2.289659
9965 1.917804
9915 1.933847
9992 2.029737
9912 1.812484
9528 2.629
10124 2.517394
10166 2.620604
10185 2.720977
9901 1.895055
9947 2.011698
9948 1.976106
10103 2.40412
9894 1.803183
10096 2.518901
10129 2.424576
9918 1.919766
10133 2.561829
9501 2.59941
9510 2.593364
9478 2.523582
9936 1.849607
9871 1.810787
10069 2.325019
6367 2.379774
9392 2.047531
10039 2.182168
10032 2.242669
9945 2.008507
10143 2.555162
5931 1.880861
10064 2.171785
10139 2.473361
10121 2.49974
10023 1.981829
10016 2.084596
10170 2.649491
10173 2.761204
9893 1.775352
9477 2.367446
10018 2.36082
10098 2.370052
10010 2.093654
10038 2.211302
5718 2.189695
9439 2.394173
5941 1.861499
10148 2.640937
9887 1.877689
10128 2.354648
5682 2.089507
9453 2.362821
10083 2.225317
9519 2.509442
10181 2.645387
10178 2.492038
10176 2.748224
10142 2.794506
9531 2.64406
10151 2.475409
10055 2.336177
10017 2.020622
10048 2.308491
10080 2.309007
10113 2.380586
7227 1.901283
6341 1.855881
8921 2.762341
9508 2.636006
9511 2.595782
10078 2.306215
10108 2.710172
10175 2.745057
10132 2.776146
9537 2.650278
10184 2.704252
9964 1.957431
9395 1.919261
10156 2.622942
9331 1.945806
10282 1.810808
10154 2.622241
9518 2.618803
10144 2.630255
9882 1.870511
9337 1.958659
10189 2.635315
9884 1.835693
10135 2.594898
10077 2.311312
9916 1.827513
9907 1.879656
8886 2.166041
9372 2.038967
9471 2.194676
10122 2.320115
10137 2.749033
10269 2.620236
10131 2.636006
10177 2.655712
6388 2.415507
9522 2.760276
