859
3.47 -0.991 1.26 0.0149 0.286 0.114 0.951 
10684 2.26885
10398 2.499044
10379 2.428823
10446 2.165512
10061 2.984178
10435 2.437296
10426 2.517176
10932 2.524552
10504 2.499
10495 2.617279
9940 2.387284
10716 2.961138
10088 2.609005
10896 2.500914
10481 2.633251
10654 2.894777
10311 2.047814
10370 1.773588
10930 2.664873
10432 2.514249
10526 2.70367
9380 2.319875
9976 2.316025
10854 2.62553
10145 2.553632
10889 2.551169
10840 2.540134
10764 2.475501
10864 2.378801
9944 2.362782
10696 2.588651
10327 2.234955
10626 2.744621
10553 2.709218
10352 2.393742
10387 2.196417
9817 2.348069
10377 2.409704
10070 2.813574
9888 2.403252
9909 2.379226
9455 2.635125
9415 2.406427
10576 2.864044
10156 2.710844
10097 2.525391
10873 2.626082
10095 2.682377
10640 2.25248
10169 2.332973
6399 2.01887
10558 2.736459
10533 2.748494
9890 2.349475
10349 2.286241
10355 2.318946
10512 2.188489
9789 2.300837
10467 2.343215
10378 2.243198
10485 2.574087
10282 2.3519
10087 2.635585
9436 2.525011
10829 2.536615
9509 2.705865
10894 2.728081
10538 2.506165
9441 2.763012
9331 2.130126
9939 2.39494
10058 2.840331
10826 2.472341
10813 2.563379
10874 2.511355
10741 2.576578
10782 2.327956
10870 2.268109
10615 2.292126
9886 2.381706
10442 2.587614
10046 2.336513
10552 2.69164
6947 2.7699
10069 2.558255
6367 2.631971
10399 2.042913
10720 2.963312
10439 2.527584
10089 2.544571
10755 2.510259
10161 2.751085
10184 2.585854
9918 2.337016
9424 2.421808
10054 2.790219
10774 2.558819
10650 2.52531
9505 2.59882
9529 2.492586
10689 2.542377
10745 2.587977
10136 2.578275
10833 2.536883
9459 2.657146
10124 2.292845
10839 2.404219
10274 2.328336
10731 2.3366
10693 2.285006
10957 2.425762
10530 2.245364
10039 2.317426
5653 2.293797
10476 2.548024
9887 2.348238
10345 2.325997
9927 2.339025
5695 2.168054
10513 2.698275
10037 2.938874
10606 2.839462
10907 2.572189
9444 2.607532
9948 2.272506
10771 2.551905
10072 2.764389
10531 2.533773
10540 2.732481
10431 2.103005
10822 2.519103
10799 2.472765
10652 2.520426
10135 2.466421
10119 2.317129
10875 2.540252
10152 2.275623
10790 2.379024
10618 2.318862
10763 2.46853
6951 2.742851
10952 2.360288
10082 2.534299
10448 2.562239
10472 2.516741
10596 2.814638
5682 3.121861
10695 2.601624
10738 2.577062
9496 2.796766
10730 2.581385
5658 2.299489
10482 2.613875
6342 2.305985
10473 2.442188
9996 2.266999
10593 2.183828
10038 2.429544
5588 2.231752
10170 2.254368
10185 2.319994
10486 2.231296
10480 2.530245
10168 2.53203
10078 2.763804
6388 2.615282
10521 2.856253
10941 2.333637
10584 2.863151
5683 3.146421
10106 2.115249
10342 2.149441
8941 2.860881
10151 2.115515
10186 2.335887
10173 2.238875
9519 2.744237
10528 2.831437
10132 2.346147
10090 2.769656
10876 2.674735
5629 3.157458
10603 2.411292
5788 1.842705
10422 2.09883
10914 2.079919
10108 2.055983
10026 2.352857
9853 2.223581
10080 2.650305
10501 2.420367
10023 2.307313
10488 2.228091
10551 2.468839
9439 2.585223
10568 2.634285
5718 3.420819
10917 3.289772
5659 2.07077
10142 2.225474
10178 2.223451
10177 2.360826
10946 2.531797
10172 2.509143
10494 2.796731
9915 2.278988
10701 2.487285
10581 2.894777
10155 1.938334
10886 2.711684
10845 2.652849
10785 2.306355
10922 2.378801
10776 2.506595
10627 2.398165
9766 2.213663
9810 2.175192
10490 2.640519
10407 2.362952
10084 2.103654
10574 2.22043
10146 2.67588
9521 2.650215
10788 2.682377
10843 2.71366
10599 2.373312
10320 2.122075
9785 2.215637
10353 2.328046
10147 2.475021
10639 2.766961
10792 2.575608
10499 2.358476
10736 2.697996
10827 2.62887
10674 2.52531
10750 2.538863
10747 2.411194
10702 2.492586
10848 2.4209
10318 2.076896
10697 2.546086
10754 2.551905
10666 2.275623
10746 2.318862
10852 2.526098
3779 2.018372
10772 2.689827
10313 2.038729
10141 2.790445
10655 2.368371
10617 2.591349
10100 2.657146
5611 1.810954
10679 4.555325
10166 2.302721
10758 2.579989
10857 2.350414
5604 2.244497
10463 2.538268
10116 2.587977
10458 2.124356
10113 2.713939
10657 2.378665
10077 2.444371
10148 2.379024
10601 3.069961
9389 2.362124
10017 2.285578
10010 2.180928
10959 2.632725
5703 2.35342
10949 2.531797
10592 2.340625
