864
3.31 -1 1.6 -0.0241 0.34 0.118 0.933 
10375 2.525852
10084 1.995629
10032 2.915881
10553 2.782583
9909 2.390658
10373 2.54946
10352 2.44666
10327 2.201515
9817 2.492532
10302 2.139947
10316 2.229166
10088 2.61032
10894 2.677758
10581 3.007763
10524 2.785511
9684 1.843698
10535 2.231778
9976 2.202191
10764 2.369256
10598 2.862816
10070 2.910141
10815 2.211159
10871 2.452376
10886 2.599567
10349 2.448694
10340 2.380536
9888 2.37181
9933 2.095566
9481 2.55063
9455 2.754653
10376 2.450988
10377 2.544253
10318 2.244789
9890 2.363081
10480 2.581886
10536 2.239233
10528 2.724126
10905 2.706075
9436 2.518883
10606 3.002408
10087 2.641248
10931 2.360914
10159 2.532163
9537 2.467247
6399 2.236031
10097 2.472335
10626 2.837389
10558 2.771504
10054 2.93745
10509 2.389533
10771 2.523899
10813 2.490549
10145 2.48497
9918 2.352538
10046 2.234136
10282 2.362504
5653 2.307222
10369 2.51239
10355 2.350403
10533 2.808876
10069 2.569127
10303 2.186401
10313 2.272052
10601 3.01938
10716 2.998181
10926 2.356661
9940 2.171662
10848 2.162243
10642 2.36981
10702 2.412148
9789 2.434824
10473 2.505377
10072 2.839139
9331 2.063311
10774 2.520432
10722 2.598879
5588 2.399992
5611 1.940033
9886 2.324599
5658 2.410281
10526 2.823269
10695 2.624942
10918 2.396343
10442 2.549116
9948 2.193412
9035 2.503328
10679 2.283915
10058 3.020094
10368 2.551217
5618 2.012699
9297 1.815782
10530 2.27239
9337 2.095692
6330 2.412467
10064 2.833052
10552 2.729312
10814 3.259991
5710 1.862875
9887 2.265288
10342 2.385568
10024 2.357449
5595 1.729952
10463 2.563448
5589 2.419639
10077 2.65783
6367 2.6339
10803 2.527066
9945 2.368028
5633 1.596376
9459 2.556903
10183 2.280013
10359 2.539841
6947 2.766337
9295 1.809246
10458 2.054923
10332 2.27922
10078 2.736683
6388 2.575065
10603 2.411373
3779 2.281814
5749 1.930884
10649 2.29671
9927 2.268535
9309 1.797057
10090 2.778977
10876 2.532016
10501 2.320218
5683 3.266171
9477 2.462052
5797 1.886426
5788 2.134877
6342 2.155367
10017 2.225698
4706 2.201456
9487 2.591797
5682 3.261915
5731 1.912805
10521 2.650399
10080 2.669929
3392 1.974766
5567 2.240477
10486 2.281363
9853 2.245602
3784 1.674053
10840 2.430532
10896 2.330799
10339 2.353804
10447 2.517802
10825 3.030987
10930 2.532163
10481 2.505377
10317 2.244789
10654 3.019769
10395 2.612201
10051 2.483769
10136 2.503863
10118 2.614596
10467 2.253781
10161 1.851732
10596 3.020926
10362 1.83772
10471 2.556127
9535 2.344145
10875 2.336372
9529 2.316313
10943 2.268963
8941 2.606709
10747 2.283915
10852 2.246733
10727 2.142342
10799 1.630232
5743 1.921317
10172 2.410168
10102 2.591797
10946 2.850661
