892
1.08 -1.43 3.01 0.0162 0.59 0.246 0.769 
10495 2.283462
10485 2.285538
11264 1.854469
11391 2.126062
10316 2.390905
11468 2.359688
10881 2.980379
11496 2.451444
11140 1.835039
11455 2.264245
11266 1.972094
11173 1.873802
10606 2.812596
11300 2.096803
10528 2.578554
11263 1.973259
11063 1.789095
11500 2.464781
11145 1.918738
11190 1.94068
11160 1.899475
11285 2.00963
11196 1.980716
11015 1.749128
11020 1.779343
11420 2.200262
11231 2.04798
10973 1.640437
11393 2.202
11306 2.104065
11399 2.159043
11324 2.069986
11086 1.885855
11114 1.900733
10579 2.718842
10553 2.607348
11505 2.47237
10516 2.620431
10376 2.459124
11370 1.948145
11105 1.845732
11514 2.662482
11402 2.112097
11219 2.011348
11180 2.003355
11243 1.959446
11427 2.249424
11187 1.897251
11009 1.733337
11313 2.125448
10996 1.703508
11061 1.793693
11055 1.872698
11502 2.477618
11174 1.983609
11515 2.693326
11151 1.884279
11378 2.127491
11293 2.046041
11397 2.239888
11472 2.359632
11030 1.818161
11070 1.78945
11276 1.991251
11244 1.98269
11325 2.048204
11135 1.89242
11493 2.506073
11295 2.100276
11364 2.211542
11005 1.754061
9684 1.642892
10598 2.743887
11459 2.285971
11201 1.857284
11220 1.924445
11006 1.769196
10984 1.722077
11103 1.836825
11178 1.975497
11432 2.24944
11238 1.971581
11142 1.895691
11088 1.854116
11448 2.260877
10814 3.011115
11007 1.730254
11534 1.834003
11077 1.797503
11403 2.112901
5691 2.69612
11338 2.145287
10398 2.53692
11518 2.62552
11024 1.772208
11059 1.861215
11037 1.778299
11268 2.001975
11026 1.811075
6220 1.968086
11221 2.012225
5595 2.042945
11157 1.952707
11195 2.010395
6399 2.472935
11547 2.273368
11250 1.975877
9766 2.336762
11132 1.797704
11242 1.903195
11354 1.879814
10515 1.627737
5604 2.364529
10558 2.62711
11449 2.274372
11476 2.398661
11452 2.222026
9944 1.765113
10282 1.96204
11365 1.966388
10375 2.516752
10994 1.760103
10982 1.673946
11184 1.913173
6404 2.497445
5631 1.717224
11417 2.193599
11308 2.013729
11023 1.753853
5705 1.890333
11274 2.049605
11371 2.10948
5062 1.998463
11453 2.254292
6277 2.103022
11379 2.180143
5046 1.656757
11203 2.002644
11022 1.784659
11246 1.904957
11528 2.890717
11002 1.568396
11148 1.808945
11216 1.822929
9436 1.831196
11428 1.937389
10087 1.954818
11521 2.674111
11461 2.27788
10313 2.290661
9939 1.717206
10476 2.418407
5710 2.243952
11407 2.175792
11192 1.946518
6219 1.917637
10990 1.793164
11537 2.595351
11517 2.552945
11245 2.027656
11121 1.904538
6269 2.168347
11176 1.989901
11118 1.806376
11150 1.949012
5639 1.961324
5695 2.403351
11422 2.219437
11131 1.749876
10069 1.923041
10341 2.352436
11433 2.363365
9915 1.940489
11320 1.76492
6954 2.625796
11296 2.003705
11162 1.876219
5571 1.949777
11168 1.903398
11232 1.9986
11084 1.75005
11210 1.941679
5749 2.259634
11013 1.771064
10988 1.668825
5699 1.8194
11303 2.081354
11260 1.967625
6222 1.824734
11117 1.838256
11447 2.354648
11126 1.749043
11489 2.403616
10342 2.471759
3392 2.180004
10526 2.58896
3777 1.754731
11046 1.779847
5743 2.335496
5635 1.819649
11169 2.071021
11329 1.991898
11328 2.022574
5607 1.873474
5706 1.74093
11089 1.848773
11129 1.787848
4249 2.147242
5797 2.059938
11471 2.173547
3779 2.468148
5747 1.842242
11016 1.792243
11339 1.964323
3772 1.956211
11208 1.857049
10494 2.625548
6352 1.975072
11225 1.940157
3784 1.898896
4706 2.51229
11443 2.450567
5567 2.451199
5659 2.410858
11228 1.781473
11558 2.039963
11136 1.869264
5621 1.818111
5731 2.191502
10716 2.833527
10346 2.501266
10978 1.689287
9890 2.019353
11318 2.142979
11194 2.058356
11214 1.924046
11282 2.003488
11236 1.950189
11498 2.445151
11508 2.513126
11181 1.894453
11287 2.081611
11289 2.011402
11327 2.062794
11315 2.107342
11464 3.735904
11185 1.911172
11270 2.05192
10512 1.627737
10500 2.371959
10340 2.351935
11405 2.116556
11305 2.084068
11143 1.998499
11205 1.998997
11098 1.842223
5589 2.190474
10509 1.805913
9408 1.591961
11525 2.928501
11434 2.289682
11102 1.781892
11549 1.787492
10459 2.548738
5611 2.164309
11548 2.086794
11418 2.191854
11516 2.647533
11421 2.115412
11301 2.117176
10513 2.632648
10983 1.722504
11480 2.38555
10077 1.96897
4308 1.820042
5160 1.792685
10078 1.975815
11075 1.828232
5703 2.561173
4653 1.879818
11104 1.811165
11259 2.04776
11253 1.980329
11155 1.881808
11058 1.834235
11317 2.078144
11542 2.61477
