896
0.709 -1.44 3.08 0.0196 0.623 0.265 0.736 
11455 2.285345
11445 2.297413
10327 2.327953
10376 2.401435
11496 2.532576
11500 2.439956
11494 2.412372
10516 2.533005
11105 1.906127
11145 2.078188
11114 2.021887
11009 1.814953
11266 2.045098
10606 2.810959
11219 2.090058
11238 1.985958
11173 1.909127
11229 1.992269
10996 1.818509
11042 1.726961
11019 1.865022
11015 1.845014
11391 2.128861
11041 1.945182
11420 2.228005
11300 2.172534
11393 2.216986
11044 1.967006
11324 2.093311
11276 2.006612
11263 2.065576
11190 1.989865
11264 1.840687
11459 2.226659
10553 2.569837
9684 1.602758
11432 2.295914
11364 2.233782
11306 2.135275
10991 1.85457
11006 1.820835
10984 1.804978
11493 2.47513
11502 2.454683
10985 1.795092
11007 1.810599
11088 1.89123
10881 2.885682
5672 2.722598
11055 1.994183
11165 1.981539
11397 2.242451
11258 1.991253
11188 1.921098
11325 2.101063
11191 2.115088
11180 2.101474
11448 2.293797
11313 2.235945
11244 2.002031
9766 2.250963
11509 2.638961
11242 1.900416
10528 2.516874
10481 2.324428
10579 2.615356
11161 1.905021
10375 2.324473
10836 2.924734
10976 1.794689
11516 2.64465
11506 2.569137
10350 2.594615
11205 2.18228
11547 2.310404
11024 1.844669
11417 2.19344
11304 2.127422
11270 2.101854
11094 1.79392
11453 2.292614
6220 2.130954
11032 1.868508
11275 2.052596
11217 2.123045
11157 2.086885
11338 2.250685
11026 1.907477
11178 1.938301
11076 1.841196
11107 1.897081
11108 1.681691
11092 1.743428
11216 1.876504
6396 2.238755
11449 2.284953
11476 2.309384
9909 1.930949
10282 1.88082
10532 2.287279
10480 2.342187
10598 2.658147
11403 2.213678
5631 1.82024
10398 2.405507
11518 2.578414
11077 1.841121
11073 1.960379
5705 2.015004
5691 2.67328
5595 2.055267
11054 1.840825
10982 1.787166
5704 1.820797
11192 2.037922
6277 2.145768
11308 2.062678
10997 1.871238
11005 1.850006
11536 2.062038
11209 2.098524
5049 1.943511
5710 2.370872
11280 2.170521
11150 1.98919
11246 2.031529
11132 1.824401
11239 1.859788
11461 2.295595
11452 2.220071
11365 1.868179
10540 2.3213
11521 2.545861
11418 2.374907
11384 2.110997
11535 2.162359
10994 1.787866
11322 2.088151
4303 2.105352
11245 2.006615
5749 2.393238
11199 1.972463
11184 1.916721
11096 1.92206
5700 1.798407
11127 1.880106
11118 1.910302
5639 1.970428
11422 2.317724
10610 2.86225
11523 2.705147
5695 2.432229
11148 1.819122
5583 2.049201
11433 2.172023
5658 2.36755
6947 2.557745
10558 2.532302
5683 2.930595
11421 2.168605
5607 1.957523
5797 2.120459
11303 2.117067
11046 1.932438
4694 1.898692
11117 1.872928
11171 1.936395
11089 1.840076
11162 1.885932
6268 1.954419
11232 1.960575
10434 2.336704
10494 2.528584
4307 2.183087
11210 2.073067
4249 2.235216
10983 1.81684
5693 1.708113
5747 2.018408
5699 1.959625
5097 1.775635
11260 2.077008
6222 1.93349
6404 2.431449
11126 1.732184
3392 2.274722
6951 2.596298
9915 1.893983
11035 1.902777
11558 2.017212
11028 1.869629
11128 1.839863
11156 1.855633
5706 1.877837
11329 2.09241
5567 2.325647
4706 2.497144
11487 2.350604
3777 1.854478
3772 2.034098
4301 1.942299
11129 1.8
3789 1.966028
11259 2.174565
5659 2.41037
3790 2.514475
11228 1.821256
4308 1.884401
11253 2.22497
5667 1.948446
3779 2.448095
11339 2.069361
11444 2.269463
11175 1.909812
11120 2.098524
11071 1.86286
10351 2.571823
11399 2.197804
11174 2.07532
11231 2.097604
11160 1.967174
11099 1.88968
11233 2.104578
11201 1.939306
11534 1.962452
11022 1.850691
6399 2.498709
11267 2.009723
5046 1.773962
11517 2.308065
11067 1.872542
11359 2.374907
11002 1.560434
10314 2.333915
11208 1.880336
5635 1.777948
11489 2.356539
10526 2.528584
11198 1.86524
11434 2.280965
11138 1.878399
11317 2.043644
