902
0.464 -1.43 3.1 0.0171 0.646 0.276 0.712 
11506 2.628639
10544 1.889114
11086 2.07739
10881 2.826016
11145 2.143471
11030 1.979837
10375 2.318532
11263 2.068399
11393 2.28627
11207 1.97387
11229 2.006238
11009 1.868123
10984 1.884173
11427 2.301684
11161 1.940404
11414 2.26805
11420 2.270944
10981 1.871979
11231 2.182513
11300 2.218803
11037 1.885569
11285 2.093668
11276 2.055512
11292 2.176235
9766 2.204539
11500 2.479074
11264 1.856214
11444 2.267123
10490 2.139898
10526 2.430127
10579 2.47883
10352 2.369369
10553 2.48259
11244 2.055235
11160 2.024714
11098 1.932307
11105 1.97231
10836 2.838605
11002 1.583107
10528 2.453453
10975 1.912954
11043 1.958796
11226 1.98622
11238 1.98627
11448 2.406575
10991 1.910695
11006 1.919083
11024 1.898361
11313 2.265814
11233 2.179816
11295 2.207636
11325 2.108035
11364 2.265314
11180 2.149541
11502 2.484634
11509 2.5308
9684 1.611775
10824 2.779425
11438 2.247029
10598 2.520251
10552 2.505794
11516 2.637301
10814 2.816878
5672 2.71235
11143 2.104133
11417 2.201462
11217 2.179656
5705 2.048076
10985 1.871533
11032 1.964333
11007 1.86755
10993 1.921722
11005 1.877339
6396 2.217201
11249 2.177488
11177 1.921435
11404 2.258496
11275 2.056619
11258 2.06944
11134 2.122977
11379 2.22376
11453 2.376424
6220 2.136031
11088 1.956136
10976 1.866839
11304 2.208344
11397 2.232847
11026 1.966055
11108 1.669801
11242 1.886503
11402 2.146073
11476 2.283691
11449 2.282644
11452 2.2255
10495 2.132039
10558 2.492359
11267 2.018574
11023 1.972017
11118 1.975357
11405 2.202194
11221 2.112202
10997 1.918035
10994 1.904592
11054 1.947726
5631 1.891392
11536 2.151462
6269 2.23962
11013 1.873442
5633 2.160707
11247 2.024951
11213 1.953604
5710 2.369422
11157 2.153404
11150 1.95137
11307 2.246675
11121 2.087698
5691 2.645084
5695 2.43772
11132 1.849082
5611 2.137628
5595 2.058305
5618 2.191367
10540 2.163475
11521 2.482909
6947 2.406635
6219 2.080212
11117 1.954448
11407 2.218728
11548 2.082831
11308 2.056438
11384 2.186249
4303 2.144212
4249 2.386319
11274 2.151709
5706 1.977602
5051 1.94339
11418 2.379644
11210 2.110183
11184 1.893062
11127 1.94877
11225 2.008492
10983 1.85744
5699 1.983006
11478 2.239652
6404 2.517402
11131 1.668041
11239 1.825034
11148 1.823051
5583 2.042703
5653 2.487031
11461 2.282501
3392 2.171136
5718 2.890422
11075 1.890736
4230 1.782021
11016 1.996044
5693 1.762838
11128 1.881213
11109 1.806181
5049 2.019816
4307 2.086139
4223 2.132714
4301 2.049905
5097 1.888018
11169 2.1354
11171 1.990683
5589 2.232585
5659 2.331594
11129 1.695377
5797 2.162165
11260 1.961503
10494 2.462189
6951 2.499259
11558 1.953093
3789 2.082994
11253 2.346925
4694 2.078518
5132 2.042756
5607 1.977919
3777 1.974175
6222 1.931855
11035 1.941117
5747 2.053036
3779 2.522353
11228 1.778027
5629 2.7404
5664 2.865037
11317 2.074231
3772 1.961741
5703 2.289999
11433 2.182137
11539 2.465429
11126 1.738468
11463 2.409515
5044 1.936744
4309 1.867458
5738 1.990133
5567 2.22774
5069 1.799124
5731 2.365855
11542 2.507725
10332 2.238533
4706 2.536742
3790 2.480226
11297 2.091701
5621 2.032147
11339 2.022209
11473 2.338791
11331 2.128607
11163 2.020102
10317 2.323546
11534 2.050915
5683 2.816878
11250 2.044025
11142 2.04952
11293 2.127722
11268 2.092356
11401 2.27318
11216 1.866138
11518 2.428186
11538 2.091715
11107 1.941278
11533 2.290684
11211 2.130069
11096 2.03222
11523 2.628075
11162 1.875652
11078 1.806181
11540 2.140326
11224 2.077786
11046 1.991547
11411 2.265343
11422 2.257257
11421 2.261873
3799 2.284437
11058 1.892007
5788 2.386003
11155 1.823153
11543 2.406709
6954 2.52667
