934
-1.37 -1.5 3.36 -0.0221 0.803 0.304 0.512 
11890 1.755028
11655 1.377813
12013 1.822048
12072 2.064558
12064 1.996151
11712 1.631783
12065 2.063329
12115 2.203743
11866 1.823564
11718 1.582641
11971 2.005069
11943 1.847457
12133 1.650386
11894 1.813465
11282 1.327262
12087 2.016295
11145 1.875183
11135 1.793877
11969 1.964918
12038 1.911756
11233 1.806871
11047 1.475119
11791 1.65711
11777 1.648195
11741 1.604428
11702 1.437093
11853 1.724985
11196 1.674942
11841 1.738534
11746 1.649456
11927 1.732465
12122 2.178627
11630 1.514543
11883 1.864951
12083 2.000605
12052 1.985529
11880 1.851612
11796 1.762743
11693 1.601796
11951 1.91133
11393 1.74743
11261 1.813899
11918 1.658023
11648 1.405591
11313 1.825153
11804 1.737373
11793 1.533753
11679 1.494253
11020 1.454027
11984 1.936424
11842 1.671391
11812 1.666228
11826 1.746718
11731 1.644655
12002 1.907816
11848 1.737912
11935 1.728661
11231 1.775595
5771 2.330189
11635 1.526398
11598 1.346388
11827 1.814446
12108 2.010889
11683 1.610998
11893 1.807913
11868 1.803034
11993 1.96363
12011 2.015604
11980 1.910686
12037 1.885519
11180 1.82519
10981 1.59249
11276 1.316612
11398 1.569199
11992 1.907065
11668 1.488078
11775 1.64378
12044 2.027045
11997 1.950242
11772 1.628119
4697 2.32688
12103 2.128832
11631 1.517011
11597 1.336678
12079 2.020866
12067 1.975586
5792 1.962354
11859 1.892042
11990 1.852696
11981 2.034111
11800 1.755897
11729 1.632486
11338 1.818225
11364 1.725461
11304 1.640828
11249 1.777968
11472 1.570198
11427 1.64546
11496 1.709949
11779 1.598972
11675 1.525968
10984 1.493121
11813 1.616847
11830 1.625855
11857 1.740259
11794 1.687371
10997 1.541327
11653 1.552917
12071 2.001529
12116 2.104421
12033 1.988114
11911 1.760948
12068 2.027501
11989 1.964628
12029 2.126779
11795 1.651401
11756 1.670809
11379 1.773984
11307 1.697533
11448 1.64215
11972 1.703723
11493 1.701274
11032 1.462377
11824 1.589879
11650 1.495086
10995 1.668576
11023 1.585339
11285 1.348199
11246 1.476686
11643 1.41353
11150 1.38771
11401 1.569783
11610 1.403263
11979 1.749581
6399 1.730021
11332 1.562675
12114 2.123413
12085 1.9272
11877 1.875661
11845 1.752882
11453 1.670869
5774 2.003391
11975 1.978041
11802 1.673777
4230 1.818026
11766 1.593929
10994 1.527502
10976 1.469502
6219 1.616231
5639 1.463892
11640 1.406531
12059 2.068254
12035 1.974662
4228 2.228818
11639 1.353953
12060 1.949356
11809 1.525402
11765 1.697992
11760 1.638742
11674 1.468491
11996 1.97819
5749 1.692257
11387 1.594234
11225 1.457874
11127 1.406411
11912 1.761299
5738 1.63457
11743 1.573909
10983 1.436287
11933 1.785438
4709 1.788914
11068 1.489844
11405 1.469455
11390 1.454312
4249 1.829382
11279 1.736582
12008 1.989729
4671 1.932928
12117 2.046442
11121 1.570445
11430 1.613532
11672 1.50232
12121 2.02624
12147 1.527855
12024 1.966944
11965 1.793557
12014 1.941427
11924 1.949007
11035 1.517274
4251 1.712998
11466 1.690904
11872 1.683054
3777 1.659815
11755 1.543287
11660 1.477346
11939 1.768636
11665 1.390908
12007 1.938432
11727 1.585191
11838 1.812008
11966 1.961677
11306 1.670849
11030 1.598981
11633 1.526398
11315 1.654322
11977 1.751843
11726 1.519958
11611 1.413134
11831 1.787496
12130 2.208636
11928 1.94264
11762 1.772932
11417 1.517612
11700 1.43638
4223 2.01101
12048 2.051354
12126 2.138408
11875 1.762791
11957 1.957372
5069 1.61355
11642 1.471608
4303 1.327384
12077 2.009564
11558 1.606734
11925 1.908062
