946
-2.66 -1.34 3.08 0.00488 0.865 0.318 0.387 
11836 1.812675
11980 1.840877
11787 1.575856
12064 1.815245
11777 1.56232
12010 1.836516
12012 1.761169
11866 1.847963
12115 2.223672
12065 2.066381
11829 1.951789
11742 1.658679
11880 1.905644
11935 1.44192
11947 1.836316
11682 1.382687
11200 1.338818
11741 1.525354
11826 1.655081
11731 1.558987
11086 1.479611
11767 1.457043
12087 1.932795
12007 1.831506
12050 2.232
11883 1.810228
12122 2.219669
12051 2.067979
11145 1.628013
12043 1.754378
11005 1.296733
11926 1.740415
11952 1.689134
11915 1.448112
11812 1.54517
12026 1.818576
11727 1.352611
11679 1.254293
12028 1.740548
11231 1.513088
11760 1.575519
11818 1.404403
12068 2.056398
11987 2.208387
11800 1.745827
11878 1.568332
12013 1.500826
11180 1.626384
11778 1.263798
11393 1.36818
10978 1.253027
10985 1.179412
11773 1.411112
11007 1.132621
10996 1.057016
11160 1.14325
11047 1.183125
5124 1.75576
11848 1.661512
11043 1.356715
11695 1.516921
10984 1.268823
11668 1.265013
11233 1.514488
11913 1.490895
5771 2.328481
11769 1.946436
12044 2.115042
12079 1.884766
5792 2.20562
11765 1.664747
11817 1.525391
11794 1.56139
11989 2.024541
11830 1.426567
11190 1.276673
11364 1.408725
11306 1.318495
10980 1.258456
11675 1.383739
11779 1.414647
11020 1.175501
11917 1.748584
11706 1.288348
11666 1.252682
12048 1.952066
11938 1.78513
4223 1.89721
11775 1.601165
11797 1.501191
10995 1.435882
11157 1.621677
11813 1.359839
11315 1.335794
11650 1.259681
10994 1.300877
11158 1.172316
4697 2.302126
11379 1.403683
11304 1.308194
12121 2.134631
10976 1.248367
12085 1.954796
12059 2.068742
11676 1.392118
6219 1.345556
5046 1.412887
11192 1.411655
4230 1.768243
5097 1.631442
11024 1.054314
11802 1.52728
11759 1.604037
11121 1.293162
12126 2.114187
12008 2.094593
12077 1.89486
12063 1.799514
11814 1.481909
11924 2.079366
11931 1.796118
4251 1.742374
11130 1.36894
5631 1.133651
11933 1.758618
5116 1.654998
5186 2.209233
4708 1.4501
11210 1.467567
11013 1.249053
5699 1.313022
10983 1.261621
11279 1.472358
12117 2.264967
11096 1.444758
11136 1.339691
10988 1.283298
3789 1.308693
11958 2.041221
11861 1.512421
12002 1.756681
11888 1.607
11903 1.733848
12084 2.292484
11993 2.027622
11927 1.446733
11920 1.485638
12033 1.952066
12067 1.84967
11790 1.388471
11236 1.155401
11678 1.180621
6220 1.48139
12116 2.143173
12029 2.184223
4671 2.010699
11998 1.506222
11280 1.448011
11959 1.592952
11099 1.090448
6277 1.474453
10973 1.163512
11840 1.393702
11978 1.648965
11699 1.387745
12006 1.713795
11684 1.299949
4224 2.441333
11026 1.313022
3788 1.886471
11224 1.448912
11127 1.081378
11852 1.519501
