992
-3.29 -1.19 1.49 -0.0298 0.914 0.368 0.166 
13086 2.136431
12473 1.843114
12870 1.773291
12934 1.820894
11866 2.089854
13110 2.271084
12115 2.425481
12931 1.808822
12709 1.449416
12978 1.889686
11836 1.829233
12597 2.289411
13133 2.298987
12763 1.593475
13177 3.752146
12761 1.597175
12756 1.597258
12812 1.625246
13028 1.992363
13051 1.998445
12791 1.582763
13152 2.469364
13147 2.433518
12880 1.75135
12846 1.759964
12665 2.631629
12631 2.200919
12980 1.900653
12799 1.60714
13181 2.350785
12065 2.217185
12886 1.75323
12928 1.789909
12992 1.929996
12582 2.108075
12072 2.068929
12747 1.53759
12908 1.764065
12964 1.842662
12651 2.42008
13138 2.386863
13175 3.760902
13145 2.443777
12661 2.548893
12995 1.917989
12707 1.449406
12754 1.549546
13190 2.974226
12711 1.455289
12840 1.690642
11873 2.164982
12591 1.949623
12837 1.661644
12794 1.622789
12842 1.705682
13060 2.073802
12969 1.872828
12895 1.752501
12051 2.180175
12923 1.790301
12927 1.785203
13000 1.912843
13031 2.012448
12468 1.826165
12877 1.757288
12819 1.638313
12866 1.726399
12810 1.622307
11880 1.9636
12917 1.780518
12855 1.692677
13104 2.216383
13123 2.305108
12750 1.554433
13084 2.147012
12122 2.397647
13070 2.129035
11565 1.755116
12873 1.748101
12746 1.583353
12874 1.752121
12600 2.293536
12593 2.29669
12617 2.347149
12762 1.57713
11709 1.543208
12744 1.539556
12993 1.890792
12087 1.999646
12976 1.8803
13030 2.060658
13006 1.938177
12899 1.745857
12820 1.649043
12834 1.619568
12914 1.80003
5039 1.821203
12843 1.739742
13018 1.986009
13179 3.744905
13178 3.816884
13168 2.604383
13047 2.052097
12859 1.739154
11597 1.820417
12083 1.842835
13140 2.427247
12712 1.45446
12572 1.879034
13191 1.982094
12748 1.542073
13183 1.727978
12845 1.676861
12671 2.648114
11845 1.903789
12509 1.563937
11729 1.560749
12734 1.515922
12044 2.227629
13071 2.130183
12920 1.784815
12996 1.91265
12956 1.874944
12798 1.634759
12892 1.770373
13136 2.322652
12743 1.550524
12805 1.660145
12945 1.904446
13167 2.547673
12590 2.266567
13082 2.166902
12878 1.745052
12079 1.860702
11993 2.136939
12975 1.868055
12904 1.774618
12752 1.559153
13002 1.920046
12067 1.852451
12984 1.888022
12954 1.811585
12801 1.616056
12785 1.634111
13111 2.244834
13092 2.153785
12068 2.210027
13065 2.11272
12809 1.635512
12807 1.604322
12737 1.526701
13036 2.035295
13089 2.138851
12990 1.896607
12783 1.61052
12838 1.780691
5771 2.551654
13126 2.37532
12626 2.326804
12891 1.74617
11596 1.83378
12555 1.734867
13119 2.254354
13029 1.994479
12999 1.913021
4223 1.838334
13142 2.356419
12628 2.154896
12736 1.508345
12601 1.975434
5113 1.743682
12997 1.911278
12905 1.784218
12967 1.784099
12722 1.484169
12670 2.659379
12852 1.724404
12792 1.598588
12764 1.578328
12800 1.63394
12742 1.559972
13043 2.032807
12684 3.739339
13174 3.790479
4697 2.561363
12123 2.231097
13109 2.278194
12882 1.767206
12974 1.874816
12929 1.716044
12054 2.035974
12998 1.938665
12071 1.844587
13149 2.479955
12795 1.62394
12741 1.550351
4239 1.97923
12616 2.080957
12030 1.800735
12757 1.541044
12889 1.738585
4251 1.704845
5772 1.941659
12946 1.817904
5219 1.957466
12749 1.539859
12941 1.85316
12950 1.830829
13144 2.458352
12117 2.471837
4229 1.974378
4696 2.808294
13040 2.016316
13090 2.142684
4671 2.144637
13176 3.958346
12770 1.582561
5186 2.449115
13027 1.900572
12943 1.771144
12973 1.910905
12947 1.908957
13081 2.11752
3788 1.908264
13003 1.845732
12885 1.758754
12862 1.737137
4709 1.724981
12926 1.848699
12983 1.869901
13172 2.840228
13170 2.444869
13004 1.859328
4707 1.615007
12959 1.976969
13026 1.928868
3773 2.239
12953 1.783191
4310 1.693397
13080 2.100602
11868 1.889686
13019 1.9576
12962 1.83188
13015 1.92358
12847 1.727116
12787 1.605019
12850 1.694427
13085 2.170713
12790 1.609239
11966 2.426356
12958 1.839009
12542 1.746508
13106 2.261779
13124 2.301056
12832 1.648434
12706 1.464095
13160 2.509988
12727 1.47947
12710 1.443784
12844 1.687535
12803 1.612392
11784 1.920225
13038 2.012738
11969 2.141363
13088 2.154822
13048 1.938463
12774 1.60465
11630 1.721346
12075 2.069123
12944 1.849653
12808 1.619113
12718 1.494831
12982 1.936928
12778 1.575642
12863 1.758037
13125 2.366606
11900 1.982068
13108 2.27044
12987 1.890044
13039 2.021472
12086 1.928939
11708 1.557077
12723 1.479915
12663 2.603298
12104 2.059308
12108 1.985239
12963 1.848727
12721 1.457797
12758 1.567801
13041 2.023526
12988 1.917251
12769 1.609177
12680 3.928499
11908 1.727978
11804 1.763966
12986 1.880392
12045 2.295629
12952 1.81833
12940 1.828351
12912 1.7741
11610 1.835408
12639 2.236616
5722 2.283889
13143 2.406357
5174 2.502266
12003 1.716044
12887 1.774353
3780 1.920534
12816 1.657677
11593 1.892375
12114 2.212747
12909 1.703654
12858 1.734636
12865 1.719151
13053 2.016316
13083 2.150368
13062 1.993355
12596 2.247811
12968 1.865768
12955 1.856278
12127 2.211257
12607 2.258421
12606 1.913053
13005 1.99163
12853 1.718649
11958 2.028013
13016 1.922454
13102 2.160137
12645 2.32579
13061 1.992755
13034 1.998163
