993
-3.26 -1.24 1.49 -0.0335 0.913 0.371 0.166 
12763 1.558207
12880 1.718053
12825 1.610953
12779 1.579657
12597 2.271953
13133 2.295515
13137 2.32844
12812 1.595191
12709 1.43188
12849 1.659163
12908 1.73002
13177 3.75107
13139 2.340318
12115 2.40911
12938 1.807453
13110 2.246088
12761 1.585858
12711 1.452698
12925 1.79783
12065 2.193487
13086 2.116957
12072 2.048716
13080 2.100786
13000 1.903233
12706 1.446481
12928 1.774921
11630 1.679276
12473 1.812621
13084 2.096582
12745 1.540938
12964 1.822816
12754 1.527946
13145 2.539089
12931 1.798642
12932 1.822171
13147 2.423049
12758 1.545094
13028 1.951289
12083 1.831051
12995 1.910412
11873 2.141752
12817 1.59766
12978 1.86871
13175 3.815242
13060 2.068596
12703 1.400446
12840 1.668523
12794 1.601917
12832 1.633777
12927 1.796715
13105 2.209542
12051 2.197016
12820 1.630351
12755 1.583293
11880 1.913968
12591 1.931095
12917 1.75816
13180 2.247503
12631 2.186503
12969 1.83306
13190 2.984813
13088 2.108975
13179 3.765548
12665 2.591441
12618 2.35264
13064 2.098225
12846 1.783056
11597 1.821511
13164 2.46463
13140 2.410066
12873 1.747056
12875 1.690018
12830 1.632886
12819 1.615674
12042 1.882281
11887 2.135736
13156 2.486484
13077 2.059594
12572 1.843342
11868 1.888148
12948 1.833684
12860 1.665688
12890 1.739814
12845 1.672178
12044 2.184155
12920 1.753787
12892 1.758151
13123 2.329048
13091 2.109559
5039 1.76714
12930 1.80553
12680 3.672838
13178 3.833785
12122 2.391011
13168 2.603942
12590 2.25745
11565 1.74942
13031 1.947349
5722 2.29193
12110 2.509158
13104 2.192967
11709 1.536061
12769 1.590022
12985 1.892957
12671 2.618383
13160 2.535476
12857 1.709459
11953 1.666412
12829 1.611938
12620 2.130393
12924 1.772887
12976 1.873104
11729 1.535518
12734 1.515582
12996 1.908395
12956 1.823947
12839 1.660126
12904 1.702849
12068 2.205288
13130 2.299752
12737 1.534953
12805 1.620489
13089 2.114449
12990 1.874615
13018 1.968669
5771 2.634431
13125 2.374377
12617 2.376629
13047 2.138257
12878 1.744694
12899 1.725492
13119 2.238772
12087 1.991391
13142 2.368786
12584 1.929323
13111 2.232016
13184 2.049376
5792 2.371402
12639 2.267231
5162 3.804424
11916 1.586424
13169 2.660136
13071 2.114887
12871 1.747027
13002 1.870584
4220 1.816268
12798 1.6274
13136 2.345157
13036 2.037557
12783 1.584661
4697 2.80155
13126 2.284319
12891 1.747952
12555 1.714624
13029 1.971399
12079 1.843951
12748 1.530881
12960 1.838535
12601 1.961684
12616 2.065598
13052 1.919945
12008 2.127518
13065 2.099679
5113 1.729141
12067 1.835119
12741 1.481701
12752 1.563311
12999 1.917806
5772 1.862915
12888 1.775851
12882 1.774389
11610 1.867134
12670 2.590372
13043 2.043386
13090 2.102276
4223 1.832845
12071 1.845488
12997 1.847103
4239 1.905759
13103 2.119309
12628 2.162643
13022 1.89945
12785 1.584154
12770 1.54996
12786 1.607756
12967 1.807718
13149 2.341048
12800 1.620467
12905 1.718778
12998 1.901883
13003 1.853006
12024 1.867101
12939 1.685882
12947 1.776721
12950 1.811905
12983 1.850388
12660 2.548605
4700 2.609851
4696 2.755634
12941 1.851595
13004 1.875744
13040 2.012741
12619 2.343554
12118 2.207324
13174 3.691807
12123 2.385211
12795 1.606185
12777 1.588956
12973 1.970631
12896 1.733977
4251 1.697647
4304 1.666282
12749 1.512509
4310 1.626246
13172 2.710565
13102 2.205243
13081 2.093975
13016 1.988796
4707 1.658584
12926 1.81296
12595 2.329573
11924 2.340842
12959 1.803987
13027 2.013763
13176 3.745325
3788 1.945754
5219 1.861825
12946 1.746878
4709 1.688838
12943 1.804825
12934 1.760848
11866 2.120721
13099 2.19011
12715 1.446636
11836 1.822357
12851 1.673725
13051 2.043642
12791 1.587303
12980 1.851215
13181 2.355362
12886 1.72445
12992 1.902256
12582 2.071458
12651 2.390265
13138 2.367641
12661 2.510715
12837 1.633772
12895 1.733098
12923 1.790522
12877 1.665688
12866 1.702403
12810 1.597992
12937 1.77898
13070 2.126344
12746 1.556388
12600 2.234898
12593 2.31057
12993 1.870586
13011 1.945692
13006 1.911101
12834 1.633777
12914 1.778639
12753 1.579417
12936 1.833945
12859 1.759649
12106 2.247191
13020 1.934677
13167 2.591123
13082 2.099577
11993 2.144736
12975 1.833285
12984 1.811242
12854 1.739063
12954 1.761888
12801 1.594922
13115 2.390862
12807 1.630554
13188 2.302146
11596 1.844051
12736 1.493689
12852 1.716928
12974 1.807788
12929 1.738721
5774 2.461287
4671 2.086931
5186 2.32335
3773 2.238052
