994
-3.23 -1.24 1.51 -0.0353 0.914 0.368 0.166 
12880 1.712237
12825 1.599927
12779 1.582
12597 2.265759
13133 2.295676
13137 2.309479
12812 1.590491
12747 1.498445
12849 1.657572
12908 1.715029
13177 3.772679
13139 2.348691
12115 2.353275
12938 1.763871
13110 2.211433
12761 1.55495
12799 1.559756
13152 2.427381
12925 1.784363
12065 2.178524
13086 2.1062
12072 2.071039
13048 1.96955
13080 2.076837
13019 1.917597
13000 1.903751
12928 1.776821
11630 1.707078
12473 1.79953
13084 2.092705
12745 1.532206
12964 1.817107
12754 1.517391
13145 2.409937
13147 2.394143
12758 1.52503
12083 1.801198
13132 2.334368
12995 1.897242
11873 2.109901
12817 1.570784
12978 1.886964
13175 3.86819
13060 2.046974
12803 1.577732
12703 1.38854
12840 1.64672
12794 1.554094
12832 1.600979
12051 2.18566
12820 1.594683
12755 1.538193
11880 1.928275
12591 1.90968
12917 1.728907
13180 2.214336
12631 2.171354
12969 1.81507
13190 2.960082
12750 1.535368
13088 2.12603
12841 1.674703
13179 3.547138
12665 2.597056
12618 2.3419
13064 2.020743
12846 1.715638
11597 1.811199
12635 2.212622
13164 2.438614
13140 2.303384
12873 1.707201
12855 1.648858
13024 1.901645
12875 1.684324
12830 1.637159
12819 1.591385
12042 1.873675
11887 2.105366
13156 2.43456
13077 2.040348
13014 1.932124
12572 1.865377
11868 1.840806
12948 1.823086
12860 1.686141
12890 1.733732
12044 2.199165
12892 1.719526
13123 2.26002
12743 1.521256
12842 1.658433
13033 1.987459
13091 2.0913
5039 1.752291
12930 1.7853
12843 1.645296
12680 3.814158
13178 3.826188
12122 2.424599
13168 2.576889
13182 2.329144
12590 2.260535
11565 1.722239
5722 2.232303
12110 2.529698
13104 2.171942
11709 1.520707
12769 1.57613
12985 1.842787
12671 2.604326
12857 1.68611
11953 1.656542
13183 1.699173
12976 1.868538
12956 1.801213
12839 1.64774
12904 1.756428
13130 2.328847
12737 1.532122
12805 1.615242
13089 2.106363
12990 1.868806
12103 2.374192
5771 2.569701
13125 2.331334
12617 2.331299
13047 2.049284
12878 1.726926
12899 1.721918
13119 2.227209
12087 1.971032
12654 2.44918
13142 2.299684
12584 1.919654
13111 2.262286
13184 2.006944
13092 2.162792
5792 2.404128
12639 2.207796
5162 3.78123
13169 2.674908
13071 2.06418
12871 1.706728
13002 1.83971
4220 1.827385
12798 1.6114
13136 2.372427
13036 2.012132
12783 1.573359
12838 1.677001
4697 2.665267
13126 2.331407
12891 1.736849
11611 1.882241
12555 1.71631
13029 1.976825
12079 1.819155
12960 1.820181
12601 1.945495
12616 2.150893
13052 2.016505
12117 2.375142
12008 2.206457
13065 2.089432
5113 1.678432
13109 2.185874
12999 1.866078
5772 1.842525
12888 1.734655
13144 2.466934
12882 1.72871
11610 1.853479
12670 2.624499
13043 2.034662
13090 2.108089
5158 3.963803
12071 1.826632
12997 1.84188
4239 1.863945
13103 2.184351
12628 2.204766
13022 1.897369
12770 1.564317
12786 1.567327
12967 1.77212
13149 2.449073
12800 1.616271
12998 1.859216
13003 1.821373
12024 2.001539
12054 2.034981
11938 1.77684
12947 1.79246
12953 1.742236
12950 1.797927
12983 1.819434
12660 2.502573
4700 2.76397
4696 2.772121
12941 1.849845
13004 1.867652
13040 1.990092
12619 2.208052
12118 2.168406
13174 3.79619
4229 1.853222
12627 2.154222
12795 1.61725
12777 1.568576
12973 1.892471
12896 1.740425
4304 1.662548
13046 2.032607
12749 1.541495
12889 1.701072
4310 1.6076
13172 2.787781
13102 2.146004
13016 1.983381
12123 2.231004
12926 1.852716
12595 2.269033
11924 2.163567
12959 1.797901
12594 1.855293
13027 1.871564
3788 1.988199
12943 1.746648
12773 1.556859
12658 2.414745
13138 2.330158
13124 2.279771
13038 1.98789
12021 2.175875
12009 2.157946
13020 1.903705
13096 2.138964
12874 1.71424
12844 1.645475
12766 1.585336
12837 1.613737
12767 1.54937
13039 1.987459
13181 2.335541
12075 2.076259
12979 1.863017
11993 2.055368
12993 1.904106
12774 1.578263
12653 2.345289
12582 2.07061
13108 2.206576
12600 2.264621
12809 1.608002
12952 1.772576
12834 1.605382
13037 1.980949
11593 1.802086
12808 1.578902
12742 1.534083
5216 2.351553
12059 2.189307
11596 1.801354
13115 2.273447
13143 2.307761
5025 1.736528
13131 2.366765
12986 1.815491
12887 1.745742
12098 1.896456
13083 2.105665
12867 1.698576
12596 2.246064
12634 2.440984
12114 2.237947
11800 1.706728
13044 2.033813
12127 2.21918
13154 2.315992
13012 1.840406
4671 2.154222
12645 2.206739
5124 1.689465
12881 1.785515
12735 1.494694
