998
-3.13 -1.3 1.57 -0.039 0.915 0.366 0.166 
12597 2.207338
12115 2.302864
11887 2.093127
13190 2.962507
12825 1.530074
13177 3.72545
12847 1.633973
13105 2.132208
12065 2.115632
13139 2.258536
13135 2.271151
13038 1.945042
13023 1.860524
13088 2.062315
12773 1.492773
12849 1.613658
12925 1.699974
12664 2.47165
12473 1.729281
11866 1.982656
13152 2.487406
13060 2.003743
11873 2.060075
12927 1.71507
12774 1.518173
13145 2.267015
13181 2.266529
12051 2.07433
13085 2.047293
12908 1.642843
13164 2.358153
12635 2.217129
13110 2.13625
12653 2.306329
12964 1.731522
12978 1.784996
12837 1.556595
11880 1.891342
12767 1.490335
13123 2.27219
12841 1.605344
12928 1.671601
12923 1.733973
13018 1.889887
12665 2.509537
11598 1.715218
12072 1.998336
12658 2.344758
12631 2.115911
12745 1.48755
12890 1.653982
13182 2.222119
12044 2.138753
13050 1.939285
12122 2.326338
5162 3.898344
13057 1.947026
13039 1.921317
12832 1.548913
13140 2.267278
12873 1.639266
12948 1.744196
5792 2.430613
13162 2.378748
13000 1.83291
12969 1.74536
12942 1.710598
13168 2.569066
11597 1.714978
13084 2.044416
13011 1.880249
13104 2.096139
12103 2.269885
13178 3.815929
12993 1.771127
12110 2.459448
13036 1.935581
13075 1.991827
11868 1.810732
12833 1.565085
12904 1.660979
12671 2.618755
13166 2.514221
12940 1.751677
5039 1.712944
12931 1.757458
12783 1.529152
13179 3.483877
12663 2.542088
12596 2.219873
11593 1.68288
12878 1.642253
13091 2.060853
13031 1.882929
13108 2.164541
13125 2.238631
5722 2.162941
13142 2.265046
11845 1.805089
11804 1.607456
13111 2.15512
13002 1.825328
13071 1.992135
13169 2.584266
12976 1.767066
13136 2.300938
13043 1.928196
12990 1.770187
4220 1.767594
12894 1.70325
12680 3.813963
13037 1.897375
13167 2.476862
12891 1.652553
13126 2.256874
12570 1.854222
13119 2.093988
12654 2.38044
13143 2.359951
5746 1.89209
11610 1.763464
12986 1.796149
13029 1.836215
12008 2.17439
13065 1.931381
12628 2.083697
12670 2.667858
5025 1.642839
13115 2.257416
13144 2.339917
5771 2.603855
13089 2.055442
13174 3.687046
12601 1.891826
13092 2.092073
13184 1.978008
5218 2.294555
12974 1.784466
5174 2.238718
12941 1.805584
4696 2.687157
13069 1.991617
12127 2.100381
12950 1.712804
13093 2.043304
12959 1.746135
13012 1.864522
13176 3.603658
12835 1.584782
13083 2.094257
13109 2.171443
13103 2.136457
13040 1.931827
13022 1.876293
12947 1.78853
12999 1.77699
13148 2.340177
4239 1.851742
12117 2.22967
12896 1.71603
13172 2.675424
13034 1.92978
5127 1.696046
13102 2.101842
12616 2.347012
12123 2.131897
4229 1.823763
12998 1.755772
5186 2.432425
13027 1.796961
12897 1.740255
12926 1.663962
12660 2.503757
12906 1.688843
13080 2.010665
12087 1.838021
12790 1.504597
12994 1.788439
12009 2.087862
12651 2.306139
12750 1.475933
13130 2.224119
12593 2.195698
12075 2.030705
11993 2.02254
13129 2.224718
12759 1.486254
13045 1.941196
12521 1.783394
12876 1.689714
12600 2.169558
12943 1.741415
13004 1.813949
5158 4.037418
12909 1.566012
12118 2.059287
5199 4.748872
13016 1.833502
3773 2.123254
13090 1.947658
