39
9.500000 -0.075151 0.000000 0.000000 0.000000 -0.382029 0.924150
15 389.803169 333.227013
27 448.483551 438.694093
37 612.984620 33.346538
43 509.700666 293.785981
88 465.237920 54.997757
130 366.753037 227.168544
161 378.521805 369.574014
183 383.463696 135.140405
222 62.495928 452.486965
234 564.934290 294.329943
285 252.147147 198.117025
307 109.721097 248.221325
334 7.002408 316.287674
355 633.401523 194.145543
370 220.907635 76.751186
458 406.233658 316.634387
498 238.208561 426.868586
526 476.309997 218.845098
538 497.692248 359.915641
561 298.423443 74.827107
577 337.334726 54.903136
595 616.360547 41.066317
603 145.047909 80.749837
607 122.539549 143.821119
615 459.521362 233.918395
620 347.342047 266.961510
629 241.497643 139.046798
633 3.234301 458.781755
639 209.676831 198.566189
728 192.659220 30.636090
731 180.177944 15.062323
760 504.919913 402.952450
779 316.622336 294.060686
785 491.506002 163.847248
794 177.314009 414.053642
809 483.194742 307.774479
811 438.573130 172.295837
819 611.987203 57.084674
847 626.765424 386.727445
848 350.232816 478.100861
868 638.589094 286.415651
915 325.398361 213.959721
959 637.806245 35.000642
977 447.014263 158.563477
981 389.479821 261.795755
990 429.368883 136.444794
994 310.818544 50.101974
1015 566.602400 255.337112
1045 246.071970 179.799633
1059 250.432213 281.287558
1074 166.480961 466.570635
1100 403.452901 113.982004
1118 386.333688 307.116723
1136 142.020800 105.828054
1144 445.496922 155.399002
1156 486.741237 109.813928
1172 632.959774 469.982471
1177 148.944233 309.706950
1192 173.280268 291.592381
1215 178.223561 474.909749
1244 595.104727 225.101495
1254 591.420975 197.828110
1267 377.215331 382.820333
1283 538.077059 30.731130
1295 269.581739 62.886024
1310 265.922394 16.326828
1320 186.865236 10.854735
1345 165.221509 437.234972
1378 329.091096 335.476129
1391 412.755797 258.770878
1396 161.359630 366.137424
1399 157.341957 317.185407
1410 601.010252 219.018447
1429 305.679719 193.110713
1437 337.415488 62.342242
1484 354.944606 290.902966
1497 261.272168 97.400352
1510 582.348982 62.876745
1559 170.796926 143.656368
1629 76.600254 398.607314
1658 455.570557 284.763320
1732 274.909757 450.058131
1751 374.952863 207.743311
1775 454.679904 450.876284
1779 157.713720 295.868296
1793 315.008162 44.478128
1808 49.469217 193.362914
1814 444.493954 332.537991
1844 477.249036 278.253896
1891 365.840712 183.827180
1900 12.498888 78.512132
1906 353.760957 145.346308
1914 467.964763 187.010968
1924 335.915593 223.071094
1968 517.301340 186.263190
1995 411.199153 152.235241
2024 2.631913 378.576160
2031 55.316285 30.606311
2043 235.540029 225.850550
2047 364.507117 187.893764
2128 584.259200 245.085689
2131 177.329038 350.696772
2143 231.818891 135.807445
2167 207.678067 232.466267
2222 235.936074 266.430070
2227 210.054318 253.485399
2232 384.750940 57.201707
2244 214.018437 189.495460
2265 3.996252 182.604171
2282 383.273343 279.659517
2353 15.403809 244.724278
2378 183.896614 453.500812
2393 451.484916 406.019558
2400 337.824773 298.017885
2401 330.147164 359.470286
2407 305.340772 215.467407
2475 372.422517 344.383512
2481 481.422799 241.635047
2491 166.814495 465.577272
2501 254.968518 212.744634
2530 556.994475 214.294981
2539 336.087505 134.671651
2567 517.114211 67.636707
2581 296.387360 414.044793
2608 397.439886 299.740890
2620 418.350655 211.256686
2629 597.752633 454.886681
2638 424.305801 4.113276
2639 564.060074 165.225999
2651 571.047358 400.562943
2665 236.428002 350.465329
2705 101.101404 407.441253
2715 394.131183 209.496554
2721 106.172082 32.453124
2743 143.476539 133.822492
2753 228.599321 214.667223
2757 6.336030 403.914846
2773 246.449566 209.911961
2777 340.102374 155.279758
2828 316.561638 45.137398
2833 328.120307 194.810349
2887 359.489837 144.101282
2917 192.881262 94.526584
2930 233.000956 21.083407
2972 531.510706 47.591751
2974 274.746849 343.791885
3007 537.812001 281.307114
3048 514.418060 152.142424
3051 532.469967 270.060075
3052 144.151823 283.288453
3098 469.623422 83.062695
3117 319.069067 209.715129
3132 242.329888 298.152318
3159 349.597318 413.800856
3160 368.769904 170.261212
3178 207.907716 463.046645
3185 225.364647 409.506667
3192 397.667947 57.398363
3194 256.927024 217.842764
3204 156.692211 310.713942
3209 490.560932 348.760846
3213 368.129538 458.466808
3239 297.025600 294.461602
3243 245.783583 292.538898
3277 513.244726 133.641314
3278 270.606961 175.824349
3285 265.695202 115.478228
3295 400.123906 427.300911
3306 399.933888 190.270470
3315 398.742609 329.289832
3324 345.187778 304.258936
3397 158.797893 113.085315
3419 240.380639 21.536933
3430 457.302945 338.588142
3437 360.151367 4.996292
3446 525.723422 304.986550
3478 563.412477 240.307105
3496 425.301994 152.183839
3501 249.720709 171.832592
3523 393.766463 288.321488
3526 400.987443 336.438826
3546 536.912685 64.634630
3552 584.297381 403.434709
3554 516.883772 361.205507
3615 80.046998 311.527717
3651 216.696429 395.750020
3671 554.737042 299.651368
3686 567.430620 392.101389
3702 76.709705 22.005806
3703 120.248230 132.827114
3748 500.607847 301.765170
3756 135.446040 195.408724
3798 528.053131 322.295264
3831 568.668288 275.357389
3851 52.619719 344.432187
3862 368.011800 363.680235
3901 306.384001 136.815899
3984 101.864700 37.762454
4003 471.700936 239.002454
4008 447.697726 76.437079
4011 361.020294 336.420038
4020 384.010206 388.352106
4026 359.984510 267.899753
4042 50.459183 403.055888
4120 137.082262 102.314316
4134 406.537003 420.918362
4148 457.943438 228.110582
4194 594.863326 274.600048
4195 218.016607 89.995573
4221 181.000447 110.337987
4250 52.767887 321.517955
4269 430.364566 70.573965
4300 48.061890 294.437647
4305 265.033223 452.503998
4316 194.549592 195.784180
4351 354.018993 325.086558
4369 40.184997 293.970254
4402 353.367540 326.954027
4456 244.547850 228.167203
4476 357.030924 381.997195
4504 372.997950 387.671661
4509 88.051864 377.952859
4604 301.914636 462.870189
4622 608.684007 401.008640
4633 529.475527 126.836537
4636 462.230094 52.689459
4676 161.409559 312.345289
4689 397.949827 223.088726
4706 158.700244 344.124937
4721 368.290052 310.805641
4722 281.732568 48.643776
4742 542.299242 256.634843
4754 607.012406 425.522513
4780 373.939534 91.042898
4792 213.414354 423.065468
4795 80.945233 380.034572
4798 479.755269 42.236056
4838 518.427942 322.084457
4843 197.496984 32.037286
4874 384.266518 369.949525
4905 141.654728 149.998413
4925 294.409093 152.725435
4940 303.363900 328.569806
4942 100.097499 441.388555
4944 348.351692 438.847585
4948 591.141386 471.844156
4994 290.581081 52.838887
4999 5.448282 339.686921
