22
5.250000 -0.858934 0.000000 0.000000 0.000000 0.234432 0.972132
1 281.361560 118.433111
82 330.093384 358.258693
87 452.760006 253.668346
102 189.524237 211.566589
109 8.197210 313.351095
124 513.965309 429.802876
137 321.196344 175.887844
141 496.040707 31.848156
189 623.840180 46.162282
257 615.434792 253.139663
318 331.626887 111.086240
344 93.755026 457.286931
393 306.638672 87.292621
414 391.476333 471.431317
444 380.644731 113.946190
446 199.668629 388.490934
447 131.373875 55.615404
468 463.800419 219.299703
472 304.686518 12.962775
482 43.843855 18.022683
561 433.418079 9.978457
568 365.914815 159.456827
589 486.544372 134.730732
606 431.382729 179.667036
620 282.084230 101.531325
621 81.411238 459.057113
680 323.190742 380.659477
686 591.301192 47.781504
702 367.256380 219.704316
734 168.475987 390.909063
764 493.244711 448.901313
765 476.232740 224.382866
777 37.931482 40.042636
785 326.900750 116.190967
795 550.264004 440.933731
811 225.844664 61.856321
815 563.769919 242.427288
842 144.608459 298.855245
850 81.809156 223.546541
855 517.175749 456.773019
914 95.748005 250.663063
961 417.449919 309.893414
985 238.527591 473.584339
