4
0.750000 0.681639 0.000000 0.000000 0.000000 0.310614 0.950536
5 224.271992 443.602705
29 249.194047 42.758544
48 514.216519 48.340915
79 156.074198 35.019158
83 19.833775 276.238787
87 611.524445 251.263475
106 42.112828 157.795838
109 239.879303 294.375797
185 403.126361 5.933241
282 523.128884 19.033217
302 275.425307 31.018851
314 113.994416 424.791636
344 279.790961 411.433032
362 35.936221 343.926720
364 196.097822 342.777767
380 292.269156 233.142075
383 589.284179 124.548507
420 91.847250 445.987768
433 346.323490 407.490010
446 357.720882 362.526748
447 374.387888 109.285051
462 492.025716 455.086706
468 629.952625 223.407453
472 464.300875 53.279836
482 286.630929 79.335698
486 498.073780 476.219446
512 111.012862 84.473449
538 162.666574 197.773183
543 369.818570 291.196587
568 527.984103 174.223441
589 634.713112 149.544154
606 572.294608 187.353508
619 16.668950 280.993425
628 428.245278 431.188129
642 283.972224 307.641488
680 501.306900 350.456221
734 350.705423 359.200477
737 280.944717 289.829575
761 101.576702 61.211881
776 10.503233 2.800719
785 479.759277 136.496489
811 402.368929 98.327037
844 38.703757 213.329213
850 363.154031 228.988208
945 194.867844 226.736163
955 487.322814 42.534792
961 559.839223 300.571307
985 478.658468 400.902778
