8
1.750000 0.983986 0.000000 0.000000 0.000000 -0.088082 0.996113
1 69.995218 114.899633
37 538.738911 437.760264
43 356.519743 42.192535
48 178.783209 30.543783
82 124.382463 353.241364
87 256.960887 249.886385
124 292.586862 369.819506
142 572.344037 309.822795
189 350.927894 123.142244
199 445.397193 175.011251
234 585.786175 194.342226
257 368.172818 246.304955
282 184.035501 15.400187
289 445.605124 158.615709
307 382.398210 316.667065
318 127.771741 117.514837
356 606.191132 408.954622
383 253.111594 124.410805
385 363.498990 364.509981
393 101.023273 89.512955
414 190.069155 438.330785
421 481.252713 420.809170
444 174.080298 127.707789
462 152.804572 473.004313
468 270.710783 225.747759
472 121.185158 29.992493
483 473.924121 330.509511
498 392.414546 239.203988
551 586.276599 23.116241
561 225.869632 54.676853
567 403.832793 138.226562
568 188.407293 173.926553
587 385.539481 190.556580
589 271.795911 163.894376
606 225.571051 191.542141
628 74.896979 473.883672
680 162.536721 357.331076
702 158.548845 221.382994
729 610.874313 237.854251
733 558.780934 184.191654
764 278.995921 387.287249
774 558.208956 363.767294
785 138.837871 127.393283
795 322.555059 362.704872
811 37.415600 57.527848
855 290.188848 391.863967
861 396.584526 194.290936
867 381.444158 183.093771
935 575.016844 121.333510
942 572.955713 468.552612
955 147.947281 22.355403
959 402.194999 32.817588
961 215.512543 296.947876
973 555.922314 225.122437
985 138.598355 423.721187
