6
1.250000 0.948985 0.000000 0.000000 0.000000 0.152134 0.988360
1 292.504756 136.346242
29 92.951605 6.549867
43 571.875810 14.479492
48 379.872623 53.369870
82 332.955000 339.195992
87 453.604451 249.933787
102 208.647558 214.769424
109 82.224826 304.207999
124 492.728994 376.531537
183 145.221796 23.607712
189 564.736036 107.466543
257 584.092833 247.144348
282 383.401920 32.637545
302 127.835192 0.046963
307 609.316235 331.188606
318 335.674678 132.383310
344 134.570800 433.878113
364 20.642834 366.730552
380 141.773293 231.678262
383 447.766254 130.674845
385 582.624536 384.391402
393 315.080357 111.405878
414 388.517101 426.093051
433 211.187425 424.948587
446 224.798601 369.304307
447 242.499257 100.974382
462 356.899368 447.214410
468 468.060168 225.490930
472 331.033943 57.909087
482 141.666403 57.065067
486 362.606178 467.258725
498 624.428513 239.038311
543 237.067918 298.440923
561 422.267373 58.963062
568 387.240164 178.597484
587 611.919615 181.526678
589 469.652878 161.807342
606 421.970763 192.708113
621 119.671873 437.468799
628 297.285315 432.603805
642 136.201692 318.767503
680 364.941490 345.564152
734 217.013276 367.285450
737 129.292170 299.761414
764 477.462663 392.397046
785 344.890426 140.388203
788 398.467417 8.586263
795 527.533134 373.069354
811 271.487286 94.745817
850 230.229189 228.098950
855 490.213633 399.715770
861 623.613556 186.288158
867 606.791824 172.805629
914 123.361579 249.737238
945 19.621852 223.681687
955 353.184763 48.257245
961 412.225962 294.911754
985 346.324957 398.769634
