108
9.933246 -0.9020616 55.98182 0.029777068470373737 0.7001648369579884 -0.01990052711268711 0.7130823909630228
14143 1 115.0 19.0 2 63.694099 19.0
14165 1 231.0 46.0 2 183.065231 46.0
14176 1 278.0 41.0 2 231.388718 41.0
13488 1 495.0 30.0 2 487.746857 30.0
14392 1 849.0 180.0 2 827.459229 180.0
13991 1 757.0 24.0 2 752.41095 24.0
14279 1 376.0 35.0 2 341.79071 35.0
14386 1 887.0 180.0 2 863.317993 180.0
13990 1 787.0 23.0 2 781.698364 23.0
14361 1 811.0 252.0 2 785.398682 252.0
13495 1 812.0 104.0 2 804.476257 104.0
13496 1 787.0 105.0 2 779.5896 105.0
13997 1 904.0 117.0 2 895.266113 117.0
13497 1 637.0 110.0 2 632.312988 110.0
14329 1 570.0 270.0 2 540.583557 270.0
14149 1 539.0 333.0 2 489.594147 333.0
14415 1 410.0 240.0 2 390.148438 240.0
13494 1 822.240051 175.680008 2 802.977478 175.680008
14231 1 325.200012 86.400002 2 289.165039 86.400002
14395 1 849.600037 180.0 2 827.509888 180.0
13993 1 386.400024 220.800003 2 368.734619 220.800003
13869 1 386.400024 62.400002 2 351.546722 62.400002
14009 1 757.200012 24.0 2 752.794312 24.0
14225 1 231.600006 277.200012 2 194.14679 277.200012
13493 1 462.000031 152.400009 2 448.409332 152.400009
14008 1 787.200012 22.800001 2 781.841492 22.800001
14250 1 375.600006 34.800003 2 341.697052 34.800003
14006 1 423.600006 224.400009 2 406.815735 224.400009
13994 1 462.000031 108.000008 2 448.361877 108.000008
14117 1 1174.800049 241.200012 2 1123.118408 241.200012
14375 1 1068.0 170.400009 2 1044.523315 170.400009
14328 1 810.000061 250.800003 2 786.072205 250.800003
14421 1 814.800049 194.400009 2 794.88446 194.400009
13002 1 725.760071 262.656036 2 700.073608 262.656036
13996 1 860.400024 103.200005 2 853.22345 103.200005
13507 1 765.600037 181.200012 2 756.906921 181.200012
13405 1 607.56488 269.568024 2 577.475952 269.568024
14144 1 538.800049 332.400024 2 489.682129 332.400024
14423 1 410.400024 232.800003 2 393.131378 232.800003
13579 1 464.400024 194.400009 2 455.070251 194.400009
13998 1 537.600037 57.600002 2 537.231812 57.600002
13511 1 604.800049 166.800003 2 596.138672 166.800003
13989 1 390.000031 154.800003 2 372.735474 154.800003
14293 1 391.200012 116.400002 2 358.947998 116.400002
14273 1 223.200012 254.400009 2 188.924652 254.400009
14265 1 171.600006 249.600006 2 135.566711 249.600006
14181 1 801.600037 322.800018 2 756.703247 322.800018
14130 1 1071.600098 325.200012 2 1020.539734 325.200012
14223 1 946.800049 280.800018 2 911.095154 280.800018
13069 1 462.240021 152.639999 2 448.597717 152.639999
14363 1 875.52002 171.360001 2 851.888611 171.360001
14396 1 848.160034 177.12001 2 826.171814 177.12001
14188 1 311.040009 44.640003 2 266.607605 44.640003
14185 1 298.080017 47.52 2 252.78334 47.52
13830 1 205.920013 299.52002 2 164.535294 299.52002
13580 1 583.200012 129.600006 2 579.351379 129.600006
14240 1 345.600006 56.160004 2 310.092194 56.160004
14295 1 282.240021 272.160004 2 249.338196 272.160004
14186 1 106.560005 266.400024 2 64.930122 266.400024
13445 1 887.040039 180.0 2 864.103394 180.0
14075 1 462.240021 108.000008 2 447.985168 108.000008
13995 1 416.160004 138.240005 2 401.127563 138.240005
13909 1 1139.040039 135.360001 2 1111.1875 135.360001
14385 1 1028.160034 184.320007 2 1005.98877 184.320007
13039 1 807.840027 250.560013 2 784.533875 250.560013
14409 1 813.600037 194.400009 2 794.459412 194.400009
14379 1 917.280029 194.400009 2 894.431702 194.400009
14016 1 629.280029 51.840004 2 628.810364 51.840004
13521 1 620.640015 116.640007 2 616.007385 116.640007
13509 1 754.560059 105.120003 2 746.072754 105.120003
13862 1 514.080017 285.120026 2 480.180511 285.120026
13895 1 571.679993 270.720001 2 542.805908 270.720001
14074 1 347.040009 228.960007 2 330.331543 228.960007
13121 1 322.559998 201.600006 2 311.73056 201.600006
13501 1 493.920013 28.800001 2 487.217712 28.800001
13482 1 603.360046 167.040009 2 595.674133 167.040009
12575 1 324.0 86.400002 2 288.489868 86.400002
13884 1 411.840027 57.600002 2 378.766113 57.600002
14309 1 302.400024 267.839996 2 272.064636 267.839996
14251 1 93.600006 228.960007 2 59.579048 228.960007
14170 1 226.080002 64.800003 2 179.163116 64.800003
13346 1 181.440002 43.200001 2 132.644379 43.200001
14221 1 276.480011 99.360001 2 239.25325 99.360001
14352 1 273.600006 139.680008 2 248.371735 139.680008
14173 1 800.640015 322.559998 2 755.148132 322.559998
13891 1 271.296021 278.208038 2 237.444504 278.208038
13074 1 404.352051 191.808014 2 391.791901 191.808014
14079 1 416.448029 138.240021 2 401.167755 138.240021
14020 1 483.840057 183.168015 2 474.566589 183.168015
14382 1 876.096069 171.072021 2 852.780212 171.072021
14377 1 903.74408 179.712021 2 880.534241 179.712021
14389 1 884.736084 157.248016 2 862.617371 157.248016
13944 1 1067.904175 163.814423 2 1043.497681 163.814423
13042 1 805.248047 250.560028 2 782.771057 250.560028
14416 1 813.888062 193.536011 2 795.791077 193.536011
13005 1 864.000061 247.104019 2 843.164124 247.104019
14013 1 822.528076 176.256012 2 803.331665 176.256012
14026 1 677.376038 139.968018 2 671.064575 139.968018
13517 1 763.776062 179.712021 2 754.736084 179.712021
13881 1 514.944031 285.120026 2 481.08847 285.120026
14235 1 482.112061 290.304016 2 443.108582 290.304016
13582 1 464.832031 193.536011 2 453.680939 193.536011
13398 1 387.763245 296.524841 2 353.017914 296.524841
14080 1 587.520081 53.568005 2 586.458008 53.568005
13071 1 613.440063 155.52002 2 607.742188 155.52002
12987 1 374.976044 34.560005 2 341.306122 34.560005
12563 1 411.264038 67.392006 2 378.433258 67.392006
13936 1 323.136017 266.11203 2 294.9505 266.11203
14311 1 302.400024 267.840027 2 272.189331 267.840027
13802 1 152.064011 316.22403 2 105.710289 316.22403
13785 1 181.440018 70.848007 2 133.325348 70.848007
13778 1 181.440018 43.200005 2 132.621872 43.200005
13485 1 321.40802 155.52002 2 309.056244 155.52002
13754 1 801.792053 323.136017 2 755.815918 323.136017
13080 1 503.884857 176.256027 2 497.703125 176.256027
13076 1 420.940857 223.948837 2 404.909546 223.948837
13087 1 404.352051 194.918427 2 392.405853 194.918427
14369 1 904.089722 180.403229 2 880.69281 180.403229
13438 1 887.500916 180.403229 2 864.468262 180.403229
14387 1 883.353699 155.52002 2 862.586609 155.52002
13015 1 864.691345 246.758438 2 841.729431 246.758438
14368 1 891.648132 190.771225 2 870.563721 190.771225
14344 1 916.531311 192.844833 2 893.837769 192.844833
14275 1 514.252869 286.15683 2 480.849609 286.15683
14347 1 1082.419312 122.342415 2 1056.838745 122.342415
14314 1 995.328125 238.464035 2 967.617615 238.464035
13951 1 1034.726562 199.065628 2 1012.470825 199.065628
13539 1 692.58252 184.55043 2 683.983582 184.55043
14035 1 678.067322 138.931213 2 670.907471 138.931213
14338 1 551.577698 259.200043 2 527.319702 259.200043
14023 1 754.790527 228.096039 2 737.719727 228.096039
13436 1 723.686523 261.273651 2 698.048706 261.273651
14324 1 315.187256 263.347229 2 286.785522 263.347229
13082 1 163.814423 186.624023 2 154.571442 186.624023
13065 1 138.931213 184.55043 2 130.808868 184.55043
12632 1 296.524841 151.372818 2 284.917236 151.372818
13533 1 763.0849 180.403229 2 754.788391 180.403229
14286 1 279.936035 271.641632 2 244.891205 271.641632
13320 1 114.048019 80.870415 2 64.249069 80.870415
14134 1 95.385612 329.702454 2 43.148613 329.702454
13096 1 553.651306 85.017609 2 551.727539 85.017609
13557 1 586.828857 53.913609 2 586.125854 53.913609
13081 1 518.400085 111.974419 2 509.635925 111.974419
12555 1 205.286423 300.672028 2 163.975113 300.672028
14194 1 178.32962 290.304047 2 136.525787 290.304047
14321 1 1138.406616 136.85762 2 1110.600952 136.85762
13773 1 191.600662 82.114571 2 143.815826 82.114571
13795 1 228.925476 52.254726 2 181.152542 52.254726
14345 1 552.407104 258.785309 2 527.032593 258.785309
14208 1 1012.746399 238.878754 2 974.424988 238.878754
13559 1 676.82312 139.345947 2 670.427551 139.345947
12643 1 298.59845 201.553955 2 287.035461 201.553955
14024 1 821.145691 174.182419 2 802.589233 174.182419
13549 1 761.426025 179.159058 2 752.78241 179.159058
14406 1 477.757507 238.878754 2 458.859955 238.878754
14414 1 691.753052 236.390427 2 673.067627 236.390427
14258 1 92.067856 231.413788 2 57.727158 231.413788
14335 1 1094.860962 57.231369 2 1069.513184 57.231369
13088 1 505.129028 176.670746 2 498.684113 176.670746
14086 1 637.01001 109.486099 2 633.477539 109.486099
12647 1 296.110107 151.787537 2 284.7034 151.787537
14029 1 893.307007 59.719688 2 890.545471 59.719688
13004 1 251.320358 283.668518 2 215.539627 283.668518
14399 1 883.353699 156.764175 2 861.898499 156.764175
12940 1 298.59845 47.278088 2 252.847992 47.278088
13349 1 258.785309 52.254726 2 213.792068 52.254726
13553 1 602.173523 166.717468 2 596.506409 166.717468
13100 1 582.266968 129.392654 2 578.11792 129.392654
14219 1 330.946594 72.161293 2 292.781891 72.161293
14326 1 423.014465 268.738586 2 395.226349 268.738586
13364 1 348.364838 320.993317 2 303.540466 320.993317
13924 1 572.31366 271.226929 2 542.21405 271.226929
14337 1 865.935486 248.832031 2 841.361145 248.832031
14349 1 1067.48938 164.229141 2 1043.36731 164.229141
14359 1 915.701904 191.600662 2 891.887512 191.600662
13111 1 555.393127 83.607567 2 553.786438 83.607567
13563 1 746.496155 226.93483 2 731.368103 226.93483
14064 1 758.440063 179.159073 2 750.162537 179.159073
14302 1 158.257187 253.808685 2 123.149414 253.808685
13089 1 319.500336 155.271194 2 306.86676 155.271194
14046 1 295.612457 152.285217 2 284.621979 152.285217
14287 1 388.177979 98.537491 2 353.519104 98.537491
12594 1 322.486328 83.607567 2 287.44931 83.607567
14412 1 477.757538 238.878769 2 458.67868 238.878769
13589 1 483.729492 200.060959 2 475.262024 200.060959
14060 1 818.15979 83.607567 2 810.870667 83.607567
13592 1 343.388214 229.920807 2 325.582184 229.920807
13794 1 149.299225 316.514374 2 104.023499 316.514374
14081 1 588.238953 143.327255 2 583.629028 143.327255
13417 1 412.065857 59.719692 2 377.81955 59.719692
12660 1 298.59845 203.046951 2 288.273132 203.046951
13906 1 573.309021 271.724609 2 543.812134 271.724609
13010 1 720.219482 261.572266 2 694.710632 261.572266
14374 1 1027.178711 176.173096 2 1004.040039 176.173096
13942 1 1086.898438 167.215134 2 1062.19397 167.215134
14211 1 1012.248779 238.878769 2 973.89801 238.878769
14354 1 916.697266 194.088989 2 893.531433 194.088989
14242 1 121.828178 261.572266 2 85.761322 261.572266
13114 1 483.729523 200.658173 2 474.189392 200.658173
12984 1 322.486359 82.413177 2 286.93985 82.413177
14213 1 1014.040405 240.073166 2 974.639099 240.073166
14068 1 573.309082 96.745903 2 569.594666 96.745903
14069 1 591.224976 68.080452 2 589.954407 68.080452
14289 1 394.149963 114.661812 2 362.046936 114.661812
14393 1 895.79541 154.076813 2 875.617676 154.076813
14063 1 709.469971 204.241348 2 698.596497 204.241348
12990 1 412.065887 68.080452 2 377.968994 68.080452
14417 1 340.402252 229.323624 2 322.170807 229.323624
13593 1 404.899536 193.491806 2 392.225189 193.491806
13562 1 318.903168 157.659988 2 306.739655 157.659988
12162 1 318.903168 261.572266 2 289.280701 261.572266
14067 1 508.811798 175.575897 2 501.871735 175.575897
14056 1 677.221313 139.74408 2 670.787598 139.74408
13045 1 802.63269 250.822708 2 780.257019 250.822708
13957 1 1028.373169 175.575897 2 1004.710205 175.575897
13934 1 1085.703979 164.826355 2 1060.154907 164.826355
14435 1 636.0 86.0 2 633.743347 86.0
13491 1 485.0 76.0 2 471.461395 76.0
14549 1 483.600006 75.600006 2 470.335541 75.600006
14437 1 894.000061 61.200001 2 891.251648 61.200001
14014 1 553.200012 81.600006 2 548.443909 81.600006
14509 1 483.600006 183.600006 2 474.278229 183.600006
13508 1 726.0 176.400009 2 717.63269 176.400009
14447 1 630.0 51.600002 2 629.306335 51.600002
14451 1 771.840027 60.480003 2 767.690979 60.480003
14535 1 470.880005 92.160004 2 456.98056 92.160004
14454 1 817.920044 43.200001 2 813.29541 43.200001
14446 1 903.600037 116.400002 2 896.18988 116.400002
14458 1 463.680023 194.400009 2 454.609192 194.400009
14030 1 905.472107 34.560005 2 902.895508 34.560005
13506 1 756.0 227.520004 2 739.794922 227.520004
14032 1 881.28009 39.744003 2 878.251526 39.744003
14538 1 789.696045 133.056015 2 781.939453 133.056015
14456 1 902.880066 116.640007 2 895.032837 116.640007
14462 1 772.416077 60.480007 2 768.37677 60.480007
14457 1 694.080017 184.320007 2 683.701172 184.320007
14468 1 613.440063 105.408012 2 609.442505 105.408012
13522 1 535.680054 124.416016 2 531.891113 124.416016
13822 1 290.880005 312.480011 2 249.763626 312.480011
14135 1 113.760002 47.52 2 62.126595 47.52
14539 1 620.00647 122.342415 2 615.352539 122.342415
14394 1 902.016113 165.888031 2 880.666382 165.888031
14480 1 487.296082 199.065628 2 478.315613 199.065628
14470 1 692.58252 99.532814 2 685.602844 99.532814
13532 1 727.833679 176.256027 2 718.329956 176.256027
14467 1 902.016113 117.504013 2 893.999695 117.504013
14485 1 629.545044 52.254726 2 628.748718 52.254726
13531 1 755.136047 228.096024 2 738.81842 228.096024
14545 1 482.734161 194.088989 2 474.386566 194.088989
14521 1 860.958862 102.021133 2 854.321899 102.021133
14490 1 773.867615 59.719688 2 767.853149 59.719688
14487 1 711.659607 54.74305 2 708.105286 54.74305
13551 1 465.315918 146.810898 2 451.887268 146.810898
13879 1 412.646454 58.060806 2 378.970825 58.060806
14087 1 695.734375 200.060959 2 686.110779 200.060959
13552 1 751.472717 226.437149 2 735.668335 226.437149
14055 1 716.636292 116.4534 2 708.71991 116.4534
14491 1 710.664307 56.733707 2 707.474182 56.733707
14492 1 462.827606 146.313248 2 450.638092 146.313248
14488 1 779.34198 89.579536 2 771.230652 89.579536
14498 1 773.369995 59.719692 2 767.736389 59.719692
13875 1 413.061188 57.231369 2 378.72644 57.231369
13962 1 1024.704102 174.528015 2 1002.106812 174.528015
14505 1 444.314514 186.325439 2 434.421265 186.325439
14528 1 730.969055 175.575897 2 721.024475 175.575897
12677 1 315.319977 200.658173 2 303.590057 200.658173
14059 1 863.546753 100.329086 2 857.227478 100.329086
14552 1 406.093903 194.088989 2 393.744781 194.088989
14502 1 856.380432 132.577713 2 841.86908 132.577713
14526 1 504.631378 176.173096 2 498.908234 176.173096
13935 1 424.009796 268.738617 2 395.45993 268.738617
14529 1 691.554077 111.078629 2 684.436523 111.078629
14527 1 788.299927 168.409531 2 777.193054 168.409531
