116
56.7 -1.21 13.3 0.0118 -0.000447 0.0114 0.707 
15343 1 623.0 67.0 2 622.889648 67.0
15131 1 534.0 288.0 2 496.661285 288.0
15347 1 450.0 26.0 2 442.272675 26.0
15231 1 836.0 183.0 2 810.684021 183.0
13601 1 541.0 118.0 2 536.550964 118.0
15334 1 359.0 126.0 2 340.816467 126.0
15220 1 495.0 252.0 2 469.671265 252.0
14984 1 513.0 46.0 2 512.754272 46.0
13518 1 598.0 99.0 2 593.357117 99.0
14564 1 492.0 86.0 2 488.07193 86.0
14967 1 523.200012 121.200005 2 519.414185 121.200005
14875 1 320.400024 122.400002 2 300.918427 122.400002
15258 1 273.600006 169.200012 2 250.402191 169.200012
15222 1 495.600006 252.000015 2 467.735077 252.000015
15170 1 919.200012 175.200012 2 886.085327 175.200012
15284 1 294.0 219.600006 2 275.295929 219.600006
15047 1 502.0 323.0 2 453.93161 323.0
14876 1 348.0 104.400002 2 329.471069 104.400002
15357 1 328.800018 85.200005 2 311.143188 85.200005
14471 1 859.200012 51.600002 2 856.760071 51.600002
15143 1 922.0 267.0 2 886.411072 267.0
15230 1 832.320007 190.080002 2 806.543823 190.080002
15275 1 754.0 235.0 2 732.144165 235.0
15106 1 738.0 298.800018 2 697.06543 298.800018
15351 1 890.0 102.0 2 881.117126 102.0
14871 1 662.400024 177.600006 2 652.21167 177.600006
15360 1 640.800049 129.600006 2 634.059631 129.600006
15049 1 553.200012 319.200012 2 504.698669 319.200012
15144 1 476.400024 282.0 2 442.609039 282.0
14021 1 498.000031 48.0 2 496.691589 48.0
15308 1 310.800018 33.600002 2 291.788269 33.600002
15274 1 258.0 139.0 2 235.906693 139.0
14828 1 842.400024 165.600006 2 817.023438 165.600006
15198 1 870.000061 174.0 2 840.421753 174.0
15209 1 875.52002 164.160004 2 845.044739 164.160004
15272 1 293.76001 218.880005 2 272.420685 218.880005
15324 1 347.328033 103.680008 2 329.041382 103.680008
14545 1 419.040009 178.560013 2 408.06723 178.560013
15139 1 922.800049 266.400024 2 886.597595 266.400024
14891 1 689.76001 201.600006 2 678.583984 201.600006
14866 1 751.680054 233.280014 2 730.123169 233.280014
15233 1 706.800049 242.400009 2 684.049316 242.400009
14879 1 711.360046 207.360016 2 696.88446 207.360016
14050 1 790.560059 86.400002 2 781.479553 86.400002
14461 1 686.400024 112.800003 2 677.71283 112.800003
13528 1 741.600037 172.800003 2 732.032593 172.800003
14895 1 764.640015 120.960007 2 756.398193 120.960007
15050 1 484.800018 321.600006 2 435.987183 321.600006
14794 1 476.92804 283.392029 2 441.182434 283.392029
14567 1 580.320007 105.120003 2 575.620361 105.120003
13087 1 561.600037 41.760002 2 560.923645 41.760002
13512 1 408.960022 46.080002 2 393.170868 46.080002
15242 1 213.600006 240.000015 2 189.736298 240.000015
14869 1 319.680023 231.840012 2 297.667236 231.840012
15266 1 258.0 139.200012 2 235.738541 139.200012
14012 1 271.226929 141.834259 2 248.208893 141.834259
15393 1 354.240021 148.608017 2 337.424286 148.608017
15160 1 953.280029 171.360001 2 919.249329 171.360001
14017 1 380.160034 84.672005 2 363.308533 84.672005
15287 1 293.76004 219.456024 2 272.903137 219.456024
14044 1 419.904053 177.984024 2 408.733612 177.984024
14923 1 908.928101 39.744003 2 901.589478 39.744003
14498 1 940.032104 39.744003 2 936.314331 39.744003
15172 1 918.720032 175.680008 2 885.982971 175.680008
15183 1 822.240051 249.12001 2 794.975891 249.12001
14455 1 831.098999 191.600662 2 806.560791 191.600662
14397 1 853.63208 276.480042 2 817.553772 276.480042
14841 1 667.69928 244.68483 2 643.822693 244.68483
15280 1 751.680054 233.280029 2 730.623169 233.280029
14444 1 709.171326 242.611237 2 684.150635 242.611237
15385 1 711.936096 207.360016 2 697.403198 207.360016
14775 1 734.054504 298.59845 2 693.734619 298.59845
14479 1 789.696045 86.400009 2 780.907227 86.400009
14481 1 888.192078 101.952011 2 880.472961 101.952011
14054 1 858.816101 50.112003 2 856.970154 50.112003
14505 1 658.368042 101.952011 2 650.040771 101.952011
15387 1 686.016052 36.288002 2 681.128418 36.288002
14986 1 743.0401 72.576004 2 733.623108 72.576004
14482 1 641.088074 129.600006 2 634.440552 129.600006
15219 1 495.360016 252.000015 2 467.559326 252.000015
15372 1 361.440002 228.960007 2 342.448456 228.960007
14988 1 511.488037 74.304008 2 510.35907 74.304008
13542 1 580.608032 105.408012 2 575.715698 105.408012
14029 1 319.334442 232.243225 2 297.316589 232.243225
15368 1 307.584015 188.35202 2 292.356201 188.35202
15107 1 131.328018 295.488037 2 91.584007 295.488037
15109 1 145.152008 276.480042 2 105.796104 276.480042
15256 1 273.024017 167.616013 2 250.052719 167.616013
14018 1 319.680023 122.400002 2 300.547211 122.400002
14905 1 346.29126 103.680016 2 328.659943 103.680016
15070 1 188.697632 317.260834 2 144.54657 317.260834
15121 1 300.672028 302.745636 2 260.968292 302.745636
15132 1 940.320007 270.720001 2 902.012878 270.720001
15080 1 671.846497 308.966431 2 625.1875 308.966431
15182 1 775.526489 265.420837 2 743.433777 265.420837
15185 1 821.145691 248.832031 2 792.525024 248.832031
14491 1 661.478516 178.32962 2 651.53772 178.32962
14051 1 640.742493 128.563217 2 634.802979 128.563217
13931 1 552.960083 319.680023 2 504.047485 319.680023
14730 1 485.222473 321.408051 2 436.335144 321.408051
15157 1 534.988892 273.71524 2 501.860291 273.71524
13538 1 742.348877 172.108826 2 731.331421 172.108826
14492 1 397.440033 190.080017 2 385.923859 190.080017
14572 1 765.158508 120.268814 2 757.505249 120.268814
15102 1 132.710419 296.524841 2 90.297218 296.524841
15264 1 261.273651 141.004822 2 239.033234 141.004822
15402 1 199.065628 149.299225 2 185.271393 149.299225
13517 1 765.158508 87.091209 2 756.026672 87.091209
14496 1 742.348877 45.619205 2 736.775024 45.619205
15447 1 597.196899 99.532814 2 593.979492 99.532814
15392 1 584.75531 43.545605 2 583.200073 43.545605
14108 1 547.430481 43.545605 2 546.875854 43.545605
15359 1 841.200012 120.000008 2 830.635925 120.000008
13141 1 219.801636 199.065628 2 206.166229 199.065628
15245 1 271.641632 167.961624 2 248.735992 167.961624
14414 1 933.120117 159.667221 2 898.805908 159.667221
15376 1 338.688019 48.384003 2 321.020905 48.384003
15304 1 1162.045654 141.834259 2 1141.148315 141.834259
15141 1 922.752075 267.840027 2 886.592529 267.840027
14779 1 477.757507 283.668518 2 441.388184 283.668518
15146 1 806.21582 268.738586 2 772.268127 268.738586
14478 1 746.496155 232.906799 2 725.30072 232.906799
14919 1 711.244873 207.360031 2 696.305908 207.360031
13600 1 396.057648 188.697632 2 384.591156 188.697632
15249 1 194.918427 252.979233 2 172.392883 252.979233
15412 1 530.012207 204.042267 2 515.49823 204.042267
14515 1 661.893188 179.159058 2 651.255005 179.159058
14513 1 664.381531 194.088989 2 652.677002 194.088989
14460 1 534.988892 87.091209 2 530.985168 87.091209
13117 1 512.17926 74.649612 2 510.252533 74.649612
14114 1 599.685181 99.532814 2 595.082275 99.532814
14573 1 579.778625 111.974419 2 574.172119 111.974419
13554 1 741.51947 171.694107 2 730.530823 171.694107
13567 1 763.914368 87.091209 2 755.33313 87.091209
13121 1 542.453857 121.927696 2 538.353271 121.927696
15248 1 271.226929 166.717468 2 248.207169 166.717468
14107 1 316.016693 119.439377 2 296.23941 119.439377
12667 1 181.647385 139.345947 2 167.328766 139.345947
15445 1 126.904335 136.85762 2 111.902496 136.85762
15244 1 209.018906 238.878754 2 184.280075 238.878754
13142 1 221.46051 199.065628 2 207.647552 199.065628
14430 1 891.648071 171.072021 2 860.994751 171.072021
15237 1 827.712097 155.52002 2 802.871887 155.52002
15395 1 198.720016 148.608017 2 185.162231 148.608017
15286 1 306.063416 106.997772 2 286.995697 106.997772
14466 1 387.763245 62.208008 2 369.708496 62.208008
14421 1 951.782532 170.035217 2 918.846619 170.035217
15154 1 534.988892 273.71524 2 501.305573 273.71524
15097 1 131.880981 296.110107 2 90.367439 296.110107
15093 1 124.416016 308.551727 2 81.308449 308.551727
14407 1 987.033752 190.771225 2 954.466431 190.771225
15401 1 435.456055 226.437149 2 417.683105 226.437149
12680 1 184.135712 201.553955 2 169.938721 201.553955
15416 1 766.402649 119.439377 2 758.273132 119.439377
13569 1 740.52417 173.187103 2 731.103821 173.187103
15424 1 582.266968 197.074982 2 568.703918 197.074982
13566 1 722.608276 89.579536 2 713.515381 89.579536
14522 1 758.440063 71.663628 2 749.129822 71.663628
13095 1 313.528351 184.135712 2 298.207825 184.135712
14839 1 668.860535 244.850739 2 644.445435 244.850739
14115 1 665.874573 194.088989 2 654.979919 194.088989
14578 1 633.028748 194.088989 2 622.689941 194.088989
15289 1 286.65451 68.677643 2 266.843323 68.677643
14095 1 552.407166 59.719692 2 551.21106 59.719692
14395 1 990.351501 189.11235 2 957.843811 189.11235
14109 1 546.435181 134.369308 2 541.796631 134.369308
13131 1 513.589355 71.663628 2 510.110291 71.663628
14036 1 842.047668 164.229156 2 817.244629 164.229156
15254 1 874.893494 149.299225 2 851.157715 149.299225
14553 1 659.404907 99.532814 2 650.107361 99.532814
14130 1 216.483871 146.810898 2 200.967804 146.810898
13537 1 265.752625 223.948837 2 243.272339 223.948837
14853 1 209.018921 238.878769 2 186.630692 238.878769
13146 1 220.96286 197.074982 2 208.134216 197.074982
13474 1 950.538391 171.694107 2 917.939392 171.694107
14382 1 477.757538 283.668549 2 442.674805 283.668549
14061 1 641.986694 128.397339 2 634.580017 128.397339
13025 1 730.969055 297.404083 2 691.356201 297.404083
15223 1 779.34198 250.822708 2 752.519043 250.822708
15068 1 1072.466064 176.670746 2 1026.327637 176.670746
13552 1 745.301758 232.906799 2 723.568787 232.906799
14514 1 421.023834 197.074982 2 410.352203 197.074982
15253 1 265.155426 164.826355 2 243.579941 164.826355
13110 1 214.990891 146.313248 2 199.470428 146.313248
14092 1 548.226807 136.160904 2 542.949707 136.160904
15427 1 322.486328 194.088989 2 304.98822 194.088989
14555 1 845.03363 83.607567 2 837.460144 83.607567
14094 1 533.894043 85.996361 2 529.709045 85.996361
14964 1 182.742264 139.74408 2 168.773361 139.74408
15200 1 871.907471 167.215134 2 842.951965 167.215134
14437 1 842.047668 164.826355 2 816.843933 164.826355
14560 1 659.30542 96.745903 2 650.764221 96.745903
14837 1 204.241348 240.073166 2 179.277206 240.073166
15305 1 307.556396 104.50946 2 288.0979 104.50946
15297 1 286.654541 68.080452 2 266.629547 68.080452
14930 1 349.360199 125.411354 2 331.42984 125.411354
14961 1 573.309082 107.495445 2 569.557373 107.495445
15283 1 318.505005 231.413788 2 296.824646 231.413788
14586 1 322.486359 186.325439 2 306.590637 186.325439
14390 1 991.346863 188.117035 2 958.127441 188.117035
15152 1 953.126282 171.992722 2 919.259705 171.992722
15133 1 480.146332 283.07135 2 442.47171 283.07135
13579 1 641.389526 128.994537 2 634.764343 128.994537
13060 1 842.047668 275.904999 2 807.247986 275.904999
15086 1 1060.024536 179.159073 2 1013.255249 179.159073
15092 1 1046.289062 200.658173 2 1001.691284 200.658173
15303 1 364.0 225.0 2 345.206818 225.0
15076 1 598.0 311.0 2 553.028564 311.0
14965 1 861.0 24.0 2 856.684021 24.0
15126 1 850.0 279.0 2 812.792664 279.0
15115 1 307.0 299.0 2 267.564392 299.0
15337 1 169.0 102.0 2 150.10936 102.0
14476 1 740.400024 45.600002 2 735.888367 45.600002
14472 1 860.400024 24.0 2 856.762268 24.0
15142 1 918.000061 276.0 2 880.429138 276.0
15117 1 224.400009 297.600006 2 184.874939 297.600006
15024 1 1082.400024 343.200012 2 1020.616089 343.200012
14427 1 891.360046 171.360001 2 860.339905 171.360001
14888 1 380.160004 139.680008 2 362.223724 139.680008
15043 1 640.800049 316.800018 2 590.643494 316.800018
15001 1 501.120026 46.080002 2 500.05719 46.080002
15315 1 308.160004 34.560001 2 288.718628 34.560001
15335 1 264.960022 51.840004 2 245.515213 51.840004
15059 1 1015.200012 302.400024 2 968.652832 302.400024
14974 1 406.080048 160.70401 2 394.685822 160.70401
15285 1 1162.944092 115.776009 2 1142.589722 115.776009
15165 1 781.056091 267.840027 2 748.543884 267.840027
15221 1 494.208038 252.288025 2 467.506683 252.288025
15149 1 535.680054 274.752014 2 501.504852 274.752014
15197 1 362.880035 271.296021 2 331.424042 271.296021
15294 1 266.11203 51.840004 2 246.413177 51.840004
15278 1 294.451233 219.801636 2 272.843506 219.801636
15176 1 974.592163 165.888031 2 943.486328 165.888031
14710 1 242.611237 329.702454 2 194.824951 329.702454
14712 1 551.577698 319.334442 2 502.827881 319.334442
14809 1 922.752136 267.494446 2 886.108093 267.494446
15224 1 495.590485 250.90564 2 468.480896 250.90564
14490 1 887.500916 101.606415 2 880.431885 101.606415
15262 1 263.347229 238.464035 2 241.327805 238.464035
14705 1 485.222473 323.481659 2 436.656281 323.481659
15234 1 783.820923 196.577301 2 759.484863 196.577301
14927 1 726.589539 171.694107 2 715.320129 171.694107
14851 1 539.965515 246.343719 2 515.924927 246.343719
15307 1 278.691895 106.997772 2 259.384918 106.997772
14071 1 587.243591 156.764175 2 580.50177 156.764175
14937 1 741.51947 47.278088 2 736.737 47.278088
14568 1 388.177979 62.208008 2 369.471619 62.208008
14722 1 549.918823 318.505005 2 500.283142 318.505005
13039 1 925.655151 268.738586 2 888.033386 268.738586
15091 1 122.425369 307.556396 2 80.528488 307.556396
14443 1 833.089722 191.103012 2 806.742615 191.103012
14563 1 441.92572 152.285217 2 431.500458 152.285217
13097 1 316.514374 229.920807 2 294.192719 229.920807
13573 1 558.379089 158.257187 2 551.51825 158.257187
15330 1 68.677643 107.495445 2 51.253574 107.495445
13543 1 489.701477 113.467415 2 486.062531 113.467415
15341 1 346.374207 77.635597 2 328.871765 77.635597
15137 1 925.655212 268.738617 2 889.373779 268.738617
14539 1 372.650879 182.742264 2 361.084198 182.742264
14086 1 845.630859 82.413177 2 838.292358 82.413177
14091 1 741.718567 171.992722 2 730.217773 171.992722
14843 1 673.638123 247.239532 2 647.698669 247.239532
14960 1 630.639954 193.491806 2 619.688293 193.491806
15270 1 315.319977 229.323624 2 294.751831 229.323624
14540 1 512.394958 71.663635 2 509.766907 71.663635
14933 1 214.990891 146.910446 2 199.530731 146.910446
13525 1 265.155426 225.740448 2 243.772614 225.740448
14087 1 795.466309 68.080452 2 788.754944 68.080452
15282 1 1168.117188 136.160904 2 1147.052002 136.160904
15073 1 1064.204956 179.159088 2 1019.806885 179.159088
15288 1 1168.117188 107.495445 2 1148.700439 107.495445
14781 1 928.044067 268.738617 2 892.571777 268.738617
14415 1 992.541321 189.90863 2 958.714417 189.90863
