124
20.71281 -1.696725 55.56904 0.031191523051912588 0.7145596167731091 -0.013395806852706948 0.6987504528267117
16427 1 799.0 85.0 2 788.838806 85.0
16372 1 830.0 115.0 2 819.60675 115.0
14947 1 521.0 48.0 2 520.220947 48.0
13998 1 505.0 50.0 2 504.328949 50.0
16213 1 684.0 256.800018 2 655.763123 256.800018
16008 1 1124.400024 178.800003 2 1066.728882 178.800003
16285 1 331.200012 106.800003 2 308.17926 106.800003
13064 1 544.800049 130.800003 2 540.370178 130.800003
15813 1 386.400024 160.800003 2 372.121857 160.800003
16113 1 991.0 203.0 2 947.582886 203.0
16194 1 873.0 260.0 2 840.057556 260.0
16023 1 878.400024 330.0 2 822.364807 330.0
16121 1 838.800049 290.400024 2 797.867249 290.400024
16366 1 754.800049 222.000015 2 736.270752 222.000015
16347 1 896.400024 153.600006 2 876.745178 153.600006
16236 1 528.0 250.800003 2 501.690796 250.800003
16281 1 553.200012 244.800003 2 528.367126 244.800003
16379 1 603.600037 201.600006 2 592.721252 201.600006
13513 1 606.0 96.0 2 600.466003 96.0
16244 1 277.200012 112.800003 2 251.615448 112.800003
16315 1 191.520004 210.240005 2 170.096054 210.240005
16274 1 305.279999 129.600006 2 281.357239 129.600006
16251 1 279.600006 48.0 2 254.793396 48.0
16307 1 304.800018 92.400002 2 282.661041 92.400002
16303 1 300.0 64.800003 2 276.742096 64.800003
13580 1 544.320007 116.640007 2 540.231689 116.640007
16088 1 1018.800049 297.600006 2 970.26593 297.600006
16140 1 773.280029 282.240021 2 734.597107 282.240021
16188 1 841.0 268.0 2 807.517029 268.0
15829 1 682.559998 198.720001 2 668.884094 198.720001
16095 1 668.400024 314.400024 2 621.490479 314.400024
16349 1 895.680054 154.080002 2 875.669067 154.080002
13509 1 754.560059 80.639999 2 743.354919 80.639999
15706 1 527.040039 250.560013 2 501.330872 250.560013
16119 1 580.320007 293.76001 2 539.798035 293.76001
14963 1 508.320007 48.960003 2 507.610229 48.960003
13521 1 587.52002 103.680008 2 581.98645 103.680008
16267 1 295.200012 249.12001 2 269.799896 249.12001
16273 1 330.0 33.600002 2 305.351318 33.600002
16342 1 304.800018 148.800003 2 284.158325 148.800003
16073 1 1080.0 174.240005 2 1028.753784 174.240005
15735 1 278.208038 46.656006 2 253.512573 46.656006
16431 1 370.080017 171.360001 2 356.216888 171.360001
16448 1 373.248047 162.432022 2 360.14856 162.432022
16157 1 773.0 282.0 2 734.25 282.0
16089 1 1018.080017 296.640015 2 969.984558 296.640015
14833 1 684.288086 179.712021 2 670.39325 179.712021
16447 1 656.640076 205.632019 2 642.707642 205.632019
15888 1 724.032043 212.544022 2 706.25708 212.544022
16060 1 903.74408 317.952026 2 851.148743 317.952026
16395 1 492.480042 114.048012 2 487.627228 114.048012
13507 1 777.600098 174.182419 2 765.432983 174.182419
16392 1 829.440063 112.320007 2 819.224304 112.320007
15816 1 798.33606 114.048012 2 788.708435 114.048012
15707 1 160.70401 86.400009 2 133.617645 86.400009
16220 1 172.800018 34.560005 2 145.970383 34.560005
15814 1 990.144104 202.176025 2 947.667297 202.176025
16238 1 528.768066 250.560028 2 502.049866 250.560028
16101 1 1052.640015 218.880005 2 1007.132935 218.880005
14444 1 825.98407 74.304008 2 815.911926 74.304008
13508 1 727.488098 169.344009 2 714.569336 169.344009
15727 1 279.360016 254.880005 2 253.222702 254.880005
16147 1 518.400024 286.559998 2 480.346222 286.559998
13996 1 888.192078 74.304008 2 878.471313 74.304008
16340 1 304.128021 148.608017 2 283.546509 148.608017
16266 1 276.480011 112.320007 2 251.32811 112.320007
16120 1 1003.680054 161.279999 2 961.264465 161.279999
16159 1 974.880066 131.040009 2 937.64386 131.040009
16165 1 548.640015 280.800018 2 512.594299 280.800018
14462 1 763.776062 36.288002 2 757.007263 36.288002
16474 1 391.680023 182.880005 2 378.556305 182.880005
15726 1 262.080017 84.960007 2 237.427505 84.960007
15776 1 243.360016 60.480003 2 219.808182 60.480003
16276 1 329.76001 33.120003 2 304.909821 33.120003
16231 1 209.433624 101.606415 2 181.980743 101.606415
16333 1 349.05603 51.840004 2 328.060608 51.840004
14881 1 1011.916931 41.472008 2 1007.231812 41.472008
15172 1 1080.345703 174.182419 2 1028.936279 174.182419
16146 1 775.87207 283.392029 2 736.632324 283.392029
15657 1 837.734497 267.494446 2 803.9375 267.494446
16142 1 518.400024 286.848022 2 480.057556 286.848022
16393 1 854.323303 161.740829 2 837.165894 161.740829
15843 1 684.288086 180.403229 2 669.929749 180.403229
15852 1 655.25769 124.416016 2 647.195801 124.416016
16173 1 100.224007 279.936035 2 65.664009 279.936035
16112 1 257.76001 311.040009 2 216.400574 311.040009
16209 1 226.02243 255.052841 2 197.429031 255.052841
14025 1 825.292908 74.649612 2 815.242676 74.649612
15702 1 279.936035 255.744019 2 253.449677 255.744019
16076 1 924.825745 308.966431 2 875.086365 308.966431
14854 1 721.612915 211.507233 2 704.391174 211.507233
15717 1 526.694458 250.90564 2 501.429413 250.90564
16161 1 549.600037 280.800018 2 513.256348 280.800018
16103 1 1052.352051 219.456024 2 1007.836792 219.456024
15279 1 825.292908 165.888031 2 810.609741 165.888031
16116 1 1003.968079 160.70401 2 961.747253 160.70401
15388 1 887.500916 72.576012 2 877.906494 72.576012
14020 1 391.910461 182.476822 2 378.54248 182.476822
14080 1 555.724854 45.619205 2 553.996582 45.619205
16218 1 217.728027 107.136009 2 191.806046 107.136009
13585 1 539.136047 85.017609 2 535.111633 85.017609
16322 1 302.745636 147.225616 2 281.768188 147.225616
16326 1 319.680023 124.416016 2 298.597382 124.416016
15744 1 275.788849 111.974419 2 251.01149 111.974419
14017 1 593.049683 159.667221 2 586.066589 159.667221
16149 1 1116.0 128.160004 2 1076.230713 128.160004
16268 1 262.656036 84.672005 2 237.320816 84.672005
15756 1 242.611237 60.134407 2 219.906174 60.134407
16302 1 305.856018 93.312012 2 282.953613 93.312012
15758 1 290.304047 80.870415 2 264.725616 80.870415
16367 1 250.560028 183.168015 2 231.710403 183.168015
16124 1 838.080017 290.880005 2 795.229858 290.880005
16148 1 516.326477 288.230438 2 478.213623 288.230438
14457 1 681.799805 181.647385 2 669.349304 181.647385
14448 1 654.428223 124.416016 2 646.586853 124.416016
15608 1 1052.559448 218.972198 2 1008.743469 218.972198
15614 1 1003.622559 161.740829 2 961.317505 161.740829
16403 1 599.685181 199.065628 2 589.221191 199.065628
15311 1 826.122375 111.974419 2 816.362732 111.974419
16091 1 1018.137756 298.59845 2 969.7146 298.59845
15851 1 823.634033 166.717468 2 809.00946 166.717468
13517 1 776.355957 174.182419 2 764.902161 174.182419
14858 1 798.336121 114.048019 2 788.809448 114.048019
16401 1 525.035583 201.553955 2 510.020386 201.553955
13100 1 544.942139 119.439377 2 540.958069 119.439377
15891 1 423.014465 169.20578 2 413.126678 169.20578
15867 1 460.339264 144.322586 2 450.774597 144.322586
14542 1 508.032074 47.692806 2 507.483124 47.692806
16437 1 657.331299 205.286423 2 643.577393 205.286423
13487 1 159.667221 85.017609 2 133.603485 85.017609
15898 1 130.636826 143.078415 2 113.609573 143.078415
13532 1 726.589539 169.20578 2 713.499634 169.20578
14446 1 938.096802 92.067856 2 926.929626 92.067856
16449 1 587.243591 109.486099 2 581.312439 109.486099
13557 1 554.895447 47.278088 2 554.181458 47.278088
15768 1 211.507233 149.299225 2 188.237869 149.299225
16341 1 301.086761 146.810898 2 280.741272 146.810898
16317 1 283.668518 144.322586 2 261.361084 144.322586
14044 1 592.220215 159.252502 2 585.78656 159.252502
14868 1 261.273651 82.944016 2 236.226624 82.944016
14851 1 217.728027 107.827217 2 191.324493 107.827217
16138 1 1047.168091 136.85762 2 1006.165161 136.85762
16141 1 1116.288086 127.872009 2 1076.986206 127.872009
16299 1 298.59845 49.766407 2 274.703033 49.766407
16150 1 775.526489 284.083252 2 736.682251 284.083252
16343 1 892.809387 155.271194 2 872.622375 155.271194
14068 1 537.477234 83.607567 2 534.153564 83.607567
16151 1 515.082336 288.645172 2 476.735229 288.645172
14471 1 674.83252 92.565521 2 664.725769 92.565521
14907 1 674.83252 74.649612 2 665.665039 74.649612
14842 1 748.569702 217.728027 2 731.420776 217.728027
14006 1 199.065628 263.761963 2 166.318787 263.761963
16195 1 158.257187 247.836716 2 126.882782 247.836716
15689 1 158.257187 86.593552 2 132.297913 86.593552
16225 1 197.074982 74.649612 2 169.953629 74.649612
14538 1 797.257874 110.48143 2 788.974731 110.48143
13547 1 797.257874 74.649612 2 787.567932 74.649612
14526 1 450.883667 176.173096 2 443.325409 176.173096
16413 1 424.009796 167.215134 2 412.936523 167.215134
16414 1 459.841614 143.327255 2 450.121399 143.327255
14792 1 1002.793091 161.740829 2 960.64978 161.740829
16135 1 987.863159 141.834259 2 947.387817 141.834259
15628 1 955.929749 134.784012 2 917.222229 134.784012
16418 1 340.402252 188.117035 2 325.570587 188.117035
16337 1 283.668549 143.327255 2 261.164948 143.327255
15729 1 276.203552 111.974419 2 250.770309 111.974419
16420 1 594.210938 122.425369 2 587.671265 122.425369
14081 1 552.407166 137.355286 2 546.75824 137.355286
16143 1 1117.255859 129.392654 2 1077.010864 129.392654
16224 1 216.483871 106.997772 2 190.436249 106.997772
13485 1 131.328018 143.424011 2 114.175209 143.424011
16190 1 836.075623 266.250275 2 803.19928 266.250275
14421 1 988.95813 200.658173 2 947.237244 200.658173
13088 1 450.385986 176.670746 2 443.666077 176.670746
15622 1 1003.290833 161.243179 2 961.071655 161.243179
16133 1 988.360901 143.327255 2 948.130554 143.327255
16259 1 277.0 113.0 2 251.6716 113.0
14518 1 673.638123 89.579544 2 665.075806 89.579544
16412 1 600.182922 200.060959 2 590.001892 200.060959
16331 1 283.668549 223.948837 2 265.677643 223.948837
14505 1 336.819061 186.325439 2 322.656616 186.325439
14544 1 648.555847 200.658173 2 635.962891 200.658173
15399 1 748.884949 75.246811 2 738.262878 75.246811
16175 1 99.532814 275.788849 2 65.645821 275.788849
15694 1 197.074982 82.413177 2 170.631332 82.413177
15693 1 161.243179 85.996361 2 134.273148 85.996361
14882 1 748.984436 221.46051 2 730.702454 221.46051
14050 1 728.580261 214.990891 2 712.929565 214.990891
14479 1 687.970886 200.658173 2 675.0177 200.658173
16136 1 1048.080566 134.369308 2 1007.5672 134.369308
14925 1 580.475403 103.91227 2 575.083008 103.91227
15323 1 824.131714 167.215134 2 809.136108 167.215134
15908 1 594.808167 157.659988 2 587.250244 157.659988
14913 1 200.060959 262.766632 2 167.524658 262.766632
16309 1 325.472321 104.50946 2 303.048035 104.50946
16313 1 134.369308 223.948837 2 112.997604 223.948837
15886 1 132.0 141.600006 2 115.209106 141.600006
13116 1 548.226807 121.828178 2 543.23291 121.828178
16156 1 513.589355 289.640503 2 474.878632 289.640503
13559 1 655.722229 125.411354 2 646.935608 125.411354
14059 1 889.823425 71.663628 2 880.403381 71.663628
16164 1 713.053162 286.654541 2 675.222107 286.654541
14828 1 831.298157 265.155426 2 799.03009 265.155426
15191 1 776.355957 283.668549 2 737.658997 283.668549
14409 1 990.351501 201.553955 2 946.936829 201.553955
15611 1 1054.05249 217.976868 2 1007.496338 217.976868
16226 1 208.0 101.0 2 181.508499 101.0
16290 1 332.0 107.0 2 308.143402 107.0
16271 1 306.0 130.0 2 281.380737 130.0
15885 1 571.0 103.0 2 565.099548 103.0
16316 1 305.0 93.0 2 282.768677 93.0
16250 1 319.0 27.0 2 293.643158 27.0
16262 1 263.0 85.0 2 237.603256 85.0
16212 1 435.0 260.0 2 407.173553 260.0
15976 1 988.0 353.0 2 923.261108 353.0
15411 1 592.0 161.0 2 584.935791 161.0
16261 1 87.0 60.0 2 62.207031 60.0
16232 1 160.0 86.0 2 133.738022 86.0
15999 1 918.000061 340.800018 2 858.964417 340.800018
16291 1 309.600006 50.400002 2 286.476776 50.400002
15699 1 208.800003 100.800003 2 181.532455 100.800003
15752 1 262.800018 84.0 2 237.365341 84.0
16279 1 294.0 98.400002 2 270.490784 98.400002
15998 1 816.000061 344.400024 2 756.461243 344.400024
16046 1 753.600037 336.0 2 699.954956 336.0
16011 1 386.400024 349.200012 2 329.462311 349.200012
14531 1 493.200012 84.0 2 488.806305 84.0
14948 1 592.800049 159.600006 2 585.724731 159.600006
15770 1 243.600006 60.000004 2 219.656723 60.000004
16241 1 160.800003 85.200005 2 134.395554 85.200005
16368 1 68.400002 147.600006 2 49.764141 147.600006
16292 1 308.160004 48.960003 2 284.755829 48.960003
15256 1 318.240021 27.360001 2 292.704498 27.360001
16080 1 249.12001 334.080017 2 199.933487 334.080017
16001 1 917.280029 341.279999 2 857.751038 341.279999
16022 1 878.400024 329.76001 2 822.2323 329.76001
16044 1 753.120056 335.52002 2 700.600037 335.52002
14429 1 504.000031 120.960007 2 499.345032 120.960007
15737 1 279.360016 47.52 2 254.272812 47.52
16249 1 161.279999 84.960007 2 134.315079 84.960007
15745 1 330.048035 32.832005 2 304.860626 32.832005
16052 1 1195.776123 114.048012 2 1143.372803 114.048012
15237 1 196.99202 84.672005 2 169.293549 84.672005
15292 1 425.088043 157.248016 2 412.302826 157.248016
16170 1 549.504028 281.664032 2 512.899475 281.664032
16032 1 787.968079 330.048035 2 733.399353 330.048035
16016 1 879.552063 330.048035 2 822.982361 330.048035
15577 1 755.136047 336.960022 2 700.580994 336.960022
16104 1 84.672005 317.952026 2 38.876743 317.952026
16047 1 459.648041 336.960022 2 405.53772 336.960022
16092 1 418.176025 317.952026 2 371.917542 317.952026
13511 1 566.784058 158.976013 2 559.687439 158.976013
16202 1 158.976013 247.104019 2 128.289398 247.104019
16009 1 1180.224121 150.336014 2 1121.753296 150.336014
16301 1 325.555237 103.680016 2 302.478577 103.680016
16304 1 773.452881 234.316833 2 749.990723 234.316833
16048 1 787.96814 329.702454 2 732.783691 329.702454
13579 1 364.953644 196.992035 2 350.017914 196.992035
13536 1 752.716919 78.796814 2 742.300415 78.796814
16043 1 460.339264 331.776062 2 407.331543 331.776062
16205 1 157.593628 246.758438 2 127.160698 246.758438
16004 1 1163.289795 151.372818 2 1106.472412 151.372818
16346 1 348.364838 51.840008 2 327.902832 51.840008
16339 1 329.702454 124.416016 2 310.018829 124.416016
15270 1 263.347229 45.619205 2 239.912521 45.619205
16057 1 903.260315 318.505005 2 850.975037 318.505005
15204 1 671.846497 283.668518 2 634.459717 283.668518
15605 1 990.351501 201.553955 2 946.936829 201.553955
15644 1 955.515015 134.369293 2 916.416138 134.369293
16181 1 99.532814 276.203552 2 65.78801 276.203552
16090 1 1017.723022 298.59845 2 969.268799 298.59845
16077 1 1109.790894 213.995544 2 1062.455566 213.995544
16216 1 256.296997 248.832031 2 228.705917 248.832031
14455 1 656.916565 204.042267 2 644.779114 204.042267
13582 1 363.294769 196.577301 2 349.555939 196.577301
16338 1 330.946594 124.416016 2 310.505035 124.416016
16027 1 1162.045654 151.787537 2 1105.324707 151.787537
16193 1 159.252502 246.343719 2 127.490669 246.343719
16280 1 266.250275 47.278088 2 241.761475 47.278088
15604 1 435.953735 304.570435 2 392.683655 304.570435
13539 1 683.790466 182.145065 2 669.220276 182.145065
15671 1 188.117035 259.78067 2 157.159836 259.78067
15391 1 827.117737 110.48143 2 817.005676 110.48143
14477 1 836.075684 131.383316 2 825.147034 131.383316
14920 1 582.266968 104.50946 2 576.908813 104.50946
16336 1 301.584442 146.313248 2 279.948761 146.313248
16153 1 955.515076 134.369308 2 917.883057 134.369308
14890 1 758.440063 173.187103 2 745.026245 173.187103
15899 1 391.163971 247.836716 2 366.700287 247.836716
16335 1 349.360199 232.906799 2 330.864014 232.906799
15681 1 256.794678 247.836716 2 229.012573 247.836716
15367 1 244.850739 191.103012 2 225.572418 191.103012
16003 1 1146.618042 164.229156 2 1089.382568 164.229156
16061 1 904.753296 316.514374 2 853.446106 316.514374
15221 1 197.074982 261.572266 2 165.390884 261.572266
15638 1 515.978149 286.654541 2 478.643982 286.654541
16162 1 526.727722 283.07135 2 488.897461 283.07135
15917 1 698.720398 283.07135 2 661.905396 283.07135
16078 1 1110.786255 214.990891 2 1057.273926 214.990891
15602 1 1060.621704 218.574081 2 1012.312439 218.574081
16356 1 347.568604 232.906799 2 328.236816 232.906799
15335 1 250.822708 186.325439 2 232.728378 186.325439
13080 1 451.480896 175.575897 2 444.491241 175.575897
15880 1 519.56134 182.742264 2 507.762573 182.742264
14064 1 773.967224 171.992722 2 762.588074 171.992722
16289 1 236.48999 71.663635 2 212.646973 71.663635
16327 1 333.235901 125.411354 2 311.213074 125.411354
15334 1 283.07135 143.327271 2 261.066284 143.327271
15568 1 1146.618164 164.826355 2 1089.83313 164.826355
15794 1 326.069519 103.91227 2 303.94574 103.91227
15719 1 275.904999 111.078629 2 248.849991 111.078629
15860 1 240.073166 189.90863 2 220.746246 189.90863
16354 1 283.07135 222.157257 2 264.965027 222.157257
