141
55 -2.76 35.4 0.00848 -0.000472 0.00876 0.707 
17783 1 957.0 191.0 2 929.645386 191.0
17972 1 476.0 181.0 2 468.649414 181.0
17951 1 356.400024 74.400002 2 334.957764 74.400002
17882 1 277.200012 196.800003 2 253.482193 196.800003
15474 1 588.0 121.200005 2 582.389099 121.200005
17890 1 249.600006 166.800003 2 225.11882 166.800003
17392 1 956.400024 190.800003 2 929.52887 190.800003
17966 1 751.200012 64.800003 2 737.1427 64.800003
18056 1 634.800049 163.200012 2 625.690247 163.200012
17798 1 187.200012 84.0 2 161.489136 84.0
17864 1 199.200012 46.800003 2 175.147675 46.800003
17833 1 265.200012 87.600006 2 239.689285 87.600006
17985 1 542.880005 87.840004 2 538.08075 87.840004
17974 1 362.880005 123.840004 2 342.813751 123.840004
17495 1 587.52002 138.240005 2 581.418091 138.240005
17873 1 276.480011 184.320007 2 252.922119 184.320007
17968 1 266.400024 155.520004 2 241.903839 155.520004
17898 1 266.400024 217.440002 2 242.560425 217.440002
17946 1 321.120026 171.360001 2 300.682129 171.360001
17855 1 817.920044 185.76001 2 792.471008 185.76001
13518 1 648.0 89.280006 2 642.93689 89.280006
14985 1 635.040039 162.720001 2 625.895813 162.720001
17757 1 590.400024 277.920013 2 556.330139 277.920013
17780 1 378.720001 266.400024 2 352.298065 266.400024
15984 1 545.76001 54.720001 2 545.747742 54.720001
17992 1 475.200012 180.0 2 471.609467 180.0
13601 1 576.0 112.320007 2 570.725891 112.320007
17957 1 292.032013 209.088013 2 268.976685 209.088013
17822 1 266.11203 153.792007 2 242.339767 153.792007
17427 1 257.472015 209.088013 2 233.010101 209.088013
17988 1 321.40802 171.072021 2 300.680176 171.072021
17917 1 297.216034 164.160019 2 273.143433 164.160019
17766 1 1149.120117 216.000015 2 1117.726318 216.000015
17825 1 855.360107 228.096024 2 828.733521 228.096024
13542 1 627.264038 96.768005 2 621.586182 96.768005
17396 1 381.888031 271.296021 2 354.72168 271.296021
17982 1 540.864075 53.568005 2 536.480469 53.568005
16977 1 516.672058 114.048012 2 511.809998 114.048012
18024 1 226.368027 167.616013 2 201.612335 167.616013
17790 1 1060.992065 200.448013 2 1034.733398 200.448013
17739 1 960.076965 269.568024 2 918.686707 269.568024
17861 1 275.788849 165.888031 2 251.673492 165.888031
13092 1 615.859314 147.225616 2 608.409729 147.225616
17854 1 296.524841 163.814423 2 272.926331 163.814423
17899 1 292.377655 209.433624 2 269.645599 209.433624
17020 1 951.782532 99.532814 2 937.254456 99.532814
17059 1 949.708923 39.398407 2 934.29187 39.398407
17376 1 713.318481 277.862427 2 678.612488 277.862427
18026 1 997.401733 39.398407 2 981.573792 39.398407
17383 1 1134.674194 158.257187 2 1103.33313 158.257187
17416 1 746.496094 228.096039 2 724.573181 228.096039
16989 1 516.326477 111.974419 2 511.015717 111.974419
17881 1 217.728027 186.624023 2 192.775375 186.624023
17809 1 221.875229 128.563217 2 197.370377 128.563217
17804 1 186.624023 82.944016 2 161.139404 82.944016
13600 1 238.464035 232.243225 2 214.973038 232.243225
17447 1 593.049683 51.840008 2 592.586548 51.840008
17755 1 590.976074 277.862427 2 556.579041 277.862427
17828 1 1063.756958 163.814423 2 1037.125488 163.814423
17944 1 323.481659 144.322586 2 300.834869 144.322586
17782 1 865.935486 241.367081 2 837.541931 241.367081
17425 1 751.472717 64.696327 2 737.63092 64.696327
17837 1 256.296997 209.018906 2 232.319901 209.018906
14895 1 950.538391 84.60289 2 936.117432 84.60289
17830 1 1065.001099 251.320358 2 1038.452393 251.320358
18072 1 639.498352 114.462738 2 631.394348 114.462738
17454 1 938.096802 209.018906 2 909.815979 209.018906
18010 1 124.416016 149.299225 2 106.256683 149.299225
17896 1 216.483871 186.624023 2 192.317291 186.624023
17844 1 221.46051 126.904335 2 196.746826 126.904335
16439 1 746.496094 228.925476 2 724.911072 228.925476
17978 1 656.916565 218.972198 2 639.607178 218.972198
16991 1 263.761963 87.091209 2 239.055328 87.091209
17948 1 793.77417 191.600662 2 772.221252 191.600662
17516 1 719.124573 111.974419 2 708.464722 111.974419
17041 1 515.082336 111.974419 2 510.758698 111.974419
18008 1 505.129028 57.231369 2 504.788025 57.231369
17459 1 450.385986 186.624023 2 442.720917 186.624023
14573 1 627.056702 104.509453 2 620.956421 104.509453
18003 1 597.196899 161.740829 2 585.948059 161.740829
16538 1 584.75531 136.85762 2 579.164185 136.85762
17759 1 589.731934 278.691895 2 556.103027 278.691895
18011 1 519.56134 194.088989 2 506.593079 194.088989
16893 1 1104.814331 316.514374 2 1052.346558 316.514374
17867 1 385.192017 265.752625 2 356.527435 265.752625
18001 1 122.425369 149.299225 2 104.403381 149.299225
16978 1 262.766632 86.593552 2 239.059448 86.593552
17791 1 1042.108643 149.299225 2 1015.818237 149.299225
17465 1 641.986694 220.96286 2 625.140869 220.96286
17858 1 259.78067 226.93483 2 236.508789 226.93483
17512 1 256.794678 209.018921 2 232.192337 209.018921
17960 1 930.631836 176.670746 2 908.840881 176.670746
13580 1 618.098816 98.537491 2 611.606995 98.537491
14952 1 647.958679 68.677643 2 644.753784 68.677643
14902 1 343.388214 149.299225 2 322.132935 149.299225
15916 1 585.252991 137.355286 2 579.301758 137.355286
17526 1 197.074982 259.78067 2 171.273315 259.78067
18006 1 349.360199 226.93483 2 328.499329 226.93483
14039 1 636.014709 161.243164 2 627.23053 161.243164
18053 1 997.318848 80.621582 2 981.979492 80.621582
16511 1 637.806335 114.661812 2 629.878479 114.661812
18073 1 648.555847 107.495445 2 641.165649 107.495445
17923 1 895.79541 175.575897 2 874.619934 175.575897
17826 1 759.634521 240.073166 2 735.864319 240.073166
15939 1 953.126282 272.321808 2 912.338989 272.321808
14071 1 637.806335 161.243179 2 627.707886 161.243179
17377 1 1135.86853 157.659988 2 1103.032471 157.659988
17762 1 1157.367676 154.076813 2 1125.687012 154.076813
17045 1 286.654541 118.244995 2 261.290314 118.244995
17404 1 867.129944 240.073166 2 836.813416 240.073166
16492 1 265.155426 85.996361 2 239.484894 85.996361
16475 1 383.400421 265.155426 2 355.545532 265.155426
17007 1 455.064056 186.325439 2 448.213196 186.325439
16519 1 240.073166 186.325439 2 215.988464 186.325439
15990 1 655.722229 225.740448 2 637.686768 225.740448
17012 1 476.563141 204.241348 2 464.558014 204.241348
17942 1 863.546753 179.159088 2 841.782043 179.159088
14871 1 806.215881 189.90863 2 780.736084 189.90863
18066 1 580.475403 118.244995 2 574.927612 118.244995
17932 1 308.153625 146.910446 2 285.681396 146.910446
17862 1 186.325439 82.413177 2 160.480881 82.413177
17009 1 186.325439 265.155426 2 148.981247 265.155426
15980 1 881.462708 89.579544 2 865.728516 89.579544
17806 1 1042.705811 146.910446 2 1016.179382 146.910446
16526 1 999.707642 78.829994 2 983.934387 78.829994
14572 1 953.126282 82.413177 2 938.276917 82.413177
18013 1 1096.453613 75.246811 2 1082.546021 75.246811
17770 1 1150.201294 257.989075 2 1118.66394 257.989075
18427 1 287.0 90.0 2 264.291534 90.0
18319 1 265.0 88.0 2 239.819336 88.0
18237 1 497.0 268.0 2 466.939453 268.0
18210 1 483.0 282.0 2 449.30365 282.0
18504 1 346.0 218.0 2 325.51593 218.0
18536 1 332.0 210.0 2 312.688904 210.0
18283 1 834.0 237.0 2 807.666321 237.0
18471 1 343.0 37.0 2 321.497559 37.0
18539 1 373.0 144.0 2 353.812714 144.0
18531 1 644.0 231.0 2 624.456909 231.0
18526 1 362.0 172.0 2 342.175018 172.0
18470 1 340.0 160.0 2 318.490234 160.0
18292 1 1058.0 189.0 2 1032.072876 189.0
18173 1 1037.0 268.0 2 996.011353 268.0
18271 1 1063.0 164.0 2 1036.211426 164.0
18286 1 775.0 242.0 2 748.721497 242.0
18295 1 812.0 189.0 2 786.155151 189.0
18165 1 867.0 285.0 2 825.234436 285.0
18256 1 747.0 247.0 2 719.481934 247.0
18453 1 744.0 228.0 2 722.099976 228.0
18179 1 458.0 303.0 2 417.300446 303.0
18372 1 212.0 109.0 2 188.001541 109.0
18317 1 151.0 83.0 2 125.811241 83.0
18160 1 973.0 271.0 2 930.60675 271.0
18347 1 226.800003 166.800003 2 202.300186 166.800003
18392 1 333.0 91.0 2 309.59259 91.0
18486 1 351.600006 142.800003 2 330.56369 142.800003
18507 1 363.600006 123.600006 2 343.190918 123.600006
18445 1 344.400024 112.800003 2 322.132874 112.800003
17496 1 578.400024 138.0 2 572.714783 138.0
18517 1 375.0 144.0 2 354.846649 144.0
18388 1 276.0 184.800003 2 252.471664 184.800003
18514 1 349.200012 165.600006 2 328.990448 165.600006
18424 1 295.200012 172.800003 2 272.383636 172.800003
18408 1 304.0 159.0 2 280.803833 159.0
18152 1 1029.0 289.0 2 985.156677 289.0
18232 1 1138.0 156.0 2 1106.930298 156.0
18276 1 855.0 228.0 2 828.447571 228.0
18191 1 793.200012 280.800018 2 754.694641 280.800018
18541 1 643.680054 230.400009 2 625.464355 230.400009
18196 1 732.0 283.0 2 695.011536 283.0
18437 1 894.0 174.0 2 871.572083 174.0
18287 1 506.880005 256.320007 2 480.00769 256.320007
18240 1 561.600037 262.800018 2 532.746643 262.800018
18217 1 490.0 277.0 2 457.621063 277.0
18208 1 590.400024 278.400024 2 556.454224 278.400024
18482 1 420.000031 237.600006 2 398.885437 237.600006
18245 1 148.0 278.0 2 120.121582 278.0
18330 1 242.400009 105.600006 2 217.432297 105.600006
18308 1 187.0 85.0 2 161.518234 85.0
18310 1 151.200012 82.800003 2 125.741158 82.800003
18446 1 344.160004 112.320007 2 321.895538 112.320007
18508 1 331.200012 210.000015 2 310.821228 210.000015
18187 1 866.400024 284.400024 2 826.797058 284.400024
18124 1 646.559998 325.440002 2 596.659973 325.440002
18496 1 364.800018 45.600002 2 344.12851 45.600002
18133 1 762.0 312.0 2 714.5625 312.0
18438 1 310.800018 210.000015 2 288.385071 210.000015
18272 1 915.840027 205.920013 2 889.133789 205.920013
18530 1 373.200012 144.0 2 353.65567 144.0
18543 1 388.800018 118.800003 2 370.072632 118.800003
18542 1 886.0 161.0 2 867.188477 161.0
18335 1 257.76001 208.800003 2 232.934311 208.800003
18326 1 228.960007 201.600006 2 203.899124 201.600006
18410 1 311.040009 116.640007 2 287.934082 116.640007
18506 1 349.920013 165.600006 2 329.476227 165.600006
18333 1 267.600006 153.600006 2 242.729172 153.600006
18501 1 321.600006 171.600006 2 301.093964 171.600006
18387 1 303.600006 158.400009 2 280.052856 158.400009
18267 1 1080.0 252.000015 2 1053.116089 252.000015
18228 1 1148.0 207.0 2 1116.634888 207.0
18096 1 1059.0 326.0 2 1001.818481 326.0
18126 1 902.400024 314.400024 2 853.085388 314.400024
18227 1 1137.600098 156.0 2 1106.212402 156.0
18282 1 853.920044 218.880005 2 827.365356 218.880005
18185 1 812.0 287.0 2 771.990906 287.0
18182 1 779.040039 288.0 2 738.584229 288.0
18114 1 876.0 324.0 2 823.464539 324.0
17970 1 658.080017 226.080002 2 638.867371 226.080002
18462 1 744.0 228.000015 2 722.299805 228.000015
18203 1 712.800049 277.200012 2 678.369812 277.200012
18550 1 888.000061 94.800003 2 869.847107 94.800003
18220 1 490.800018 274.800018 2 458.74649 274.800018
18516 1 419.040009 237.600006 2 398.868774 237.600006
18149 1 384.0 315.600006 2 339.981964 315.600006
18206 1 333.600006 291.600006 2 299.510376 291.600006
18429 1 126.720001 247.680008 2 104.067703 247.680008
18155 1 87.600006 318.0 2 44.337315 318.0
18253 1 147.600006 277.200012 2 120.055237 277.200012
18305 1 264.960022 87.840004 2 239.370239 87.840004
18352 1 285.120026 118.080002 2 260.743225 118.080002
18529 1 378.432037 95.040009 2 358.787781 95.040009
18346 1 260.92804 195.264023 2 236.355728 195.264023
17402 1 931.680054 217.440002 2 904.31189 217.440002
18278 1 907.200073 191.808014 2 880.723816 191.808014
18412 1 893.376099 174.528015 2 870.291199 174.528015
17023 1 617.76001 146.880005 2 609.061096 146.880005
18416 1 295.200012 172.800003 2 272.24884 172.800003
18366 1 278.208038 196.99202 2 254.105362 196.99202
18524 1 355.680023 175.680008 2 335.787628 175.680008
18512 1 350.0 173.0 2 329.70816 173.0
18484 1 350.784027 165.888016 2 329.711853 165.888016
18503 1 328.320038 184.896011 2 307.831726 184.896011
18452 1 321.40802 164.160019 2 299.436584 164.160019
18261 1 1080.0 252.000015 2 1052.837402 252.000015
18174 1 1036.800049 267.600006 2 995.866943 267.600006
18107 1 901.440063 313.920013 2 847.739197 313.920013
18279 1 1045.440063 151.200012 2 1018.991028 151.200012
18322 1 809.280029 228.960007 2 784.190491 228.960007
18136 1 815.616089 309.312042 2 768.559265 309.312042
18140 1 761.76001 311.040009 2 716.024231 311.040009
18181 1 812.400024 286.800018 2 771.88855 286.800018
18184 1 779.328064 288.576019 2 739.107117 288.576019
18337 1 831.168091 186.624023 2 806.358643 186.624023
18433 1 518.400024 241.920013 2 495.866791 241.920013
18205 1 590.976074 278.208038 2 556.721008 278.208038
18488 1 350.784027 243.648026 2 329.802124 243.648026
18515 1 332.640015 198.720001 2 312.467041 198.720001
18509 1 419.904053 238.46402 2 399.55304 238.46402
18154 1 383.040009 315.360016 2 339.693939 315.360016
18532 1 372.960022 144.0 2 353.439148 144.0
17925 1 272.160004 247.680008 2 250.026184 247.680008
18166 1 273.600006 319.680023 2 232.002563 319.680023
17744 1 289.440002 312.480011 2 249.479568 312.480011
18434 1 61.920002 253.440002 2 39.398403 253.440002
18156 1 86.400002 318.240021 2 43.217213 318.240021
17432 1 264.384033 88.128006 2 239.570343 88.128006
18296 1 187.200012 84.960007 2 161.368973 84.960007
18331 1 150.336014 82.944008 2 125.416161 82.944008
18120 1 874.800049 322.800018 2 822.698486 322.800018
18534 1 885.600037 159.840012 2 866.197815 159.840012
18418 1 866.880005 172.800003 2 843.968018 172.800003
18456 1 327.628845 149.299225 2 305.768524 149.299225
18448 1 902.016113 174.182419 2 879.868652 174.182419
18350 1 261.273651 196.992035 2 236.876831 196.992035
18472 1 313.113647 221.875229 2 291.64859 221.875229
18382 1 293.76004 196.99202 2 270.049225 196.99202
18365 1 276.480042 184.896011 2 252.32518 184.896011
18492 1 329.702454 184.55043 2 308.939972 184.55043
18407 1 311.040039 157.593628 2 287.835724 157.593628
18223 1 1134.720093 155.520004 2 1102.796875 155.520004
18233 1 1149.120117 260.92804 2 1118.131958 260.92804
18544 1 1010.880066 158.976013 2 992.208557 158.976013
18270 1 1076.0 164.0 2 1049.138672 164.0
18328 1 226.02243 265.420837 2 201.012527 265.420837
18178 1 1033.920044 267.839996 2 993.219238 267.839996
18316 1 186.624023 84.672005 2 161.419739 84.672005
18294 1 151.372818 82.944016 2 125.515816 82.944016
18121 1 900.288086 314.496033 2 848.61438 314.496033
18363 1 263.347229 87.091209 2 239.161316 87.091209
18361 1 221.184021 127.872009 2 196.99556 127.872009
18447 1 518.400024 241.920029 2 496.237152 241.920029
18325 1 808.704102 228.096039 2 783.642334 228.096039
18304 1 758.592102 240.192017 2 732.991821 240.192017
18469 1 788.400024 190.800003 2 766.858521 190.800003
18449 1 937.267334 176.256027 2 915.396301 176.256027
18314 1 831.513733 186.624023 2 806.244934 186.624023
18495 1 420.940857 238.464035 2 400.22879 238.464035
18285 1 854.323303 219.801636 2 828.036743 219.801636
18527 1 373.248047 143.424011 2 353.45639 143.424011
18202 1 713.664062 278.208038 2 678.939453 278.208038
18362 1 288.645172 186.624023 2 264.45816 186.624023
18518 1 355.968048 176.256012 2 335.852814 176.256012
16961 1 350.438446 165.888031 2 329.366791 165.888031
18377 1 248.832031 200.448013 2 224.948227 200.448013
17842 1 923.16687 164.229141 2 900.107605 164.229141
18400 1 316.016693 201.553955 2 292.688934 201.553955
18406 1 286.15683 205.286423 2 262.932007 205.286423
18177 1 779.673706 288.230438 2 738.917358 288.230438
18226 1 1150.848145 261.273651 2 1119.346069 261.273651
16459 1 950.400085 84.672005 2 935.382263 84.672005
17407 1 385.689667 267.494446 2 358.466797 267.494446
18280 1 1045.440063 150.336014 2 1019.027466 150.336014
18376 1 265.420837 155.52002 2 241.523849 155.52002
18370 1 290.304047 103.680016 2 266.259064 103.680016
18465 1 236.390427 67.184647 2 214.783585 67.184647
18127 1 984.960144 300.672028 2 936.416809 300.672028
18546 1 391.910461 97.459213 2 373.438629 97.459213
18476 1 350.438446 87.091209 2 329.15683 87.091209
18231 1 893.721741 255.052841 2 862.439148 255.052841
18248 1 938.304077 207.360016 2 910.614502 207.360016
18318 1 831.098999 186.624023 2 805.916748 186.624023
18307 1 808.704102 228.925476 2 783.128845 228.925476
18404 1 518.400085 242.611237 2 495.154419 242.611237
18422 1 308.551727 146.810898 2 285.685089 146.810898
18359 1 283.668518 119.439377 2 259.45166 119.439377
13121 1 580.475403 118.244995 2 574.927612 118.244995
18468 1 313.528351 221.46051 2 291.967407 221.46051
18358 1 274.710571 164.229156 2 250.437378 164.229156
16554 1 361.304138 179.159073 2 343.058594 179.159073
18510 1 365.783081 161.740829 2 345.443115 161.740829
18450 1 323.481659 159.252502 2 301.502167 159.252502
17411 1 818.15979 185.131042 2 792.698547 185.131042
18234 1 893.307007 253.80867 2 862.351746 253.80867
18274 1 1062.512817 164.229141 2 1035.869019 164.229141
18254 1 1045.094604 151.372818 2 1017.559326 151.372818
18168 1 1035.072144 267.840027 2 993.709473 267.840027
18324 1 241.920013 105.120003 2 216.851624 105.120003
18399 1 238.878769 68.677643 2 215.549438 68.677643
18397 1 890.818665 176.670746 2 867.471069 176.670746
17457 1 644.474976 221.46051 2 626.740051 221.46051
18423 1 310.542389 116.4534 2 287.700378 116.4534
18419 1 283.668549 119.439384 2 260.775757 119.439384
18401 1 331.444275 74.649612 2 308.128174 74.649612
18535 1 373.248077 86.593552 2 353.886444 86.593552
18290 1 905.748596 191.600662 2 879.740723 191.600662
17938 1 318.505005 241.367081 2 295.464874 241.367081
18473 1 329.702454 190.771225 2 308.242737 190.771225
18341 1 904.753296 170.201126 2 880.098083 170.201126
18264 1 809.201843 229.920807 2 782.143677 229.920807
18180 1 778.844299 288.645172 2 738.164856 288.645172
17950 1 307.556396 146.313248 2 285.168152 146.313248
18077 1 647.958679 113.467415 2 639.601135 113.467415
18298 1 916.697266 191.103012 2 890.940247 191.103012
18525 1 364.290131 161.243164 2 344.412079 161.243164
18500 1 328.458282 184.135712 2 307.940643 184.135712
13553 1 877.879517 168.409531 2 856.022461 168.409531
18420 1 307.556396 158.257187 2 284.68399 158.257187
18356 1 1047.582886 129.392654 2 1023.308655 129.392654
18494 1 347.568604 121.828178 2 326.829102 121.828178
18260 1 1045.094604 167.215134 2 1017.753723 167.215134
18344 1 809.201843 182.145065 2 784.609253 182.145065
16925 1 955.515015 271.226929 2 914.854553 271.226929
18265 1 275.904999 164.826355 2 248.896484 164.826355
18499 1 429.981781 240.073166 2 409.40213 240.073166
18475 1 895.795349 176.173096 2 874.415527 176.173096
18327 1 831.298157 186.325439 2 806.242371 186.325439
16525 1 794.271912 229.920807 2 769.811279 229.920807
18315 1 806.21582 191.600662 2 780.987427 191.600662
17518 1 315.319977 240.073166 2 292.327057 240.073166
18393 1 298.59845 220.96286 2 275.202026 220.96286
18303 1 207.824539 93.16272 2 182.212631 93.16272
18312 1 196.992035 263.347229 2 171.648697 263.347229
