148
54.2 -2.83 41.9 0.0132 -0.000759 0.0139 0.707 
18970 1 186.0 118.0 2 151.851639 118.0
18913 1 199.0 90.0 2 164.691452 90.0
19209 1 1067.0 84.0 2 1047.853516 84.0
19170 1 896.0 151.0 2 874.866516 151.0
19045 1 257.0 134.0 2 225.945404 134.0
19043 1 253.0 156.0 2 223.468445 156.0
18804 1 1107.600098 210.000015 2 1064.655151 210.000015
19102 1 306.0 127.200005 2 279.808746 127.200005
18863 1 114.000008 226.800003 2 77.480621 226.800003
19044 1 225.600006 172.800003 2 195.88327 172.800003
18997 1 216.0 151.0 2 183.824066 151.0
19047 1 263.0 176.0 2 233.671997 176.0
19048 1 265.200012 157.200012 2 235.496994 157.200012
18782 1 1026.0 266.400024 2 982.731873 266.400024
18753 1 985.200012 282.0 2 941.501099 282.0
19198 1 1137.0 80.0 2 1118.54187 80.0
18816 1 956.400024 128.400009 2 916.03833 128.400009
19019 1 822.0 258.0 2 791.74292 258.0
18744 1 853.200012 296.400024 2 809.271057 296.400024
19088 1 676.0 257.0 2 650.1828 257.0
19158 1 884.400024 33.600002 2 862.575134 33.600002
17972 1 483.600006 184.800003 2 477.254822 184.800003
19224 1 422.400024 75.600006 2 408.398224 75.600006
19092 1 297.600006 153.600006 2 270.941437 153.600006
18870 1 130.0 57.0 2 93.677444 57.0
19017 1 255.600006 133.200012 2 225.659622 133.200012
19061 1 262.080017 175.680008 2 233.111099 175.680008
18470 1 254.016022 155.52002 2 223.980499 155.52002
17496 1 591.840027 139.680008 2 585.613647 139.680008
13601 1 590.400024 113.760002 2 584.842346 113.760002
18935 1 178.560013 200.160004 2 144.010757 200.160004
18899 1 142.800003 163.200012 2 106.86219 163.200012
19037 1 232.800003 216.000015 2 202.763535 216.000015
18802 1 1107.359985 210.240005 2 1064.677856 210.240005
19009 1 214.560013 151.200012 2 183.355194 151.200012
18526 1 290.880005 174.240005 2 262.431427 174.240005
18756 1 1029.600098 285.600006 2 985.730469 285.600006
18795 1 896.400024 288.0 2 853.762634 288.0
18793 1 1025.280029 266.400024 2 982.206177 266.400024
19173 1 1067.040039 83.520004 2 1047.435669 83.520004
19189 1 1061.280029 46.080002 2 1041.697876 46.080002
19203 1 1136.400024 80.400002 2 1117.471924 80.400002
19013 1 820.800049 256.800018 2 789.88562 256.800018
19084 1 848.160034 220.320007 2 821.112854 220.320007
18743 1 852.480042 296.640015 2 808.198425 296.640015
18531 1 677.376038 255.744019 2 653.223816 255.744019
18884 1 730.080017 280.800018 2 694.59613 280.800018
19160 1 882.720032 34.560001 2 861.354187 34.560001
19210 1 856.800049 50.400002 2 837.302185 50.400002
13534 1 668.160034 87.840004 2 662.387207 87.840004
18791 1 472.320007 305.279999 2 429.485809 305.279999
16947 1 593.280029 167.040009 2 581.517944 167.040009
18556 1 421.920013 74.880005 2 407.76889 74.880005
18999 1 200.400009 226.800003 2 168.489883 226.800003
19089 1 279.360016 190.080002 2 253.300003 190.080002
18859 1 113.760002 226.080002 2 77.293007 226.080002
18392 1 230.400009 54.720001 2 195.383392 54.720001
19120 1 310.800018 159.600006 2 285.218201 159.600006
18868 1 146.880005 92.160004 2 110.863106 92.160004
18895 1 93.600006 164.160004 2 58.071537 164.160004
18877 1 120.960007 141.12001 2 85.1483 141.12001
18918 1 175.680008 142.560013 2 141.150269 142.560013
18408 1 186.624023 153.792007 2 152.562485 153.792007
18402 1 175.680008 161.279999 2 140.990326 161.279999
18854 1 98.49601 214.272018 2 61.614307 214.272018
18857 1 72.576004 222.912018 2 34.136715 222.912018
17495 1 601.344055 138.240021 2 594.347656 138.240021
19026 1 228.096024 172.800018 2 198.091263 172.800018
19006 1 216.000015 152.064011 2 182.993408 152.064011
19194 1 1134.720093 80.639999 2 1115.80835 80.639999
17970 1 696.960022 252.000015 2 670.438293 252.000015
19020 1 824.256104 255.744019 2 793.66156 255.744019
19135 1 767.52002 230.400009 2 746.998779 230.400009
17992 1 483.840057 184.896011 2 478.040375 184.896011
16977 1 527.040039 114.048012 2 521.204163 114.048012
18768 1 984.960022 282.240021 2 941.276306 282.240021
19024 1 146.88002 278.208038 2 115.983498 278.208038
18940 1 1012.608093 177.984024 2 978.550354 177.984024
19153 1 1010.880066 120.960007 2 988.358154 120.960007
18814 1 960.480042 201.600006 2 919.596863 201.600006
18809 1 754.560059 298.080017 2 713.075684 298.080017
19034 1 269.568024 273.024017 2 239.35173 273.024017
18924 1 925.920044 249.12001 2 892.447144 249.12001
17023 1 635.904053 148.608017 2 626.427124 148.608017
19094 1 850.176086 221.184021 2 823.557373 221.184021
19167 1 437.184052 235.008026 2 416.258911 235.008026
19114 1 316.22403 255.744019 2 290.475891 255.744019
18862 1 148.608017 93.312012 2 111.608414 93.312012
18946 1 343.87204 288.576019 2 311.622284 288.576019
18891 1 122.400002 149.76001 2 86.717941 149.76001
18910 1 165.600006 256.320007 2 131.775635 256.320007
18994 1 214.560013 205.920013 2 182.594635 205.920013
18917 1 176.256012 141.696014 2 141.176758 141.696014
18975 1 216.000015 142.560013 2 183.622772 142.560013
19036 1 254.016022 143.424011 2 224.387665 143.424011
18541 1 678.067322 257.126434 2 652.779358 257.126434
18786 1 853.63208 297.216034 2 809.187805 297.216034
16989 1 526.694458 111.974419 2 520.504944 111.974419
18286 1 896.832092 288.576019 2 853.904358 288.576019
18453 1 823.219299 257.126434 2 792.647522 257.126434
18901 1 88.128006 262.656036 2 52.831554 262.656036
18836 1 81.216011 72.576004 2 42.802074 72.576004
18767 1 986.68811 283.392029 2 943.022217 283.392029
14895 1 1069.977783 66.355209 2 1049.906616 66.355209
19163 1 437.529663 234.316833 2 416.263428 234.316833
18932 1 999.475342 194.918427 2 965.951843 194.918427
13092 1 634.521667 149.299225 2 625.256287 149.299225
19111 1 850.176147 223.948837 2 822.88855 223.948837
18936 1 926.208069 248.832031 2 892.713623 248.832031
18843 1 943.200012 201.600006 2 904.710022 201.600006
18754 1 1029.600098 286.559998 2 985.772583 286.559998
18333 1 122.342415 145.152023 2 87.202179 145.152023
19023 1 255.744019 82.944008 2 226.641785 82.944008
18902 1 229.82402 55.296005 2 195.248535 55.296005
18860 1 147.225616 93.312012 2 111.311775 93.312012
17050 1 526.800049 102.000008 2 521.61377 102.000008
18755 1 1137.024048 235.008026 2 1092.863403 235.008026
18517 1 311.040009 135.360001 2 283.84671 135.360001
18387 1 186.624023 153.446426 2 152.284119 153.446426
18424 1 172.800018 172.800018 2 138.251556 172.800018
17909 1 176.256027 143.078415 2 140.939651 143.078415
18388 1 141.696014 191.808014 2 104.479874 191.808014
18986 1 215.654434 143.078415 2 183.655533 143.078415
18953 1 153.446426 219.801636 2 118.5252 219.801636
18798 1 471.744049 305.856018 2 428.991516 305.856018
18717 1 1074.954346 293.621796 2 1024.990234 293.621796
18607 1 680.804504 257.989075 2 655.685486 257.989075
19238 1 482.734161 184.135712 2 476.750153 184.135712
18928 1 497.664062 278.691895 2 463.543549 278.691895
18934 1 344.217651 288.230438 2 311.441132 288.230438
18321 1 748.984436 288.645172 2 709.96521 288.645172
18810 1 854.323303 296.524841 2 809.60437 296.524841
19018 1 823.634033 256.296997 2 792.305115 256.296997
17813 1 1010.258057 266.250275 2 967.963074 266.250275
18577 1 761.426025 104.509453 2 747.064026 104.509453
18488 1 269.568024 273.71524 2 238.838242 273.71524
19155 1 435.456055 236.390427 2 413.754303 236.390427
18817 1 960.491638 201.553955 2 919.963562 201.553955
19212 1 524.62085 230.169632 2 505.935791 230.169632
19130 1 853.493896 221.46051 2 825.951721 221.46051
18944 1 924.825745 248.832031 2 891.166016 248.832031
18837 1 943.488098 202.176025 2 904.901733 202.176025
18441 1 895.795349 203.21283 2 863.619385 203.21283
13543 1 525.035583 111.974419 2 520.112122 111.974419
18737 1 1031.616089 286.848022 2 986.719116 286.848022
18800 1 1028.160156 267.840027 2 984.384766 267.840027
19118 1 279.936035 190.080017 2 253.504074 190.080017
18896 1 146.810898 92.067856 2 111.082474 92.067856
18858 1 161.740829 74.649612 2 125.456009 74.649612
18909 1 139.345947 161.740829 2 103.70713 161.740829
18878 1 93.312012 163.814423 2 57.94508 163.814423
18893 1 124.416016 145.152008 2 87.721832 145.152008
18335 1 109.486099 226.437149 2 73.278992 226.437149
18907 1 114.048019 207.360031 2 78.924332 207.360031
19051 1 234.316833 188.697632 2 203.920898 188.697632
18942 1 186.624023 154.275864 2 152.011688 154.275864
17917 1 174.182419 161.740829 2 139.929947 161.740829
19038 1 253.80867 156.764175 2 223.231506 156.764175
19213 1 1069.977783 84.60289 2 1050.707886 84.60289
18495 1 370.262085 265.752625 2 345.418518 265.752625
17945 1 1000.30481 194.088989 2 965.743835 194.088989
18915 1 1048.080566 182.145065 2 1014.147156 182.145065
18906 1 159.252502 89.579529 2 122.909805 89.579529
19091 1 281.180206 189.11235 2 254.680557 189.11235
14039 1 656.916626 164.229156 2 647.124084 164.229156
18049 1 634.521667 149.299225 2 624.358337 149.299225
19056 1 268.738586 273.71524 2 238.709656 273.71524
19058 1 890.818665 246.343719 2 860.645569 246.343719
18839 1 940.585083 201.553955 2 901.475403 201.553955
18760 1 1030.164673 286.15683 2 985.459167 286.15683
18855 1 121.927696 144.322586 2 86.941132 144.322586
18569 1 644.474976 104.509453 2 638.129883 104.509453
18366 1 143.327255 209.018921 2 107.402565 209.018921
18873 1 113.467415 209.018921 2 80.470497 209.018921
18352 1 158.257187 89.579536 2 123.279358 89.579536
19021 1 827.117737 256.794678 2 796.366211 256.794678
18831 1 749.482117 289.640503 2 709.768311 289.640503
19148 1 803.520081 224.640015 2 780.657654 224.640015
19193 1 1134.674072 82.114571 2 1115.605591 82.114571
18745 1 984.960144 284.083252 2 941.5802 284.083252
18845 1 943.571106 262.766632 2 904.347717 262.766632
15992 1 694.241394 251.320358 2 668.619446 251.320358
19211 1 867.129944 78.829994 2 847.956421 78.829994
19110 1 853.991577 223.948837 2 828.439026 223.948837
17397 1 1006.874023 222.157257 2 963.861084 222.157257
18976 1 1003.290833 193.491806 2 968.521362 193.491806
18749 1 1030.164673 286.65451 2 985.685364 286.65451
17884 1 137.355286 161.243164 2 102.340744 161.243164
17836 1 121.828178 146.910446 2 86.159943 146.910446
19141 1 432.967773 235.892776 2 410.830017 235.892776
13573 1 615.112793 164.229156 2 601.847961 164.229156
18525 1 297.404083 157.659988 2 268.791321 157.659988
18346 1 114.661812 207.824539 2 79.867531 207.824539
17854 1 173.187103 161.243164 2 139.759781 161.243164
18407 1 200.060959 152.285217 2 166.777847 152.285217
19251 1 644.972717 100.329086 2 636.611328 100.329086
19252 1 627.056763 85.996361 2 620.711487 85.996361
18406 1 158.257187 223.948837 2 124.043579 223.948837
18435 1 211.507233 218.972198 2 179.735794 218.972198
18374 1 134.369308 128.397339 2 97.346771 128.397339
19060 1 271.724609 107.495445 2 241.7164 107.495445
18974 1 347.568604 286.654541 2 313.674316 286.654541
19097 1 283.07135 189.90863 2 256.648376 189.90863
17516 1 763.217712 103.91227 2 747.800354 103.91227
18583 1 692.748413 238.878769 2 668.717041 238.878769
17445 1 674.83252 241.864746 2 652.520081 241.864746
19136 1 804.556885 223.948837 2 781.976929 223.948837
18950 1 1049.241699 182.476822 2 1015.533203 182.476822
19196 1 1071.968506 83.607567 2 1052.119751 83.607567
18322 1 942.37677 261.572266 2 905.055725 261.572266
19022 1 889.823425 247.836716 2 858.936279 247.836716
16952 1 940.585144 203.046951 2 900.629944 203.046951
18748 1 1116.758179 244.850739 2 1073.029053 244.850739
18703 1 1062.0 313.0 2 1007.652893 313.0
18765 1 1050.0 284.0 2 1007.634521 284.0
18808 1 1114.0 248.0 2 1071.478394 248.0
18759 1 1201.0 210.0 2 1157.772217 210.0
19191 1 1215.0 69.0 2 1195.316895 69.0
19104 1 1191.0 161.0 2 1164.72876 161.0
19143 1 802.0 225.0 2 779.475525 225.0
18823 1 641.0 294.0 2 601.143188 294.0
19171 1 585.0 236.0 2 564.388367 236.0
18559 1 609.600037 139.200012 2 602.488403 139.200012
18626 1 592.800049 140.400009 2 585.736145 140.400009
18978 1 186.0 117.600006 2 152.004822 117.600006
18734 1 1166.400024 253.200012 2 1121.843018 253.200012
18764 1 1201.200073 210.000015 2 1157.432007 210.000015
18955 1 1012.800049 198.000015 2 978.499817 198.000015
19180 1 1208.400024 24.0 2 1188.6604 24.0
18991 1 889.200012 204.000015 2 858.829041 204.000015
19172 1 585.600037 235.200012 2 565.372192 235.200012
18709 1 441.600006 337.200012 2 389.918549 337.200012
18794 1 1137.600098 218.880005 2 1096.10498 218.880005
18777 1 1136.160034 234.720016 2 1092.927979 234.720016
18784 1 1071.359985 266.400024 2 1028.385254 266.400024
18739 1 1199.52002 208.800003 2 1153.592163 208.800003
18670 1 1128.960083 331.200012 2 1069.538452 331.200012
19185 1 1139.040039 38.880001 2 1119.257935 38.880001
19166 1 802.080017 224.640015 2 779.633362 224.640015
18811 1 895.680054 288.0 2 853.133301 288.0
19182 1 584.640015 234.720016 2 564.322632 234.720016
18982 1 276.480011 51.840004 2 243.934677 51.840004
19068 1 262.656036 176.256012 2 233.390533 176.256012
18876 1 112.320007 226.368027 2 76.168892 226.368027
19146 1 1010.880066 120.960014 2 988.888672 120.960014
18861 1 129.600006 57.024006 2 93.875885 57.024006
18781 1 1138.752075 219.456024 2 1096.712891 219.456024
19195 1 587.520081 235.008026 2 567.764038 235.008026
18287 1 472.780853 304.819244 2 431.087555 304.819244
18665 1 1167.437012 331.776062 2 1105.817749 331.776062
18989 1 226.02243 271.641632 2 193.881622 271.641632
18879 1 731.980896 282.009644 2 695.697876 282.009644
18247 1 1074.125 294.451233 2 1023.685913 294.451233
18516 1 369.100861 265.420837 2 344.57016 265.420837
18829 1 80.870415 72.576012 2 42.723892 72.576012
18413 1 1009.843323 180.403229 2 975.703918 180.403229
18892 1 105.753616 134.784012 2 70.005371 134.784012
19144 1 1072.051392 149.299225 2 1050.926636 149.299225
19200 1 877.132935 161.740829 2 857.952148 161.740829
18736 1 1161.216187 240.537628 2 1117.378418 240.537628
18763 1 1198.541016 209.433624 2 1156.104614 209.433624
19207 1 588.902466 234.316833 2 569.596313 234.316833
18977 1 275.788849 64.281609 2 242.83638 64.281609
18890 1 136.85762 159.667221 2 101.219666 159.667221
18438 1 201.139221 228.096039 2 170.190582 228.096039
18853 1 111.974419 47.278088 2 74.972229 47.278088
18966 1 345.876526 288.645172 2 312.048431 288.645172
19204 1 855.982178 49.766407 2 837.874146 49.766407
19126 1 1072.466064 149.299225 2 1050.129028 149.299225
18258 1 1171.998901 236.390427 2 1124.775757 236.390427
19164 1 589.731934 233.902115 2 571.146851 233.902115
17898 1 126.904335 241.367081 2 92.29628 241.367081
19008 1 216.483871 144.322586 2 184.034882 144.322586
18324 1 79.626251 72.161293 2 42.044876 72.161293
19147 1 990.351501 77.137932 2 969.041382 77.137932
18900 1 92.565521 164.229156 2 57.639263 164.229156
19005 1 149.299225 280.682556 2 118.878189 280.682556
18714 1 1054.05249 301.584442 2 1002.755554 301.584442
19002 1 1155.57605 185.131042 2 1123.640015 185.131042
19077 1 274.710571 250.822708 2 245.954605 250.822708
18003 1 615.112793 164.229156 2 601.847961 164.229156
18634 1 600.182922 137.355286 2 593.443787 137.355286
18835 1 570.323059 292.626495 2 531.032227 292.626495
19205 1 594.210938 232.906799 2 576.000916 232.906799
19137 1 549.421143 238.878769 2 527.234253 238.878769
17943 1 223.948837 271.724609 2 192.425537 271.724609
18306 1 856.9776 277.696564 2 817.340271 277.696564
18357 1 150.493622 93.16272 2 112.120216 93.16272
18423 1 197.074982 96.745903 2 164.639053 96.745903
18922 1 93.16272 164.826355 2 58.493515 164.826355
17825 1 1028.373169 268.738617 2 984.448303 268.738617
18984 1 1157.367676 186.325439 2 1126.675415 186.325439
18266 1 1114.369507 247.239532 2 1072.950317 247.239532
19139 1 429.981781 236.48999 2 407.299347 236.48999
17459 1 444.314514 197.074982 2 434.591705 197.074982
18733 1 1135.86853 232.906799 2 1090.702515 232.906799
18761 1 1153.784424 211.407715 2 1110.101318 211.407715
18298 1 1121.535889 214.990891 2 1077.873413 214.990891
18596 1 594.808167 222.157257 2 576.329834 222.157257
17053 1 175.575897 161.243179 2 139.503998 161.243179
18358 1 136.160904 161.243179 2 101.510864 161.243179
18400 1 207.824539 214.990891 2 172.816666 214.990891
18931 1 157.659988 222.157257 2 123.619766 222.157257
18956 1 197.074982 154.076813 2 163.978256 154.076813
17938 1 218.574081 272.321808 2 186.719116 272.321808
18591 1 695.137207 240.073166 2 670.682068 240.073166
18462 1 827.714966 257.989075 2 796.303528 257.989075
19040 1 888.629028 247.239532 2 858.350769 247.239532
17402 1 1164.534058 254.405899 2 1120.020874 254.405899
