155
43.93795 -3.297181 56.26972 0.03662399602547921 0.6766849697970828 -0.02087969877499321 0.7350647405126384
19795 1 573.0 123.0 2 566.979797 123.0
19740 1 657.0 157.0 2 645.805115 157.0
19141 1 564.0 82.800003 2 558.480835 82.800003
17924 1 609.600037 106.800003 2 602.869751 106.800003
19753 1 400.800018 102.000008 2 383.727295 102.000008
19654 1 1060.800049 144.0 2 1029.090088 144.0
19129 1 656.400024 157.200012 2 645.338623 157.200012
19744 1 452.160004 27.360001 2 441.400787 27.360001
19636 1 924.480042 243.360016 2 890.524292 243.360016
19566 1 964.800049 292.320007 2 919.108948 292.320007
19663 1 1085.76001 28.800001 2 1053.172974 28.800001
19640 1 859.680054 259.200012 2 826.741028 259.200012
13066 1 643.680054 53.280003 2 643.39502 53.280003
19623 1 460.800018 273.600006 2 427.55722 273.600006
19751 1 493.920013 185.76001 2 485.030151 185.76001
16929 1 609.119995 106.560005 2 602.478638 106.560005
19752 1 348.480011 59.040001 2 328.891113 59.040001
19579 1 167.616013 108.864014 2 125.836861 108.864014
19024 1 741.312073 266.11203 2 708.588623 266.11203
19759 1 851.904053 183.168015 2 834.190735 183.168015
19492 1 1149.120117 311.040039 2 1096.862183 311.040039
19667 1 1206.144165 38.016003 2 1170.378784 38.016003
19554 1 965.952087 292.032013 2 920.516357 292.032013
19138 1 540.864075 110.59201 2 535.596191 110.59201
19555 1 1038.528076 255.744019 2 992.375732 255.744019
19585 1 781.056091 295.488037 2 739.272705 295.488037
19633 1 1060.992065 143.424011 2 1029.108032 143.424011
19635 1 464.832031 273.024017 2 432.221558 273.024017
19549 1 288.576019 324.864044 2 243.61203 324.864044
18523 1 611.712036 136.512009 2 605.21759 136.512009
18494 1 571.968079 122.688011 2 566.83075 122.688011
19126 1 381.888031 110.59201 2 363.145538 110.59201
18447 1 686.016052 165.888016 2 674.434998 165.888016
13580 1 609.638489 107.827217 2 603.970642 107.827217
19714 1 603.072083 243.648026 2 578.612183 243.648026
19556 1 1038.873779 257.126434 2 993.601257 257.126434
19626 1 926.899353 244.68483 2 892.716003 244.68483
17413 1 493.516876 184.55043 2 488.314545 184.55043
19518 1 1090.713745 306.892853 2 1039.55896 306.892853
19762 1 290.304047 329.702454 2 247.29248 329.702454
19544 1 288.230438 325.555237 2 243.485916 325.555237
19706 1 514.252869 250.90564 2 489.029175 250.90564
13071 1 661.478516 145.152023 2 650.598145 145.152023
19784 1 613.785706 165.888031 2 599.364502 165.888031
19780 1 667.69928 53.913609 2 665.633362 53.913609
19090 1 814.924927 99.532814 2 798.695801 99.532814
19666 1 549.504089 265.420837 2 517.847717 265.420837
19702 1 1007.769714 159.667221 2 980.696106 159.667221
19652 1 1109.790894 52.254726 2 1078.591553 52.254726
19107 1 492.687439 184.135712 2 487.277832 184.135712
19747 1 851.005554 184.135712 2 832.398987 184.135712
19575 1 746.496094 311.040039 2 707.828369 311.040039
19624 1 925.655151 246.343719 2 892.778259 246.343719
19089 1 895.795349 92.067856 2 876.833374 92.067856
19102 1 425.502777 201.553955 2 413.242493 201.553955
19474 1 1022.699646 320.993317 2 967.534851 320.993317
19582 1 174.182419 291.133484 2 133.325714 291.133484
19684 1 320.993317 251.320358 2 293.715851 251.320358
16395 1 539.965515 106.997772 2 534.25177 106.997772
19080 1 569.825378 54.74305 2 564.350281 54.74305
19767 1 403.10791 49.766407 2 385.25705 49.766407
19093 1 816.169067 99.532814 2 798.561584 99.532814
18969 1 1039.122681 256.794678 2 992.791687 256.794678
19026 1 543.449219 268.738617 2 512.154053 268.738617
18433 1 746.496155 310.542389 2 708.338562 310.542389
19600 1 125.411354 194.088989 2 82.877419 194.088989
19436 1 1161.547974 232.906799 2 1104.994507 232.906799
18428 1 188.117035 295.612457 2 146.80069 295.612457
17356 1 441.92572 191.103012 2 430.942688 191.103012
18522 1 612.126831 167.215134 2 597.710022 167.215134
19709 1 516.575317 250.822708 2 491.14502 250.822708
14948 1 686.776428 164.229156 2 675.611084 164.229156
17901 1 636.014709 164.229156 2 616.196533 164.229156
14003 1 627.056763 122.425369 2 618.944214 122.425369
16452 1 686.776428 62.705677 2 684.701477 62.705677
19496 1 1143.63208 310.542389 2 1091.929321 310.542389
19715 1 515.978149 250.822708 2 491.450409 250.822708
13553 1 637.806335 164.826355 2 619.598022 164.826355
19550 1 114.661812 132.577713 2 68.73214 132.577713
19692 1 318.903168 250.822708 2 292.551361 250.822708
19019 1 501.645416 268.738617 2 470.313568 268.738617
19100 1 895.79541 85.996361 2 878.502747 85.996361
19448 1 1164.534058 232.906799 2 1106.552856 232.906799
17355 1 730.969055 272.321808 2 697.793701 272.321808
18481 1 827.714966 89.579544 2 808.930359 89.579544
19612 1 218.574081 286.654541 2 180.918304 286.654541
19791 1 541.060425 107.495445 2 534.735046 107.495445
13100 1 612.72406 114.661812 2 606.729431 114.661812
13115 1 619.890442 132.577713 2 612.664734 132.577713
19105 1 584.058594 132.577713 2 577.407043 132.577713
19789 1 426.398621 200.658173 2 414.399445 200.658173
19628 1 1107.203125 171.992722 2 1075.748047 171.992722
19591 1 154.076813 132.577713 2 114.256523 132.577713
14017 1 687.970886 164.826355 2 676.38501 164.826355
19604 1 118.244995 243.656357 2 78.659157 243.656357
19588 1 125.411354 193.491806 2 85.108353 193.491806
19793 1 670.054993 93.16272 2 661.926392 93.16272
19794 1 652.139038 71.663635 2 640.239502 71.663635
19790 1 616.307251 232.906799 2 596.011841 232.906799
18480 1 465.813599 71.663635 2 456.564575 71.663635
17887 1 186.325439 293.820892 2 148.56572 293.820892
19668 1 465.813599 272.321808 2 435.014648 272.321808
19003 1 928.044067 247.239532 2 894.97406 247.239532
20195 1 598.0 262.0 2 568.629883 262.0
20258 1 604.0 243.0 2 579.702698 243.0
20350 1 370.0 139.0 2 351.419495 139.0
19966 1 125.0 104.0 2 79.903076 104.0
20265 1 409.0 244.0 2 386.342102 244.0
20330 1 376.0 36.0 2 356.817047 36.0
20236 1 326.0 250.0 2 299.708099 250.0
20196 1 299.0 237.0 2 270.107178 237.0
19976 1 287.0 325.0 2 242.416611 325.0
19935 1 85.0 170.0 2 37.88031 170.0
19969 1 112.0 132.0 2 66.952583 132.0
20173 1 1076.0 203.0 2 1044.833374 203.0
20200 1 1012.0 197.0 2 983.611328 197.0
20137 1 1100.0 153.0 2 1068.014771 153.0
20152 1 1061.0 145.0 2 1029.442871 145.0
20245 1 1006.0 63.0 2 980.634338 63.0
20235 1 1011.0 158.0 2 984.685242 158.0
20346 1 852.0 184.0 2 833.305725 184.0
20343 1 344.0 54.0 2 325.241791 54.0
20293 1 294.0 97.0 2 273.705139 97.0
20324 1 300.0 47.0 2 280.573395 47.0
20312 1 241.0 177.0 2 221.239136 177.0
20319 1 303.0 108.0 2 283.388672 108.0
20017 1 141.0 149.0 2 98.867233 149.0
20087 1 810.0 264.0 2 773.339478 264.0
20117 1 802.0 263.0 2 769.353088 263.0
19939 1 84.0 147.600006 2 37.257359 147.600006
19916 1 94.0 92.0 2 45.154484 92.0
19934 1 96.0 138.0 2 48.8382 138.0
19891 1 672.0 327.0 2 620.888855 327.0
20241 1 315.0 253.0 2 289.145477 253.0
20061 1 185.0 103.0 2 146.065933 103.0
19959 1 112.800003 132.0 2 67.400322 132.0
20004 1 147.600006 111.600006 2 104.554947 111.600006
19961 1 1065.0 287.0 2 1019.615356 287.0
19899 1 1090.0 306.0 2 1039.851074 306.0
20197 1 1011.600037 196.800003 2 982.739258 196.800003
19855 1 974.400024 326.400024 2 918.81488 326.400024
20007 1 1006.800049 271.200012 2 963.902161 271.200012
19958 1 964.800049 292.800018 2 919.385254 292.800018
20120 1 1099.200073 78.0 2 1066.797607 78.0
20142 1 1058.400024 38.400002 2 1026.541626 38.400002
20154 1 1094.0 144.0 2 1062.492798 144.0
20162 1 1112.400024 121.200005 2 1081.043213 121.200005
20268 1 951.0 168.0 2 928.707092 168.0
20225 1 1009.200012 158.400009 2 982.596497 158.400009
20130 1 860.0 260.0 2 827.829773 260.0
19998 1 788.0 299.0 2 744.783447 299.0
20026 1 780.0 295.0 2 738.687805 295.0
19994 1 871.0 294.0 2 827.54364 294.0
20304 1 622.800049 230.400009 2 602.840332 230.400009
20255 1 604.800049 242.400009 2 580.209045 242.400009
20180 1 613.0 265.0 2 582.045349 265.0
20191 1 394.0 265.0 2 364.421753 265.0
20351 1 372.0 170.0 2 353.462555 170.0
20361 1 342.0 135.600006 2 323.714325 135.600006
20227 1 232.800003 192.0 2 206.303238 192.0
20233 1 260.0 194.0 2 233.62674 194.0
20311 1 302.400024 108.000008 2 282.630127 108.000008
19970 1 124.800003 104.400002 2 79.758759 104.400002
20072 1 183.600006 102.000008 2 145.334534 102.000008
20184 1 1122.0 158.0 2 1091.301514 158.0
20067 1 197.280014 292.320007 2 158.703674 292.320007
19923 1 84.960007 148.320007 2 37.520412 148.320007
20035 1 688.800049 297.600006 2 648.050659 297.600006
19949 1 112.320007 122.400002 2 66.318024 122.400002
20059 1 161.279999 132.480011 2 122.214577 132.480011
20135 1 1063.200073 187.200012 2 1031.197876 187.200012
19873 1 1124.640015 234.720016 2 1071.2677 234.720016
19867 1 1018.800049 318.0 2 964.746948 318.0
19889 1 1092.0 306.0 2 1040.837036 306.0
20189 1 1010.880066 197.280014 2 981.085754 197.280014
19905 1 901.440063 309.600006 2 851.669006 309.600006
19978 1 950.400024 290.880005 2 905.843506 290.880005
20013 1 993.600037 267.600006 2 951.06488 267.600006
20151 1 1099.200073 152.400009 2 1067.592651 152.400009
20147 1 1094.400024 144.0 2 1062.762451 144.0
20261 1 954.000061 110.400002 2 931.07312 110.400002
20001 1 822.000061 296.400024 2 778.884277 296.400024
20306 1 622.080017 230.400009 2 602.219849 230.400009
19995 1 745.200012 308.400024 2 701.855347 308.400024
20128 1 730.080017 270.720001 2 697.888306 270.720001
20145 1 714.0 272.400024 2 682.330688 272.400024
20248 1 511.200012 252.000015 2 485.990875 252.000015
20182 1 613.200012 264.0 2 582.354065 264.0
20170 1 552.0 267.600006 2 520.789429 267.600006
20269 1 408.960022 243.360016 2 386.714417 243.360016
20104 1 383.040009 277.920013 2 349.730774 277.920013
20098 1 462.000031 273.600006 2 428.361053 273.600006
20323 1 339.840027 73.440002 2 320.382874 73.440002
20360 1 393.600006 36.0 2 375.312286 36.0
20140 1 258.0 258.0 2 226.095215 258.0
20249 1 259.200012 192.960007 2 234.16272 192.960007
20217 1 315.600006 252.000015 2 288.567596 252.000015
20078 1 223.200012 285.600006 2 185.668457 285.600006
19974 1 288.0 325.200012 2 243.185089 325.200012
20071 1 326.400024 292.800018 2 288.12558 292.800018
20028 1 146.400009 190.800003 2 105.34462 190.800003
20316 1 294.0 96.0 2 274.34259 96.0
20300 1 286.559998 93.600006 2 266.493713 93.600006
20295 1 303.840027 34.560001 2 283.604462 34.560001
20298 1 302.400024 108.000008 2 282.241974 108.000008
20045 1 165.600006 79.200005 2 125.613754 79.200005
20080 1 176.400009 150.0 2 139.033325 150.0
20020 1 139.680008 148.320007 2 98.018364 148.320007
20070 1 184.320007 146.880005 2 145.932358 146.880005
19936 1 95.040009 138.240021 2 47.932575 138.240021
20221 1 315.360016 252.000015 2 288.616364 252.000015
20038 1 134.784012 171.072021 2 94.296295 171.072021
20025 1 135.360001 123.840004 2 94.014297 123.840004
19954 1 112.320007 131.040009 2 66.794418 131.040009
19869 1 1126.800049 234.000015 2 1072.849365 234.000015
19920 1 1050.0 296.400024 2 1002.152283 296.400024
19863 1 1019.52002 318.240021 2 965.145508 318.240021
19952 1 1039.680054 267.839996 2 994.043823 267.839996
19900 1 902.400024 309.600006 2 852.380737 309.600006
20029 1 991.87207 266.11203 2 950.855286 266.11203
20141 1 1092.960083 144.0 2 1061.089722 144.0
20139 1 1098.720093 152.639999 2 1066.793823 152.639999
20272 1 915.840088 46.656006 2 893.718872 46.656006
20232 1 1008.000061 158.400009 2 981.597778 158.400009
19938 1 793.440002 312.480011 2 746.678772 312.480011
20283 1 622.080078 231.552017 2 601.173889 231.552017
19986 1 744.480042 308.160004 2 700.391235 308.160004
20115 1 740.0 266.0 2 707.225037 266.0
20250 1 511.200012 252.000015 2 486.166443 252.000015
19971 1 390.240021 316.800018 2 345.245056 316.800018
20357 1 393.120026 36.0 2 374.766022 36.0
20150 1 257.76001 257.76001 2 226.150955 257.76001
20229 1 247.104019 188.35202 2 220.652466 188.35202
19956 1 243.600006 318.0 2 198.103836 318.0
20088 1 223.200012 285.120026 2 186.626984 285.120026
20052 1 326.880005 292.320007 2 287.250427 292.320007
20040 1 182.0 259.0 2 141.744507 259.0
20044 1 190.080017 295.488037 2 150.061111 295.488037
20318 1 300.672028 107.136009 2 281.044037 107.136009
20340 1 291.600006 153.600006 2 272.753082 153.600006
19932 1 94.800003 76.800003 2 47.54454 76.800003
20057 1 184.320007 102.240005 2 145.220428 102.240005
19928 1 83.520004 168.480011 2 36.240002 168.480011
20062 1 184.896011 146.88002 2 146.082581 146.88002
20049 1 162.432022 133.056015 2 122.692558 133.056015
20012 1 112.320007 180.0 2 69.749573 180.0
20027 1 134.784012 124.416016 2 93.583031 124.416016
19985 1 390.528046 316.22403 2 346.424469 316.22403
20158 1 1109.376099 51.840004 2 1077.935669 51.840004
20116 1 924.480103 243.648026 2 891.711243 243.648026
20289 1 941.760071 190.080017 2 921.208679 190.080017
19953 1 748.800049 312.480011 2 703.264099 312.480011
20032 1 689.472046 298.944031 2 648.625 298.944031
20076 1 326.592041 293.76004 2 288.853149 293.76004
20089 1 217.440002 236.160004 2 181.696564 236.160004
19984 1 871.200012 294.0 2 827.073547 294.0
20095 1 872.985718 261.273651 2 838.440918 261.273651
20326 1 306.892853 143.078415 2 287.580688 143.078415
20164 1 257.472015 259.200012 2 226.166656 259.200012
20079 1 222.912018 285.120026 2 185.520187 285.120026
20364 1 357.696045 95.040009 2 339.550293 95.040009
19933 1 794.880066 312.768036 2 747.661316 312.768036
19968 1 750.0 313.200012 2 704.951416 313.200012
20251 1 511.488037 252.288025 2 486.58313 252.288025
20192 1 597.600037 261.600006 2 568.023315 261.600006
19763 1 494.208038 70.848007 2 493.879303 70.848007
20138 1 540.0 269.279999 2 508.031036 269.279999
20132 1 501.120056 271.296021 2 469.099304 271.296021
20291 1 919.296082 172.800018 2 898.883545 172.800018
20275 1 926.899353 141.004822 2 905.093628 141.004822
19963 1 117.504013 316.22403 2 72.220573 316.22403
20064 1 194.400009 96.0 2 155.669662 96.0
20033 1 199.065628 60.134407 2 158.22049 60.134407
20172 1 1092.096069 145.152008 2 1060.906738 145.152008
19872 1 1124.928101 235.008026 2 1071.463257 235.008026
20031 1 134.784012 124.416016 2 93.864662 124.416016
20156 1 462.412872 273.71524 2 430.967712 273.71524
18422 1 746.496094 308.966431 2 701.794739 308.966431
20144 1 740.400024 266.400024 2 708.624512 266.400024
20183 1 499.737671 271.641632 2 468.936279 271.641632
19912 1 941.414551 304.819244 2 892.34491 304.819244
20315 1 850.176147 194.918427 2 830.48761 194.918427
19802 1 945.561707 49.766407 2 923.251099 49.766407
20157 1 1096.93457 151.372818 2 1065.493774 151.372818
20146 1 1092.787354 145.152023 2 1061.145386 145.152023
19878 1 1094.860962 266.250275 2 1041.904297 266.250275
19558 1 964.224121 292.377655 2 919.263855 292.377655
20066 1 970.444946 258.785309 2 931.791016 258.785309
20056 1 165.888031 255.052841 2 126.753067 255.052841
18962 1 746.496094 309.312042 2 702.426453 309.312042
19983 1 124.416016 269.568024 2 80.285446 269.568024
20335 1 358.732849 95.385612 2 339.795135 95.385612
20074 1 179.159058 119.439377 2 141.241272 119.439377
20292 1 323.481659 106.997772 2 303.110931 106.997772
20332 1 918.190186 174.182419 2 899.129211 174.182419
20305 1 263.761963 136.85762 2 243.83049 136.85762
19621 1 863.447144 261.273651 2 830.436584 261.273651
20006 1 124.416016 194.918427 2 81.470245 194.918427
20063 1 193.536011 96.768005 2 154.789825 96.768005
20018 1 164.229141 94.556175 2 122.262733 94.556175
19713 1 601.344055 244.68483 2 576.177429 244.68483
20231 1 566.092896 252.979233 2 539.672729 252.979233
19951 1 114.048019 132.710419 2 68.229324 132.710419
19020 1 615.16803 267.840027 2 583.166626 267.840027
20410 1 742.348877 267.494446 2 709.409241 267.494446
20339 1 358.318115 94.556175 2 339.418732 94.556175
20100 1 249.12001 272.160004 2 215.608414 272.160004
20148 1 1094.860962 151.787537 2 1063.243042 151.787537
20199 1 599.685181 261.273651 2 571.271729 261.273651
20000 1 1007.769714 268.738586 2 964.646423 268.738586
20224 1 1018.220764 56.733707 2 991.601746 56.733707
20022 1 146.313248 95.551506 2 104.85939 95.551506
20302 1 292.626495 182.145065 2 272.612213 182.145065
20281 1 298.59845 194.088989 2 277.629639 194.088989
20065 1 192.844833 97.459213 2 154.169098 97.459213
20019 1 164.229156 95.551506 2 122.548447 95.551506
20301 1 322.486328 107.495445 2 302.44165 107.495445
20322 1 286.65451 89.579536 2 267.165741 89.579536
20046 1 134.369293 171.694107 2 94.390358 171.694107
20021 1 134.369293 136.85762 2 92.836586 136.85762
20303 1 265.752625 137.355286 2 245.745758 137.355286
19011 1 541.209656 269.568024 2 509.607269 269.568024
20179 1 615.859314 267.494446 2 584.836609 267.494446
20313 1 316.016693 189.11235 2 296.3013 189.11235
19947 1 111.078629 150.493622 2 64.958763 150.493622
20209 1 241.367081 191.600662 2 213.443542 191.600662
20108 1 251.320358 258.785309 2 218.25386 258.785309
20176 1 1092.870361 149.299225 2 1061.810425 149.299225
19887 1 1095.856323 265.752625 2 1043.890747 265.752625
19691 1 313.528381 253.808685 2 287.811066 253.808685
19945 1 1040.11792 258.785309 2 993.947205 258.785309
20356 1 358.318176 96.745903 2 340.2854 96.745903
19005 1 500.152405 271.226929 2 468.89502 271.226929
19014 1 609.140869 257.989075 2 582.65625 257.989075
20163 1 574.802002 268.738586 2 543.460327 268.738586
20349 1 382.206024 176.173096 2 363.607025 176.173096
20273 1 316.514374 176.173096 2 294.406281 176.173096
20279 1 297.404083 193.491806 2 276.375275 193.491806
13111 1 594.808167 89.579544 2 587.783875 89.579544
20083 1 179.159073 119.439384 2 142.048203 119.439384
20060 1 179.159088 146.910446 2 140.106323 146.910446
20308 1 265.155426 136.160904 2 245.332001 136.160904
19642 1 465.813599 271.724609 2 433.821381 271.724609
20107 1 729.907288 271.641632 2 696.867859 271.641632
20175 1 614.615112 268.738586 2 583.471985 268.738586
20054 1 970.445007 259.78067 2 930.911011 259.78067
19625 1 925.655212 244.850739 2 893.576904 244.850739
