168
48.3 -2.06 63.9 0.0256 -0.00131 0.0303 0.707 
21658 1 599.0 34.0 2 592.079102 34.0
21656 1 652.0 38.0 2 645.812561 38.0
20415 1 541.200012 141.600006 2 537.079529 141.600006
19858 1 639.600037 118.800003 2 632.674744 118.800003
21655 1 687.600037 134.400009 2 679.103943 134.400009
21525 1 350.400024 106.800003 2 317.922058 106.800003
19800 1 636.0 99.600006 2 628.97229 99.600006
21611 1 745.200012 199.200012 2 718.978149 199.200012
21677 1 502.560028 151.200012 2 498.595612 151.200012
21463 1 261.600006 110.400002 2 226.952927 110.400002
21725 1 616.320007 84.960007 2 609.271423 84.960007
18627 1 629.280029 72.0 2 622.695068 72.0
21551 1 370.800018 122.400002 2 339.977753 122.400002
21683 1 580.320007 50.400002 2 574.340393 50.400002
21670 1 598.800049 34.800003 2 591.858521 34.800003
21672 1 444.960022 60.480003 2 427.762329 60.480003
21513 1 329.76001 120.960007 2 296.31134 120.960007
21608 1 745.920044 200.160004 2 720.184082 200.160004
21026 1 712.800049 195.840012 2 687.20697 195.840012
21673 1 771.600037 142.800003 2 756.837463 142.800003
19216 1 686.016052 98.49601 2 678.026611 98.49601
20876 1 492.480011 292.320007 2 456.323273 292.320007
21609 1 460.800018 253.440002 2 434.975739 253.440002
21413 1 141.12001 241.920013 2 105.457611 241.920013
21477 1 254.880005 95.040001 2 220.776871 95.040001
21490 1 308.160004 178.560013 2 274.72876 178.560013
21488 1 300.0 130.800003 2 266.096161 130.800003
21692 1 502.848053 150.336014 2 498.790924 150.336014
20993 1 366.336029 136.512009 2 335.994904 136.512009
20974 1 370.080017 122.400002 2 339.758728 122.400002
21679 1 597.888062 34.560005 2 591.69165 34.560005
17496 1 687.74408 134.784012 2 679.366577 134.784012
21610 1 746.496094 200.448013 2 720.724121 200.448013
21617 1 715.39209 195.264023 2 689.425598 195.264023
21255 1 745.920044 312.480011 2 701.615234 312.480011
21589 1 713.664062 262.656036 2 686.017517 262.656036
21716 1 810.720032 174.240005 2 792.093567 174.240005
19265 1 717.120056 89.85601 2 707.614746 89.85601
21053 1 623.52002 152.639999 2 615.989075 152.639999
17493 1 686.880005 125.280006 2 678.494202 125.280006
20418 1 362.880035 226.368027 2 345.129822 226.368027
21523 1 364.320007 92.160004 2 332.212341 92.160004
21539 1 358.560028 152.639999 2 327.758118 152.639999
21410 1 141.696014 241.920029 2 105.497787 241.920029
21439 1 148.608017 273.024017 2 114.877617 273.024017
21476 1 255.744019 95.040009 2 221.30542 95.040009
21494 1 299.52002 131.040009 2 265.611816 131.040009
21338 1 126.720001 99.360001 2 88.179428 99.360001
21336 1 114.048012 43.200005 2 75.158325 43.200005
21309 1 76.032005 48.384003 2 36.393856 48.384003
21399 1 177.12001 69.120003 2 139.476578 69.120003
21346 1 138.240005 151.200012 2 100.150726 151.200012
21359 1 164.160019 146.88002 2 127.322571 146.88002
21511 1 326.592041 145.152008 2 293.806793 145.152008
21688 1 653.184082 38.016003 2 646.100403 38.016003
21092 1 708.480042 122.688011 2 698.107483 122.688011
21254 1 746.496094 312.768036 2 702.185425 312.768036
21250 1 686.016052 312.768036 2 641.970886 312.768036
21718 1 810.77771 174.182419 2 792.678406 174.182419
13601 1 686.361694 99.532814 2 678.673645 99.532814
21096 1 642.81604 88.128006 2 635.878296 88.128006
21675 1 667.69928 58.060806 2 660.352112 58.060806
21060 1 625.536072 153.792007 2 617.244507 153.792007
17531 1 638.668884 120.268814 2 632.56427 120.268814
21636 1 590.976074 248.832031 2 568.328613 248.832031
20893 1 492.687439 293.621796 2 455.744476 293.621796
21557 1 457.920013 273.600006 2 428.562958 273.600006
20958 1 362.880035 91.584007 2 330.746002 91.584007
21401 1 136.512009 273.024017 2 100.057045 273.024017
21515 1 300.672028 109.900818 2 267.901611 109.900818
21444 1 259.200043 167.961624 2 224.740891 167.961624
21440 1 271.641632 116.121613 2 237.797409 116.121613
20874 1 177.984024 69.12001 2 139.653259 69.12001
21341 1 161.740829 145.152023 2 124.669319 145.152023
21459 1 1011.916931 238.464035 2 977.025879 238.464035
20901 1 539.136047 294.451233 2 502.345276 294.451233
21479 1 413.061188 281.180206 2 378.243713 281.180206
21601 1 781.332581 206.530594 2 755.224915 206.530594
21646 1 669.358154 238.878754 2 648.422729 238.878754
21344 1 94.556175 209.018906 2 55.144707 209.018906
21717 1 811.192444 174.182419 2 792.514893 174.182419
21641 1 590.976074 248.832031 2 568.804993 248.832031
21264 1 686.776428 301.086761 2 645.652588 301.086761
21352 1 134.369293 149.299225 2 97.055313 149.299225
21398 1 186.624023 174.182419 2 150.769196 174.182419
21448 1 251.320358 89.579529 2 216.312805 89.579529
16977 1 602.173523 102.021133 2 594.713745 102.021133
21627 1 709.171326 169.20578 2 684.547668 169.20578
21561 1 684.288086 269.568024 2 654.038818 269.568024
21016 1 460.339264 253.80867 2 434.378143 253.80867
20915 1 300.672028 131.328018 2 266.443573 131.328018
21686 1 669.358154 59.719688 2 662.419128 59.719688
21006 1 369.792023 172.800018 2 341.997986 172.800018
20963 1 350.438446 124.416016 2 319.127319 124.416016
21357 1 176.670746 69.672974 2 139.878952 69.672974
21059 1 671.846497 238.464035 2 650.50824 238.464035
21370 1 129.392654 104.509453 2 91.757797 104.509453
21375 1 121.927696 223.948837 2 85.075699 223.948837
16989 1 600.182922 98.537491 2 594.300781 98.537491
14039 1 812.187805 173.187103 2 794.816101 173.187103
21433 1 250.822708 89.579536 2 215.585281 89.579536
21697 1 668.860535 59.719692 2 662.497864 59.719692
20954 1 320.993317 164.229141 2 288.528534 164.229141
21472 1 303.575073 131.880981 2 269.304779 131.880981
17544 1 686.776428 101.523476 2 679.116638 101.523476
20456 1 430.479431 218.972198 2 413.198242 218.972198
17495 1 707.678345 131.383316 2 698.38562 131.383316
20922 1 289.640503 185.131042 2 255.524338 185.131042
21587 1 368.271423 171.694107 2 341.174103 171.694107
20850 1 154.275864 146.810898 2 117.583328 146.810898
21467 1 412.646454 279.936035 2 379.062897 279.936035
20883 1 540.463196 292.626495 2 505.219543 292.626495
21594 1 711.659607 263.761963 2 683.780701 263.761963
21276 1 746.496094 303.575073 2 705.491089 303.575073
20391 1 1012.746399 238.878754 2 976.742676 238.878754
21437 1 140.341278 274.710571 2 105.827011 274.710571
19841 1 773.967224 229.323624 2 747.747131 229.323624
21465 1 265.752625 131.383316 2 231.797104 131.383316
19814 1 134.369308 152.285217 2 94.738266 152.285217
20367 1 290.237701 182.742264 2 256.748871 182.742264
21645 1 668.860535 238.878769 2 647.987305 238.878769
21394 1 671.846497 292.626495 2 636.633911 292.626495
14985 1 813.382202 171.992722 2 796.956421 171.992722
13092 1 770.384033 140.341278 2 754.615967 140.341278
21711 1 537.0625 186.624023 2 533.070496 186.624023
21615 1 720.219482 232.906799 2 695.938232 232.906799
21022 1 716.636292 194.088989 2 690.038757 194.088989
15893 1 713.65033 167.215134 2 689.312927 167.215134
16538 1 702.303589 132.577713 2 691.727112 132.577713
21698 1 429.981781 217.976868 2 412.769135 217.976868
13121 1 687.970886 100.329086 2 681.093689 100.329086
21074 1 391.163971 223.948837 2 373.309204 223.948837
20943 1 322.486359 268.738617 2 287.327728 268.738617
21637 1 591.224915 247.836716 2 568.5271 247.836716
20844 1 541.060425 293.820892 2 505.029877 293.820892
19871 1 653.930603 131.383316 2 645.44873 131.383316
21003 1 711.244873 263.347229 2 683.60614 263.347229
21505 1 300.0 33.600002 2 266.938385 33.600002
21526 1 369.600006 25.200001 2 338.530518 25.200001
21659 1 435.600006 25.200001 2 416.800476 25.200001
21297 1 1168.800049 166.800003 2 1129.198242 166.800003
21256 1 751.200012 313.200012 2 706.604858 313.200012
21660 1 580.800049 50.400002 2 574.763672 50.400002
21392 1 176.400009 69.600006 2 138.550171 69.600006
21492 1 289.440002 122.400002 2 255.314346 122.400002
20962 1 349.920013 106.560005 2 317.738342 106.560005
21542 1 367.200012 136.800003 2 336.693329 136.800003
21682 1 770.400024 142.560013 2 755.195984 142.560013
21232 1 439.200012 338.400024 2 388.06662 338.400024
21374 1 180.0 40.32 2 142.183975 40.32
21442 1 256.320007 40.32 2 220.941772 40.32
21335 1 113.760002 43.200001 2 74.493881 43.200001
21678 1 601.344055 77.76001 2 594.084045 77.76001
20420 1 634.176086 43.200005 2 627.377869 43.200005
21281 1 1168.128052 165.888016 2 1129.349731 165.888016
21633 1 487.296051 250.560028 2 464.709595 250.560028
21553 1 457.920044 274.752014 2 427.787079 274.752014
21332 1 81.216011 133.056015 2 41.768623 133.056015
21685 1 389.836853 223.948837 2 373.07666 223.948837
21721 1 406.425659 207.360031 2 388.303101 207.360031
21303 1 1167.437012 165.888031 2 1127.623779 165.888031
20830 1 80.870415 132.710419 2 41.66568 132.710419
21481 1 149.299225 273.71524 2 114.97673 273.71524
21247 1 375.321655 325.555237 2 331.180573 325.555237
21329 1 114.048019 43.545605 2 74.308617 43.545605
21427 1 215.654434 64.281609 2 180.686951 64.281609
21550 1 356.659241 151.372818 2 326.557312 151.372818
20749 1 375.736359 325.969971 2 330.299774 325.969971
21447 1 149.299225 273.71524 2 115.2733 273.71524
20322 1 111.974419 49.766407 2 74.164055 49.766407
18559 1 709.171326 131.880981 2 699.498901 131.880981
20399 1 350.85318 57.231369 2 319.29248 57.231369
21674 1 579.778625 52.254726 2 573.122314 52.254726
17529 1 704.194641 94.556175 2 695.412964 94.556175
21574 1 395.642944 129.392654 2 367.628479 129.392654
21316 1 1167.022217 166.717468 2 1126.902588 166.717468
21367 1 122.425369 223.948837 2 85.010284 223.948837
21599 1 737.538208 197.074982 2 711.417175 197.074982
17985 1 639.000671 68.677643 2 632.88855 68.677643
20939 1 328.458313 125.411354 2 296.32428 125.411354
21071 1 540.463196 212.004898 2 526.347229 212.004898
21593 1 782.327942 206.032928 2 755.22052 206.032928
21704 1 189.90863 139.74408 2 154.449585 139.74408
21368 1 132.577713 150.493622 2 94.306007 150.493622
21322 1 93.16272 207.824539 2 54.942116 207.824539
21650 1 594.808167 247.239532 2 571.286987 247.239532
18049 1 766.800842 139.74408 2 752.050171 139.74408
21455 1 265.155426 128.994537 2 231.059036 128.994537
19864 1 537.477234 182.742264 2 535.05957 182.742264
21576 1 200.658173 243.656357 2 172.369324 243.656357
21384 1 197.074982 85.996361 2 161.906647 85.996361
21475 1 673.638123 290.237701 2 639.290344 290.237701
21591 1 734.552246 197.074982 2 706.873962 197.074982
21484 1 268.738617 193.491806 2 235.337936 193.491806
20435 1 759.634521 164.826355 2 733.790527 164.826355
21069 1 390.566803 222.157257 2 373.746674 222.157257
21360 1 125.411354 272.321808 2 90.293846 272.321808
21261 1 591.224976 300.987244 2 549.549011 300.987244
21560 1 709.469971 265.155426 2 679.551941 265.155426
20461 1 1014.040405 240.073166 2 978.826172 240.073166
