211
39.9 -2.44 96 0.0254 -0.00136 0.0333 0.706 
25245 1 526.0 81.0 2 523.167847 81.0
25241 1 440.0 133.0 2 435.132935 133.0
26162 1 79.0 149.0 2 41.397377 149.0
26286 1 176.0 118.0 2 143.875427 118.0
26107 1 79.0 116.0 2 40.533501 116.0
26089 1 277.0 297.0 2 235.553329 297.0
26304 1 209.0 41.0 2 176.756561 41.0
26520 1 516.0 85.200005 2 510.544098 85.200005
26502 1 242.400009 231.600006 2 223.216492 231.600006
25294 1 567.600037 84.0 2 567.503906 84.0
26513 1 349.200012 150.0 2 336.883545 150.0
26514 1 332.400024 153.600006 2 319.96344 153.600006
26237 1 92.400002 177.600006 2 57.903278 177.600006
26450 1 236.400009 141.600006 2 211.976303 141.600006
26458 1 220.0 147.0 2 195.592529 147.0
26123 1 105.600006 93.600006 2 67.209991 93.600006
26200 1 121.200005 122.400002 2 86.126236 122.400002
26295 1 208.800003 40.800003 2 176.601822 40.800003
26141 1 132.0 51.0 2 94.56337 51.0
26291 1 253.200012 39.600002 2 221.89241 39.600002
26204 1 134.400009 91.200005 2 99.165131 91.200005
26148 1 128.0 72.0 2 90.460999 72.0
26251 1 172.0 97.0 2 138.629303 97.0
26037 1 1084.800049 44.400002 2 1039.694946 44.400002
26008 1 675.0 336.0 2 627.138794 336.0
26019 1 745.200012 328.800018 2 699.31073 328.800018
25901 1 620.400024 32.400002 2 608.446472 32.400002
25895 1 597.600037 200.400009 2 586.20166 200.400009
26515 1 504.000031 169.200012 2 498.292175 169.200012
25943 1 506.400024 136.800003 2 500.249939 136.800003
25246 1 426.000031 160.800003 2 421.672363 160.800003
25248 1 440.400024 132.0 2 435.620636 132.0
26273 1 135.360001 190.080002 2 102.373413 190.080002
26460 1 250.560013 115.200005 2 225.807236 115.200005
26451 1 234.720016 171.360001 2 209.952103 171.360001
26527 1 498.240021 86.400002 2 494.549225 86.400002
25247 1 463.680023 125.280006 2 457.538574 125.280006
26202 1 268.800018 290.400024 2 231.012482 290.400024
26437 1 247.680008 97.920006 2 224.545639 97.920006
26316 1 223.0 80.0 2 191.017487 80.0
26526 1 377.280029 113.760002 2 365.385254 113.760002
26284 1 190.800003 48.0 2 157.347321 48.0
26298 1 175.200012 117.600006 2 142.539597 117.600006
26151 1 130.800003 50.400002 2 92.65107 50.400002
25593 1 92.160004 80.639999 2 54.256824 80.639999
26407 1 201.600006 218.880005 2 174.413803 218.880005
26290 1 155.520004 34.560001 2 123.522125 34.560001
26218 1 129.600006 81.600006 2 95.034645 81.600006
26339 1 253.440002 40.32 2 222.657501 40.32
26269 1 171.600006 97.200005 2 138.504639 97.200005
25552 1 815.040039 328.320007 2 769.960938 328.320007
26550 1 718.560059 228.960007 2 702.456482 228.960007
26498 1 537.600037 244.800003 2 518.517212 244.800003
25252 1 597.600037 200.160004 2 585.464844 200.160004
26259 1 529.200012 297.600006 2 492.431641 297.600006
26309 1 349.0 278.0 2 316.820892 278.0
26113 1 430.800018 306.0 2 392.212921 306.0
26517 1 525.600037 82.080002 2 522.86084 82.080002
26522 1 348.480011 149.76001 2 336.49054 149.76001
26360 1 199.0 85.0 2 168.67926 85.0
26235 1 92.160004 177.12001 2 57.570614 177.12001
26152 1 79.200005 148.800003 2 41.664639 148.800003
26051 1 1124.400024 273.600006 2 1080.980713 273.600006
26374 1 181.440018 139.968018 2 153.961029 139.968018
25630 1 129.600006 50.400002 2 91.93869 50.400002
25254 1 464.832031 126.144012 2 458.708679 126.144012
25905 1 499.392059 148.608017 2 493.57962 148.608017
26329 1 180.0 89.280006 2 148.079544 89.280006
26357 1 171.072021 193.536011 2 141.913376 193.536011
24632 1 525.312073 82.944008 2 522.599365 82.944008
26330 1 164.160019 148.608017 2 133.050171 148.608017
26468 1 216.000015 197.280014 2 192.032516 197.280014
26072 1 782.784058 326.592041 2 739.39447 326.592041
26491 1 658.368042 252.288025 2 635.868652 252.288025
26507 1 718.848083 229.82402 2 702.674927 229.82402
26134 1 664.800049 306.0 2 627.236389 306.0
26561 1 790.560059 64.800003 2 776.801453 64.800003
26396 1 679.104065 138.240021 2 651.576721 138.240021
26128 1 434.880005 306.720001 2 395.905579 306.720001
25249 1 540.0 61.920002 2 536.75885 61.920002
24085 1 604.800049 155.52002 2 598.068115 155.52002
26489 1 241.920029 233.280029 2 222.048019 233.280029
26386 1 313.200012 254.400009 2 285.378784 254.400009
25849 1 259.200012 240.480011 2 234.259308 240.480011
26040 1 285.120026 321.120026 2 241.022049 321.120026
26144 1 324.0 296.640015 2 286.82431 296.640015
26267 1 190.080017 48.384003 2 158.139236 48.384003
25848 1 235.008026 141.696014 2 210.409378 141.696014
26230 1 89.85601 176.256012 2 55.051594 176.256012
26159 1 77.760002 149.76001 2 40.711971 149.76001
26068 1 1086.0 172.0 2 1043.193359 172.0
25564 1 1123.200073 274.752014 2 1078.761108 274.752014
26228 1 141.004822 95.385612 2 106.72258 95.385612
25915 1 499.737671 147.225616 2 493.163391 147.225616
26319 1 179.712021 89.85601 2 148.194672 89.85601
26280 1 152.400009 145.200012 2 119.53392 145.200012
26229 1 131.328018 114.048012 2 96.581024 114.048012
23577 1 491.443268 155.52002 2 485.023651 155.52002
26149 1 114.048012 60.480007 2 76.67897 60.480007
25710 1 184.896011 44.928005 2 152.622986 44.928005
22335 1 775.526489 58.060806 2 760.987061 58.060806
24115 1 675.993713 87.091209 2 661.459961 87.091209
25936 1 689.264709 169.20578 2 661.878174 169.20578
25257 1 595.123291 201.139221 2 583.417847 201.139221
26116 1 501.120056 302.400024 2 462.820282 302.400024
26490 1 331.776062 232.243225 2 311.004211 232.243225
26536 1 323.481659 188.697632 2 311.16272 188.697632
26164 1 432.000031 306.720001 2 395.827789 306.720001
25908 1 539.136047 62.208008 2 536.756165 62.208008
25909 1 393.984039 65.664009 2 382.62207 65.664009
26535 1 352.512054 132.710419 2 340.018188 132.710419
24658 1 439.603271 159.667221 2 433.090363 159.667221
24646 1 425.088074 157.593628 2 421.427704 157.593628
25258 1 464.48645 126.489616 2 458.229279 126.489616
26501 1 240.537628 232.243225 2 220.024399 232.243225
26431 1 259.200012 240.192017 2 234.158676 240.192017
26404 1 262.656036 214.272018 2 234.801941 214.272018
25716 1 134.784012 190.771225 2 102.413696 190.771225
26013 1 143.078415 311.040039 2 96.841774 311.040039
26350 1 222.912018 79.488007 2 191.097931 79.488007
26464 1 267.840027 105.408012 2 243.425934 105.408012
26448 1 233.280029 171.072021 2 209.134048 171.072021
26446 1 234.316833 141.004822 2 209.279327 141.004822
25586 1 68.42881 116.121613 2 30.990873 116.121613
25595 1 1028.160156 155.52002 2 986.873718 155.52002
25566 1 1123.891357 273.71524 2 1079.688232 273.71524
26070 1 1091.52002 226.080002 2 1048.413086 226.080002
26381 1 246.240005 252.000015 2 218.007965 252.000015
26358 1 97.044495 233.902115 2 66.511108 233.902115
25706 1 136.800003 165.600006 2 103.471481 165.600006
26266 1 159.667221 80.870415 2 125.804108 80.870415
25948 1 490.199097 154.275864 2 484.929382 154.275864
26153 1 641.088074 302.400024 2 605.794067 302.400024
22962 1 674.334839 87.091209 2 660.486877 87.091209
25844 1 690.508911 170.035217 2 662.032349 170.035217
25890 1 606.154846 256.794678 2 582.78186 256.794678
26121 1 499.737671 302.745636 2 462.664948 302.745636
26426 1 602.173523 276.203552 2 574.302673 276.203552
25639 1 433.382446 306.892853 2 394.563019 306.892853
22968 1 552.407104 161.740829 2 546.655579 161.740829
21692 1 549.918823 136.85762 2 544.13446 136.85762
25267 1 427.991089 159.252502 2 423.350037 159.252502
25661 1 317.952026 297.216034 2 281.445435 297.216034
26368 1 172.108826 192.844833 2 142.3517 192.844833
26038 1 141.834259 311.040039 2 96.656982 311.040039
26345 1 263.347229 55.987209 2 231.430313 55.987209
26462 1 231.413788 171.694107 2 206.6772 171.694107
25151 1 126.489616 87.091209 2 91.665619 87.091209
26337 1 178.32962 89.16481 2 146.679947 89.16481
26242 1 87.091209 176.670746 2 53.718018 176.670746
26372 1 179.159058 141.834259 2 150.223358 141.834259
26385 1 141.834259 246.343719 2 112.673355 246.343719
25941 1 594.210938 200.060959 2 581.490784 200.060959
26246 1 640.742493 302.745636 2 604.771118 302.745636
26140 1 500.152405 303.575073 2 461.959595 303.575073
26213 1 276.203552 278.691895 2 240.895065 278.691895
22940 1 776.355957 104.50946 2 755.33606 104.50946
24683 1 791.285889 65.691658 2 777.479309 65.691658
19858 1 773.867615 57.231369 2 760.096313 57.231369
25704 1 102.021133 251.320358 2 70.791473 251.320358
25875 1 609.638489 255.052841 2 587.419922 255.052841
26420 1 552.407104 278.691895 2 522.981445 278.691895
24657 1 520.05896 84.60289 2 516.294678 84.60289
26540 1 501.645416 86.593552 2 495.782684 86.593552
26067 1 209.018906 308.551727 2 167.111679 308.551727
26544 1 426.995789 158.257187 2 422.662659 158.257187
25755 1 98.537491 235.892776 2 67.665154 235.892776
26226 1 126.904335 87.091209 2 92.041779 87.091209
25820 1 259.78067 226.93483 2 233.485321 226.93483
25719 1 176.670746 89.579529 2 145.298218 89.579529
26297 1 186.624023 79.488007 2 153.661087 79.488007
25188 1 134.369308 191.103012 2 102.76091 191.103012
25659 1 432.967743 308.551727 2 394.504211 308.551727
25607 1 1024.192749 155.271194 2 981.117065 155.271194
24589 1 1122.232422 273.71524 2 1078.910522 273.71524
23543 1 689.762451 170.201126 2 662.34082 170.201126
23571 1 591.224976 121.828178 2 580.853333 121.828178
22954 1 548.226807 139.74408 2 542.080627 139.74408
26211 1 184.135712 278.691895 2 148.381592 278.691895
25759 1 336.819061 283.07135 2 305.743927 283.07135
26227 1 277.696564 277.696564 2 241.392059 277.696564
25226 1 548.226807 286.654541 2 519.98407 286.654541
26387 1 128.994537 225.740448 2 102.402153 225.740448
25179 1 136.160904 189.90863 2 103.075485 189.90863
25290 1 515.978149 96.745903 2 511.419556 96.745903
26432 1 244.850739 113.467415 2 220.519287 113.467415
26193 1 125.411354 85.996361 2 90.636307 85.996361
25806 1 177.984024 226.368027 2 149.066467 226.368027
26378 1 171.992722 193.491806 2 142.27739 193.491806
24674 1 555.393127 82.413177 2 553.380432 82.413177
25864 1 232.906799 140.341278 2 208.296188 140.341278
26225 1 86.593552 176.173096 2 52.195179 176.173096
26461 1 214.990891 197.074982 2 190.332397 197.074982
24695 1 501.645416 139.74408 2 493.687469 139.74408
26413 1 671.846497 140.341278 2 646.555359 140.341278
25691 1 910.72522 74.649612 2 873.488098 74.649612
26399 1 359.0 269.0 2 331.751526 269.0
26359 1 205.0 107.0 2 174.226379 107.0
26209 1 106.0 136.0 2 69.28447 136.0
26257 1 192.0 49.0 2 158.843216 49.0
26042 1 1172.0 199.0 2 1127.5625 199.0
25971 1 1210.0 353.0 2 1155.450562 353.0
26047 1 1060.0 279.0 2 1016.767212 279.0
26096 1 1051.0 23.0 2 1012.254028 23.0
25968 1 542.0 350.0 2 488.192596 350.0
26086 1 276.0 296.400024 2 235.283127 296.400024
26203 1 140.400009 26.400002 2 105.050758 26.400002
26184 1 97.200005 27.6 2 59.868305 27.6
26183 1 112.800003 111.600006 2 76.186508 111.600006
25976 1 1108.800049 346.800018 2 1057.424805 346.800018
26066 1 1078.800049 284.400024 2 1035.852661 284.400024
25985 1 1052.400024 343.200012 2 1002.603455 343.200012
26486 1 612.0 255.600006 2 589.658264 255.600006
26293 1 568.800049 290.400024 2 535.753052 290.400024
26471 1 216.000015 196.800003 2 192.872086 196.800003
26324 1 208.800003 40.32 2 176.364639 40.32
26299 1 181.440002 27.360001 2 148.423965 27.360001
26170 1 96.480003 156.960007 2 59.995171 156.960007
26129 1 106.560005 93.600006 2 67.91407 93.600006
26206 1 119.520004 120.960007 2 84.522644 120.960007
26160 1 113.760002 60.480003 2 76.559448 60.480003
25996 1 980.640015 336.960022 2 932.498047 336.960022
25986 1 1051.200073 342.720001 2 1001.485168 342.720001
26087 1 1059.840088 279.360016 2 1015.897034 279.360016
26092 1 1010.880066 70.560005 2 969.030762 70.560005
26015 1 672.480042 334.080017 2 625.445007 334.080017
26120 1 662.400024 306.720001 2 623.173584 306.720001
26409 1 869.76001 31.68 2 842.115784 31.68
26383 1 360.0 270.720001 2 332.050354 270.720001
26376 1 182.880005 139.680008 2 154.99826 139.680008
26043 1 1169.280029 197.280014 2 1124.007446 197.280014
26356 1 198.720016 84.672005 2 167.913467 84.672005
25813 1 202.176025 219.456024 2 174.742584 219.456024
26215 1 119.23201 126.144012 2 83.703011 126.144012
24601 1 129.600006 50.112003 2 91.677757 50.112003
26127 1 82.944008 95.040009 2 45.215866 95.040009
25548 1 815.616089 328.320038 2 770.147522 328.320038
26021 1 644.544067 335.232025 2 597.047607 335.232025
26262 1 542.592041 286.848022 2 510.285706 286.848022
25989 1 359.424042 336.960022 2 309.498566 336.960022
25894 1 414.720032 63.936005 2 403.94751 63.936005
26478 1 250.560028 150.336014 2 227.344101 150.336014
26452 1 250.560028 115.776009 2 225.848373 115.776009
26102 1 1059.26416 278.208038 2 1016.848755 278.208038
25707 1 167.961624 55.987209 2 134.493515 55.987209
26311 1 238.464035 64.281609 2 207.56897 64.281609
26289 1 151.372818 145.152023 2 118.444115 145.152023
26270 1 165.888031 128.563217 2 133.414825 128.563217
26277 1 80.870415 242.611237 2 48.422245 242.611237
26061 1 1111.449707 64.281609 2 1066.810547 64.281609
26009 1 646.963318 333.84964 2 599.490356 333.84964
26122 1 746.496094 327.628845 2 707.303833 327.628845
26402 1 680.140869 141.004822 2 652.628967 141.004822
26495 1 530.841675 250.90564 2 508.869934 250.90564
26024 1 499.737671 331.776062 2 452.019257 331.776062
26265 1 543.283264 286.15683 2 510.134094 286.15683
25509 1 360.806458 333.84964 2 312.887268 333.84964
25906 1 414.720062 64.281609 2 403.712433 64.281609
26369 1 302.745636 259.200043 2 272.788086 259.200043
26405 1 261.273651 213.580826 2 234.484634 213.580826
25697 1 89.16481 205.286423 2 56.905773 205.286423
26283 1 128.563217 242.611237 2 95.205818 242.611237
26278 1 188.697632 47.692806 2 156.92514 47.692806
26439 1 217.728027 186.624023 2 193.841278 186.624023
26063 1 802.483337 327.628845 2 758.755432 327.628845
26028 1 928.9729 333.84964 2 881.765442 333.84964
26363 1 263.761963 54.74305 2 230.796005 54.74305
25295 1 706.682983 47.278088 2 690.677307 47.278088
26114 1 987.863159 49.766407 2 948.216492 49.766407
26403 1 671.846497 139.345947 2 645.236633 139.345947
25681 1 320.993317 298.59845 2 283.524963 298.59845
26484 1 530.012207 251.320358 2 508.457245 251.320358
24095 1 539.965515 62.208008 2 536.666504 62.208008
26367 1 303.575073 258.785309 2 273.12085 258.785309
26053 1 756.449402 325.969971 2 714.943604 325.969971
26352 1 101.523476 250.822708 2 69.751045 250.822708
26080 1 1027.178711 59.719692 2 983.564636 59.719692
26077 1 474.771545 313.528381 2 429.880219 313.528381
26161 1 432.967773 307.556396 2 393.832336 307.556396
25789 1 859.963562 89.579536 2 829.227661 89.579536
26133 1 498.659424 304.570435 2 461.068268 304.570435
26018 1 110.48143 313.528381 2 59.238785 313.528381
26214 1 113.467415 149.299225 2 78.238434 149.299225
25791 1 173.187103 191.103012 2 142.358246 191.103012
25916 1 480.7435 155.271194 2 474.551514 155.271194
26445 1 229.920807 170.201126 2 205.675125 170.201126
26421 1 250.822708 214.990891 2 223.333755 214.990891
25739 1 176.173096 89.579536 2 143.916 89.579536
26035 1 1128.702148 131.383316 2 1082.821411 131.383316
26093 1 677.818481 313.528381 2 637.304382 313.528381
24090 1 691.554077 171.992722 2 662.101746 171.992722
25637 1 322.486359 297.404083 2 284.936401 297.404083
26240 1 275.904999 275.904999 2 241.845627 275.904999
26425 1 673.638123 139.74408 2 646.49231 139.74408
25934 1 562.559509 136.160904 2 557.339172 136.160904
26182 1 171.992722 300.987244 2 133.133881 300.987244
26111 1 265.155426 300.987244 2 223.213058 300.987244
26454 1 204.241348 107.495445 2 176.369202 107.495445
25726 1 222.157257 78.829994 2 189.865082 78.829994
26302 1 103.91227 250.822708 2 74.26886 250.822708
26434 1 247.239532 150.493622 2 223.577896 150.493622
26321 1 283.07135 85.996361 2 251.67955 85.996361
26312 1 136.160904 139.74408 2 102.132683 139.74408
26258 1 125.411354 136.160904 2 90.753128 136.160904
26196 1 913.711304 71.663635 2 875.986694 71.663635
25946 1 1089.287231 225.740448 2 1048.454224 225.740448
