212
81.65468 -6.285674 63.54111 0.03263991507320151 0.5986285817306489 -0.033438192351809545 0.7996626441015043
26392 1 231.0 142.0 2 205.004807 142.0
26252 1 198.0 35.0 2 163.868622 35.0
26501 1 555.0 145.0 2 549.523376 145.0
26399 1 230.400009 141.600006 2 204.836227 141.600006
25854 1 490.800018 134.400009 2 484.666138 134.400009
24030 1 559.200012 133.200012 2 553.807617 133.200012
26450 1 240.000015 235.200012 2 218.366531 235.200012
26070 1 85.200005 90.0 2 44.940445 90.0
25845 1 420.000031 62.400002 2 409.102997 62.400002
26109 1 57.0 148.0 2 17.377262 148.0
26146 1 103.200005 120.000008 2 65.872238 120.000008
26150 1 118.800003 87.600006 2 80.574036 87.600006
26084 1 946.800049 66.0 2 905.492493 66.0
25998 1 783.600037 336.0 2 735.397888 336.0
26328 1 853.0 109.0 2 822.682922 109.0
25846 1 606.0 202.800003 2 593.503052 202.800003
24591 1 532.800049 81.600006 2 530.631592 81.600006
26515 1 507.0 139.0 2 501.179688 139.0
26072 1 965.0 313.0 2 923.105225 313.0
26246 1 161.279999 115.200005 2 127.653404 115.200005
26473 1 381.600006 113.760002 2 369.183746 113.760002
26407 1 213.600006 147.600006 2 188.345352 147.600006
26461 1 336.0 154.800003 2 322.990509 154.800003
26217 1 156.960007 93.600006 2 122.705521 93.600006
26164 1 113.760002 77.760002 2 77.196991 77.760002
26117 1 76.800003 156.0 2 37.953884 156.0
26235 1 136.800003 166.800003 2 102.440056 166.800003
26232 1 178.560013 43.200001 2 144.400299 43.200001
26098 1 110.880005 44.640003 2 71.335129 44.640003
26112 1 86.400002 133.919998 2 47.75251 133.919998
26504 1 730.080017 231.840012 2 711.674866 231.840012
25192 1 806.400024 38.400002 2 791.463257 38.400002
25202 1 604.800049 201.600006 2 592.6922 201.600006
26464 1 532.800049 82.080002 2 530.279236 82.080002
25198 1 470.880005 126.720001 2 464.871124 126.720001
26221 1 119.520004 191.520004 2 84.906769 191.520004
26409 1 246.240005 115.200005 2 221.088806 115.200005
25203 1 471.744049 126.144012 2 464.810059 126.144012
26293 1 226.368027 43.200005 2 193.007812 43.200005
25196 1 533.952026 82.944008 2 531.071472 82.944008
26474 1 506.880005 86.400002 2 501.792725 86.400002
25858 1 570.240051 86.400009 2 569.490051 86.400009
26215 1 177.984024 43.200005 2 143.761627 43.200005
26092 1 107.136009 65.664009 2 67.889893 65.664009
25579 1 108.864014 43.200005 2 69.356155 43.200005
26191 1 115.776009 124.416016 2 79.990608 124.416016
26386 1 246.240005 96.480003 2 220.724487 96.480003
26439 1 668.736084 255.744019 2 647.687195 255.744019
25840 1 620.352051 259.200012 2 597.263733 259.200012
26042 1 623.52002 325.440002 2 579.844727 325.440002
26512 1 686.016052 86.400009 2 670.984314 86.400009
26206 1 532.800049 306.720001 2 494.587646 306.720001
26216 1 573.119995 302.400024 2 537.164246 302.400024
26484 1 328.320038 190.080017 2 316.595764 190.080017
25200 1 547.776062 62.208008 2 544.736816 62.208008
25857 1 419.904053 62.208008 2 409.014679 62.208008
25197 1 433.728027 162.432022 2 428.743256 162.432022
26148 1 256.320007 298.080017 2 216.496201 298.080017
26427 1 246.240005 151.200012 2 222.114624 151.200012
26389 1 230.400009 141.12001 2 204.3694 141.12001
26183 1 74.400002 178.800003 2 38.968086 178.800003
26325 1 172.800003 139.680008 2 143.252151 139.680008
26277 1 152.064011 148.608017 2 119.012688 148.608017
26228 1 136.85762 145.152023 2 102.797913 145.152023
26096 1 93.312012 53.913609 2 53.904285 53.913609
26175 1 114.048019 111.974419 2 77.540199 111.974419
26120 1 946.944092 65.664009 2 905.621521 65.664009
26514 1 805.248047 63.936005 2 790.625 63.936005
24072 1 684.288086 87.091209 2 670.651855 87.091209
25244 1 717.465698 43.545605 2 701.319092 43.545605
25207 1 603.417664 203.21283 2 590.914673 203.21283
26063 1 501.811279 311.040039 2 461.773712 311.040039
26197 1 573.696045 302.400024 2 537.310303 302.400024
26489 1 327.628845 190.771225 2 315.927826 190.771225
26467 1 523.200012 85.200005 2 517.562927 85.200005
26481 1 547.430481 62.208008 2 544.499695 62.208008
23515 1 497.664062 155.52002 2 491.587585 155.52002
25864 1 505.958466 149.299225 2 499.474976 149.299225
24638 1 559.87207 161.740829 2 553.820068 161.740829
25669 1 120.268814 192.844833 2 86.97583 192.844833
26227 1 72.576012 207.360031 2 38.601654 207.360031
26297 1 211.507233 74.649612 2 178.852219 74.649612
26413 1 263.347229 103.680016 2 238.625778 103.680016
26400 1 228.960007 171.360001 2 204.189331 171.360001
25799 1 229.82402 141.696014 2 204.37468 141.696014
26276 1 167.616013 86.400009 2 134.31282 86.400009
26176 1 72.576004 177.984024 2 36.535229 177.984024
26178 1 107.827217 109.900818 2 71.002968 109.900818
25104 1 109.486099 84.60289 2 71.856544 84.60289
26295 1 291.133484 77.137932 2 259.129791 77.137932
26422 1 213.580826 147.225616 2 187.923828 147.225616
26100 1 649.451599 313.528351 2 610.063232 313.528351
22254 1 787.96814 55.987209 2 773.710144 55.987209
26445 1 539.965515 248.832031 2 519.499023 248.832031
26068 1 502.640717 313.528351 2 461.118195 313.528351
26211 1 572.31366 302.745636 2 536.953247 302.745636
26438 1 331.776062 234.316833 2 310.104156 234.316833
25891 1 497.664062 154.275864 2 491.181061 154.275864
21655 1 559.87207 161.740829 2 554.085876 161.740829
22915 1 557.383789 136.85762 2 550.819885 136.85762
26487 1 354.585663 128.563217 2 342.354248 128.563217
25688 1 120.960014 191.808014 2 87.219345 191.808014
26304 1 162.432022 195.264023 2 130.969574 195.264023
26262 1 211.507233 74.649612 2 178.232559 74.649612
26397 1 228.096039 172.108826 2 202.851181 172.108826
25092 1 97.044495 57.231369 2 57.910004 57.231369
26266 1 167.961624 87.091209 2 134.541824 87.091209
26214 1 144.322586 77.137932 2 108.707008 77.137932
26111 1 429.23526 317.260834 2 389.330444 317.260834
24093 1 684.288086 87.091209 2 670.19928 87.091209
26172 1 110.48143 83.607567 2 72.979614 83.607567
26316 1 161.740829 194.088989 2 130.578278 194.088989
26142 1 946.557129 65.691658 2 904.125305 65.691658
25825 1 618.098816 259.78067 2 593.536255 259.78067
25884 1 603.168884 203.046951 2 590.120728 203.046951
24640 1 803.229858 62.705677 2 789.285522 62.705677
25145 1 318.505005 286.15683 2 285.033264 286.15683
21647 1 555.393127 140.341278 2 549.089722 140.341278
26493 1 507.617371 86.593552 2 502.916962 86.593552
24077 1 564.351074 83.607567 2 561.843079 83.607567
24054 1 546.435181 65.691658 2 543.614258 65.691658
26451 1 364.290131 235.892776 2 344.312225 235.892776
26486 1 418.037842 62.705677 2 408.459198 62.705677
26415 1 226.437149 171.694107 2 201.701141 171.694107
25141 1 122.425369 194.088989 2 88.427444 194.088989
26219 1 149.299225 113.467415 2 114.432976 113.467415
26284 1 166.717468 87.091209 2 133.555664 87.091209
26499 1 510.603363 170.201126 2 504.333557 170.201126
22908 1 507.617371 140.341278 2 501.258209 140.341278
26283 1 149.299225 176.173096 2 117.932129 176.173096
26156 1 168.409531 283.07135 2 130.462555 283.07135
26511 1 558.976318 161.243179 2 552.515198 161.243179
22899 1 555.393127 139.74408 2 549.164368 139.74408
26360 1 684.387695 139.74408 2 656.927185 139.74408
25835 1 537.477234 247.836716 2 517.807251 247.836716
26500 1 391.163971 223.948837 2 380.047882 223.948837
25240 1 523.144531 96.745903 2 519.051941 96.745903
25801 1 655.722229 257.989075 2 633.260681 257.989075
26159 1 265.752625 283.668549 2 229.813538 283.668549
26421 1 241.864746 110.48143 2 216.722122 110.48143
24627 1 601.974487 125.411354 2 589.025391 125.411354
24631 1 566.1427 82.413177 2 563.514282 82.413177
26268 1 272.321808 85.996361 2 241.18364 85.996361
25672 1 164.229156 86.593552 2 129.638962 86.593552
26335 1 121.828178 229.323624 2 92.083656 229.323624
26305 1 82.114571 238.878754 2 50.301079 238.878754
25132 1 121.828178 193.491806 2 88.026199 193.491806
25833 1 232.906799 161.243179 2 208.657364 161.243179
26139 1 111.078629 82.413177 2 73.286964 82.413177
26326 1 161.243179 193.491806 2 129.606689 193.491806
25844 1 536.0 72.0 2 533.404175 72.0
25870 1 438.0 165.0 2 433.090973 165.0
25243 1 574.800049 85.200005 2 574.478149 85.200005
26138 1 73.200005 27.6 2 34.773972 27.6
26243 1 198.000015 34.800003 2 163.81488 34.800003
26088 1 112.800003 44.400002 2 72.683075 44.400002
26239 1 246.000015 34.800003 2 212.666595 34.800003
26198 1 158.400009 93.600006 2 123.279289 93.600006
25981 1 1136.400024 34.800003 2 1086.051392 34.800003
25952 1 690.0 350.400024 2 637.889038 350.400024
25963 1 766.800049 343.200012 2 715.733582 343.200012
25842 1 628.800049 30.000002 2 616.698669 30.000002
26457 1 511.200012 170.400009 2 505.431976 170.400009
26238 1 142.560013 28.800001 2 109.040138 28.800001
26355 1 192.960007 221.76001 2 164.23082 221.76001
26286 1 244.800003 34.560001 2 212.328003 34.560001
25992 1 842.400024 342.720001 2 793.681458 342.720001
25852 1 629.280029 30.240002 2 616.217529 30.240002
26060 1 429.120026 315.360016 2 387.985229 315.360016
26462 1 511.200012 171.360001 2 505.201965 171.360001
25199 1 446.400024 132.480011 2 442.399414 132.480011
25996 1 1177.920044 283.680023 2 1128.850464 283.680023
26480 1 399.16803 63.936005 2 387.023254 63.936005
26322 1 172.800018 139.968018 2 143.117523 139.968018
25705 1 162.432022 115.776009 2 128.683746 115.776009
26018 1 806.976074 340.416046 2 759.283264 340.416046
26455 1 730.944092 233.280029 2 713.40387 233.280029
26081 1 677.376038 316.22403 2 637.072205 316.22403
26047 1 625.536072 326.592041 2 582.172668 326.592041
26344 1 691.200073 138.240021 2 662.089478 138.240021
26075 1 430.272034 316.22403 2 389.256561 316.22403
24036 1 611.712036 157.248016 2 606.52655 157.248016
25984 1 271.296021 333.504028 2 222.981888 333.504028
26091 1 316.22403 305.856018 2 275.747681 305.856018
26014 1 1137.024048 172.800018 2 1091.477051 172.800018
25999 1 1178.496094 283.392029 2 1130.034302 283.392029
26033 1 1137.024048 231.552017 2 1088.504761 231.552017
26119 1 76.723213 136.85762 2 37.932972 136.85762
26174 1 126.489616 93.312012 2 89.90313 93.312012
25662 1 176.256027 41.472008 2 141.876343 41.472008
26208 1 153.446426 49.766407 2 118.084656 49.766407
26048 1 626.227295 327.628845 2 581.785767 327.628845
24639 1 445.824066 159.667221 2 439.63559 159.667221
25976 1 211.507233 321.408051 2 165.7603 321.408051
26395 1 230.169632 141.004822 2 204.653076 141.004822
26016 1 1144.627319 232.243225 2 1098.464722 232.243225
26329 1 236.390427 258.785309 2 207.799957 258.785309
26281 1 136.85762 176.670746 2 102.505882 176.670746
25657 1 119.439377 171.694107 2 84.520699 171.694107
26265 1 131.880981 161.740829 2 97.814308 161.740829
25589 1 430.479431 318.505005 2 388.953674 318.505005
25612 1 313.528351 306.063416 2 273.082153 306.063416
25982 1 119.439377 320.993317 2 69.973068 320.993317
26320 1 171.694107 139.345947 2 142.20253 139.345947
26192 1 647.958679 313.528381 2 608.628479 313.528381
26087 1 501.645416 313.528381 2 460.987213 313.528381
26132 1 940.585144 68.677643 2 901.758789 68.677643
25816 1 794.271912 101.523476 2 770.669312 101.523476
19795 1 788.299927 56.733707 2 772.835571 56.733707
25771 1 253.808685 229.920807 2 226.210495 229.920807
25734 1 217.976868 125.411354 2 192.685394 125.411354
26245 1 176.173096 74.649612 2 140.627106 74.649612
25717 1 161.243164 194.088989 2 129.983032 194.088989
25610 1 429.981781 316.514374 2 388.112518 316.514374
25555 1 1068.982422 155.271194 2 1023.240356 155.271194
24548 1 1179.463867 286.65451 2 1130.625244 286.65451
25710 1 333.235901 290.237701 2 300.579803 290.237701
26173 1 268.738617 283.07135 2 230.572067 283.07135
26378 1 612.72406 261.572266 2 588.690735 261.572266
26125 1 103.91227 290.237701 2 63.64732 290.237701
26381 1 240.073166 111.078629 2 214.388412 111.078629
25812 1 222.157257 171.992722 2 197.726242 171.992722
26383 1 243.656357 150.493622 2 220.30542 150.493622
25815 1 225.740448 139.74408 2 200.280609 139.74408
26410 1 207.824539 193.491806 2 182.221436 193.491806
24651 1 505.228607 146.910446 2 497.870453 146.910446
25642 1 942.37677 68.080452 2 902.691528 68.080452
