213
37.9 -2.52 98.1 0.0267 -0.00143 0.0359 0.706 
25241 1 454.0 133.0 2 449.010223 133.0
25245 1 541.0 81.0 2 538.334229 81.0
25903 1 498.000031 134.400009 2 491.978088 134.400009
25894 1 424.800018 60.000004 2 414.076965 60.000004
25895 1 613.200012 202.800003 2 600.61731 202.800003
26563 1 513.600037 138.0 2 507.771515 138.0
26443 1 225.0 140.0 2 197.953537 140.0
26125 1 1003.200012 324.0 2 957.606201 324.0
26514 1 338.400024 152.639999 2 324.906769 152.639999
25923 1 478.080017 169.920013 2 471.954651 169.920013
26298 1 148.320007 110.880005 2 112.615875 110.880005
26517 1 540.0 82.080002 2 537.547546 82.080002
26458 1 207.360016 145.440002 2 180.741364 145.440002
25906 1 424.800018 60.480003 2 413.834503 60.480003
26251 1 142.800003 88.800003 2 106.265152 88.800003
26526 1 385.920013 112.320007 2 373.164978 112.320007
26137 1 982.800049 57.600002 2 938.837524 57.600002
25252 1 613.440002 201.600006 2 601.309326 201.600006
26550 1 743.040039 234.720016 2 725.284729 234.720016
26390 1 715.680054 169.920013 2 685.307556 169.920013
26495 1 538.800049 256.800018 2 515.692566 256.800018
26498 1 548.640015 250.560013 2 528.126282 250.560013
25943 1 519.840027 136.800003 2 513.659973 136.800003
25247 1 476.640015 125.280006 2 470.560547 125.280006
24627 1 561.600037 144.0 2 556.215759 144.0
25246 1 440.400024 160.800003 2 435.871368 160.800003
26386 1 303.840027 262.080017 2 272.465851 262.080017
26450 1 224.400009 139.200012 2 197.648956 139.200012
26145 1 84.672005 57.024006 2 42.427608 57.024006
24113 1 478.656036 160.70401 2 472.029236 160.70401
26289 1 120.960014 141.696014 2 84.237404 141.696014
24632 1 540.864075 82.944008 2 538.125366 82.944008
26555 1 361.152039 131.328018 2 348.205109 131.328018
26142 1 982.080017 57.600002 2 938.097656 57.600002
26486 1 630.0 264.0 2 605.839966 264.0
26259 1 537.408081 316.22403 2 495.956085 316.22403
26268 1 580.608032 311.040039 2 541.549255 311.040039
25249 1 554.688049 62.208008 2 552.230286 62.208008
25254 1 478.656036 126.144012 2 471.718536 126.144012
21708 1 563.328064 143.424011 2 557.754211 143.424011
26389 1 303.600006 261.600006 2 273.045593 261.600006
26478 1 241.920029 148.608017 2 216.86586 148.608017
26440 1 224.640015 139.968018 2 197.82019 139.968018
26451 1 221.875229 170.035217 2 196.403336 170.035217
26381 1 231.552017 259.200012 2 200.623245 259.200012
26269 1 142.560013 87.840004 2 105.564117 87.840004
26280 1 120.268814 141.004822 2 84.12291 141.004822
26224 1 97.459213 149.299225 2 60.272129 149.299225
22335 1 801.792053 53.568005 2 786.91449 53.568005
25936 1 715.39209 170.035217 2 685.261292 170.035217
26402 1 705.024109 136.85762 2 674.201172 136.85762
26484 1 540.0 256.320007 2 515.921997 256.320007
25257 1 611.712097 203.21283 2 599.052551 203.21283
26250 1 580.608093 311.040039 2 541.013977 311.040039
26533 1 331.776031 190.080017 2 319.929077 190.080017
26527 1 513.216064 86.400009 2 508.578583 86.400009
25908 1 555.724854 62.208008 2 552.19281 62.208008
23577 1 503.884857 155.52002 2 498.21936 155.52002
25915 1 514.252869 149.299225 2 507.324158 149.299225
25258 1 479.001678 126.489616 2 471.9198 126.489616
26404 1 248.832031 217.728027 2 219.947159 217.728027
26470 1 201.139221 196.992035 2 175.555008 196.992035
26474 1 241.920013 148.320007 2 217.00647 148.320007
26297 1 158.976013 69.12001 2 123.484116 69.12001
26377 1 162.432022 136.512009 2 130.866119 136.512009
26448 1 221.46051 171.694107 2 194.80864 171.694107
26439 1 205.286423 186.624023 2 180.11676 186.624023
26270 1 136.85762 122.342415 2 100.894913 122.342415
26343 1 136.85762 176.670746 2 102.316635 176.670746
26499 1 236.390427 236.390427 2 213.314514 236.390427
25948 1 505.129028 154.275864 2 498.462708 154.275864
25870 1 207.360016 145.152008 2 180.668457 145.152008
25789 1 910.72522 82.114571 2 876.783142 82.114571
19858 1 801.239136 52.254726 2 785.777771 52.254726
26482 1 541.209656 257.126434 2 517.027893 257.126434
26263 1 579.778625 311.040039 2 540.395691 311.040039
26536 1 331.776062 190.771225 2 319.859039 190.771225
22968 1 567.337036 161.740829 2 561.484192 161.740829
21677 1 562.360413 141.834259 2 556.825562 141.834259
26490 1 330.946594 236.390427 2 307.673401 236.390427
26147 1 303.575073 313.528351 2 260.745087 313.528351
25735 1 102.021133 191.600662 2 67.243599 191.600662
26315 1 199.065628 67.184647 2 163.970551 67.184647
26319 1 151.787537 79.626251 2 115.943687 79.626251
26540 1 516.575317 86.593552 2 510.257446 86.593552
26561 1 819.072144 60.134407 2 803.359985 60.134407
26426 1 615.112793 286.65451 2 585.702576 286.65451
25890 1 624.070801 262.766632 2 599.676758 262.766632
26497 1 544.942139 251.320358 2 524.043701 251.320358
25941 1 609.140869 203.046951 2 596.662354 203.046951
21692 1 564.351074 137.355286 2 557.681946 137.355286
24657 1 531.505249 80.621582 2 527.402954 80.621582
25726 1 200.060959 68.677643 2 166.044739 68.677643
26337 1 152.285217 80.621582 2 115.831413 80.621582
24120 1 572.31366 84.60289 2 571.65625 84.60289
26462 1 220.96286 170.201126 2 194.887756 170.201126
25864 1 217.976868 137.355286 2 191.481796 137.355286
26283 1 97.044495 248.832031 2 61.703167 248.832031
26539 1 424.009796 62.705677 2 412.826996 62.705677
25916 1 495.673431 155.271194 2 489.197083 155.271194
22964 1 516.575317 137.355286 2 511.411011 137.355286
26368 1 149.299225 194.088989 2 115.860161 194.088989
25885 1 541.060425 250.822708 2 517.372681 250.822708
26477 1 624.56842 263.761963 2 599.288391 263.761963
26211 1 150.493622 290.237701 2 111.078629 290.237701
25719 1 150.493622 78.829994 2 113.998177 78.829994
26400 1 564.351074 289.640503 2 532.230591 289.640503
22974 1 566.1427 161.243179 2 559.013 161.243179
22954 1 562.559509 139.74408 2 556.616638 139.74408
26472 1 232.906799 107.495445 2 206.863754 107.495445
25861 1 214.990891 168.409531 2 189.639801 168.409531
26453 1 238.878769 149.299225 2 213.72052 149.299225
26421 1 236.48999 218.574081 2 208.962524 218.574081
26394 1 107.495445 232.906799 2 77.770615 232.906799
25188 1 104.50946 191.103012 2 67.685585 191.103012
23571 1 609.140869 121.828178 2 596.931152 121.828178
24674 1 573.309082 82.413177 2 571.014404 82.413177
26336 1 137.355286 176.173096 2 104.028786 176.173096
26442 1 201.553955 196.577301 2 175.68367 196.577301
26378 1 146.910446 193.491806 2 115.269539 193.491806
26200 1 81.600006 115.200005 2 41.797894 115.200005
26148 1 86.400002 57.600002 2 44.471107 57.600002
26053 1 807.600037 350.400024 2 755.516174 350.400024
26380 1 877.200012 105.600006 2 844.500671 105.600006
26218 1 92.160004 70.560005 2 53.772293 70.560005
26284 1 165.600006 34.560001 2 129.111679 34.560001
26151 1 89.280006 34.560001 2 47.209255 34.560001
26273 1 102.240005 191.520004 2 65.696083 191.520004
26316 1 200.160004 69.120003 2 164.725632 69.120003
26460 1 240.480011 110.880005 2 214.172821 110.880005
26267 1 164.160019 34.560005 2 127.799057 34.560005
25630 1 88.128006 34.560005 2 46.345634 34.560005
26073 1 1154.304077 36.288002 2 1105.118286 36.288002
26491 1 680.832092 259.200012 2 658.644409 259.200012
26100 1 635.904053 338.688019 2 588.394104 338.688019
26202 1 241.920029 305.856018 2 199.679382 305.856018
26330 1 136.85762 145.152023 2 101.124863 145.152023
26229 1 95.385612 107.827217 2 56.506531 107.827217
24115 1 696.729675 85.017609 2 681.486328 85.017609
26116 1 503.884857 319.334442 2 460.322754 319.334442
26520 1 530.841675 85.017609 2 524.482361 85.017609
25716 1 101.606415 190.771225 2 65.172241 190.771225
26041 1 89.16481 331.776062 2 35.78088 331.776062
26350 1 199.065628 68.42881 2 165.019852 68.42881
26464 1 259.200043 99.532814 2 233.055725 99.532814
26329 1 153.446426 80.870415 2 117.896355 80.870415
26153 1 659.404907 323.481659 2 616.828796 323.481659
26121 1 502.640717 320.993317 2 459.861481 320.993317
24095 1 554.895447 62.208008 2 551.992554 62.208008
26357 1 146.810898 194.088989 2 114.808281 194.088989
26348 1 283.668518 69.672974 2 248.876312 69.672974
26266 1 126.904335 69.672974 2 89.396713 69.672974
26164 1 425.502777 325.969971 2 381.116394 325.969971
25652 1 813.680725 325.969971 2 768.224731 325.969971
25170 1 982.388916 56.733707 2 937.679138 56.733707
25192 1 310.542389 292.626495 2 275.813934 292.626495
24683 1 818.15979 59.719692 2 803.439697 59.719692
24107 1 555.393127 65.691658 2 552.196045 65.691658
26503 1 367.276093 235.892776 2 345.686981 235.892776
26271 1 134.369308 107.495445 2 97.945396 107.495445
25151 1 89.579536 77.635597 2 49.357727 77.635597
26436 1 243.656357 254.405899 2 214.399643 254.405899
25290 1 530.310852 96.745903 2 525.555725 96.745903
25850 1 666.471802 261.572266 2 642.215942 261.572266
26321 1 268.738617 78.829994 2 233.114029 78.829994
26420 1 566.1427 290.237701 2 535.592346 290.237701
24122 1 247.239532 229.323624 2 217.763138 229.323624
26461 1 200.658173 189.90863 2 174.684265 189.90863
25179 1 103.91227 193.491806 2 69.043808 193.491806
26434 1 236.48999 150.493622 2 212.900162 150.493622
