255
10.9 -5.11 133 0.0161 -0.00139 0.0281 0.707 
31668 1 497.0 202.0 2 490.61908 202.0
31465 1 985.0 256.0 2 950.037231 256.0
31731 1 601.0 118.0 2 593.230347 118.0
30976 1 259.200012 134.400009 2 227.749252 134.400009
31296 1 85.200005 117.600006 2 34.874256 117.600006
29859 1 717.600037 22.800001 2 708.645996 22.800001
31300 1 91.200005 154.800003 2 40.845951 154.800003
31090 1 658.800049 159.600006 2 647.801514 159.600006
31669 1 702.0 202.800003 2 689.103333 202.800003
31152 1 627.600037 30.000002 2 616.685303 30.000002
31654 1 1131.600098 219.600006 2 1111.131348 219.600006
30452 1 920.400024 114.000008 2 909.502319 114.000008
31675 1 802.800049 184.800003 2 789.49353 184.800003
31540 1 825.600037 264.0 2 793.694153 264.0
31674 1 838.800049 171.600006 2 825.630371 171.600006
31732 1 514.800049 206.400009 2 508.597839 206.400009
25241 1 600.0 117.600006 2 593.058472 117.600006
31078 1 561.600037 126.000008 2 555.9776 126.000008
31652 1 334.800018 178.800003 2 314.320099 178.800003
31604 1 284.0 195.0 2 258.177032 195.0
31525 1 307.0 97.0 2 276.456055 97.0
31318 1 103.0 54.0 2 53.083332 54.0
31558 1 220.320007 264.960022 2 190.095078 264.960022
30451 1 632.160034 156.960007 2 620.36731 156.960007
31304 1 86.400002 118.080002 2 35.906521 118.080002
31307 1 108.000008 145.440002 2 57.653774 145.440002
31295 1 103.200005 115.200005 2 52.641918 115.200005
31332 1 106.0 181.0 2 56.560303 181.0
31470 1 203.040009 208.800003 2 170.533752 208.800003
31684 1 1087.200073 162.720001 2 1069.013184 162.720001
31519 1 826.560059 264.960022 2 794.565491 264.960022
31315 1 858.240051 325.440002 2 803.890198 325.440002
31680 1 633.600037 190.800003 2 621.44873 190.800003
30913 1 731.52002 325.440002 2 681.606567 325.440002
31676 1 781.200012 104.400002 2 772.332581 104.400002
31696 1 838.080017 171.360001 2 824.844238 171.360001
31671 1 633.0 87.0 2 620.617432 87.0
31349 1 576.0 328.800018 2 528.64325 328.800018
31578 1 437.76001 272.160004 2 411.443451 272.160004
31576 1 404.640015 276.480011 2 377.649292 276.480011
29821 1 561.600037 125.280006 2 556.162903 125.280006
31070 1 457.200012 43.200001 2 436.416229 43.200001
30986 1 288.0 79.200005 2 256.783783 79.200005
31499 1 308.160004 113.760002 2 276.623749 113.760002
31336 1 110.400002 74.400002 2 61.555416 74.400002
31334 1 144.0 45.600002 2 95.514679 45.600002
31157 1 680.832092 141.696014 2 670.35083 141.696014
28324 1 682.560059 124.416016 2 671.821289 124.416016
28763 1 667.008057 112.320007 2 656.544434 112.320007
31641 1 327.0 255.0 2 304.35144 255.0
31562 1 260.92804 146.88002 2 230.538361 146.88002
31291 1 87.840004 197.280014 2 36.754219 197.280014
31701 1 478.656036 209.088013 2 472.089233 209.088013
31589 1 262.080017 246.240005 2 237.267899 246.240005
31297 1 86.400009 117.504013 2 35.799553 117.504013
31748 1 817.344055 217.728027 2 805.486938 217.728027
31695 1 786.240051 217.728027 2 773.678833 217.728027
31587 1 437.184052 273.024017 2 411.151337 273.024017
31059 1 404.352051 276.480042 2 378.202301 276.480042
31649 1 1130.400024 218.880005 2 1109.991577 218.880005
31659 1 1140.480103 216.000015 2 1120.288696 216.000015
31093 1 933.120056 169.920013 2 918.445618 169.920013
31502 1 825.98407 264.384033 2 795.291504 264.384033
24079 1 781.056091 103.680008 2 772.252075 103.680008
31437 1 210.816025 91.584007 2 172.909561 91.584007
31440 1 649.440002 293.76001 2 612.161316 293.76001
31383 1 574.559998 328.320007 2 527.568481 328.320007
27917 1 734.400085 60.480007 2 724.81311 60.480007
30978 1 288.576019 79.488007 2 257.018494 79.488007
31702 1 680.832092 228.096024 2 667.695374 228.096024
29322 1 633.600037 190.080002 2 621.084351 190.080002
31330 1 112.320007 74.880005 2 62.221859 74.880005
30468 1 730.944092 224.640015 2 718.985107 224.640015
31528 1 340.416046 101.952011 2 308.56366 101.952011
30985 1 309.312042 114.048012 2 277.261841 114.048012
31532 1 217.728027 226.368027 2 186.571075 226.368027
26984 1 632.448059 155.52002 2 620.536987 155.52002
30464 1 644.544067 110.59201 2 634.739502 110.59201
31323 1 107.136009 145.152008 2 56.985893 145.152008
25903 1 667.69928 111.974419 2 657.098755 111.974419
31303 1 87.091209 116.121613 2 35.922455 116.121613
31396 1 1118.400024 276.0 2 1073.626343 276.0
29820 1 801.792053 184.896011 2 788.941833 184.896011
30939 1 680.832092 293.76004 2 642.525574 293.76004
29898 1 889.920105 174.528015 2 876.632629 174.528015
31074 1 888.192078 214.272018 2 873.849182 214.272018
31579 1 404.352051 275.788849 2 378.199493 275.788849
31076 1 934.848083 171.072021 2 920.290344 171.072021
31568 1 960.076965 238.464035 2 932.805481 238.464035
31711 1 978.739319 126.489616 2 967.194397 126.489616
31408 1 1080.000122 274.752014 2 1037.634277 274.752014
30544 1 576.0 103.680008 2 568.896729 103.680008
30476 1 680.140869 228.096039 2 666.970398 228.096039
28746 1 603.417664 120.268814 2 595.409485 120.268814
30971 1 288.230438 78.796814 2 256.643158 78.796814
31703 1 887.500916 78.796814 2 876.177246 78.796814
31543 1 323.481659 286.15683 2 294.065216 286.15683
29237 1 725.760132 207.360031 2 713.053345 207.360031
29253 1 702.9505 201.139221 2 690.686157 201.139221
31769 1 705.024109 167.961624 2 694.38562 167.961624
31524 1 340.070435 101.606415 2 308.076202 101.606415
31572 1 373.200012 64.800003 2 345.426697 64.800003
30356 1 95.385612 93.312012 2 45.525723 93.312012
31682 1 632.160034 86.400002 2 618.955505 86.400002
30979 1 308.966431 114.048019 2 276.828888 114.048019
31397 1 146.88002 317.952026 2 104.536499 317.952026
31583 1 250.560028 226.368027 2 223.989197 226.368027
31329 1 105.120003 180.0 2 55.562698 180.0
31320 1 103.680016 145.152023 2 54.342052 145.152023
31454 1 782.784058 279.936035 2 747.265015 279.936035
31735 1 995.328125 162.432022 2 979.497864 162.432022
30519 1 549.504089 228.096039 2 539.397827 228.096039
31351 1 161.740829 72.576012 2 115.041389 72.576012
29296 1 578.880066 105.408012 2 572.210022 105.408012
30447 1 679.311462 226.437149 2 665.962341 226.437149
31717 1 689.264709 59.719688 2 677.979126 59.719688
30535 1 564.019287 124.416016 2 558.273804 124.416016
31501 1 288.645172 79.626251 2 256.542053 79.626251
23533 1 704.194641 166.717468 2 693.346375 166.717468
31513 1 338.41156 99.532814 2 305.972626 99.532814
30902 1 111.974419 62.208008 2 60.861317 62.208008
31057 1 281.180206 218.972198 2 256.141937 218.972198
28788 1 701.70636 201.553955 2 690.10083 201.553955
31426 1 184.55043 136.85762 2 146.050201 136.85762
30907 1 103.680016 182.476822 2 53.639343 182.476822
30899 1 104.509453 146.810898 2 55.567055 146.810898
30987 1 261.273651 145.152023 2 230.718628 145.152023
30958 1 240.192017 86.400009 2 207.064667 86.400009
24627 1 779.673706 116.121613 2 770.125671 116.121613
31008 1 827.366516 265.420837 2 794.805664 265.420837
31113 1 1092.372681 161.740829 2 1073.370361 161.740829
31092 1 940.585083 211.507233 2 926.722412 211.507233
30484 1 943.073425 109.486099 2 932.121704 109.486099
29834 1 694.241394 134.369293 2 683.623474 134.369293
27019 1 734.054504 59.719688 2 724.729126 59.719688
31162 1 686.776428 59.719692 2 678.54657 59.719692
31755 1 328.458313 80.621582 2 297.901428 80.621582
30469 1 677.818481 226.93483 2 664.747375 226.93483
27061 1 588.238953 158.257187 2 578.707947 158.257187
31715 1 589.731934 114.462738 2 582.636902 114.462738
31740 1 564.848694 121.927696 2 559.164856 121.927696
31643 1 373.248077 250.822708 2 353.427673 250.822708
31022 1 319.500336 292.626495 2 290.343903 292.626495
31020 1 334.430267 280.682556 2 305.883606 280.682556
31491 1 285.120026 125.280006 2 252.953033 125.280006
28688 1 632.033386 87.091209 2 618.72522 87.091209
28767 1 641.986633 59.719688 2 631.829346 59.719688
31718 1 513.589355 206.032928 2 506.542419 206.032928
29262 1 489.369659 205.286423 2 483.300232 205.286423
30996 1 235.892776 194.088989 2 205.090271 194.088989
31522 1 217.976868 200.060959 2 185.133621 200.060959
31484 1 223.948837 152.285217 2 190.374069 152.285217
31481 1 340.402252 101.523476 2 306.620819 101.523476
31569 1 371.174438 64.281609 2 344.052734 64.281609
31068 1 325.472321 235.892776 2 300.182831 235.892776
30897 1 104.50946 146.313248 2 55.433689 146.313248
31459 1 241.367081 89.579529 2 207.349777 89.579529
31037 1 241.864746 265.752625 2 215.1315 265.752625
31599 1 435.456055 273.71524 2 409.847321 273.71524
31592 1 406.093903 274.710571 2 379.804718 274.710571
27558 1 836.075684 170.201126 2 821.30603 170.201126
31727 1 794.271912 146.313248 2 782.887207 146.313248
31002 1 826.122375 263.761963 2 795.028931 263.761963
31097 1 883.85144 212.004898 2 869.631897 212.004898
27013 1 798.750854 184.135712 2 787.220154 184.135712
27880 1 666.471802 111.078629 2 655.914246 111.078629
25258 1 630.639954 85.996361 2 617.075134 85.996361
31714 1 537.477173 228.925476 2 527.137268 228.925476
31658 1 385.192017 131.383316 2 363.980377 131.383316
31642 1 336.819061 182.742264 2 316.597107 182.742264
31035 1 243.656357 265.155426 2 215.114868 265.155426
30980 1 214.990891 232.906799 2 184.326416 232.906799
25905 1 692.748413 134.369308 2 682.635071 134.369308
31729 1 437.148163 118.244995 2 427.854614 118.244995
31615 1 290.237701 214.990891 2 265.750885 214.990891
30461 1 734.552246 222.157257 2 721.887085 222.157257
29318 1 677.221313 175.575897 2 663.546387 175.575897
31273 1 103.91227 146.910446 2 55.027012 146.910446
31460 1 241.864746 89.579536 2 207.977173 89.579536
31441 1 182.742264 247.239532 2 145.519196 247.239532
29309 1 591.224915 116.4534 2 584.947998 116.4534
22968 1 795.466309 146.910446 2 783.68396 146.910446
30493 1 886.837402 77.635597 2 875.502991 77.635597
21677 1 777.550415 107.495445 2 768.956238 107.495445
31105 1 885.045837 211.407715 2 869.701233 211.407715
31653 1 1089.884399 161.243164 2 1069.540283 161.243164
31106 1 942.37677 211.407715 2 929.39093 211.407715
31656 1 1143.63208 214.990891 2 1123.173584 214.990891
31586 1 248.400009 256.800018 2 221.841858 256.800018
31627 1 370.800018 136.800003 2 346.303894 136.800003
31673 1 679.200012 183.600006 2 666.702332 183.600006
31218 1 1099.200073 343.200012 2 1034.994873 343.200012
31607 1 300.0 196.800003 2 275.250885 196.800003
31227 1 1098.720093 342.720001 2 1034.684204 342.720001
31511 1 982.080017 254.880005 2 949.78894 254.880005
31688 1 802.080017 184.320007 2 788.619568 184.320007
31689 1 689.76001 103.680008 2 679.979248 103.680008
31274 1 535.679993 341.279999 2 484.668335 341.279999
31529 1 328.320007 40.32 2 296.641541 40.32
31619 1 298.080017 197.280014 2 274.527069 197.280014
31360 1 195.840012 336.960022 2 149.075623 336.960022
22323 1 808.704102 72.576004 2 808.498047 72.576004
30455 1 888.192078 77.76001 2 877.440125 77.76001
30515 1 552.960083 228.096024 2 543.151917 228.096024
29818 1 376.704041 55.296005 2 348.878906 55.296005
31623 1 298.944031 196.99202 2 274.630951 196.99202
31327 1 145.152008 44.928005 2 94.842506 44.928005
31100 1 505.958466 207.360031 2 499.686127 207.360031
31086 1 682.214478 126.489616 2 671.410461 126.489616
31448 1 781.747314 279.936035 2 747.655884 279.936035
31750 1 816.998535 217.728027 2 805.339417 217.728027
31375 1 613.785706 321.408051 2 567.172729 321.408051
30910 1 574.387268 327.628845 2 528.007019 327.628845
31439 1 209.433624 91.238411 2 172.580444 91.238411
31339 1 483.148865 329.702454 2 437.499481 329.702454
31324 1 145.152023 45.619205 2 95.233177 45.619205
29863 1 742.348877 155.52002 2 731.251953 155.52002
31474 1 228.096039 290.304047 2 195.868057 290.304047
31461 1 211.507233 155.52002 2 177.970444 155.52002
31537 1 217.728027 228.096039 2 186.180145 228.096039
29901 1 889.574524 176.256027 2 876.69812 176.256027
31121 1 940.585083 74.649612 2 928.612488 74.649612
31431 1 271.226929 323.481659 2 232.181335 323.481659
30895 1 109.486099 62.208008 2 59.633434 62.208008
31044 1 370.759735 64.696327 2 343.562927 64.696327
31433 1 184.135712 136.85762 2 146.422836 136.85762
31381 1 612.126831 320.993317 2 565.653748 320.993317
31666 1 1139.650757 184.135712 2 1119.403931 184.135712
24674 1 758.440063 62.705677 2 749.294067 62.705677
30472 1 564.351074 122.425369 2 559.163574 122.425369
27865 1 644.972656 188.117035 2 633.372803 188.117035
29227 1 630.042725 86.593552 2 617.272583 86.593552
31493 1 217.976868 185.131042 2 185.470169 185.131042
31509 1 259.78067 146.313248 2 229.625931 146.313248
30482 1 818.15979 214.990891 2 806.885864 214.990891
31379 1 1003.290833 289.640503 2 957.391846 289.640503
29276 1 566.1427 121.828178 2 560.256165 121.828178
30964 1 229.323624 290.237701 2 195.47998 290.237701
31535 1 218.574081 200.658173 2 185.492142 200.658173
31373 1 107.495445 283.07135 2 62.302765 283.07135
31512 1 304.570435 107.495445 2 271.949219 107.495445
30423 1 293.820892 82.413177 2 260.740387 82.413177
31027 1 290.237701 179.159088 2 263.935577 179.159088
31610 1 322.486359 232.906799 2 299.639771 232.906799
31475 1 222.157257 150.493622 2 189.144119 150.493622
31386 1 111.078629 229.323624 2 67.945145 229.323624
29845 1 627.056763 164.826355 2 615.628601 164.826355
31468 1 240.073166 89.579544 2 206.364456 89.579544
30965 1 318.903168 290.237701 2 288.28299 290.237701
31049 1 404.899536 275.904999 2 379.137238 275.904999
30487 1 885.045837 78.829994 2 875.33667 78.829994
31142 1 784.716797 214.990891 2 772.214478 214.990891
31353 1 1078.53772 290.237701 2 1030.259766 290.237701
31655 1 1146.618164 211.407715 2 1126.043091 211.407715
