256
108.5079 -8.530283 76.53231 0.04411230023663442 0.48939149878518545 -0.02810170937760306 0.8704943192317108
31626 1 506.0 183.0 2 504.533295 183.0
31559 1 412.0 38.0 2 386.306244 38.0
31683 1 606.0 121.0 2 598.770935 121.0
31480 1 301.200012 94.800003 2 268.860565 94.800003
29817 1 726.0 25.200001 2 716.862671 25.200001
31623 1 710.400024 206.400009 2 697.127075 206.400009
31109 1 634.800049 31.200001 2 623.480225 31.200001
30409 1 933.600037 117.600006 2 921.954224 117.600006
31629 1 812.400024 189.600006 2 799.002014 189.600006
31627 1 686.0 188.0 2 673.409729 188.0
31684 1 520.800049 208.800003 2 513.40686 208.800003
25193 1 606.0 120.000008 2 598.918457 120.000008
31302 1 153.0 37.0 2 100.710358 37.0
31636 1 696.960022 61.920002 2 685.209961 61.920002
31262 1 79.200005 145.440002 2 25.677225 145.440002
31512 1 210.240005 270.720001 2 178.55397 270.720001
31625 1 637.920044 87.840004 2 625.458862 87.840004
31549 1 256.800018 250.800003 2 230.559479 250.800003
30407 1 676.800049 195.840012 2 663.980774 195.840012
31633 1 639.360046 194.400009 2 626.946777 194.400009
29759 1 789.120056 106.560005 2 780.195374 106.560005
31685 1 639.360046 159.840012 2 626.499939 159.840012
30946 1 280.800018 76.32 2 248.073807 76.32
31291 1 82.080002 67.68 2 30.216476 67.68
31361 1 140.400009 94.800003 2 96.698204 94.800003
27381 1 673.920044 114.048012 2 663.32196 114.048012
29170 1 634.176086 88.128006 2 622.712158 88.128006
31454 1 302.400024 112.320007 2 269.051575 112.320007
31648 1 796.608093 222.912018 2 783.715759 222.912018
31637 1 1110.23999 167.040009 2 1090.489868 167.040009
31474 1 843.840027 273.600006 2 810.129395 273.600006
31530 1 401.76001 282.240021 2 374.881439 282.240021
29859 1 902.016113 179.712021 2 888.584656 179.712021
26929 1 768.960022 66.240005 2 760.685364 66.240005
31394 1 197.280014 89.280006 2 157.68898 89.280006
24030 1 789.696045 107.136009 2 780.6745 107.136009
29273 1 639.360046 193.536011 2 627.463196 193.536011
31037 1 567.600037 128.400009 2 561.883911 128.400009
27861 1 741.600037 61.920002 2 732.16803 61.920002
29277 1 695.52002 34.560001 2 686.096436 34.560001
30937 1 281.664032 77.76001 2 248.789169 77.76001
31273 1 73.200005 45.600002 2 19.994484 45.600002
30426 1 737.856079 229.82402 2 725.987488 229.82402
31654 1 687.74408 233.280029 2 674.563354 233.280029
31518 1 374.976044 53.568005 2 346.237579 53.568005
30945 1 302.400024 112.320007 2 269.006195 112.320007
31278 1 77.76001 145.152008 2 24.245567 145.152008
31399 1 195.600006 157.200012 2 158.856537 157.200012
26932 1 639.360046 158.976013 2 627.117981 158.976013
30938 1 302.745636 111.974419 2 269.025848 111.974419
30476 1 687.74408 145.152008 2 677.006714 145.152008
30421 1 651.456055 112.320007 2 642.15918 112.320007
31033 1 899.942505 219.801636 2 885.009338 219.801636
31541 1 437.184052 279.936035 2 409.436279 279.936035
31035 1 948.672119 176.256012 2 933.207642 176.256012
31357 1 1121.76001 288.0 2 1074.563965 288.0
31663 1 993.254517 130.636826 2 980.989929 130.636826
29773 1 810.720032 188.640015 2 797.539856 188.640015
31655 1 897.868896 80.870415 2 887.271179 80.870415
27503 1 638.668884 190.771225 2 626.954285 190.771225
25199 1 609.638489 124.416016 2 601.208191 124.416016
29775 1 567.360046 128.160004 2 561.821838 128.160004
30930 1 282.009644 76.723213 2 248.421448 76.723213
31483 1 335.232025 100.224007 2 301.827911 100.224007
26457 1 711.244873 172.108826 2 701.014954 172.108826
31543 1 255.744019 250.560028 2 230.309525 250.560028
31487 1 207.360016 229.82402 2 174.677795 229.82402
31472 1 204.480011 201.600006 2 171.754486 201.600006
31516 1 252.288025 146.88002 2 221.474197 146.88002
30435 1 686.361694 232.243225 2 673.270569 232.243225
30425 1 709.171326 205.286423 2 697.295166 205.286423
31635 1 636.595276 87.091209 2 623.973633 87.091209
29760 1 635.040039 56.160004 2 624.300476 56.160004
31555 1 1069.977783 238.464035 2 1044.316895 238.464035
29288 1 787.96814 109.900818 2 778.799683 109.900818
30918 1 231.413788 87.091209 2 195.727982 87.091209
30503 1 580.608093 109.900818 2 574.767944 109.900818
31080 1 953.85614 76.723213 2 942.226624 76.723213
31669 1 696.729675 59.719688 2 686.140869 59.719688
31497 1 317.260834 292.377655 2 287.617157 292.377655
31479 1 335.923248 101.606415 2 302.208282 101.606415
31456 1 281.180206 77.137932 2 248.332764 77.137932
31651 1 637.01001 87.091209 2 624.019775 87.091209
30496 1 569.825378 126.904335 2 564.45874 126.904335
26462 1 711.659607 171.694107 2 700.875366 171.694107
26943 1 708.480042 115.776009 2 697.949097 115.776009
30947 1 251.320358 146.810898 2 220.803711 146.810898
31537 1 242.611237 230.169632 2 214.607315 230.169632
31439 1 205.286423 201.139221 2 171.82431 201.139221
31665 1 517.570618 209.018906 2 510.08551 209.018906
31525 1 369.100861 62.208008 2 340.696808 62.208008
30404 1 686.776428 231.413788 2 673.158081 231.413788
29186 1 736.128113 213.580826 2 723.533752 213.580826
24070 1 637.01001 156.764175 2 626.003479 156.764175
27032 1 651.110474 111.974419 2 642.073669 111.974419
31562 1 320.993317 238.878754 2 294.817688 238.878754
31017 1 276.203552 223.948837 2 249.486526 223.948837
31306 1 136.85762 64.696327 2 86.960724 64.696327
31018 1 402.624023 281.664032 2 375.60083 281.664032
31409 1 800.409729 290.304047 2 762.477173 290.304047
31698 1 827.712097 222.912018 2 815.750488 222.912018
29764 1 808.704102 189.11235 2 796.844177 189.11235
31604 1 1156.032104 228.096024 2 1135.186035 228.096024
31667 1 597.196899 119.439384 2 591.128113 119.439384
31691 1 570.323059 125.411354 2 565.187683 125.411354
26969 1 740.52417 59.719692 2 732.431152 59.719692
31118 1 695.734375 59.719692 2 685.820984 59.719692
23515 1 686.776428 143.327255 2 676.14856 143.327255
30996 1 235.892776 271.724609 2 206.396637 271.724609
31477 1 206.032928 203.046951 2 172.477997 203.046951
28725 1 650.944641 62.705677 2 640.250732 62.705677
31522 1 370.262085 62.705677 2 339.947815 62.705677
31468 1 333.434937 99.532814 2 300.256134 99.532814
30941 1 250.822708 146.313248 2 220.50209 146.313248
31440 1 212.004898 152.285217 2 177.116867 152.285217
31670 1 516.575317 209.018921 2 509.613007 209.018921
28281 1 639.000671 155.271194 2 626.380249 155.271194
31374 1 174.182419 104.509453 2 131.574051 104.509453
31414 1 229.920807 86.593552 2 195.043304 86.593552
31710 1 803.229858 152.285217 2 792.031677 152.285217
22915 1 785.313965 113.467415 2 776.748108 113.467415
31457 1 843.264099 273.024017 2 809.488098 273.024017
27410 1 809.201843 188.117035 2 796.977112 188.117035
31075 1 1114.767578 169.20578 2 1095.609863 169.20578
31057 1 898.781372 217.976868 2 883.028015 217.976868
23482 1 709.469971 168.409531 2 699.82489 168.409531
21647 1 788.299927 111.078629 2 778.153931 111.078629
30982 1 310.542389 298.59845 2 279.512817 298.59845
30939 1 204.241348 236.48999 2 172.312119 236.48999
31486 1 207.824539 204.241348 2 172.647781 204.241348
30488 1 639.000671 191.103012 2 627.025574 191.103012
30994 1 232.906799 268.738617 2 205.257111 268.738617
31447 1 274.710571 131.383316 2 241.310944 131.383316
31437 1 334.430267 98.537491 2 300.550232 98.537491
31705 1 322.486328 77.635597 2 291.531616 77.635597
31476 1 280.682556 77.635597 2 248.179993 77.635597
21653 1 740.52417 223.948837 2 728.351318 223.948837
29220 1 695.137207 200.658173 2 682.101379 200.658173
31415 1 229.323624 85.996361 2 194.790848 85.996361
31553 1 435.953735 280.682556 2 408.166443 280.682556
31598 1 373.248077 253.808685 2 353.36908 253.808685
27500 1 848.019592 173.187103 2 833.463867 173.187103
24638 1 802.63269 150.493622 2 791.434448 150.493622
30444 1 899.378601 78.829994 2 887.697571 78.829994
31607 1 1114.369507 168.409531 2 1094.397461 168.409531
31067 1 899.378601 218.574081 2 883.356628 218.574081
31420 1 1013.0 266.0 2 976.412598 266.0
31638 1 1093.200073 187.200012 2 1073.374512 187.200012
31608 1 1158.0 226.800003 2 1137.309692 226.800003
31596 1 322.559998 259.200012 2 300.72937 259.200012
31287 1 76.32 181.440002 2 23.975985 181.440002
31304 1 578.880005 342.720001 2 527.918884 342.720001
31532 1 436.320007 279.360016 2 409.171875 279.360016
31387 1 234.720016 331.200012 2 194.590515 331.200012
31653 1 483.840057 212.544022 2 476.869232 212.544022
31613 1 1166.400146 222.912018 2 1145.81604 222.912018
31392 1 196.99202 88.128006 2 156.668518 88.128006
31339 1 578.880066 336.960022 2 529.464539 336.960022
29169 1 743.0401 62.208008 2 733.482849 62.208008
31560 1 288.576019 188.35202 2 262.642731 188.35202
31366 1 219.456024 340.416046 2 176.497559 340.416046
25854 1 673.920105 114.048019 2 663.180054 114.048019
31352 1 1163.289795 286.15683 2 1114.997681 286.15683
29856 1 902.016113 180.403229 2 888.276733 180.403229
31533 1 402.278442 282.009644 2 375.641174 282.009644
31053 1 947.635315 176.256027 2 932.492126 176.256027
31521 1 982.886536 244.68483 2 955.909607 244.68483
31364 1 1121.817749 288.230438 2 1074.057129 288.230438
27898 1 691.753052 204.042267 2 679.400513 204.042267
31015 1 268.738586 238.878754 2 242.668777 238.878754
31077 1 788.797546 116.951057 2 779.107239 116.951057
30917 1 659.404907 303.575073 2 619.371948 303.575073
30968 1 843.540588 273.71524 2 809.80542 273.71524
31052 1 955.515015 216.483871 2 941.196899 216.483871
30427 1 686.776428 229.920807 2 672.06665 229.920807
30980 1 331.444275 286.65451 2 302.330353 286.65451
27810 1 633.028748 86.593552 2 622.110474 86.593552
31527 1 364.290131 77.635597 2 335.990509 77.635597
30956 1 226.93483 197.074982 2 193.678207 197.074982
31575 1 268.738617 238.878769 2 242.464874 238.878769
31546 1 403.10791 280.682556 2 376.744232 280.682556
30962 1 845.03363 274.710571 2 810.641418 274.710571
25241 1 673.638123 114.661812 2 662.643372 114.661812
25208 1 634.223145 85.996361 2 622.302551 85.996361
31664 1 541.060425 229.323624 2 530.023376 229.323624
27907 1 684.387695 207.824539 2 670.423645 207.824539
25864 1 698.720398 136.160904 2 687.902771 136.160904
31569 1 283.07135 218.574081 2 259.409058 218.574081
29270 1 684.387695 179.159088 2 670.40863 179.159088
28177 1 652.139038 136.160904 2 642.470093 136.160904
30418 1 741.718567 225.740448 2 729.131958 225.740448
31396 1 161.243179 247.239532 2 123.510811 247.239532
29260 1 598.391357 118.244995 2 591.62323 118.244995
31616 1 372.650879 254.405899 2 352.854279 254.405899
30473 1 705.88678 118.244995 2 695.496765 118.244995
31068 1 956.709473 214.990891 2 943.47998 214.990891
31610 1 1171.700439 222.157257 2 1151.059937 222.157257
