262
4.39 -2.96 137 0.0226 -0.00136 0.0419 0.706 
31668 1 529.0 191.0 2 521.674316 191.0
32567 1 331.0 189.0 2 304.687714 189.0
32365 1 190.0 77.0 2 143.068558 77.0
32457 1 339.0 34.0 2 300.93454 34.0
31672 1 537.0 168.0 2 535.779358 168.0
32575 1 1095.0 257.0 2 1069.771118 257.0
32470 1 998.0 272.0 2 960.890442 272.0
32566 1 895.0 254.0 2 868.410339 254.0
32607 1 862.0 249.0 2 841.632446 249.0
32550 1 494.0 273.0 2 464.078156 273.0
32461 1 456.0 297.0 2 418.346527 297.0
32493 1 427.0 287.0 2 391.691498 287.0
32397 1 94.0 239.0 2 50.564072 239.0
32323 1 75.0 58.0 2 23.208956 58.0
32188 1 528.0 190.800003 2 520.970398 190.800003
32360 1 96.0 196.0 2 48.667248 196.0
32526 1 238.800003 243.600006 2 206.35289 243.600006
32162 1 471.0 154.0 2 467.09549 154.0
32545 1 235.200012 217.200012 2 204.608322 217.200012
32606 1 368.400024 154.800003 2 347.602173 154.800003
32532 1 217.200012 246.000015 2 185.838486 246.000015
32166 1 735.600037 159.600006 2 720.851379 159.600006
32582 1 1094.400024 256.800018 2 1069.924927 256.800018
32574 1 1121.0 260.0 2 1095.437378 260.0
32319 1 1087.0 314.0 2 1034.02832 314.0
32553 1 988.800049 258.0 2 960.03833 258.0
32465 1 904.0 281.0 2 866.467896 281.0
32328 1 1002.0 314.0 2 951.372498 314.0
32619 1 1137.600098 163.200012 2 1119.129395 163.200012
32587 1 805.0 250.0 2 780.759949 250.0
32564 1 895.200012 253.200012 2 868.131775 253.200012
32420 1 868.800049 296.400024 2 826.626648 296.400024
32170 1 709.200012 240.000015 2 692.64502 240.000015
32447 1 666.0 296.0 2 626.53009 296.0
31682 1 681.600037 63.600002 2 667.873047 63.600002
32602 1 522.0 247.200012 2 499.701721 247.200012
32381 1 500.0 320.0 2 454.645508 320.0
32552 1 520.800049 271.200012 2 491.468781 271.200012
32519 1 493.200012 272.400024 2 460.129852 272.400024
32501 1 426.000031 286.800018 2 391.200714 286.800018
32584 1 416.400024 44.400002 2 392.095428 44.400002
32528 1 306.0 281.0 2 274.302429 281.0
32473 1 321.0 58.0 2 283.998535 58.0
32608 1 367.200012 154.080002 2 346.918182 154.080002
32104 1 296.400024 254.400009 2 268.312073 254.400009
32491 1 796.800049 277.200012 2 761.284363 277.200012
32510 1 207.0 227.0 2 173.387329 227.0
32202 1 501.120026 120.960007 2 497.001434 120.960007
32444 1 666.0 295.200012 2 626.446289 295.200012
32174 1 676.800049 28.800001 2 665.322937 28.800001
32568 1 1114.800049 259.200012 2 1088.760864 259.200012
32325 1 1087.200073 314.400024 2 1035.602417 314.400024
32388 1 1110.0 290.400024 2 1065.169067 290.400024
32492 1 933.0 273.0 2 897.575317 273.0
32335 1 1002.000061 313.200012 2 951.903503 313.200012
32243 1 810.000061 190.800003 2 795.476318 190.800003
32405 1 814.800049 300.0 2 771.640442 300.0
32350 1 484.800018 331.200012 2 436.621094 331.200012
32138 1 368.640015 243.360016 2 346.224182 243.360016
32478 1 375.840027 295.200012 2 339.289612 295.200012
32463 1 456.000031 296.400024 2 418.375397 296.400024
32075 1 426.240021 286.559998 2 390.854156 286.559998
32523 1 222.000015 196.800003 2 189.165115 196.800003
32448 1 252.000015 308.160004 2 212.637405 308.160004
32372 1 216.000015 322.559998 2 169.666824 322.559998
32485 1 169.920013 218.880005 2 133.787781 218.880005
32382 1 218.400009 97.200005 2 173.100296 97.200005
32460 1 321.600006 57.600002 2 283.877991 57.600002
32544 1 267.839996 156.960007 2 237.202286 156.960007
32326 1 74.400002 57.600002 2 22.902065 57.600002
32345 1 99.360001 112.320007 2 50.599613 112.320007
32023 1 362.880035 311.040039 2 322.056488 311.040039
32590 1 1022.400024 249.12001 2 998.44043 249.12001
32580 1 1092.960083 256.320007 2 1068.345337 256.320007
32616 1 1103.0 162.0 2 1083.961548 162.0
32474 1 455.040009 296.640015 2 418.047302 296.640015
32062 1 425.088043 286.848022 2 390.827789 286.848022
32324 1 947.52002 319.680023 2 895.736633 319.680023
32496 1 931.680054 272.160004 2 896.524414 272.160004
31688 1 879.552063 183.168015 2 864.751953 183.168015
32157 1 662.400024 244.800003 2 641.546143 244.800003
30452 1 1020.960022 103.680008 2 1006.691101 103.680008
31938 1 126.144012 96.768005 2 79.40625 96.768005
32171 1 828.0 45.0 2 818.274719 45.0
27917 1 794.880066 39.744003 2 785.299805 39.744003
32404 1 264.384033 302.400024 2 221.218933 302.400024
32318 1 1085.76001 313.920013 2 1032.67627 313.920013
32536 1 521.280029 270.720001 2 490.189331 270.720001
32517 1 492.480011 272.160004 2 459.37561 272.160004
32442 1 126.720001 243.360016 2 86.807304 243.360016
32484 1 172.800003 218.880005 2 136.55632 218.880005
32603 1 521.280029 247.680008 2 499.204956 247.680008
32274 1 527.040039 191.808014 2 519.768677 191.808014
31996 1 139.680008 162.720001 2 97.29567 162.720001
32193 1 1048.896118 58.752007 2 1034.809448 58.752007
32392 1 217.440002 97.920006 2 172.940582 97.920006
32446 1 731.52002 293.76001 2 692.033691 293.76001
30451 1 680.832092 145.152008 2 666.289307 145.152008
32581 1 416.160004 44.640003 2 391.604614 44.640003
32459 1 321.120026 57.600002 2 283.378632 57.600002
32351 1 594.0 325.200012 2 545.860474 325.200012
32500 1 221.76001 197.280014 2 186.904907 197.280014
32195 1 896.832092 222.912018 2 882.086487 222.912018
32605 1 973.440063 243.360016 2 952.165833 243.360016
32122 1 1093.824097 257.472015 2 1069.583374 257.472015
32095 1 520.473694 271.641632 2 490.754791 271.641632
32543 1 492.480042 273.024017 2 461.747925 273.024017
32464 1 456.192047 297.216034 2 418.577209 297.216034
32071 1 425.088074 288.230438 2 389.463287 288.230438
31706 1 667.69928 188.697632 2 653.961243 188.697632
32418 1 369.100861 311.040039 2 326.794159 311.040039
32044 1 377.395264 294.451233 2 341.616608 294.451233
32329 1 1001.54895 313.113647 2 950.939941 313.113647
32560 1 990.144104 257.472015 2 962.725037 257.472015
32169 1 993.254517 174.182419 2 977.178101 174.182419
32516 1 240.537628 165.888031 2 207.395569 165.888031
32184 1 826.560059 44.640003 2 816.584717 44.640003
32498 1 182.476822 257.126434 2 147.472946 257.126434
32379 1 829.440063 308.160004 2 783.845886 308.160004
32273 1 806.630493 145.152023 2 794.439636 145.152023
32367 1 126.489616 95.385612 2 79.759506 95.385612
32348 1 98.49601 112.320007 2 50.206284 112.320007
32364 1 1109.376099 290.304047 2 1062.385864 290.304047
32573 1 1162.944092 260.92804 2 1137.330322 260.92804
32559 1 1121.472046 257.472015 2 1094.047241 257.472015
28763 1 717.465698 95.385612 2 705.419617 95.385612
32416 1 252.979233 91.238411 2 210.583649 91.238411
31982 1 217.728027 96.768005 2 172.671432 96.768005
31499 1 229.82402 60.480007 2 183.411713 60.480007
29827 1 734.054504 230.169632 2 718.901245 230.169632
32264 1 526.694458 190.771225 2 519.759949 190.771225
32411 1 120.268814 176.256027 2 77.504982 176.256027
32354 1 100.224007 164.160019 2 52.462498 164.160019
32401 1 128.400009 144.0 2 85.08223 144.0
32394 1 134.784012 146.88002 2 90.688065 146.88002
32417 1 112.800003 273.600006 2 70.410599 273.600006
32579 1 416.448029 44.928005 2 391.717407 44.928005
30461 1 792.115295 228.096039 2 778.130798 228.096039
32454 1 321.40802 57.024006 2 283.053894 57.024006
32585 1 292.377655 226.02243 2 268.097778 226.02243
32205 1 641.088074 67.392006 2 628.977112 67.392006
32410 1 93.312012 238.464035 2 50.479813 238.464035
31936 1 190.080002 76.32 2 142.727798 76.32
32508 1 215.654434 259.200043 2 181.967194 259.200043
32513 1 219.456024 196.99202 2 185.947647 196.99202
31711 1 1092.372681 121.927696 2 1079.618164 121.927696
32431 1 270.720001 313.920013 2 229.251175 313.920013
32613 1 878.377075 248.832031 2 858.885193 248.832031
31695 1 860.544067 221.184021 2 845.804382 221.184021
32353 1 97.459213 111.974419 2 49.689667 111.974419
31955 1 124.416016 84.60289 2 79.525787 84.60289
29812 1 878.377075 184.135712 2 862.648315 184.135712
26989 1 870.912109 141.004822 2 858.381348 141.004822
32018 1 856.396912 296.524841 2 814.128418 296.524841
31121 1 1047.582886 57.231369 2 1034.507446 57.231369
30985 1 228.096039 60.134407 2 182.063156 60.134407
29863 1 806.21582 146.810898 2 794.117126 146.810898
32482 1 171.694107 218.972198 2 135.2733 218.972198
32046 1 160.800003 211.200012 2 123.477135 211.200012
31558 1 112.320007 274.752014 2 69.028633 274.752014
32456 1 319.334442 55.987209 2 281.194794 55.987209
32443 1 194.918427 184.55043 2 155.188782 184.55043
32198 1 734.054504 228.925476 2 718.19873 228.925476
27951 1 739.031128 194.088989 2 724.807312 194.088989
32377 1 103.680008 164.160019 2 57.961819 164.160019
32008 1 132.710419 147.225616 2 90.176689 147.225616
32152 1 520.05896 248.832031 2 497.952057 248.832031
25920 1 679.311462 156.764175 2 664.935364 156.764175
26508 1 641.986633 159.252502 2 629.147156 159.252502
26984 1 680.140869 143.078415 2 665.815369 143.078415
32415 1 111.974419 228.096039 2 69.427132 228.096039
32395 1 94.556175 238.878754 2 50.480637 238.878754
32210 1 640.742493 66.355209 2 628.703918 66.355209
32586 1 288.645172 204.042267 2 264.366486 204.042267
32529 1 238.46402 243.648026 2 206.824875 243.648026
32073 1 213.995544 258.785309 2 181.737823 258.785309
32524 1 218.972198 196.577301 2 186.487778 196.577301
30535 1 602.173523 109.486099 2 595.978027 109.486099
32098 1 520.05896 271.226929 2 490.164093 271.226929
31167 1 544.942139 194.088989 2 537.815369 194.088989
32061 1 900.288086 279.936035 2 863.084839 279.936035
32583 1 1092.787354 257.126434 2 1068.423828 257.126434
32265 1 845.03363 95.551506 2 834.688843 95.551506
32235 1 868.921509 62.705677 2 859.369263 62.705677
32424 1 253.80867 89.579529 2 211.9823 89.579529
32356 1 97.044495 111.974419 2 49.313076 111.974419
32380 1 123.840004 83.520004 2 78.316864 83.520004
32334 1 87.091209 78.796814 2 36.923832 78.796814
32017 1 111.974419 273.71524 2 69.336143 273.71524
32435 1 286.65451 122.425369 2 245.480225 122.425369
32601 1 358.318115 77.137932 2 335.917175 77.137932
31769 1 758.937683 159.252502 2 747.024536 159.252502
32434 1 651.110474 302.745636 2 609.906921 302.745636
32452 1 639.498352 291.133484 2 600.832092 291.133484
32026 1 194.088989 185.131042 2 155.120071 185.131042
32425 1 143.327255 289.640503 2 101.528183 289.640503
32509 1 179.159073 256.794678 2 145.531845 256.794678
32218 1 161.740829 271.641632 2 125.011719 271.641632
30476 1 734.552185 226.93483 2 718.506836 226.93483
32214 1 520.05896 129.392654 2 516.319519 129.392654
32215 1 791.285889 226.93483 2 777.307983 226.93483
32275 1 786.309204 206.530594 2 771.916931 206.530594
32414 1 119.439377 174.182419 2 76.794716 174.182419
32355 1 99.532814 163.814423 2 51.777611 163.814423
27880 1 719.622253 98.537491 2 707.352661 98.537491
32533 1 241.864746 271.724609 2 210.513321 271.724609
31616 1 217.976868 262.766632 2 186.477982 262.766632
24113 1 679.311462 141.834259 2 665.244324 141.834259
32363 1 199.065628 116.121613 2 152.061584 116.121613
32123 1 286.65451 206.032928 2 261.233765 206.032928
32229 1 474.771545 104.50946 2 465.5383 104.50946
31578 1 423.014465 291.133484 2 386.78656 291.133484
31576 1 378.224701 293.621796 2 342.728912 293.621796
32103 1 519.56134 268.738617 2 489.827942 268.738617
30515 1 584.75531 226.437149 2 572.262756 226.437149
22968 1 868.921509 140.341278 2 855.819397 140.341278
32396 1 858.240051 296.640015 2 814.729614 296.640015
30487 1 980.398193 62.208008 2 967.536255 62.208008
31074 1 987.863159 221.46051 2 970.380859 221.46051
32557 1 1121.817749 257.126434 2 1094.340332 257.126434
32451 1 194.088989 184.135712 2 155.065918 184.135712
32371 1 170.201126 131.383316 2 123.848099 131.383316
32422 1 254.405899 82.413177 2 212.395401 82.413177
32419 1 119.439384 176.173096 2 77.200096 176.173096
32361 1 97.044495 164.229141 2 49.808529 164.229141
32390 1 134.369293 146.810898 2 89.709366 146.810898
32151 1 364.290131 244.850739 2 341.197418 244.850739
32617 1 343.388214 214.990891 2 324.596558 214.990891
32076 1 218.574081 265.155426 2 184.057693 265.155426
32511 1 203.046951 235.892776 2 169.522018 235.892776
31583 1 171.992722 222.157257 2 135.737366 222.157257
32340 1 98.537491 110.48143 2 49.141018 110.48143
31931 1 125.411354 83.607567 2 79.411453 83.607567
31946 1 191.103012 77.635597 2 143.314529 77.635597
23533 1 758.440063 158.257187 2 746.522888 158.257187
32547 1 322.486359 150.493622 2 292.377991 150.493622
32556 1 308.551727 166.717468 2 280.705017 166.717468
31035 1 161.740829 271.226929 2 124.792458 271.226929
32598 1 397.135956 77.635597 2 374.117554 77.635597
32600 1 358.318146 77.635597 2 335.499146 77.635597
32440 1 126.904335 246.343719 2 86.349655 246.343719
27894 1 544.643616 193.491806 2 537.026672 193.491806
31610 1 281.180206 233.902115 2 247.767502 233.902115
31157 1 734.552185 128.397339 2 722.81842 128.397339
29264 1 745.301758 193.491806 2 730.583435 193.491806
29309 1 630.639954 100.329086 2 623.229614 100.329086
21684 1 795.466309 225.740448 2 781.719421 225.740448
32518 1 235.892776 158.257187 2 202.810455 158.257187
32056 1 422.81543 290.237701 2 386.374603 290.237701
31727 1 867.129944 139.74408 2 854.795227 139.74408
22964 1 756.051331 100.329086 2 744.501526 100.329086
31728 1 1092.870361 121.828178 2 1080.15686 121.828178
31097 1 988.360901 220.96286 2 970.334106 220.96286
31888 1 1170.0 321.600006 2 1114.135864 321.600006
32187 1 745.200012 37.200001 2 733.829346 37.200001
31641 1 295.200012 254.880005 2 267.878204 254.880005
32271 1 855.360046 110.880005 2 846.358093 110.880005
31090 1 709.920044 148.320007 2 696.445801 148.320007
31997 1 133.919998 146.880005 2 90.744499 146.880005
30544 1 616.320007 87.840004 2 609.550049 87.840004
32168 1 1052.352051 171.072021 2 1034.511963 171.072021
32029 1 1048.896118 279.936035 2 1008.277649 279.936035
32153 1 521.856079 248.832031 2 499.098328 248.832031
32047 1 336.960022 32.832005 2 300.001282 32.832005
31586 1 172.800018 259.200012 2 136.287766 259.200012
31622 1 269.568024 224.640015 2 235.609161 224.640015
31890 1 966.297729 329.702454 2 911.407837 329.702454
26981 1 825.292908 43.545605 2 815.008423 43.545605
29237 1 785.894531 207.360031 2 771.654846 207.360031
31701 1 508.032074 196.992035 2 501.498352 196.992035
29253 1 754.790527 192.844833 2 738.306702 192.844833
31937 1 190.771225 76.723213 2 142.687988 76.723213
32201 1 520.473694 130.636826 2 516.929138 130.636826
32139 1 414.720062 43.545605 2 390.441864 43.545605
29220 1 678.067322 62.208008 2 664.729065 62.208008
31705 1 783.820923 166.717468 2 770.516907 166.717468
30979 1 228.925476 59.719688 2 182.281464 59.719688
31590 1 171.694107 261.273651 2 135.395462 261.273651
32213 1 557.383789 154.275864 2 553.234436 154.275864
32141 1 415.5495 47.278088 2 390.70224 47.278088
32200 1 639.498352 67.184647 2 628.121277 67.184647
31076 1 1052.559448 174.182419 2 1034.654785 174.182419
31519 1 1000.30481 313.528351 2 951.34906 313.528351
31043 1 164.229156 274.710571 2 124.264679 274.710571
32013 1 653.930603 307.556396 2 611.513367 307.556396
32052 1 639.000671 289.640503 2 601.226685 289.640503
31539 1 110.48143 274.710571 2 68.653931 274.710571
31698 1 677.818481 62.705677 2 664.183167 62.705677
31620 1 235.892776 244.850739 2 205.339264 244.850739
31748 1 898.781372 220.96286 2 884.337585 220.96286
31703 1 982.388916 62.705677 2 967.704651 62.705677
31502 1 1000.30481 313.528381 2 950.735107 313.528381
32054 1 1164.533936 268.738617 2 1126.449097 268.738617
32110 1 1089.884399 256.794678 2 1065.56543 256.794678
28787 1 784.716797 164.826355 2 771.71582 164.826355
31037 1 161.243179 272.321808 2 122.984001 272.321808
32239 1 401.316345 229.323624 2 384.488617 229.323624
31643 1 365.484528 243.656357 2 342.107239 243.656357
25258 1 670.054993 68.080452 2 657.886169 68.080452
31001 1 168.409531 103.91227 2 124.824516 103.91227
31951 1 182.742264 85.996361 2 135.309906 85.996361
22936 1 759.634521 157.659988 2 747.17334 157.659988
23577 1 734.552246 128.994537 2 723.396851 128.994537
32126 1 286.654541 207.824539 2 260.218719 207.824539
31615 1 236.48999 207.824539 2 205.468063 207.824539
31060 1 225.740448 211.407715 2 191.913681 211.407715
31957 1 125.411354 82.413177 2 79.382797 82.413177
32086 1 236.48999 157.659988 2 202.825684 157.659988
21677 1 845.630859 93.16272 2 835.009338 93.16272
31105 1 988.95813 222.157257 2 970.025146 222.157257
32120 1 1089.287231 257.989075 2 1063.954956 257.989075
