269
-3.46 -3.61 142 0.0278 -0.00155 0.0551 0.706 
33501 1 899.0 272.0 2 874.581543 272.0
33092 1 649.0 114.0 2 641.861084 114.0
31672 1 578.0 169.0 2 576.515686 169.0
33343 1 219.0 78.0 2 171.090271 78.0
33080 1 820.0 202.0 2 801.438599 202.0
32622 1 528.0 170.0 2 523.50885 170.0
33084 1 511.0 186.0 2 506.801331 186.0
33565 1 844.0 214.0 2 825.465759 214.0
33531 1 766.800049 256.800018 2 746.490967 256.800018
33513 1 574.0 257.0 2 549.680603 257.0
33553 1 807.0 219.0 2 788.351379 219.0
33330 1 253.200012 94.800003 2 204.609604 94.800003
33181 1 856.800049 231.600006 2 838.429077 231.600006
33554 1 945.600037 213.600006 2 927.773865 213.600006
33541 1 1000.800049 193.200012 2 981.305664 193.200012
33396 1 891.0 311.0 2 847.821045 311.0
33079 1 788.400024 224.400009 2 770.079041 224.400009
33082 1 877.200012 220.800003 2 859.523193 220.800003
33361 1 827.0 321.0 2 781.075012 321.0
33507 1 865.200012 271.200012 2 841.649292 271.200012
33570 1 876.0 171.0 2 860.613708 171.0
33655 1 744.0 165.600006 2 727.143188 165.600006
31668 1 565.200012 193.200012 2 557.491333 193.200012
33376 1 537.600037 322.800018 2 492.146881 322.800018
33379 1 128.400009 176.400009 2 85.24794 176.400009
32934 1 1080.0 332.640015 2 1026.469727 332.640015
33355 1 1047.600098 322.800018 2 999.850464 322.800018
33552 1 1020.960022 246.240005 2 1002.430603 246.240005
33115 1 972.000061 243.360016 2 953.283569 243.360016
33360 1 950.400024 319.200012 2 904.43457 319.200012
33529 1 1068.0 178.800003 2 1047.342651 178.800003
32629 1 669.600037 237.600006 2 653.745056 237.600006
33581 1 811.200012 183.600006 2 793.615479 183.600006
33539 1 876.000061 170.400009 2 860.236023 170.400009
32648 1 648.0 113.760002 2 640.605652 113.760002
33582 1 612.0 231.840012 2 597.790344 231.840012
33336 1 489.600006 325.200012 2 440.214874 325.200012
33034 1 542.592041 273.024017 2 513.401489 273.024017
33571 1 511.200012 186.0 2 506.160797 186.0
33446 1 307.200012 276.0 2 272.674805 276.0
33344 1 218.880005 77.760002 2 171.145432 77.760002
32938 1 264.960022 59.040001 2 216.844269 59.040001
33289 1 90.0 152.400009 2 37.585831 152.400009
33659 1 798.33606 120.960014 2 784.502136 120.960014
33353 1 1046.880005 322.559998 2 999.583191 322.559998
33447 1 946.080017 290.880005 2 910.969299 290.880005
33390 1 1010.880066 311.040039 2 967.524292 311.040039
33090 1 824.131714 247.836716 2 805.31427 247.836716
33099 1 839.808105 203.904022 2 820.341309 203.904022
31680 1 743.0401 190.080017 2 726.128235 190.080017
33492 1 732.0 272.400024 2 703.973694 272.400024
31673 1 812.160095 184.896011 2 794.073425 184.896011
33595 1 875.52002 171.360001 2 857.43811 171.360001
33137 1 673.920044 101.952011 2 666.229675 101.952011
33192 1 698.112061 101.952011 2 688.977783 101.952011
31682 1 747.360046 44.640003 2 730.490173 44.640003
32659 1 648.000061 114.048012 2 640.728821 114.048012
33597 1 613.440063 231.552017 2 598.870422 231.552017
32932 1 487.296082 325.555237 2 439.542267 325.555237
33109 1 400.896027 240.192017 2 380.499268 240.192017
33661 1 449.280029 216.000015 2 436.696533 216.000015
33599 1 428.544037 190.080017 2 422.299896 190.080017
33359 1 442.080017 325.440002 2 395.849945 325.440002
33609 1 509.76004 96.768005 2 499.120056 96.768005
32646 1 511.200012 185.76001 2 505.536255 185.76001
32943 1 219.456024 77.76001 2 171.196808 77.76001
32640 1 1159.142578 250.90564 2 1137.814209 250.90564
32169 1 1161.600098 183.600006 2 1141.026978 183.600006
29322 1 742.348877 190.771225 2 726.021179 190.771225
33365 1 153.792007 139.968018 2 107.971268 139.968018
33420 1 406.080048 304.128021 2 366.781433 304.128021
33476 1 345.600037 260.92804 2 316.676971 260.92804
31675 1 999.475342 194.918427 2 980.104187 194.918427
33429 1 660.096069 297.216034 2 624.060181 297.216034
33583 1 423.360016 228.960007 2 405.525696 228.960007
33138 1 646.963318 114.048019 2 639.511353 114.048019
32644 1 670.46405 236.736023 2 654.958618 236.736023
32199 1 615.859314 232.243225 2 601.438477 232.243225
33194 1 680.832092 190.080017 2 666.264221 190.080017
33033 1 542.453857 273.71524 2 512.253357 273.71524
33301 1 88.128006 152.064011 2 36.794201 152.064011
33114 1 823.219299 248.832031 2 804.306885 248.832031
33135 1 875.059326 170.035217 2 858.300659 170.035217
32274 1 564.019287 194.918427 2 555.77417 194.918427
33196 1 696.729675 101.606415 2 687.654724 101.606415
31698 1 748.22406 44.928005 2 730.581604 44.928005
33658 1 504.57605 62.208008 2 490.249908 62.208008
32650 1 785.894531 89.16481 2 771.990295 89.16481
32658 1 511.488037 186.624023 2 505.808289 186.624023
32655 1 837.734497 203.21283 2 818.680786 203.21283
33613 1 412.992035 133.056015 2 395.767487 133.056015
33014 1 945.216064 290.304016 2 912.237244 290.304016
29812 1 996.124512 193.491806 2 978.169983 193.491806
33416 1 1107.302612 306.892853 2 1067.812378 306.892853
33457 1 308.551727 273.71524 2 274.641907 273.71524
33117 1 836.075623 92.067856 2 820.926208 92.067856
30535 1 646.963318 114.462738 2 638.093201 114.462738
33437 1 204.042267 271.226929 2 160.981293 271.226929
33540 1 400.619568 67.184647 2 381.587158 67.184647
33116 1 819.360046 249.12001 2 800.974548 249.12001
32183 1 798.33606 195.264023 2 780.742493 195.264023
33431 1 216.483871 216.483871 2 180.801544 216.483871
33382 1 127.872009 188.35202 2 84.411728 188.35202
33536 1 400.619568 77.137932 2 381.564667 77.137932
32200 1 694.656128 51.840008 2 681.424011 51.840008
32669 1 510.105682 186.624023 2 505.431946 186.624023
33140 1 400.619568 238.878754 2 381.790009 238.878754
33150 1 786.309204 89.579529 2 772.49408 89.579529
33333 1 211.507233 103.680016 2 162.542969 103.680016
32940 1 219.801636 76.723213 2 170.820496 76.723213
30468 1 885.427307 246.758438 2 867.55658 246.758438
33681 1 853.493896 238.878754 2 835.775635 238.878754
33038 1 732.672058 273.024017 2 704.306824 273.024017
32602 1 540.463196 274.710571 2 511.37796 274.710571
31727 1 976.416931 143.327255 2 960.447937 143.327255
33629 1 836.075684 92.565521 2 820.477966 92.565521
31674 1 1065.001099 176.670746 2 1044.283813 176.670746
33222 1 1030.164673 179.159058 2 1012.927368 179.159058
33624 1 427.991089 189.11235 2 421.527222 189.11235
29821 1 646.963318 106.997772 2 640.382263 106.997772
33068 1 400.121918 238.878769 2 380.291504 238.878769
33630 1 352.346191 217.976868 2 333.391052 217.976868
33388 1 180.403229 265.420837 2 136.341324 265.420837
32212 1 510.105682 186.624023 2 504.730804 186.624023
33407 1 217.976868 170.201126 2 177.40361 170.201126
33315 1 240.537628 134.784012 2 189.613251 134.784012
33635 1 424.009796 182.145065 2 417.418701 182.145065
32077 1 144.322586 261.273651 2 90.3759 261.273651
33386 1 129.392654 189.11235 2 85.849251 189.11235
33533 1 316.514374 217.976868 2 297.447754 217.976868
31705 1 871.907471 170.201126 2 855.816345 170.201126
33455 1 232.906799 238.878769 2 198.924088 238.878769
32125 1 214.990891 214.990891 2 179.897522 214.990891
33106 1 823.634033 248.832031 2 804.534363 248.832031
33462 1 310.542389 274.710571 2 276.267395 274.710571
32143 1 340.402252 265.155426 2 307.924438 265.155426
33514 1 546.435181 256.794678 2 523.885315 256.794678
32195 1 1022.284973 244.68483 2 1003.775696 244.68483
33328 1 119.439384 179.159073 2 74.526466 179.159073
31695 1 972.518555 242.611237 2 953.231262 242.611237
33378 1 131.383316 191.103012 2 86.990524 191.103012
25943 1 834.881348 93.16272 2 819.628235 93.16272
33649 1 512.394958 222.157257 2 499.824036 222.157257
33535 1 401.316345 71.663635 2 381.397675 71.663635
33672 1 388.177979 146.313248 2 370.709686 146.313248
33314 1 238.878754 134.369293 2 189.397583 134.369293
33448 1 286.65451 107.495445 2 251.054565 107.495445
33482 1 275.788849 248.832031 2 247.448898 248.832031
33006 1 214.990891 243.656357 2 180.590149 243.656357
32999 1 214.990891 214.990891 2 179.357437 214.990891
28787 1 870.713135 171.992722 2 853.829346 171.992722
33434 1 280.682556 131.383316 2 242.915375 131.383316
33230 1 809.799072 175.575897 2 791.304016 175.575897
27865 1 758.440063 188.117035 2 742.661133 188.117035
33159 1 401.316345 240.073166 2 381.118011 240.073166
33647 1 351.151794 214.990891 2 331.660461 214.990891
33634 1 636.014709 119.439384 2 628.263672 119.439384
30515 1 621.084778 232.906799 2 606.512451 232.906799
33039 1 300.987244 225.740448 2 277.679718 225.740448
31610 1 143.327255 262.766632 2 89.661362 262.766632
33172 1 519.56134 121.828178 2 515.706116 121.828178
32688 1 562.559509 128.994537 2 558.908264 128.994537
32275 1 877.879456 214.990891 2 860.063049 214.990891
33313 1 222.157257 114.661812 2 173.442261 114.661812
33055 1 544.942139 256.296997 2 522.692383 256.296997
26989 1 974.625427 139.74408 2 959.466187 139.74408
29863 1 900.771973 146.810898 2 884.830017 146.810898
33051 1 885.045837 272.321808 2 860.169495 272.321808
31750 1 1024.192749 244.850739 2 1005.356079 244.850739
33505 1 844.0 270.0 2 820.119507 270.0
33275 1 1018.0 349.0 2 961.124939 349.0
33481 1 1015.0 287.0 2 984.91687 287.0
33270 1 370.0 355.0 2 312.211853 355.0
33519 1 1159.0 252.0 2 1137.301514 252.0
33280 1 867.600037 346.800018 2 811.992065 346.800018
33277 1 1017.600037 348.0 2 962.163513 348.0
33083 1 907.200012 202.800003 2 889.852905 202.800003
33318 1 685.200012 337.200012 2 634.182861 337.200012
33095 1 577.200012 169.200012 2 576.122681 169.200012
33406 1 358.800018 22.800001 2 318.260437 22.800001
33368 1 157.200012 210.000015 2 111.739204 210.000015
33321 1 213.600006 105.600006 2 164.324326 105.600006
32188 1 564.480042 192.960007 2 556.591675 192.960007
33479 1 1078.560059 285.120026 2 1049.408081 285.120026
33305 1 987.840027 336.960022 2 934.689941 336.960022
32699 1 1018.080017 115.200005 2 1005.034668 115.200005
32958 1 826.560059 319.680023 2 780.75354 319.680023
33322 1 685.440002 336.960022 2 634.456055 336.960022
33486 1 731.52002 272.160004 2 703.333984 272.160004
32171 1 911.52002 30.240002 2 899.939636 30.240002
33066 1 573.119995 256.320007 2 549.50885 256.320007
33381 1 537.119995 322.559998 2 491.877136 322.559998
33425 1 567.360046 299.52002 2 528.957825 299.52002
33432 1 434.880005 290.880005 2 398.56424 290.880005
33410 1 149.76001 290.880005 2 111.511162 290.880005
33440 1 286.848022 110.59201 2 252.189728 110.59201
31669 1 844.992065 212.544022 2 826.447998 212.544022
30544 1 665.28009 84.672005 2 657.2323 84.672005
33185 1 711.936096 34.560005 2 697.800842 34.560005
32181 1 927.936096 240.192017 2 910.804688 240.192017
33345 1 1048.896118 323.136017 2 1001.504578 323.136017
33530 1 978.048096 145.152008 2 958.812683 145.152008
32170 1 781.056091 262.656036 2 759.916626 262.656036
32960 1 827.712097 321.40802 2 781.29303 321.40802
33391 1 891.648071 311.040039 2 847.670837 311.040039
33502 1 568.512024 255.744019 2 547.663025 255.744019
33337 1 537.408081 323.136017 2 491.659454 323.136017
33560 1 388.800049 145.152008 2 371.161407 145.152008
33340 1 200.448013 317.952026 2 152.826538 317.952026
33307 1 165.888016 333.504028 2 115.027779 333.504028
33331 1 212.544022 105.408012 2 163.887146 105.408012
32957 1 441.676849 325.555237 2 394.950806 325.555237
32587 1 945.561707 290.304047 2 912.41095 290.304047
33349 1 1047.168091 323.481659 2 1000.194702 323.481659
33411 1 217.728027 170.035217 2 177.029404 170.035217
33510 1 868.838501 271.641632 2 844.842529 271.641632
33290 1 89.16481 151.372818 2 36.801231 151.372818
32927 1 165.888031 333.84964 2 115.033371 333.84964
33329 1 201.139221 319.334442 2 155.376236 319.334442
33428 1 661.478516 298.59845 2 624.393311 298.59845
31706 1 729.077881 196.577301 2 712.154419 196.577301
33508 1 868.423828 271.226929 2 844.517212 271.226929
30452 1 1174.487183 99.532814 2 1159.641235 99.532814
33385 1 534.988892 323.481659 2 489.4599 323.481659
32550 1 485.222473 325.969971 2 438.693481 325.969971
33358 1 1047.582886 323.481659 2 999.738831 323.481659
31701 1 542.453857 199.065628 2 535.172363 199.065628
32996 1 661.893188 298.59845 2 624.363281 298.59845
33350 1 218.972198 54.74305 2 171.354095 54.74305
33363 1 201.553955 318.505005 2 154.651138 318.505005
33468 1 231.413788 238.878754 2 198.993256 238.878754
28185 1 798.750854 196.577301 2 780.549805 196.577301
33484 1 273.71524 248.832031 2 246.804337 248.832031
33351 1 268.738586 62.208008 2 221.018326 62.208008
32210 1 694.241394 52.254726 2 681.539062 52.254726
33105 1 880.865417 246.343719 2 863.406921 246.343719
32949 1 440.432709 325.969971 2 394.245697 325.969971
33037 1 731.566162 273.71524 2 703.878845 273.71524
33226 1 701.70636 188.117035 2 687.572449 188.117035
32273 1 901.767334 146.313248 2 885.852905 146.313248
30472 1 648.555847 103.91227 2 642.374329 103.91227
32673 1 474.771545 170.201126 2 469.504242 170.201126
27558 1 1065.99646 176.173096 2 1042.845459 176.173096
33042 1 1080.926392 280.682556 2 1050.996704 280.682556
31074 1 1155.57605 247.836716 2 1134.425293 247.836716
33046 1 1078.53772 279.488159 2 1047.557983 279.488159
27894 1 580.475403 197.074982 2 574.349243 197.074982
30479 1 713.053162 247.239532 2 695.405151 247.239532
33283 1 143.327271 261.572266 2 89.266159 261.572266
33453 1 279.488159 128.994537 2 245.505051 128.994537
33461 1 232.906799 240.073166 2 198.800705 240.073166
33550 1 401.316345 161.243179 2 383.369019 161.243179
33164 1 498.062256 189.90863 2 492.037445 189.90863
33558 1 315.319977 218.574081 2 297.697998 218.574081
23533 1 834.881348 164.826355 2 820.920898 164.826355
33342 1 240.073166 78.829994 2 193.039124 78.829994
32711 1 508.811798 96.745903 2 496.617554 96.745903
33418 1 247.239532 286.654541 2 205.768951 286.654541
33156 1 433.564972 186.325439 2 426.514954 186.325439
32506 1 125.411354 247.239532 2 72.335815 247.239532
32649 1 885.045837 247.239532 2 867.880066 247.239532
33445 1 308.153625 275.904999 2 274.792938 275.904999
33474 1 541.060425 272.321808 2 511.69928 272.321808
32716 1 627.056763 232.906799 2 613.174377 232.906799
