279
-13.8 -2.89 149 0.0217 -0.00129 0.0472 0.706 
34728 1 603.0 154.0 2 599.012085 154.0
31672 1 629.0 166.0 2 628.1745 166.0
32626 1 526.800049 182.400009 2 521.900269 182.400009
32622 1 576.0 166.800003 2 570.966614 166.800003
32162 1 554.400024 148.800003 2 549.76062 148.800003
34679 1 567.600037 105.600006 2 563.553589 105.600006
34531 1 303.600006 172.800003 2 275.497833 172.800003
34475 1 336.0 43.200001 2 306.539581 43.200001
34628 1 378.0 124.800003 2 354.123383 124.800003
34407 1 969.600037 306.0 2 933.632751 306.0
34627 1 1125.600098 31.200001 2 1102.601074 31.200001
34602 1 1136.400024 114.000008 2 1111.50293 114.000008
34453 1 854.400024 292.800018 2 823.802795 292.800018
33095 1 628.800049 165.600006 2 627.98645 165.600006
31668 1 616.800049 192.0 2 607.970886 192.0
34496 1 1092.960083 233.280014 2 1063.792603 233.280014
34532 1 316.800018 155.520004 2 289.02298 155.520004
34481 1 335.52002 43.200001 2 306.29599 43.200001
34549 1 334.080017 105.120003 2 306.29071 105.120003
34516 1 1127.52002 234.720016 2 1098.983154 234.720016
34450 1 1078.272095 207.360016 2 1046.483765 207.360016
34483 1 1184.025757 205.286423 2 1154.34729 205.286423
34517 1 1136.160034 272.160004 2 1107.037598 272.160004
34650 1 1124.640015 31.68 2 1100.436523 31.68
34046 1 1016.640015 177.12001 2 987.653992 177.12001
33684 1 891.648071 188.35202 2 865.780579 188.35202
34674 1 777.600037 77.760002 2 766.80542 77.760002
33207 1 809.280029 180.0 2 788.453735 180.0
32648 1 711.360046 97.920006 2 702.536865 97.920006
34559 1 544.320007 266.400024 2 518.092712 266.400024
32188 1 616.320007 191.520004 2 607.205505 191.520004
32623 1 591.840027 115.200005 2 587.759644 115.200005
34474 1 318.240021 46.080002 2 287.758484 46.080002
33994 1 286.848022 153.792007 2 256.812683 153.792007
34550 1 336.960022 134.784012 2 309.985443 134.784012
34686 1 395.712036 129.600006 2 371.042358 129.600006
34604 1 390.528046 108.864014 2 366.322937 108.864014
34148 1 1207.87207 255.744019 2 1180.540161 255.744019
34689 1 953.856079 216.000015 2 925.986511 216.000015
34592 1 1137.024048 114.048012 2 1111.950928 114.048012
34397 1 590.976074 314.496033 2 548.416016 314.496033
34695 1 767.232056 202.176025 2 746.114868 202.176025
34752 1 616.896057 191.808014 2 607.701965 191.808014
32659 1 711.936096 98.49601 2 704.386108 98.49601
34417 1 354.585663 273.71524 2 320.831024 273.71524
34630 1 423.360046 34.560005 2 399.620605 34.560005
34048 1 1137.024048 273.024017 2 1107.848999 273.024017
34434 1 1045.440063 205.632019 2 1013.579163 205.632019
34698 1 473.472046 172.800018 2 467.264587 172.800018
32658 1 558.144043 183.168015 2 552.698486 183.168015
32202 1 589.248047 112.320007 2 585.098328 112.320007
34500 1 868.838501 288.230438 2 838.594238 288.230438
34528 1 1169.51062 170.035217 2 1141.838867 170.035217
34088 1 1136.333008 114.048019 2 1112.002686 114.048019
34681 1 953.85614 215.654434 2 925.150696 215.654434
34112 1 777.600098 76.723213 2 766.527527 76.723213
33137 1 744.422485 80.870415 2 735.396057 80.870415
32669 1 557.798462 184.55043 2 551.563232 184.55043
34738 1 615.859314 128.563217 2 611.507385 128.563217
33079 1 989.107361 244.68483 2 956.828369 244.68483
34465 1 1044.0 205.920013 2 1012.76178 205.920013
33611 1 651.110474 134.784012 2 647.427185 134.784012
34492 1 1123.891357 223.948837 2 1094.869019 223.948837
34693 1 545.356873 74.649612 2 531.511719 74.649612
33977 1 288.230438 155.52002 2 257.076782 155.52002
34611 1 375.321655 153.446426 2 349.87738 153.446426
33192 1 776.355957 77.137932 2 765.374756 77.137932
25241 1 771.379333 72.161293 2 760.063477 72.161293
33582 1 684.288086 248.832031 2 664.795532 248.832031
33661 1 465.315918 226.437149 2 449.58905 226.437149
34073 1 1167.022217 171.694107 2 1139.315186 171.694107
32274 1 612.126831 194.088989 2 603.758728 194.088989
34709 1 744.007812 82.114571 2 734.851379 82.114571
33581 1 1017.723022 176.670746 2 987.393555 176.670746
34491 1 987.863159 243.855392 2 956.655762 243.855392
34446 1 1045.094604 206.530594 2 1013.733704 206.530594
34603 1 390.66629 109.486099 2 365.912262 109.486099
33087 1 1074.954346 209.018906 2 1043.367554 209.018906
34165 1 863.447144 47.278088 2 849.105347 47.278088
34085 1 373.248047 151.787537 2 348.992554 151.787537
34410 1 353.341492 273.71524 2 319.542297 273.71524
28191 1 741.51947 139.345947 2 732.591187 139.345947
33951 1 629.545044 316.016693 2 586.551758 316.016693
34655 1 726.589539 251.320358 2 705.907837 251.320358
32629 1 768.890991 258.785309 2 745.048462 258.785309
33531 1 972.933228 306.063416 2 937.382874 306.063416
34741 1 953.026672 213.995544 2 923.718323 213.995544
34746 1 618.098816 125.411354 2 615.585693 125.411354
33135 1 1098.842285 155.271194 2 1072.363892 155.271194
33610 1 546.435181 164.229156 2 541.12146 164.229156
30472 1 710.664307 89.579536 2 702.733704 89.579536
34441 1 1074.954468 283.668549 2 1044.282959 283.668549
34512 1 994.332886 194.088989 2 965.086731 194.088989
34123 1 388.177979 110.48143 2 365.011292 110.48143
34472 1 1089.884399 229.920807 2 1058.912964 229.920807
34547 1 313.528381 149.299225 2 284.798676 149.299225
34619 1 373.248077 152.285217 2 349.018066 152.285217
33946 1 576.295044 316.514374 2 533.767822 316.514374
34699 1 510.603363 209.018921 2 499.962463 209.018921
33196 1 776.355957 77.635597 2 764.080688 77.635597
33942 1 627.056763 316.514374 2 584.390686 316.514374
34435 1 851.005615 283.668549 2 821.558899 283.668549
34119 1 952.529053 214.990891 2 924.355042 214.990891
33609 1 544.643616 75.246811 2 529.693726 75.246811
31705 1 1100.036743 154.076813 2 1073.025391 154.076813
34535 1 1057.038574 150.493622 2 1029.506348 150.493622
34484 1 988.95813 243.656357 2 958.407166 243.656357
33080 1 1039.122681 211.407715 2 1005.735474 211.407715
32183 1 996.124512 193.491806 2 965.885925 193.491806
34461 1 283.07135 182.742264 2 252.904053 182.742264
34555 1 315.319977 150.493622 2 287.639923 150.493622
34175 1 469.39679 225.740448 2 453.053101 225.740448
33613 1 390.566803 111.078629 2 365.129547 111.078629
33090 1 1053.455444 286.654541 2 1020.982361 286.654541
32655 1 1074.954468 207.824539 2 1042.375732 207.824539
34710 1 458.647247 179.159088 2 451.337097 179.159088
34381 1 225.740448 118.244995 2 180.693146 118.244995
34059 1 340.402252 132.577713 2 312.034515 132.577713
33109 1 351.151794 275.904999 2 318.362946 275.904999
28746 1 777.550415 78.829994 2 765.554138 78.829994
31706 1 863.546753 197.074982 2 839.332458 197.074982
34664 1 913.711304 136.160904 2 890.549438 136.160904
34427 1 1039.122681 286.654541 2 1005.702454 286.654541
29237 1 1128.702271 236.48999 2 1099.053833 236.48999
35222 1 982.0 52.0 2 962.1203 52.0
34906 1 257.0 66.0 2 223.393387 66.0
34974 1 1019.0 214.0 2 987.748413 214.0
35027 1 1025.0 197.0 2 995.537048 197.0
34937 1 276.0 140.0 2 243.682098 140.0
34908 1 290.0 123.0 2 256.589355 123.0
35229 1 343.0 219.0 2 323.848633 219.0
35014 1 308.0 40.0 2 277.952911 40.0
34915 1 266.0 86.0 2 232.781784 86.0
35166 1 423.0 124.0 2 398.613953 124.0
35053 1 338.0 73.0 2 309.299805 73.0
35115 1 317.0 218.0 2 290.816101 218.0
35117 1 344.0 110.0 2 317.885071 110.0
35121 1 328.0 186.0 2 301.949646 186.0
34973 1 1078.0 207.0 2 1046.719238 207.0
34913 1 1169.0 297.0 2 1135.747803 297.0
35043 1 1137.0 273.0 2 1107.923706 273.0
34886 1 969.0 307.0 2 932.461243 307.0
34789 1 711.0 337.0 2 661.040283 337.0
35232 1 775.0 30.0 2 756.162903 30.0
35205 1 810.0 180.0 2 789.141846 180.0
35214 1 781.0 189.0 2 760.688843 189.0
35107 1 545.0 266.0 2 518.412537 266.0
35179 1 320.0 234.0 2 296.493195 234.0
35090 1 1071.0 184.0 2 1043.710449 184.0
35020 1 1052.0 176.0 2 1022.055908 176.0
34981 1 1018.800049 213.600006 2 987.671448 213.600006
34471 1 1011.600037 216.000015 2 980.215271 216.000015
35033 1 1024.800049 196.800003 2 995.444397 196.800003
35000 1 981.0 132.0 2 950.60675 132.0
35228 1 367.200012 220.800003 2 348.170013 220.800003
35088 1 344.0 34.0 2 316.653442 34.0
34912 1 253.0 144.0 2 219.725464 144.0
35152 1 365.0 103.0 2 339.856506 103.0
34999 1 323.0 61.0 2 292.582855 61.0
34987 1 319.200012 46.800003 2 288.245972 46.800003
35144 1 346.800018 180.0 2 321.345642 180.0
35159 1 396.000031 129.600006 2 371.151825 129.600006
35160 1 394.800018 123.600006 2 369.982635 123.600006
35068 1 304.0 173.0 2 275.731567 173.0
34952 1 1045.0 261.0 2 1012.988586 261.0
35061 1 1132.800049 264.0 2 1104.311035 264.0
34857 1 1086.0 333.0 2 1043.907715 333.0
34959 1 1077.0 284.0 2 1045.302246 284.0
34905 1 1168.800049 296.400024 2 1135.145264 296.400024
35059 1 953.0 215.0 2 924.439819 215.0
34979 1 1007.0 240.0 2 975.826111 240.0
35039 1 987.0 244.0 2 957.782959 244.0
34961 1 1026.0 281.0 2 994.40686 281.0
35005 1 1069.200073 111.600006 2 1038.929077 111.600006
35149 1 1114.0 101.0 2 1088.650269 101.0
35050 1 1095.0 190.0 2 1066.113403 190.0
35067 1 1170.0 171.0 2 1141.672729 171.0
35125 1 958.800049 153.600006 2 932.80835 153.600006
35029 1 990.0 183.0 2 960.561218 183.0
35102 1 892.0 259.0 2 865.155396 259.0
35184 1 834.000061 190.800003 2 810.986511 190.800003
34982 1 855.0 294.0 2 823.890808 294.0
35219 1 678.0 247.200012 2 657.632751 247.200012
35203 1 810.000061 180.0 2 788.992432 180.0
34849 1 569.0 320.0 2 526.184448 320.0
35236 1 351.600006 200.400009 2 333.498047 200.400009
34916 1 358.800018 271.200012 2 325.59494 271.200012
34950 1 232.800003 189.600006 2 200.692978 189.600006
35187 1 319.200012 234.000015 2 296.356812 234.000015
34923 1 277.200012 62.400002 2 244.348282 62.400002
34929 1 289.200012 122.400002 2 256.495575 122.400002
34928 1 252.000015 144.0 2 219.285034 144.0
35211 1 946.080017 60.480003 2 925.584839 60.480003
35021 1 322.800018 61.200001 2 292.984589 61.200001
34804 1 721.440002 328.320007 2 672.932129 328.320007
35155 1 363.600006 96.0 2 338.565063 96.0
35097 1 338.400024 91.200005 2 311.446564 91.200005
35051 1 318.0 156.0 2 289.229553 156.0
35092 1 337.200012 134.400009 2 310.061157 134.400009
35007 1 1078.560059 264.960022 2 1048.344971 264.960022
34037 1 1127.52002 234.720016 2 1098.983154 234.720016
34858 1 1086.0 332.400024 2 1043.969482 332.400024
34872 1 1026.0 323.0 2 986.826538 323.0
34511 1 1136.400024 272.400024 2 1107.394409 272.400024
35065 1 952.800049 214.800003 2 924.461731 214.800003
34965 1 1006.800049 238.800003 2 975.372131 238.800003
35003 1 987.840027 243.360016 2 956.901917 243.360016
34960 1 1026.0 280.800018 2 994.376465 280.800018
35156 1 1113.600098 100.800003 2 1088.650024 100.800003
35074 1 1170.0 170.400009 2 1142.019897 170.400009
35030 1 1017.600037 176.400009 2 988.183411 176.400009
35181 1 770.400024 257.76001 2 747.178101 257.76001
35218 1 765.600037 204.000015 2 745.590271 204.000015
35078 1 654.0 273.600006 2 626.234741 273.600006
35212 1 780.480042 188.640015 2 760.033264 188.640015
35207 1 862.560059 164.160004 2 841.750183 164.160004
34839 1 570.0 321.600006 2 526.152954 321.600006
34909 1 355.680023 272.160004 2 322.280243 272.160004
34888 1 439.200012 291.600006 2 402.787781 291.600006
35198 1 432.000031 61.920002 2 410.45108 61.920002
35172 1 320.400024 234.000015 2 296.388214 234.000015
34891 1 253.200012 271.200012 2 217.287827 271.200012
34807 1 116.400002 235.200012 2 68.214363 235.200012
34901 1 260.400024 46.800003 2 226.37262 46.800003
34790 1 228.960007 60.480003 2 179.008759 60.480003
34953 1 285.0 65.0 2 253.011978 65.0
34967 1 250.800003 165.600006 2 219.403076 165.600006
35024 1 286.559998 154.080002 2 256.87323 154.080002
34816 1 164.160004 152.639999 2 116.766724 152.639999
35110 1 318.240021 201.600006 2 291.764008 201.600006
35197 1 910.080017 103.680008 2 888.416992 103.680008
35170 1 400.896027 127.872009 2 376.613464 127.872009
35083 1 321.40802 172.800018 2 293.914337 172.800018
34840 1 501.120026 319.680023 2 457.294769 319.680023
35118 1 544.320068 266.11203 2 518.229736 266.11203
35084 1 652.320007 273.600006 2 624.853394 273.600006
34852 1 570.240051 319.680023 2 527.737854 319.680023
34904 1 250.560028 271.296021 2 216.875381 271.296021
34902 1 887.040039 302.400024 2 853.199341 302.400024
33579 1 781.056091 188.35202 2 760.262573 188.35202
34837 1 288.0 318.0 2 244.065079 318.0
35223 1 678.240051 247.680008 2 658.575623 247.680008
35106 1 893.376099 148.608017 2 866.668457 148.608017
35130 1 1091.52002 148.320007 2 1065.620483 148.320007
35072 1 1149.120117 221.184021 2 1121.052612 221.184021
35225 1 455.040009 231.840012 2 435.391357 231.840012
35191 1 350.784027 235.008026 2 328.082336 235.008026
34949 1 1044.0 259.200012 2 1011.875549 259.200012
34801 1 116.640007 234.720016 2 67.983803 234.720016
34107 1 577.440002 112.320007 2 573.68512 112.320007
34971 1 250.560013 165.600006 2 219.229614 165.600006
34972 1 233.280014 178.560013 2 201.991821 178.560013
34921 1 252.000015 144.0 2 218.975922 144.0
34768 1 176.400009 142.800003 2 123.908836 142.800003
35017 1 317.952026 46.656006 2 287.966675 46.656006
34927 1 276.480011 61.920002 2 243.747238 61.920002
35055 1 298.080017 174.240005 2 269.458832 174.240005
35101 1 336.960022 133.919998 2 310.090454 133.919998
35168 1 374.400024 152.639999 2 350.046173 152.639999
35111 1 889.920044 256.320007 2 863.46637 256.320007
35143 1 883.353699 194.918427 2 857.890808 194.918427
34884 1 940.032104 312.768036 2 903.050415 312.768036
35062 1 1137.0 281.0 2 1108.516968 281.0
34878 1 312.480011 295.200012 2 273.966797 295.200012
35221 1 779.673706 188.697632 2 759.746277 188.697632
35188 1 720.0 266.400024 2 697.200012 266.400024
34907 1 215.654434 265.420837 2 182.17189 265.420837
34581 1 1136.160034 113.760002 2 1111.023315 113.760002
34873 1 1028.160156 323.136017 2 989.015076 323.136017
35119 1 1078.272095 165.888016 2 1052.187378 165.888016
34836 1 822.528076 323.136017 2 778.53125 323.136017
35120 1 891.648132 161.740829 2 865.585693 161.740829
35019 1 1090.368164 250.560028 2 1060.420898 250.560028
34944 1 1045.094604 263.347229 2 1012.897766 263.347229
34962 1 1044.0 205.0 2 1012.429321 205.0
35035 1 1017.792114 177.984024 2 988.443298 177.984024
34985 1 250.560028 165.888016 2 219.570847 165.888016
34969 1 233.280029 177.984024 2 201.919861 177.984024
34822 1 228.096039 120.268814 2 181.646179 120.268814
35176 1 389.836853 109.900818 2 366.165497 109.900818
34803 1 101.952011 252.288025 2 53.380539 252.288025
35196 1 1007.424072 53.568005 2 985.667786 53.568005
35100 1 338.688019 91.584007 2 311.764313 91.584007
35153 1 309.312042 238.46402 2 284.229492 238.46402
35093 1 319.680023 202.176025 2 292.544983 202.176025
35085 1 300.672028 207.360031 2 273.206573 207.360031
34935 1 288.230438 122.342415 2 255.848114 122.342415
35163 1 374.976044 153.792007 2 350.375671 153.792007
35167 1 361.152039 127.872009 2 336.766296 127.872009
34890 1 437.529663 292.377655 2 401.366577 292.377655
34848 1 630.720032 316.22403 2 587.88147 316.22403
35145 1 663.552124 248.832031 2 638.108093 248.832031
34818 1 520.128052 295.488037 2 472.893555 295.488037
34443 1 1076.544067 283.392029 2 1045.074951 283.392029
34936 1 1047.582886 286.15683 2 1015.595154 286.15683
34673 1 781.200012 188.400009 2 760.63092 188.400009
33181 1 1096.453613 265.155426 2 1065.841919 265.155426
33099 1 1076.198608 207.360031 2 1044.444946 207.360031
35237 1 454.118469 232.243225 2 436.259216 232.243225
34799 1 101.606415 252.979233 2 52.785652 252.979233
35128 1 1078.272095 165.888031 2 1052.333862 165.888031
34977 1 250.90564 165.888031 2 219.698044 165.888031
35194 1 350.438446 234.316833 2 328.271912 234.316833
33082 1 1125.964966 236.390427 2 1097.385254 236.390427
35174 1 385.689667 111.974419 2 361.841095 111.974419
34792 1 228.096039 60.134407 2 178.489182 60.134407
34815 1 164.160019 153.792007 2 116.733025 153.792007
34771 1 174.528015 141.696014 2 122.386635 141.696014
35154 1 308.966431 238.464035 2 283.899719 238.464035
35199 1 1005.696167 53.913609 2 984.191406 53.913609
35162 1 373.248047 122.342415 2 348.562073 122.342415
34877 1 312.768036 295.488037 2 274.126678 295.488037
34931 1 245.376022 269.568024 2 212.735214 269.568024
34851 1 593.049683 315.187256 2 550.457031 315.187256
34860 1 630.374512 315.187256 2 588.48999 315.187256
34179 1 725.760132 250.90564 2 705.12207 250.90564
35146 1 1101.081787 157.593628 2 1075.661743 157.593628
35025 1 1067.904175 111.974419 2 1038.380493 111.974419
33599 1 463.104034 191.808014 2 456.337219 191.808014
34013 1 1094.860962 266.250275 2 1064.90979 266.250275
33106 1 1047.168091 288.230438 2 1014.813171 288.230438
34814 1 163.814423 153.446426 2 116.352013 153.446426
34757 1 152.285217 140.341278 2 74.23568 140.341278
35112 1 892.0 188.0 2 865.580627 188.0
34810 1 161.740829 298.59845 2 113.76857 298.59845
34864 1 103.680016 271.641632 2 62.091686 271.641632
35132 1 408.084534 251.320358 2 382.217255 251.320358
35234 1 343.388214 209.018906 2 324.732513 209.018906
35141 1 1077.442749 166.717468 2 1051.946899 166.717468
31673 1 1017.723022 176.670746 2 987.393555 176.670746
34897 1 283.668518 92.067856 2 248.755249 92.067856
34925 1 276.203552 62.208008 2 243.375656 62.208008
35158 1 373.248047 121.927696 2 348.394928 121.927696
34508 1 354.585663 66.355209 2 325.905548 66.355209
34594 1 340.402252 92.565521 2 312.909088 92.565521
35210 1 1012.248779 119.439384 2 991.703186 119.439384
35098 1 337.41626 134.369308 2 310.46347 134.369308
34820 1 228.925476 119.439377 2 182.096436 119.439377
34819 1 186.624023 136.85762 2 139.668076 136.85762
35060 1 261.273651 233.902115 2 232.735718 233.902115
34970 1 278.691895 191.600662 2 247.348221 191.600662
34898 1 216.483871 266.250275 2 181.697235 266.250275
34941 1 244.68483 269.568024 2 212.477814 269.568024
35080 1 651.110474 273.71524 2 623.455078 273.71524
32644 1 770.688049 259.200012 2 747.750244 259.200012
35069 1 1099.837646 154.275864 2 1071.573242 154.275864
35233 1 361.304138 223.948837 2 342.475006 223.948837
34133 1 412.065887 197.074982 2 400.440948 197.074982
29262 1 609.140869 193.491806 2 601.556274 193.491806
35131 1 891.600037 187.200012 2 865.720032 187.200012
25920 1 892.212219 136.160904 2 865.83136 136.160904
34783 1 206.032928 164.229156 2 155.371521 164.229156
34809 1 188.117035 137.355286 2 140.067673 137.355286
32725 1 1127.209106 236.390427 2 1098.09082 236.390427
34917 1 280.682556 89.579536 2 247.505341 89.579536
34924 1 252.979233 82.944016 2 220.133163 82.944016
34920 1 298.59845 104.50946 2 265.479218 104.50946
34014 1 338.41156 92.067856 2 311.556488 92.067856
34945 1 229.920807 200.060959 2 197.765366 200.060959
35073 1 310.542389 179.159073 2 282.487579 179.159073
35164 1 315.319977 229.323624 2 290.751526 229.323624
35227 1 340.402252 209.018921 2 320.934265 209.018921
34825 1 226.93483 119.439384 2 181.048569 119.439384
34800 1 176.670746 106.997772 2 127.907181 106.997772
34806 1 164.229141 154.275864 2 116.042343 154.275864
34922 1 352.346191 274.710571 2 319.390076 274.710571
34918 1 248.832031 271.226929 2 215.665115 271.226929
32711 1 544.942139 74.649612 2 530.946899 74.649612
30515 1 702.303589 261.572266 2 681.063232 261.572266
35109 1 1065.001099 146.810898 2 1038.520996 146.810898
