291
129.2245 -10.23342 93.4639 0.020609846225164003 0.38635128296843463 -0.026331873983065465 0.9217453839318966
36913 1 361.0 77.0 2 338.835754 77.0
36956 1 421.0 61.0 2 400.392609 61.0
36781 1 239.0 129.0 2 212.744492 129.0
36882 1 241.0 98.0 2 217.009613 98.0
36863 1 211.0 147.0 2 186.691696 147.0
31626 1 672.0 153.0 2 671.037598 153.0
36839 1 306.0 74.0 2 281.459961 74.0
36366 1 490.0 143.0 2 481.467865 143.0
36854 1 305.0 136.0 2 280.577301 136.0
36837 1 288.0 128.0 2 262.630951 128.0
36835 1 285.0 114.0 2 260.138855 114.0
36792 1 275.0 145.0 2 249.560608 145.0
36584 1 1074.0 212.0 2 1021.448364 212.0
36693 1 961.0 274.0 2 925.554077 274.0
36977 1 951.0 73.0 2 931.559387 73.0
36889 1 816.0 244.0 2 792.06073 244.0
36896 1 857.0 244.0 2 832.316833 244.0
36840 1 338.0 80.0 2 312.581177 80.0
36857 1 350.0 54.0 2 325.823853 54.0
36916 1 414.0 57.0 2 392.304016 57.0
36369 1 381.600006 133.200012 2 360.961273 133.200012
36954 1 369.600006 129.600006 2 348.788239 129.600006
36852 1 237.600006 116.400002 2 212.932129 116.400002
36971 1 421.200012 122.400002 2 401.09668 122.400002
35171 1 579.600037 81.600006 2 575.352905 81.600006
36849 1 315.600006 54.000004 2 290.756836 54.000004
36367 1 542.400024 152.400009 2 534.717896 152.400009
36362 1 345.600006 200.160004 2 324.884308 200.160004
36829 1 262.800018 108.000008 2 238.144455 108.000008
36860 1 304.800018 135.600006 2 280.376678 135.600006
36324 1 288.0 128.400009 2 262.714142 128.400009
36812 1 285.600006 114.000008 2 260.815308 114.000008
36872 1 304.800018 73.200005 2 280.480347 73.200005
36348 1 302.400024 180.0 2 278.538483 180.0
36790 1 306.0 158.400009 2 280.56366 158.400009
36813 1 268.800018 93.600006 2 243.376312 93.600006
36794 1 264.0 213.600006 2 237.917206 213.600006
36819 1 267.600006 175.200012 2 242.3461 175.200012
36738 1 1012.800049 242.400009 2 983.656738 242.400009
36617 1 970.800049 320.400024 2 919.407471 320.400024
36570 1 1189.200073 96.0 2 1135.384521 96.0
36535 1 1216.800049 160.800003 2 1162.351196 160.800003
36933 1 980.400024 49.200001 2 959.812622 49.200001
36886 1 816.000061 243.600006 2 792.172241 243.600006
36810 1 856.800049 243.600006 2 832.159363 243.600006
36925 1 702.720032 239.040009 2 680.161682 239.040009
36700 1 667.200012 283.200012 2 631.525024 283.200012
36701 1 732.0 284.400024 2 698.064209 284.400024
34619 1 637.200012 94.800003 2 632.676208 94.800003
36753 1 438.000031 261.600006 2 407.355743 261.600006
36844 1 349.200012 54.000004 2 324.626373 54.000004
36930 1 405.600006 54.000004 2 384.20285 54.000004
36944 1 348.0 140.400009 2 327.419556 140.400009
36765 1 246.000015 229.200012 2 217.537064 229.200012
36888 1 240.000015 97.200005 2 216.167526 97.200005
36878 1 189.600006 102.000008 2 165.602417 102.000008
36846 1 237.600006 116.640007 2 213.021545 116.640007
36867 1 223.200012 108.000008 2 198.97081 108.000008
34565 1 470.880005 175.680008 2 461.545166 175.680008
35774 1 486.720032 159.840012 2 479.247162 159.840012
36789 1 273.600006 141.12001 2 248.135651 141.12001
36318 1 263.52002 108.000008 2 238.576523 108.000008
32569 1 614.880005 151.200012 2 609.299683 151.200012
36912 1 322.559998 175.680008 2 301.67807 175.680008
36908 1 319.680023 171.360001 2 296.72049 171.360001
36314 1 305.279999 158.400009 2 279.841614 158.400009
36827 1 267.839996 175.680008 2 242.294418 175.680008
36744 1 1012.320068 240.480011 2 982.080017 240.480011
36546 1 1002.240051 332.640015 2 948.52655 332.640015
36605 1 1100.160034 84.960007 2 1049.821777 84.960007
36551 1 1176.480103 112.320007 2 1122.357422 112.320007
36980 1 948.960022 73.440002 2 929.093323 73.440002
36941 1 980.640015 48.960003 2 959.335083 48.960003
36562 1 895.680054 338.400024 2 841.862915 338.400024
36919 1 691.200012 243.360016 2 669.665466 243.360016
36708 1 731.52002 285.120026 2 696.419312 285.120026
36427 1 698.400024 185.76001 2 690.027222 185.76001
36897 1 508.320007 243.360016 2 485.494354 243.360016
36728 1 555.840027 267.839996 2 524.394531 267.839996
36662 1 616.320007 305.279999 2 573.994202 305.279999
36655 1 576.0 302.400024 2 532.861389 302.400024
36361 1 384.480011 190.080002 2 366.934967 190.080002
36747 1 400.320007 263.52002 2 370.188721 263.52002
32572 1 558.720032 171.360001 2 553.48584 171.360001
36918 1 360.0 76.32 2 337.940582 76.32
36346 1 336.960022 80.639999 2 312.063446 80.639999
36891 1 240.480011 97.920006 2 216.517029 97.920006
35168 1 487.296051 158.976013 2 478.769684 158.976013
36767 1 233.280029 212.544022 2 203.573853 212.544022
36788 1 236.736023 129.600006 2 211.182846 129.600006
36848 1 224.640015 108.864014 2 199.860214 108.864014
36308 1 274.752014 139.968018 2 249.150513 139.968018
36960 1 352.512024 184.896011 2 331.683685 184.896011
36943 1 343.87204 157.248016 2 322.422638 157.248016
36964 1 331.776031 164.160019 2 311.547302 164.160019
36830 1 304.128021 134.784012 2 279.330048 134.784012
36335 1 302.400024 120.960014 2 277.757812 120.960014
36358 1 319.680023 171.072021 2 296.744507 171.072021
36351 1 302.400024 179.712021 2 278.378906 179.712021
36327 1 305.856018 157.248016 2 281.097626 157.248016
36597 1 971.136108 319.680023 2 920.880981 319.680023
36630 1 933.120117 314.496033 2 885.35321 314.496033
36575 1 1002.240112 330.048035 2 947.720215 330.048035
36602 1 1102.464111 84.672005 2 1050.802002 84.672005
36210 1 1188.864136 96.768005 2 1136.467163 96.768005
36588 1 1109.376099 172.800018 2 1056.424927 172.800018
36545 1 1176.768066 112.320007 2 1123.368774 112.320007
36347 1 817.344055 243.648026 2 793.924683 243.648026
36904 1 857.088074 243.648026 2 831.978882 243.648026
36564 1 896.832092 338.688019 2 842.515808 338.688019
36280 1 889.920105 267.840027 2 856.591125 267.840027
36984 1 622.080078 235.008026 2 602.529541 235.008026
36389 1 639.360046 193.536011 2 628.341675 193.536011
36927 1 703.296082 240.192017 2 681.256531 240.192017
36709 1 668.736084 283.392029 2 633.004456 283.392029
36702 1 730.944092 285.120026 2 695.772095 285.120026
35786 1 768.960083 79.488007 2 754.175293 79.488007
31622 1 668.736084 181.440018 2 657.752014 181.440018
36900 1 509.76004 243.648026 2 485.86499 243.648026
36973 1 476.92804 224.640015 2 455.551483 224.640015
36606 1 514.944031 324.864044 2 464.984192 324.864044
36664 1 611.712036 304.128021 2 569.923889 304.128021
36654 1 577.152039 302.400024 2 533.860962 302.400024
36374 1 345.600037 200.448013 2 325.003357 200.448013
36733 1 400.896027 262.656036 2 370.481689 262.656036
36377 1 473.472046 100.224007 2 460.233765 100.224007
33033 1 594.432068 172.800018 2 588.894775 172.800018
36924 1 359.424042 76.032005 2 337.757538 76.032005
36953 1 373.248047 127.872009 2 352.355743 127.872009
36928 1 345.600037 141.696014 2 325.475861 141.696014
36947 1 397.440033 143.424011 2 376.857605 143.424011
36624 1 281.664032 297.216034 2 234.176315 297.216034
36893 1 190.080017 101.952011 2 165.514267 101.952011
36342 1 312.768036 103.680008 2 288.166473 103.680008
36890 1 210.816025 155.52002 2 186.237686 155.52002
36975 1 950.400085 74.304008 2 930.952942 74.304008
36320 1 273.71524 138.931213 2 248.079514 138.931213
36899 1 319.334442 172.108826 2 295.70813 172.108826
36309 1 304.819244 157.593628 2 279.350922 157.593628
36887 1 240.537628 97.459213 2 216.426117 97.459213
36877 1 223.948837 109.900818 2 199.779358 109.900818
36834 1 250.90564 74.649612 2 226.280746 74.649612
36328 1 257.126434 170.035217 2 231.882736 170.035217
36824 1 286.15683 157.593628 2 260.845245 157.593628
36558 1 1109.376099 172.108826 2 1059.236572 172.108826
36622 1 970.444946 321.408051 2 919.765198 321.408051
36626 1 931.046509 315.187256 2 883.65448 315.187256
36590 1 1101.081787 194.918427 2 1047.549072 194.918427
36923 1 982.886536 47.692806 2 961.41687 47.692806
36565 1 1175.731323 111.974419 2 1122.824219 111.974419
36522 1 1171.584106 58.060806 2 1117.510132 58.060806
36315 1 816.998535 244.68483 2 793.098633 244.68483
36661 1 611.712097 304.819244 2 569.536926 304.819244
36724 1 555.724854 267.494446 2 524.979858 267.494446
36665 1 783.820923 302.745636 2 741.579285 302.745636
36553 1 510.105682 333.84964 2 456.748535 333.84964
36815 1 402.278442 74.649612 2 376.225037 74.649612
36917 1 692.58252 242.611237 2 671.176147 242.611237
36974 1 622.080078 234.316833 2 602.297791 234.316833
36697 1 364.953644 271.641632 2 329.103027 271.641632
36678 1 348.364838 282.009644 2 309.789368 282.009644
36690 1 165.888031 242.611237 2 130.660477 242.611237
33525 1 595.123291 172.108826 2 588.725891 172.108826
35802 1 418.867249 163.814423 2 403.433228 163.814423
36730 1 192.844833 207.360031 2 163.016693 207.360031
36958 1 346.29126 141.004822 2 325.40863 141.004822
36817 1 207.360031 145.152023 2 182.302872 145.152023
36391 1 522.547302 124.416016 2 513.890076 124.416016
36853 1 302.745636 134.784012 2 278.148773 134.784012
36806 1 256.296997 171.694107 2 231.668884 171.694107
36591 1 1107.302612 171.694107 2 1057.395142 171.694107
36905 1 816.169067 243.855392 2 792.152344 243.855392
36713 1 649.451599 283.668518 2 613.56134 283.668518
36907 1 967.956604 156.764175 2 943.985413 156.764175
36938 1 948.050049 74.649612 2 929.470276 74.649612
36711 1 729.077881 283.668518 2 695.280212 283.668518
36603 1 164.229141 301.086761 2 112.824348 301.086761
36669 1 609.638489 303.575073 2 568.344177 303.575073
36241 1 577.290344 303.575073 2 534.171143 303.575073
36718 1 554.895447 268.738586 2 523.544312 268.738586
35771 1 400.619568 263.761963 2 370.288452 263.761963
36675 1 348.364838 283.668518 2 309.270142 283.668518
36428 1 704.194641 238.878754 2 684.412476 238.878754
36548 1 246.343719 313.528351 2 194.635696 313.528351
36527 1 209.018906 325.969971 2 153.546524 325.969971
36864 1 480.245819 251.320358 2 455.291077 251.320358
36396 1 527.523926 206.530594 2 514.151306 206.530594
36982 1 480.245819 221.46051 2 464.476379 221.46051
36631 1 930.631836 316.016693 2 883.189331 316.016693
36336 1 855.982178 243.855392 2 831.327393 243.855392
36572 1 1176.975586 111.974419 2 1122.602661 111.974419
36212 1 1186.928833 54.74305 2 1133.345825 54.74305
36574 1 1162.045654 62.208008 2 1108.413696 62.208008
36660 1 813.680725 311.040039 2 770.111206 311.040039
36942 1 405.596222 54.74305 2 384.270355 54.74305
36652 1 87.091209 223.948837 2 44.110668 223.948837
36279 1 393.154602 261.273651 2 360.50827 261.273651
36386 1 383.201324 191.600662 2 365.982605 191.600662
36400 1 345.876526 199.065628 2 325.200836 199.065628
36983 1 622.080078 233.902115 2 603.015381 233.902115
36402 1 587.243591 84.60289 2 581.849731 84.60289
36691 1 166.717468 241.367081 2 130.441162 241.367081
36818 1 251.320358 74.649612 2 226.478333 74.649612
36935 1 330.946594 164.229141 2 311.494476 164.229141
36858 1 316.016693 52.254726 2 291.047546 52.254726
36776 1 241.367081 166.717468 2 213.892761 166.717468
36725 1 539.965515 276.203552 2 506.954224 276.203552
36946 1 331.444275 164.229156 2 311.622742 164.229156
36317 1 301.584442 158.257187 2 277.129211 158.257187
36379 1 788.299927 244.850739 2 763.579895 244.850739
36577 1 1107.800293 173.187103 2 1055.054443 173.187103
36616 1 167.215134 298.59845 2 115.440201 298.59845
36547 1 1176.477905 110.48143 2 1123.204834 110.48143
36571 1 1164.533936 56.733707 2 1110.666748 56.733707
36707 1 728.580261 283.668549 2 694.716553 283.668549
36240 1 579.281006 301.584442 2 534.209839 301.584442
36720 1 391.163971 262.766632 2 357.479279 262.766632
36384 1 346.374207 197.074982 2 325.649628 197.074982
36256 1 785.313965 304.570435 2 743.294128 304.570435
35818 1 489.701477 71.663628 2 474.482056 71.663628
36406 1 701.70636 77.635597 2 691.355896 77.635597
33146 1 627.056763 134.369308 2 622.42334 134.369308
32614 1 594.210938 173.187103 2 587.953247 173.187103
33563 1 582.266968 152.285217 2 576.639526 152.285217
36822 1 310.542389 101.523476 2 285.73587 101.523476
36801 1 265.752625 92.565521 2 240.998672 92.565521
36793 1 223.948837 110.48143 2 200.823227 110.48143
36689 1 167.215134 241.864746 2 130.996246 241.864746
36259 1 122.425369 247.836716 2 84.843758 247.836716
36976 1 349.360199 185.131042 2 329.877075 185.131042
36403 1 385.192017 134.369308 2 364.772675 134.369308
36392 1 347.568604 139.74408 2 324.723053 139.74408
36313 1 259.78067 170.201126 2 234.028915 170.201126
36823 1 203.046951 143.327255 2 179.160629 143.327255
36769 1 131.383316 179.159073 2 103.532349 179.159073
36312 1 856.9776 244.850739 2 831.443054 244.850739
36587 1 1101.828247 83.607567 2 1049.980957 83.607567
35747 1 609.140869 304.570435 2 566.004883 304.570435
35714 1 1107.203125 171.992722 2 1053.385986 171.992722
36619 1 268.738617 304.570435 2 218.095612 304.570435
36356 1 483.729523 250.822708 2 458.447723 250.822708
36732 1 1010.457214 240.073166 2 980.628418 240.073166
36359 1 691.554077 243.656357 2 666.023132 243.656357
36778 1 992.541321 78.829994 2 965.20752 78.829994
35149 1 827.714966 304.570435 2 782.777466 304.570435
36257 1 788.299927 304.570435 2 745.605347 304.570435
35755 1 390.566803 261.572266 2 356.470795 261.572266
36676 1 340.402252 279.488159 2 299.416321 279.488159
36746 1 902.961792 268.738617 2 870.441162 268.738617
36262 1 125.411354 247.239532 2 86.519722 247.239532
36970 1 945.959961 75.246811 2 926.130859 75.246811
35815 1 584.058594 82.413177 2 581.851807 82.413177
34614 1 666.471802 111.078629 2 663.199036 111.078629
33572 1 644.972717 96.745903 2 639.868774 96.745903
36785 1 401.316345 75.246811 2 375.109772 75.246811
34631 1 634.223145 189.90863 2 624.027588 189.90863
32162 1 594.808167 171.992722 2 587.704346 171.992722
35823 1 580.475403 125.411354 2 574.342285 125.411354
36791 1 304.570435 211.407715 2 279.601166 211.407715
36884 1 225.740448 111.078629 2 201.389267 111.078629
36770 1 214.990891 186.325439 2 184.667908 186.325439
36796 1 261.572266 143.327271 2 235.843079 143.327271
36414 1 386.983612 132.577713 2 366.164307 132.577713
34590 1 472.97998 171.992722 2 462.708191 171.992722
34599 1 515.978149 161.243179 2 507.277985 161.243179
35843 1 494.479065 182.742264 2 487.254303 182.742264
32619 1 541.060425 154.076813 2 532.885498 154.076813
32223 1 662.888611 182.742264 2 652.648193 182.742264
36836 1 311.736786 100.329086 2 285.888214 100.329086
36838 1 290.237701 75.246811 2 265.385834 75.246811
36740 1 132.577713 179.159088 2 103.209541 179.159088
36727 1 433.564972 261.572266 2 403.522339 261.572266
36940 1 340.402252 204.241348 2 320.482239 204.241348
35769 1 541.060425 275.904999 2 508.701233 275.904999
36394 1 788.299927 243.656357 2 763.004578 243.656357
36596 1 1078.53772 207.824539 2 1023.599243 207.824539
36990 1 580.0 82.0 2 575.296326 82.0
36993 1 529.0 210.0 2 515.604187 210.0
36363 1 576.0 129.600006 2 570.415833 129.600006
34617 1 647.0 138.0 2 641.972168 138.0
36996 1 646.800049 109.200005 2 641.864136 109.200005
37052 1 609.600037 106.800003 2 604.888977 106.800003
36988 1 505.0 153.0 2 496.37738 153.0
36987 1 489.600006 82.800003 2 475.266785 82.800003
36995 1 505.200012 182.400009 2 497.766327 182.400009
36345 1 309.600006 102.240005 2 285.629395 102.240005
37008 1 583.200012 158.400009 2 577.769104 158.400009
36991 1 769.200012 79.200005 2 754.418884 79.200005
37006 1 646.559998 109.440002 2 641.158203 109.440002
35167 1 594.720032 84.960007 2 589.156555 84.960007
36766 1 216.000015 208.800003 2 187.637329 208.800003
36337 1 302.400024 180.0 2 278.198212 180.0
32568 1 633.600037 93.600006 2 628.480896 93.600006
37036 1 423.360046 196.99202 2 409.596802 196.99202
37012 1 542.592041 153.792007 2 535.295227 153.792007
37014 1 575.424072 129.600006 2 570.295959 129.600006
36299 1 243.600006 171.600006 2 216.727905 171.600006
31684 1 696.729675 184.55043 2 688.147034 184.55043
35796 1 771.379333 76.723213 2 756.175171 76.723213
37058 1 582.681702 155.52002 2 577.188721 155.52002
36833 1 335.923248 80.870415 2 311.295105 80.870415
36831 1 266.250275 92.067856 2 240.93956 92.067856
37056 1 614.615112 201.553955 2 604.637146 201.553955
37027 1 457.850952 184.135712 2 448.460297 184.135712
34651 1 698.112061 184.896011 2 689.219543 184.896011
36729 1 555.393127 268.738617 2 523.762878 268.738617
36281 1 435.456055 261.273651 2 407.032318 261.273651
37059 1 570.323059 164.229156 2 564.752441 164.229156
36332 1 334.430267 80.621582 2 310.722717 80.621582
36881 1 247.836716 80.621582 2 223.838104 80.621582
36344 1 311.736786 136.160904 2 286.696625 136.160904
36360 1 483.729492 250.822708 2 458.242706 250.822708
33581 1 641.986694 98.537491 2 636.942932 98.537491
36416 1 490.895874 71.663635 2 475.289124 71.663635
36417 1 766.800842 75.246811 2 752.365173 75.246811
37029 1 555.393127 65.691658 2 549.863403 65.691658
37043 1 709.469971 136.160904 2 700.727234 136.160904
37031 1 910.128113 71.663635 2 893.253418 71.663635
36880 1 304.570435 212.004898 2 279.421478 212.004898
36343 1 336.819061 78.829994 2 310.818848 78.829994
36704 1 200.658173 236.48999 2 164.991272 236.48999
36341 1 300.987244 157.659988 2 276.484253 157.659988
35767 1 432.967773 262.766632 2 402.342133 262.766632
