3
-0.03106702 -0.06341853 2.888054 0.0004571760790779763 0.0010978361808663228 0.0014381110293392617 0.9999982587896941
1188 1 443.0 209.0 2 423.716248 209.0
1036 1 146.0 212.0 2 98.22657 212.0
1168 1 392.0 193.0 2 369.06073 193.0
1180 1 935.0 141.0 2 914.870544 141.0
1120 1 708.0 254.0 2 680.275085 254.0
1142 1 696.0 247.0 2 671.163818 247.0
58 1 691.0 104.0 2 678.571289 104.0
958 1 980.0 229.0 2 923.761108 229.0
985 1 781.0 334.0 2 729.277161 334.0
1103 1 724.0 270.0 2 691.870911 270.0
1097 1 723.0 274.0 2 690.020264 274.0
1201 1 902.0 128.0 2 883.664978 128.0
1136 1 533.0 257.0 2 507.556274 257.0
1107 1 343.0 212.0 2 311.682159 212.0
990 1 405.0 335.0 2 353.808441 335.0
8 1 547.0 180.0 2 541.670715 180.0
1151 1 198.0 65.0 2 173.775284 65.0
37 1 449.0 33.0 2 435.078125 33.0
1176 1 938.400024 120.000008 2 917.872742 120.000008
1194 1 920.400024 126.000008 2 901.586914 126.000008
1129 1 717.0 242.0 2 690.610596 242.0
52 1 513.600037 76.800003 2 500.052887 76.800003
27 1 464.400024 99.600006 2 449.690063 99.600006
42 1 471.600006 78.0 2 457.817413 78.0
1178 1 964.800049 142.800003 2 944.531006 142.800003
1179 1 942.000061 138.0 2 921.831421 138.0
41 1 403.200012 104.400002 2 389.720886 104.400002
939 1 910.800049 206.400009 2 850.261475 206.400009
932 1 970.0 231.0 2 908.886597 231.0
927 1 946.0 206.0 2 884.434875 206.0
893 1 875.0 299.0 2 804.29187 299.0
870 1 961.200012 308.400024 2 880.984924 308.400024
890 1 922.0 293.0 2 845.237732 293.0
90 1 973.0 158.0 2 953.624146 158.0
911 1 856.0 247.0 2 791.240784 247.0
945 1 864.000061 201.600006 2 804.43866 201.600006
1082 1 759.0 295.0 2 718.444885 295.0
1172 1 681.600037 236.400009 2 660.396362 236.400009
1098 1 723.600037 267.600006 2 691.015991 267.600006
1152 1 482.400024 252.000015 2 458.483734 252.000015
1141 1 560.0 252.0 2 535.133484 252.0
1128 1 380.400024 211.200012 2 353.789185 211.200012
1171 1 421.0 214.0 2 399.757202 214.0
32 1 340.800018 55.200001 2 326.780548 55.200001
134 1 439.200012 117.600006 2 425.157501 117.600006
1093 1 320.400024 254.400009 2 285.44165 254.400009
1089 1 301.0 288.0 2 263.300903 288.0
1018 1 213.600006 272.400024 2 165.14444 272.400024
1164 1 211.0 136.0 2 187.63414 136.0
60 1 656.640015 70.560005 2 643.476624 70.560005
112 1 411.840027 149.76001 2 399.439575 149.76001
135 1 426.000031 120.000008 2 412.352997 120.000008
359 1 394.560028 146.880005 2 381.235718 146.880005
1184 1 941.76001 136.800003 2 922.060669 136.800003
1175 1 943.200012 122.400002 2 922.637573 122.400002
1061 1 653.0 310.0 2 609.776428 310.0
151 1 795.600037 108.000008 2 782.45697 108.000008
914 1 1047.600098 234.000015 2 983.205078 234.000015
1021 1 1107.600098 208.800003 2 1059.322998 208.800003
856 1 989.0 316.0 2 906.014465 316.0
902 1 891.600037 242.400009 2 824.739746 242.400009
940 1 976.800049 206.400009 2 916.336487 206.400009
924 1 946.800049 205.200012 2 884.891907 205.200012
867 1 951.600037 318.0 2 870.965393 318.0
910 1 856.800049 247.200012 2 791.66394 247.200012
942 1 864.000061 201.600006 2 803.782227 201.600006
995 1 792.000061 326.400024 2 741.112061 326.400024
28 1 758.880005 295.200012 2 718.736389 295.200012
132 1 715.680054 240.480011 2 690.148865 240.480011
1085 1 675.600037 297.600006 2 635.651489 297.600006
161 1 790.560059 56.160004 2 777.375183 56.160004
225 1 637.920044 184.320007 2 627.272034 184.320007
1138 1 560.400024 250.800003 2 535.195068 250.800003
1072 1 492.480011 303.840027 2 450.430695 303.840027
1125 1 446.400024 253.200012 2 419.504639 253.200012
16 1 476.400024 187.200012 2 470.029694 187.200012
31 1 338.400024 82.080002 2 324.620514 82.080002
139 1 463.680023 99.360001 2 449.512787 99.360001
245 1 362.880005 135.360001 2 350.794952 135.360001
105 1 318.240021 254.880005 2 283.783203 254.880005
1088 1 300.0 288.0 2 262.145081 288.0
952 1 122.400002 240.000015 2 64.905807 240.000015
928 1 121.200005 312.0 2 59.892101 312.0
1132 1 159.600006 52.800003 2 133.362198 52.800003
1032 1 135.600006 187.200012 2 87.698929 187.200012
1037 1 114.000008 174.0 2 66.329224 174.0
1186 1 979.776123 134.784012 2 960.313232 134.784012
354 1 394.560028 95.040001 2 381.001556 95.040001
378 1 689.472046 89.85601 2 677.575195 89.85601
284 1 666.720032 82.080002 2 653.833069 82.080002
1111 1 430.560028 269.279999 2 400.400696 269.279999
849 1 1064.160034 309.600006 2 979.299011 309.600006
853 1 1056.0 311.0 2 972.297852 311.0
1131 1 158.400009 51.840004 2 132.147598 51.840004
1075 1 492.480042 304.128021 2 450.559265 304.128021
1080 1 372.960022 302.400024 2 331.917725 302.400024
977 1 181.440018 297.216034 2 128.446426 297.216034
1022 1 213.12001 272.160004 2 164.858887 272.160004
1102 1 722.880005 267.839996 2 690.629578 267.839996
227 1 560.160034 250.560013 2 534.524902 250.560013
909 1 855.360046 247.680008 2 790.14917 247.680008
1031 1 135.360001 187.200012 2 87.425201 187.200012
119 1 113.760002 174.240005 2 66.196815 174.240005
130 1 760.320068 295.488037 2 719.521667 295.488037
1148 1 209.088013 77.76001 2 184.712311 77.76001
903 1 891.360046 241.920013 2 824.543762 241.920013
91 1 910.080017 213.12001 2 849.051147 213.12001
894 1 874.800049 298.800018 2 804.19458 298.800018
931 1 114.048012 288.576019 2 52.911697 288.576019
1053 1 351.360016 315.360016 2 305.530701 315.360016
1087 1 300.960022 286.559998 2 262.248138 286.559998
1149 1 482.400024 252.000015 2 458.05304 252.000015
226 1 529.920044 195.840012 2 523.547974 195.840012
1092 1 300.960022 214.560013 2 265.819305 214.560013
1200 1 260.92804 203.904022 2 242.459045 203.904022
345 1 402.624023 250.560028 2 381.906586 250.560028
1173 1 682.560059 236.736023 2 661.550598 236.736023
356 1 364.608032 136.512009 2 351.260223 136.512009
1028 1 217.200012 243.600006 2 169.130157 243.600006
352 1 609.98407 177.984024 2 604.669373 177.984024
353 1 546.048035 181.440018 2 541.378662 181.440018
224 1 912.384094 136.512009 2 893.434631 136.512009
17 1 486.000031 156.0 2 473.311981 156.0
355 1 452.736053 51.840004 2 439.472443 51.840004
478 1 784.512085 58.752007 2 772.497681 58.752007
861 1 979.776123 304.128021 2 897.97168 304.128021
1081 1 373.248047 302.400024 2 332.283905 302.400024
258 1 209.433624 136.85762 2 185.609818 136.85762
1090 1 300.672028 288.230438 2 263.590271 288.230438
976 1 181.440002 296.640015 2 128.382126 296.640015
371 1 157.593628 51.840008 2 130.957138 51.840008
344 1 317.952026 255.744019 2 283.804108 255.744019
1091 1 298.944031 207.360016 2 263.353607 207.360016
892 1 877.824097 298.944031 2 806.079773 298.944031
1143 1 172.108826 184.55043 2 147.346237 184.55043
888 1 923.040039 292.320007 2 845.548889 292.320007
257 1 114.048012 174.528015 2 65.948944 174.528015
901 1 891.648071 241.920029 2 824.652893 241.920029
944 1 876.096069 210.816025 2 816.076843 210.816025
1026 1 1105.920044 208.800003 2 1057.838013 208.800003
92 1 855.360107 247.104019 2 790.679443 247.104019
937 1 976.320068 205.920013 2 915.513062 205.920013
1084 1 568.166504 296.524841 2 528.023315 296.524841
336 1 528.768066 195.264023 2 522.723877 195.264023
330 1 767.232056 307.584015 2 722.651062 307.584015
1047 1 781.920044 285.120026 2 735.203308 285.120026
1123 1 445.824036 252.288025 2 418.688385 252.288025
423 1 468.633667 215.654434 2 452.84433 215.654434
1078 1 259.200043 242.611237 2 217.552628 242.611237
1065 1 248.832031 226.02243 2 205.942032 226.02243
572 1 972.518555 157.593628 2 953.246338 157.593628
1198 1 1010.880066 152.064011 2 992.298279 152.064011
486 1 389.836853 159.667221 2 377.539093 159.667221
439 1 364.953644 134.784012 2 351.996948 134.784012
950 1 122.688011 240.192017 2 64.377762 240.192017
339 1 551.52002 187.200012 2 547.056335 187.200012
240 1 475.200012 187.200012 2 469.553406 187.200012
495 1 487.296082 145.152023 2 474.834076 145.152023
1146 1 696.729675 248.832031 2 672.154663 248.832031
392 1 651.110474 85.017609 2 639.486877 85.017609
278 1 479.001678 97.459213 2 465.081268 97.459213
334 1 636.595276 184.55043 2 625.626831 184.55043
288 1 691.200073 134.784012 2 679.206116 134.784012
381 1 694.656128 109.900818 2 681.780762 109.900818
416 1 317.260834 255.052841 2 283.269836 255.052841
935 1 976.320068 207.360016 2 915.454895 207.360016
965 1 151.372818 292.377655 2 96.930794 292.377655
953 1 126.904335 251.320358 2 69.490257 251.320358
376 1 209.018906 136.85762 2 184.261932 136.85762
536 1 443.750458 252.979233 2 416.486328 252.979233
1114 1 366.336029 240.192017 2 337.13623 240.192017
1135 1 559.87207 250.90564 2 533.997253 250.90564
234 1 248.832031 226.368027 2 205.841202 226.368027
1196 1 261.273651 203.21283 2 242.54715 203.21283
422 1 528.768066 194.918427 2 522.141846 194.918427
318 1 910.310547 213.580826 2 848.088013 213.580826
483 1 761.011292 294.451233 2 720.147766 294.451233
1041 1 782.784058 285.120026 2 735.609253 285.120026
1153 1 203.904022 148.608017 2 179.794937 148.608017
118 1 152.064011 129.600006 2 125.002724 129.600006
1199 1 923.16687 111.974419 2 904.622375 111.974419
565 1 676.82312 199.065628 2 663.848511 199.065628
580 1 390.66629 159.252502 2 377.781494 159.252502
547 1 365.783081 134.369293 2 353.090851 134.369293
1049 1 139.968018 217.728027 2 93.516304 217.728027
1059 1 668.160034 309.600006 2 624.092651 309.600006
1005 1 183.168015 229.82402 2 133.550369 229.82402
1056 1 215.654434 217.728027 2 170.431564 217.728027
670 1 552.407104 186.624023 2 548.038757 186.624023
485 1 435.456055 172.108826 2 422.38916 172.108826
581 1 450.385986 121.927696 2 436.735809 121.927696
494 1 487.296051 155.52002 2 474.209534 155.52002
587 1 487.710785 146.810898 2 474.493744 146.810898
582 1 800.409729 72.576012 2 787.621765 72.576012
653 1 786.309204 59.719688 2 773.309998 59.719688
497 1 477.757507 97.044495 2 465.074921 97.044495
597 1 420.526154 64.696327 2 405.808777 64.696327
603 1 634.521667 184.135712 2 624.286926 184.135712
373 1 196.992035 62.208008 2 171.970978 62.208008
1051 1 211.507233 271.641632 2 165.171997 271.641632
1110 1 431.308868 269.568024 2 400.743164 269.568024
1079 1 373.248047 302.745636 2 331.687256 302.745636
1096 1 724.032043 267.840027 2 690.905945 267.840027
207 1 854.323303 246.758438 2 789.43988 246.758438
650 1 843.540588 69.672974 2 833.109436 69.672974
907 1 887.500916 228.096039 2 822.052917 228.096039
933 1 908.236938 209.018906 2 847.317932 209.018906
1169 1 682.214478 236.390427 2 660.761963 236.390427
993 1 172.800018 231.552017 2 121.789223 231.552017
1029 1 143.078415 215.654434 2 95.059418 215.654434
1052 1 213.995544 226.437149 2 167.797638 226.437149
732 1 612.126831 68.677643 2 599.425354 68.677643
579 1 435.456055 171.694107 2 421.89856 171.694107
662 1 447.897675 122.425369 2 434.325012 122.425369
332 1 912.384155 136.85762 2 893.345947 136.85762
589 1 603.168884 122.425369 2 594.833191 122.425369
797 1 567.337097 131.383316 2 562.31073 131.383316
651 1 800.243835 71.663628 2 787.461487 71.663628
605 1 651.939941 111.974419 2 639.452209 111.974419
676 1 477.757538 98.537491 2 464.873535 98.537491
734 1 421.023834 65.691658 2 406.276794 65.691658
585 1 507.61734 174.182419 2 502.818329 174.182419
466 1 696.729675 248.832031 2 672.008545 248.832031
683 1 633.028748 185.131042 2 623.434143 185.131042
729 1 689.762451 110.48143 2 677.869263 110.48143
1015 1 211.507233 273.71524 2 162.93425 273.71524
1191 1 261.273651 201.553955 2 242.343628 201.553955
337 1 557.383789 251.320358 2 532.024902 251.320358
1106 1 721.612915 268.738586 2 690.244507 268.738586
908 1 851.005615 247.836716 2 785.335693 247.836716
11 1 922.752075 293.76004 2 845.579834 293.76004
943 1 974.592163 207.360031 2 914.400085 207.360031
918 1 1057.536133 236.390427 2 994.283386 236.390427
1133 1 176.173096 185.131042 2 150.265274 185.131042
709 1 523.144531 214.990891 2 508.115936 214.990891
904 1 889.823425 241.864746 2 823.289185 241.864746
659 1 907.739319 212.004898 2 846.614014 212.004898
938 1 877.879456 212.004898 2 817.200012 212.004898
1023 1 781.332581 281.180206 2 733.154785 281.180206
326 1 761.426025 296.110107 2 720.026184 296.110107
1050 1 776.355957 250.822708 2 729.988159 250.822708
1115 1 764.412048 146.313248 2 735.385254 146.313248
566 1 654.428223 213.995544 2 641.802795 213.995544
764 1 365.484528 136.160904 2 352.76239 136.160904
1007 1 182.476822 230.169632 2 133.026855 230.169632
629 1 143.327255 214.990891 2 95.191063 214.990891
724 1 412.065857 119.439384 2 398.623688 119.439384
725 1 373.248077 113.467415 2 359.770691 113.467415
663 1 352.346191 83.607567 2 339.000214 83.607567
588 1 609.140869 179.159073 2 603.682922 179.159073
749 1 552.407166 188.117035 2 549.311157 188.117035
1204 1 910.72522 136.85762 2 892.724182 136.85762
757 1 634.223145 182.742264 2 625.343994 182.742264
801 1 623.473572 136.160904 2 616.772766 136.160904
533 1 527.523926 194.088989 2 521.372986 194.088989
746 1 505.228607 171.992722 2 501.587799 171.992722
747 1 487.312714 146.910446 2 474.386932 146.910446
723 1 447.897705 121.828178 2 434.81601 121.828178
809 1 415.649078 96.745903 2 401.06015 96.745903
564 1 698.720398 250.822708 2 672.802795 250.822708
1046 1 209.018921 271.724609 2 162.257614 271.724609
1048 1 214.990891 226.93483 2 168.427811 226.93483
521 1 318.903168 254.405899 2 280.802307 254.405899
824 1 261.572266 200.658173 2 244.150864 200.658173
660 1 435.953735 170.201126 2 423.098999 170.201126
434 1 440.432709 253.80867 2 412.555237 253.80867
767 1 612.72406 193.491806 2 606.190002 193.491806
900 1 867.129944 265.155426 2 800.101318 265.155426
7 1 569.0 177.0 2 564.881287 177.0
45 1 675.0 21.0 2 667.257019 21.0
18 1 530.400024 172.800003 2 525.224792 172.800003
53 1 517.200012 54.000004 2 503.63382 54.000004
162 1 606.240051 128.160004 2 597.41394 128.160004
163 1 599.040039 131.040009 2 590.713196 131.040009
147 1 508.320007 97.920006 2 495.191589 97.920006
93 1 1046.880005 234.720016 2 984.618408 234.720016
108 1 214.560013 329.76001 2 163.899536 329.76001
228 1 552.960083 188.35202 2 548.235168 188.35202
99 1 784.512085 331.776031 2 733.137024 331.776031
208 1 1048.896118 235.008026 2 986.181641 235.008026
467 1 684.288086 196.99202 2 669.516602 196.99202
14 1 917.568115 155.52002 2 898.994202 155.52002
246 1 314.496033 114.048012 2 302.235291 114.048012
275 1 606.528076 127.872009 2 597.819153 127.872009
256 1 153.446426 130.636826 2 126.711449 130.636826
220 1 783.820923 331.776062 2 732.803284 331.776062
340 1 474.854462 329.702454 2 422.436371 329.702454
468 1 653.184082 215.654434 2 640.833984 215.654434
204 1 922.752136 294.451233 2 845.889526 294.451233
499 1 393.98407 95.385612 2 381.473511 95.385612
500 1 408.499268 43.545605 2 394.483521 43.545605
320 1 1047.582886 233.902115 2 985.597656 233.902115
329 1 783.820923 325.969971 2 733.780212 325.969971
319 1 990.351501 316.016693 2 907.87207 316.016693
455 1 972.933228 209.018906 2 912.578674 209.018906
384 1 607.150146 134.369293 2 598.782104 134.369293
596 1 333.434937 52.254726 2 318.546326 52.254726
270 1 923.16687 296.110107 2 845.221863 296.110107
428 1 196.577301 62.208008 2 171.278427 62.208008
693 1 558.379089 250.822708 2 533.10376 250.822708
534 1 462.827606 223.948837 2 444.387909 223.948837
464 1 922.66925 295.612457 2 845.6297 295.612457
620 1 364.290131 134.369308 2 352.938141 134.369308
529 1 761.426086 295.612457 2 720.564819 295.612457
685 1 650.944641 113.467415 2 639.338745 113.467415
745 1 785.313965 59.719692 2 773.33667 59.719692
731 1 603.168884 107.495445 2 594.320007 107.495445
684 1 671.846497 119.439384 2 660.409363 119.439384
546 1 194.088989 59.719692 2 169.691864 59.719692
363 1 113.467415 289.640503 2 52.002628 289.640503
623 1 525.533264 194.088989 2 519.278992 194.088989
743 1 836.075684 80.621582 2 825.277893 80.621582
586 1 476.563141 186.325439 2 468.354187 186.325439
791 1 437.148163 168.409531 2 423.111877 168.409531
714 1 877.879517 300.987244 2 806.086548 300.987244
774 1 351.151794 82.413177 2 337.944244 82.413177
778 1 677.221313 197.074982 2 664.133423 197.074982
796 1 555.393127 186.325439 2 551.819397 186.325439
568 1 143.327271 211.407715 2 96.339905 211.407715
753 1 501.645416 100.329086 2 486.894928 100.329086
631 1 698.720398 250.822708 2 673.503784 250.822708
823 1 300.987244 75.246811 2 290.163971 75.246811
624 1 462.230438 222.157257 2 443.841888 222.157257
694 1 766.800842 293.820892 2 724.499695 293.820892
573 1 924.460876 297.404083 2 846.602905 297.404083
712 1 1053.455444 236.48999 2 990.708618 236.48999
