326
-15.5 -1.65 192 0.0123 -0.000828 0.0276 0.707 
41339 1 347.0 104.0 2 317.340729 104.0
41349 1 343.0 161.0 2 313.56839 161.0
41260 1 264.0 111.0 2 232.317886 111.0
40889 1 667.0 175.0 2 664.778687 175.0
41126 1 211.0 104.0 2 175.687988 104.0
41301 1 399.0 57.0 2 368.785583 57.0
41202 1 294.0 147.0 2 260.822998 147.0
41253 1 302.0 122.0 2 270.103912 122.0
41388 1 776.0 242.0 2 748.675293 242.0
41413 1 688.0 249.0 2 663.803955 249.0
41255 1 517.0 277.0 2 485.139282 277.0
41182 1 290.0 31.0 2 256.550201 31.0
41177 1 274.0 159.0 2 240.064835 159.0
41136 1 62.400002 84.0 2 27.526751 84.0
40777 1 543.600037 268.800018 2 513.161682 268.800018
41293 1 247.200012 86.400002 2 216.053116 86.400002
41084 1 360.0 274.800018 2 320.717804 274.800018
41357 1 385.200012 79.200005 2 355.631104 79.200005
41123 1 242.400009 123.600006 2 206.350647 123.600006
40785 1 398.400024 56.400002 2 368.369934 56.400002
41287 1 302.400024 184.800003 2 271.424347 184.800003
41346 1 453.600006 74.400002 2 425.148895 74.400002
41401 1 423.600006 133.200012 2 398.556549 133.200012
40176 1 691.200012 58.800003 2 682.289001 58.800003
41058 1 542.400024 320.400024 2 496.325073 320.400024
41041 1 499.200012 331.200012 2 449.50354 331.200012
41167 1 528.0 278.400024 2 495.025665 278.400024
41068 1 546.0 319.200012 2 500.814178 319.200012
41323 1 553.200012 271.200012 2 522.962097 271.200012
41419 1 398.400024 229.200012 2 377.101837 229.200012
41278 1 306.0 188.400009 2 275.414764 188.400009
41183 1 159.600006 61.200001 2 125.023369 61.200001
40775 1 247.680008 86.400002 2 216.302246 86.400002
40253 1 574.559998 30.240002 2 565.439636 30.240002
40247 1 552.960022 34.560001 2 545.079346 34.560001
40249 1 596.160034 30.240002 2 587.076416 30.240002
40728 1 302.400024 120.960014 2 269.784424 120.960014
40904 1 529.920044 31.68 2 523.027405 31.68
40187 1 532.800049 164.160004 2 523.241516 164.160004
40841 1 427.680023 38.880001 2 400.330902 38.880001
41263 1 264.960022 113.760002 2 233.253571 113.760002
41327 1 384.480011 79.200005 2 355.201569 79.200005
40858 1 568.800049 177.12001 2 558.064819 177.12001
41110 1 241.920013 123.840004 2 205.848953 123.840004
41173 1 220.320007 109.440002 2 184.634567 109.440002
40259 1 673.920044 84.960007 2 664.951782 84.960007
40188 1 580.320007 142.560013 2 569.369385 142.560013
40963 1 1169.280029 239.040009 2 1058.894653 239.040009
40969 1 1163.52002 188.640015 2 1057.802246 188.640015
40951 1 1185.119995 279.360016 2 1071.766479 279.360016
40974 1 1116.0 169.920013 2 1019.978455 169.920013
40849 1 691.200073 250.560028 2 667.214294 250.560028
41414 1 735.840027 247.680008 2 713.657593 247.680008
41428 1 587.52002 231.840012 2 569.616089 231.840012
41337 1 552.960022 270.720001 2 523.069153 270.720001
41045 1 424.800018 316.800018 2 376.311737 316.800018
41364 1 372.960022 115.200005 2 343.852295 115.200005
41305 1 200.160004 200.160004 2 170.618408 200.160004
41133 1 92.160004 204.480011 2 56.783184 204.480011
41151 1 190.080002 72.0 2 155.752319 72.0
40632 1 234.720016 40.32 2 197.960968 40.32
41144 1 198.720001 43.200001 2 163.748642 43.200001
41189 1 269.279999 38.880001 2 235.53685 38.880001
41146 1 63.360001 84.960007 2 28.630245 84.960007
40656 1 156.960007 74.880005 2 122.065964 74.880005
41156 1 100.800003 97.920006 2 65.759865 97.920006
41275 1 89.280006 169.920013 2 59.108025 169.920013
39097 1 568.512024 176.256012 2 558.148376 176.256012
39114 1 577.152039 155.52002 2 568.063965 155.52002
41223 1 276.480042 120.960014 2 244.453888 120.960014
41259 1 264.384033 114.048012 2 233.246902 114.048012
40905 1 513.216064 181.440018 2 503.093781 181.440018
41302 1 302.400024 184.896011 2 271.751587 184.896011
41238 1 105.408012 250.560028 2 71.509102 250.560028
41342 1 330.048035 198.720016 2 299.864502 198.720016
40857 1 549.504028 134.784012 2 539.095581 134.784012
41111 1 241.920029 124.416016 2 205.723724 124.416016
41104 1 229.82402 120.960014 2 192.456314 120.960014
40952 1 1185.408081 279.936035 2 1071.858398 279.936035
40993 1 948.672119 273.024017 2 881.022827 273.024017
41422 1 737.856079 243.648026 2 715.829163 243.648026
40551 1 686.361694 311.040039 2 642.373108 311.040039
39052 1 654.912048 41.472004 2 645.718811 41.472004
40220 1 705.024048 148.608017 2 702.614746 148.608017
39070 1 705.024048 108.864014 2 704.110962 108.864014
41396 1 483.840057 252.288025 2 458.62204 252.288025
40185 1 490.752045 190.080017 2 480.23764 190.080017
40893 1 589.248047 196.99202 2 578.794312 196.99202
41062 1 547.776062 319.680023 2 502.94693 319.680023
41046 1 425.088043 316.22403 2 375.74588 316.22403
37848 1 530.496033 32.832005 2 523.401245 32.832005
41344 1 385.344025 79.488007 2 355.789001 79.488007
41315 1 340.416046 43.200005 2 310.06485 43.200005
41334 1 179.712021 238.46402 2 150.374176 238.46402
40773 1 224.640015 193.536011 2 194.136261 193.536011
41291 1 200.448013 200.448013 2 170.956894 200.448013
41266 1 305.856018 188.35202 2 275.618439 188.35202
41157 1 190.080017 72.576004 2 155.983826 72.576004
41251 1 200.448013 148.608017 2 167.87413 148.608017
41138 1 100.224007 96.768005 2 65.06559 96.768005
41142 1 63.936005 84.672005 2 28.839539 84.672005
41190 1 146.88002 74.304008 2 112.897079 74.304008
41094 1 143.424011 34.560005 2 106.250122 34.560005
41097 1 124.416016 34.560005 2 88.005859 34.560005
40748 1 89.85601 169.344009 2 58.894238 169.344009
41194 1 86.400009 126.144012 2 55.439548 126.144012
41230 1 122.688011 165.888016 2 89.544617 165.888016
41245 1 141.696014 138.240021 2 109.068298 138.240021
40973 1 1116.288086 169.344009 2 1020.723389 169.344009
41242 1 275.788849 120.268814 2 243.802856 120.268814
41271 1 315.187256 128.563217 2 283.257324 128.563217
40878 1 673.920105 85.017609 2 665.361145 85.017609
41381 1 352.512054 213.580826 2 325.214966 213.580826
41120 1 240.537628 124.416016 2 203.717758 124.416016
40961 1 1169.51062 240.537628 2 1059.458008 240.537628
41016 1 908.236938 313.113647 2 851.453918 313.113647
40851 1 692.58252 250.90564 2 668.327454 250.90564
41039 1 499.737671 331.776062 2 450.09201 331.776062
40947 1 1186.099365 279.936035 2 1072.748169 279.936035
41066 1 549.504089 317.260834 2 504.503082 317.260834
41365 1 180.403229 238.464035 2 150.137344 238.464035
41307 1 201.139221 201.139221 2 170.713181 201.139221
41373 1 514.252869 255.052841 2 485.549469 255.052841
40207 1 489.369659 188.697632 2 480.103149 188.697632
41044 1 425.088074 317.260834 2 376.242432 317.260834
41072 1 462.412872 298.59845 2 418.235321 298.59845
41209 1 87.091209 126.489616 2 55.880791 126.489616
40753 1 306.892853 188.697632 2 274.730927 188.697632
40629 1 99.532814 95.385612 2 63.833355 95.385612
40141 1 64.281609 85.017609 2 28.84889 85.017609
40769 1 248.832031 87.091209 2 218.338379 87.091209
40659 1 188.697632 72.576012 2 155.627289 72.576012
40624 1 232.243225 39.398407 2 195.8116 39.398407
40655 1 161.740829 182.476822 2 128.539047 182.476822
40695 1 275.788849 95.385612 2 243.499802 95.385612
38499 1 534.988892 163.814423 2 525.127075 163.814423
41295 1 342.144043 43.545605 2 311.039124 43.545605
41237 1 105.753616 250.90564 2 73.663307 250.90564
40823 1 371.174438 114.048019 2 342.739594 114.048019
41184 1 138.931213 194.918427 2 104.318161 194.918427
35291 1 653.184082 43.545605 2 644.799255 43.545605
40682 1 273.71524 159.667221 2 239.208847 159.667221
32622 1 617.932861 141.004822 2 606.971191 141.004822
41247 1 144.322586 231.413788 2 112.488762 231.413788
40977 1 1112.279175 169.20578 2 1017.083862 169.20578
40556 1 684.288086 311.040039 2 640.66748 311.040039
41063 1 549.918823 318.505005 2 505.410797 318.505005
41286 1 619.591797 268.738586 2 588.763367 268.738586
40182 1 695.137207 250.822708 2 670.723511 250.822708
41048 1 432.967743 313.528351 2 385.863403 313.528351
41069 1 460.339264 298.59845 2 416.103607 298.59845
41281 1 306.063416 189.11235 2 275.369476 189.11235
41036 1 325.969971 320.993317 2 274.695587 320.993317
41198 1 146.810898 74.649612 2 113.063057 74.649612
40854 1 485.222473 251.320358 2 459.943298 251.320358
35926 1 490.199097 189.11235 2 478.93811 189.11235
41320 1 201.553955 201.553955 2 170.446228 201.553955
40203 1 589.731934 196.577301 2 579.325806 196.577301
32162 1 572.31366 106.997772 2 562.317017 106.997772
40416 1 1159.557251 318.505005 2 1044.651733 318.505005
40417 1 1182.449829 274.710571 2 1070.184814 274.710571
41272 1 92.067856 169.20578 2 60.807568 169.20578
41128 1 97.044495 94.556175 2 62.200203 94.556175
41416 1 734.054504 248.832031 2 710.406189 248.832031
40737 1 251.320358 84.60289 2 219.589493 84.60289
40174 1 189.11235 72.161293 2 155.411102 72.161293
41204 1 159.252502 181.647385 2 126.340523 181.647385
41217 1 131.880981 166.717468 2 98.874138 166.717468
41210 1 144.322586 139.345947 2 112.101448 139.345947
39059 1 515.082336 179.159058 2 505.331909 179.159058
41392 1 771.379333 241.367081 2 744.875854 241.367081
41403 1 333.434937 233.902115 2 307.796173 233.902115
41113 1 241.367081 124.416016 2 204.807129 124.416016
41119 1 173.187103 80.621582 2 139.397659 80.621582
41185 1 149.299225 74.649612 2 114.88121 74.649612
39631 1 788.299927 89.579536 2 784.740662 89.579536
36496 1 591.224915 197.074982 2 580.128784 197.074982
41358 1 513.589355 256.794678 2 484.689972 256.794678
40855 1 731.566223 247.836716 2 708.603027 247.836716
41398 1 692.748413 250.822708 2 668.992676 250.822708
40873 1 203.046951 229.920807 2 174.214569 229.920807
41400 1 770.384033 229.920807 2 744.509338 229.920807
41065 1 459.841614 298.59845 2 415.604126 298.59845
32626 1 516.575317 179.159073 2 506.333649 179.159073
40140 1 113.467415 86.593552 2 77.075653 86.593552
36498 1 570.323059 104.50946 2 560.883057 104.50946
39651 1 621.084778 182.145065 2 611.445984 182.145065
41227 1 131.383316 167.215134 2 98.595848 167.215134
41250 1 143.327255 137.355286 2 112.582108 137.355286
40901 1 340.402252 223.948837 2 320.550323 223.948837
41282 1 250.822708 83.607567 2 219.779648 83.607567
41135 1 209.018921 104.50946 2 174.253525 104.50946
40209 1 665.874573 71.663628 2 657.6026 71.663628
40698 1 137.355286 194.088989 2 103.765022 194.088989
41273 1 200.060959 149.299225 2 168.155853 149.299225
41395 1 322.486328 167.215134 2 292.528198 167.215134
41229 1 307.556396 134.369308 2 274.898438 134.369308
41207 1 104.50946 250.822708 2 73.934166 250.822708
40630 1 95.551506 206.032928 2 58.981876 206.032928
39074 1 582.266968 182.145065 2 570.105896 182.145065
41082 1 349.360199 283.668549 2 310.742188 283.668549
41056 1 698.720398 316.514374 2 653.37323 316.514374
41412 1 487.312714 250.822708 2 460.752167 250.822708
40226 1 232.906799 211.407715 2 204.273987 211.407715
36497 1 591.224976 193.491806 2 580.023926 193.491806
40486 1 895.79541 265.155426 2 846.641541 265.155426
40264 1 558.976318 118.244995 2 547.516235 118.244995
40265 1 648.555847 136.160904 2 639.414673 136.160904
40257 1 347.568604 222.157257 2 327.648865 222.157257
39076 1 397.733154 197.074982 2 381.559723 197.074982
41314 1 548.226807 272.321808 2 517.506592 272.321808
38493 1 512.394958 257.989075 2 483.446625 257.989075
40227 1 111.078629 85.996361 2 76.309708 85.996361
38503 1 533.894043 164.826355 2 524.583069 164.826355
41409 1 770.384033 229.323624 2 744.017029 229.323624
41377 1 791.883118 200.658173 2 761.90332 200.658173
39104 1 96.745903 168.409531 2 65.137245 168.409531
40686 1 136.160904 193.491806 2 103.086456 193.491806
39628 1 619.890442 179.159088 2 610.738342 179.159088
32669 1 580.475403 182.742264 2 569.537842 182.742264
40232 1 616.307251 139.74408 2 604.908508 139.74408
37828 1 558.976318 154.076813 2 549.730957 154.076813
41336 1 358.318176 107.495445 2 328.22934 107.495445
40815 1 390.566803 68.080452 2 362.049438 68.080452
41418 1 741.718567 243.656357 2 718.243103 243.656357
37054 1 265.155426 114.661812 2 234.183517 114.661812
41124 1 211.407715 103.91227 2 174.67955 103.91227
41289 1 250.822708 82.413177 2 220.353073 82.413177
37854 1 666.471802 71.663635 2 657.587036 71.663635
41168 1 132.577713 164.826355 2 99.184372 164.826355
41261 1 182.742264 136.160904 2 151.555283 136.160904
40716 1 143.327271 139.74408 2 112.48819 139.74408
40725 1 218.574081 186.325439 2 187.445541 186.325439
40631 1 240.073166 125.411354 2 203.094818 125.411354
40720 1 616.307251 268.738617 2 586.802124 268.738617
41430 1 755.0 169.0 2 753.038696 169.0
41483 1 691.0 59.0 2 682.405945 59.0
41437 1 763.0 97.0 2 762.057007 97.0
41482 1 705.0 150.0 2 703.340393 150.0
41431 1 611.0 222.0 2 594.769226 222.0
41484 1 619.200012 189.600006 2 610.524536 189.600006
41486 1 664.800049 80.400002 2 656.293579 80.400002
41448 1 489.600006 189.600006 2 480.11142 189.600006
41442 1 636.480042 178.560013 2 628.369019 178.560013
41122 1 91.200005 204.000015 2 55.041084 204.000015
41499 1 591.840027 44.640003 2 583.357361 44.640003
41452 1 563.040039 135.360001 2 551.794312 135.360001
37820 1 689.76001 59.040001 2 679.401001 59.040001
41455 1 751.680054 168.480011 2 749.361816 168.480011
40868 1 704.400024 148.800003 2 702.580994 148.800003
41491 1 489.600006 190.080002 2 479.626007 190.080002
37821 1 618.624084 145.152008 2 609.151184 145.152008
41502 1 597.888062 133.056015 2 587.863647 133.056015
39119 1 597.888062 119.23201 2 588.117126 119.23201
41450 1 615.16803 174.528015 2 605.858276 174.528015
41454 1 691.200073 107.136009 2 683.183167 107.136009
41449 1 637.63208 177.984024 2 629.050293 177.984024
40759 1 340.800018 43.200001 2 310.491028 43.200001
38466 1 690.508911 60.134407 2 680.639404 60.134407
39645 1 561.600037 155.52002 2 550.988831 155.52002
41218 1 201.139221 149.299225 2 168.11557 149.299225
41489 1 748.22406 101.952011 2 746.770264 101.952011
40650 1 176.256027 82.944016 2 141.294601 82.944016
41464 1 748.569702 138.931213 2 747.822998 138.931213
41329 1 290.400024 242.400009 2 260.320404 242.400009
41460 1 636.595276 176.256027 2 628.007935 176.256027
41459 1 690.508911 105.753616 2 682.779541 105.753616
40908 1 576.460876 120.268814 2 566.526245 120.268814
41495 1 525.035583 189.11235 2 514.697449 189.11235
40909 1 542.453857 102.021133 2 533.378601 102.021133
40228 1 510.105682 106.997772 2 499.613342 106.997772
41322 1 352.512054 87.091209 2 323.509552 87.091209
41240 1 184.135712 136.85762 2 151.176743 136.85762
41500 1 619.591797 181.647385 2 610.664551 181.647385
40667 1 273.024017 158.976013 2 239.613953 158.976013
41497 1 522.547302 188.117035 2 512.351379 188.117035
40911 1 543.449219 101.523476 2 533.574951 101.523476
41469 1 405.596222 204.042267 2 389.761322 204.042267
40672 1 191.103012 71.663628 2 156.113037 71.663628
41476 1 636.014709 77.635597 2 626.907837 77.635597
40687 1 122.425369 247.836716 2 90.801582 247.836716
41101 1 230.169632 134.784012 2 191.992691 134.784012
41479 1 670.054993 171.992722 2 668.107605 171.992722
37084 1 558.379089 119.439384 2 547.083435 119.439384
40234 1 566.1427 85.996361 2 557.044861 85.996361
41233 1 265.752625 113.467415 2 234.076447 113.467415
41262 1 182.145065 137.355286 2 150.311005 137.355286
41285 1 358.318146 107.495445 2 328.199005 107.495445
40713 1 124.416016 248.832031 2 91.928421 248.832031
40677 1 618.098816 268.738617 2 587.741272 268.738617
41470 1 695.734375 104.50946 2 687.412048 104.50946
40191 1 696.384094 250.560028 2 671.331543 250.560028
