329
-10.8 -3.98 195 0.0171 -0.00124 0.0372 0.707 
41438 1 463.0 197.0 2 452.360443 197.0
41482 1 690.0 158.400009 2 687.572266 158.400009
40249 1 579.600037 30.000002 2 570.576172 30.000002
40246 1 661.200012 88.800003 2 652.197388 88.800003
40176 1 680.400024 61.200001 2 670.572144 61.200001
41483 1 680.400024 60.000004 2 671.451294 60.000004
41448 1 463.200012 196.800003 2 452.613739 196.800003
40253 1 557.280029 28.800001 2 547.909546 28.800001
40904 1 509.76001 30.240002 2 502.188599 30.240002
40259 1 660.960022 89.280006 2 651.867126 89.280006
41346 1 397.440002 53.280003 2 360.356934 53.280003
41401 1 364.320007 129.600006 2 333.47464 129.600006
40857 1 525.600037 139.680008 2 514.764221 139.680008
41413 1 685.440002 272.160004 2 656.800354 272.160004
37820 1 679.680054 60.480003 2 670.321289 60.480003
40868 1 688.320007 156.960007 2 686.52301 156.960007
41480 1 701.280029 178.560013 2 699.231323 178.560013
41439 1 590.400024 236.160004 2 572.935425 236.160004
39574 1 609.119995 40.32 2 600.032104 40.32
41357 1 306.720001 57.600002 2 269.309845 57.600002
41177 1 144.0 156.960007 2 98.905853 156.960007
40733 1 155.52002 74.304008 2 113.674866 74.304008
41450 1 597.888062 183.168015 2 588.09198 183.168015
37821 1 603.072083 150.336014 2 592.346375 150.336014
39573 1 601.344055 155.52002 2 591.298218 155.52002
41347 1 361.152039 53.568005 2 322.713867 53.568005
41408 1 390.528046 131.328018 2 360.946838 131.328018
40846 1 364.608032 129.600006 2 333.574005 129.600006
40728 1 190.080017 108.864014 2 148.360428 108.864014
41490 1 680.832092 79.488007 2 672.016541 79.488007
41414 1 743.0401 271.296021 2 715.439331 271.296021
39052 1 642.81604 41.472004 2 632.790405 41.472004
41371 1 603.072083 300.672028 2 565.268433 300.672028
40185 1 463.104034 196.99202 2 452.394531 196.99202
40201 1 608.256042 39.744003 2 599.816101 39.744003
40811 1 114.048012 226.368027 2 76.490501 226.368027
41344 1 307.584015 58.752007 2 269.472015 58.752007
41193 1 186.624023 148.608017 2 142.016556 148.608017
41354 1 252.288025 160.70401 2 214.850174 160.70401
41188 1 143.424011 157.248016 2 98.710335 157.248016
41165 1 118.195213 120.268814 2 72.934959 120.268814
39063 1 564.019287 186.624023 2 552.755859 186.624023
39114 1 557.798462 161.740829 2 547.776978 161.740829
40791 1 398.131256 43.545605 2 361.599823 43.545605
40849 1 689.264709 273.71524 2 660.172852 273.71524
40207 1 462.412872 196.992035 2 452.09491 196.992035
41350 1 603.417664 300.672028 2 565.0448 300.672028
41337 1 516.326477 304.819244 2 478.191498 304.819244
40905 1 487.296082 188.697632 2 476.737274 188.697632
40893 1 570.240051 207.360031 2 559.527649 207.360031
41501 1 557.798462 93.312012 2 546.923401 93.312012
41499 1 576.460876 43.545605 2 567.144897 43.545605
41364 1 292.377655 103.680016 2 254.941437 103.680016
38466 1 678.067322 62.208008 2 668.507019 62.208008
35291 1 640.742493 41.472008 2 631.773987 41.472008
38499 1 512.17926 170.035217 2 501.471741 170.035217
41286 1 602.173523 301.086761 2 563.955627 301.086761
41392 1 791.285889 262.766632 2 757.434204 262.766632
41404 1 455.36261 271.226929 2 425.285736 271.226929
41329 1 179.159058 268.738586 2 140.593582 268.738586
41352 1 487.710785 303.575073 2 450.915771 303.575073
41495 1 500.152405 196.577301 2 488.219299 196.577301
41123 1 94.556175 106.997772 2 46.601524 106.997772
32162 1 552.407104 111.974419 2 542.199341 111.974419
40203 1 569.825378 206.530594 2 559.343445 206.530594
41313 1 360.806458 52.254726 2 322.143829 52.254726
41259 1 141.834259 99.532814 2 100.414474 99.532814
40908 1 557.383789 124.416016 2 547.100769 124.416016
39059 1 490.199097 186.624023 2 478.674896 186.624023
40878 1 661.893188 87.091209 2 653.011169 87.091209
41459 1 679.311462 114.462738 2 671.120178 114.462738
41416 1 739.031128 271.226929 2 711.821228 271.226929
41316 1 179.159073 268.738617 2 139.874344 268.738617
40228 1 483.729492 107.495445 2 472.548462 107.495445
41453 1 597.196899 232.906799 2 579.316223 232.906799
41500 1 603.168884 191.103012 2 594.055542 191.103012
39074 1 561.365112 191.103012 2 549.035339 191.103012
41342 1 232.906799 209.018921 2 195.993607 209.018921
41278 1 200.060959 197.074982 2 160.135941 197.074982
40823 1 292.626495 104.50946 2 255.331406 104.50946
39111 1 668.860535 131.383316 2 668.777283 131.383316
40769 1 122.425369 59.719692 2 81.983887 59.719692
40209 1 653.930603 74.649612 2 644.386841 74.649612
40682 1 143.327255 155.271194 2 97.731186 155.271194
40718 1 603.168884 301.584442 2 566.098206 301.584442
40851 1 689.762451 274.710571 2 660.755188 274.710571
39076 1 354.734985 211.407715 2 336.514771 211.407715
40182 1 691.554077 275.904999 2 662.73938 275.904999
39660 1 551.809998 107.495445 2 541.4776 107.495445
41412 1 437.148163 275.904999 2 405.853271 275.904999
41497 1 498.062256 197.074982 2 486.656494 197.074982
37084 1 537.477234 121.828178 2 525.764893 121.828178
40234 1 548.226807 89.579544 2 537.288208 89.579544
39651 1 605.557678 189.90863 2 595.590698 189.90863
36496 1 569.725891 204.241348 2 559.604919 204.241348
41322 1 265.155426 68.080452 2 229.802795 68.080452
37828 1 537.477234 157.659988 2 528.010132 157.659988
40232 1 601.974487 146.910446 2 590.246155 146.910446
40753 1 197.074982 197.074982 2 158.817123 197.074982
37854 1 652.139038 75.246811 2 643.630066 75.246811
41479 1 662.888611 179.159088 2 661.24939 179.159088
40767 1 189.90863 107.495445 2 149.204712 107.495445
40200 1 143.327271 100.329086 2 102.038116 100.329086
35926 1 462.230438 197.074982 2 452.262024 197.074982
41471 1 720.219482 121.828178 2 719.73291 121.828178
41693 1 198.0 87.0 2 158.591476 87.0
41728 1 226.0 147.0 2 187.668854 147.0
41664 1 176.0 172.0 2 135.092377 172.0
41734 1 341.0 46.0 2 302.748383 46.0
41796 1 233.0 210.0 2 195.769974 210.0
41889 1 358.0 117.0 2 327.445312 117.0
41658 1 156.0 90.0 2 114.653465 90.0
41613 1 193.0 146.0 2 149.322586 146.0
41639 1 191.0 109.0 2 148.708252 109.0
41923 1 553.0 261.0 2 529.261536 261.0
41596 1 156.0 131.0 2 111.184143 131.0
41643 1 164.0 108.0 2 122.019394 108.0
41946 1 363.0 215.0 2 344.667542 215.0
41947 1 348.0 211.0 2 329.744293 211.0
41570 1 943.0 261.0 2 895.72522 261.0
41902 1 747.0 275.0 2 719.250916 275.0
41710 1 522.0 303.0 2 483.103699 303.0
41830 1 604.0 302.0 2 567.899658 302.0
41933 1 426.0 239.0 2 404.527344 239.0
41794 1 285.0 81.0 2 247.712585 81.0
41746 1 303.0 66.0 2 264.967194 66.0
41789 1 253.0 161.0 2 215.624008 161.0
41560 1 97.0 109.0 2 49.307018 109.0
41810 1 291.0 103.0 2 254.220505 103.0
41610 1 154.800003 130.800003 2 110.994301 130.800003
41589 1 126.0 142.0 2 80.780922 142.0
41738 1 234.000015 210.000015 2 195.82959 210.000015
41880 1 358.800018 116.400002 2 327.559204 116.400002
41823 1 475.0 286.0 2 438.597504 286.0
41433 1 514.800049 170.400009 2 503.74295 170.400009
41834 1 403.200012 38.400002 2 367.253418 38.400002
41730 1 361.200012 54.000004 2 322.91217 54.000004
41561 1 942.000061 260.400024 2 894.310852 260.400024
41584 1 979.0 260.0 2 933.66626 260.0
41566 1 882.000061 255.600006 2 834.517395 255.600006
41624 1 840.000061 312.0 2 797.119568 312.0
41666 1 627.600037 312.0 2 586.765076 312.0
41918 1 741.0 266.0 2 715.2276 266.0
41937 1 573.0 248.0 2 553.095886 248.0
41611 1 597.0 321.0 2 553.30304 321.0
41884 1 581.0 281.0 2 549.965332 281.0
41930 1 424.800018 238.800003 2 402.918121 238.800003
41708 1 89.0 194.0 2 50.071278 194.0
41713 1 181.200012 265.200012 2 142.406647 265.200012
41724 1 258.0 78.0 2 219.550446 78.0
41805 1 306.0 57.600002 2 269.143555 57.600002
41743 1 202.800003 63.600002 2 164.721619 63.600002
41695 1 153.600006 60.000004 2 114.27684 60.000004
41586 1 145.0 157.0 2 99.699287 157.0
41607 1 108.000008 146.400009 2 63.805485 146.400009
41616 1 193.200012 146.400009 2 149.621399 146.400009
41638 1 198.000015 128.400009 2 155.698273 128.400009
41657 1 175.200012 171.600006 2 133.851746 171.600006
41841 1 234.720016 178.560013 2 199.282837 178.560013
41790 1 240.480011 155.520004 2 203.105042 155.520004
41595 1 124.800003 141.600006 2 79.970459 141.600006
41587 1 119.520004 120.960007 2 74.259216 120.960007
41763 1 199.0 177.0 2 161.268936 177.0
37848 1 509.76001 30.240002 2 502.188599 30.240002
41745 1 346.800018 46.800003 2 308.758667 46.800003
40856 1 565.200012 94.800003 2 555.217041 94.800003
41709 1 378.720001 48.960003 2 339.805176 48.960003
41764 1 360.0 53.280003 2 322.269196 53.280003
41883 1 365.0 131.0 2 333.956665 131.0
41881 1 358.560028 116.640007 2 327.376099 116.640007
41559 1 941.76001 260.640015 2 894.051086 260.640015
41571 1 984.0 275.0 2 936.728577 275.0
41606 1 852.480042 244.800003 2 808.080078 244.800003
41903 1 744.0 272.400024 2 716.375244 272.400024
41455 1 737.280029 177.12001 2 735.48291 177.12001
41631 1 548.400024 315.600006 2 505.844879 315.600006
41819 1 603.600037 301.200012 2 567.078857 301.200012
41944 1 348.0 211.200012 2 329.546143 211.200012
41680 1 359.0 290.0 2 319.095978 290.0
41617 1 485.280029 315.360016 2 441.813354 315.360016
41759 1 423.0 46.0 2 385.20575 46.0
41772 1 233.280014 210.240005 2 195.700241 210.240005
41665 1 327.600006 291.600006 2 286.758911 291.600006
41786 1 112.320007 216.000015 2 74.931572 216.000015
41857 1 110.400002 261.600006 2 76.632408 261.600006
41668 1 154.080002 73.440002 2 113.295998 73.440002
41674 1 155.520004 60.480003 2 115.207253 60.480003
41578 1 976.320068 247.680008 2 929.884277 247.680008
41325 1 347.040009 46.080002 2 308.200867 46.080002
41817 1 397.440033 53.568005 2 360.887604 53.568005
41885 1 364.800018 130.800003 2 333.841125 130.800003
41582 1 125.280006 142.560013 2 79.886047 142.560013
41934 1 278.208038 222.912018 2 256.918457 222.912018
41859 1 793.1521 264.384033 2 759.67041 264.384033
41623 1 839.52002 312.480011 2 796.596436 312.480011
41663 1 826.560059 275.040009 2 785.647461 275.040009
41676 1 626.400024 312.480011 2 586.320007 312.480011
41900 1 629.280029 270.720001 2 601.250305 270.720001
41939 1 573.119995 246.240005 2 553.349792 246.240005
41442 1 622.080017 185.76001 2 612.91394 185.76001
41632 1 547.776062 316.22403 2 505.23587 316.22403
41630 1 596.400024 320.400024 2 553.838196 320.400024
41929 1 424.800018 239.040009 2 402.539124 239.040009
41654 1 470.400024 313.200012 2 428.947601 313.200012
40268 1 482.112061 167.616013 2 471.381226 167.616013
41754 1 423.600006 46.800003 2 385.683868 46.800003
41752 1 235.008026 209.088013 2 197.074936 209.088013
41652 1 328.320007 290.880005 2 286.790863 290.880005
41831 1 309.0 270.0 2 272.926727 270.0
41707 1 96.0 203.0 2 56.99107 203.0
41828 1 214.560013 185.76001 2 178.385376 185.76001
41716 1 133.200012 274.800018 2 94.518753 274.800018
41803 1 290.880005 102.240005 2 253.943298 102.240005
41349 1 253.200012 160.800003 2 215.611877 160.800003
41263 1 141.696014 100.224007 2 100.183388 100.224007
41635 1 120.960007 57.600002 2 78.530144 57.600002
41792 1 201.600006 63.360001 2 164.287628 63.360001
41588 1 124.416016 141.696014 2 79.156357 141.696014
41583 1 119.23201 120.960014 2 73.867096 120.960014
41750 1 199.200012 176.400009 2 161.258301 176.400009
41655 1 196.99202 127.872009 2 155.5401 127.872009
41760 1 377.395264 49.766407 2 339.616425 49.766407
41928 1 423.360046 238.46402 2 400.905548 238.46402
41776 1 398.131256 292.377655 2 360.575714 292.377655
41825 1 407.808044 290.304016 2 371.528748 290.304016
41840 1 308.966431 273.71524 2 273.493469 273.71524
41565 1 943.488098 264.384033 2 896.000671 264.384033
41562 1 902.016113 267.840027 2 854.403687 267.840027
41672 1 825.98407 274.752014 2 785.420105 274.752014
41729 1 132.480011 275.040009 2 94.153725 275.040009
41864 1 790.041687 263.347229 2 756.915955 263.347229
41684 1 198.720016 196.99202 2 158.917572 196.99202
41913 1 1021.0 55.0 2 994.466248 55.0
41323 1 521.280029 302.400024 2 483.423676 302.400024
41756 1 180.0 264.960022 2 142.128082 264.960022
41641 1 485.568054 314.496033 2 443.415863 314.496033
41634 1 122.688011 58.752007 2 80.206139 58.752007
41751 1 286.15683 80.870415 2 248.221603 80.870415
41812 1 265.420837 70.502411 2 228.739105 70.502411
41656 1 200.160004 112.320007 2 158.714066 112.320007
41783 1 264.384033 195.264023 2 226.946732 195.264023
41762 1 234.316833 209.433624 2 196.584991 209.433624
41778 1 324.864044 63.936005 2 287.34613 63.936005
41892 1 388.800018 131.040009 2 358.795746 131.040009
41842 1 257.126434 180.403229 2 221.782867 180.403229
35879 1 597.196899 182.476822 2 587.47113 182.476822
41662 1 196.992035 128.563217 2 156.021255 128.563217
41826 1 111.974419 226.02243 2 75.742027 226.02243
41770 1 111.974419 216.483871 2 74.341408 216.483871
41898 1 522.547302 266.250275 2 493.626892 266.250275
41687 1 131.328018 274.752014 2 91.734604 274.752014
41927 1 423.014465 238.464035 2 400.445587 238.464035
41862 1 236.390427 255.052841 2 203.165695 255.052841
41629 1 833.587341 277.862427 2 791.011414 277.862427
41907 1 1021.200012 55.200001 2 994.355225 55.200001
41677 1 199.065628 196.992035 2 158.997787 196.992035
41943 1 360.806458 213.995544 2 342.317474 213.995544
41870 1 207.360031 263.347229 2 174.744812 263.347229
41744 1 180.403229 267.494446 2 142.351669 267.494446
41737 1 432.967743 291.133484 2 394.763428 291.133484
38459 1 565.05603 95.040009 2 555.508728 95.040009
41594 1 140.0 119.0 2 95.136559 119.0
41633 1 122.342415 58.060806 2 79.85022 58.060806
41781 1 285.120026 81.216011 2 247.637039 81.216011
41690 1 244.68483 62.208008 2 205.116974 62.208008
41832 1 263.52002 226.080002 2 227.484085 226.080002
41753 1 325.555237 64.281609 2 287.622314 64.281609
41749 1 269.568024 147.225616 2 231.590439 147.225616
32622 1 599.685181 146.810898 2 589.170959 146.810898
41909 1 308.966431 246.758438 2 282.188629 246.758438
41602 1 161.740829 149.299225 2 117.25367 149.299225
41829 1 282.009644 277.862427 2 245.861832 277.862427
41894 1 241.367081 258.785309 2 212.054382 258.785309
41739 1 132.710419 275.788849 2 94.55719 275.788849
41874 1 206.530594 263.761963 2 174.53566 263.761963
41779 1 233.902115 209.018906 2 196.406311 209.018906
32626 1 489.701477 188.117035 2 478.677948 188.117035
41429 1 564.848694 248.832031 2 544.414978 248.832031
41938 1 328.458282 176.670746 2 308.674774 176.670746
41935 1 310.542389 217.976868 2 289.891113 217.976868
40711 1 141.004822 99.532814 2 99.822411 99.532814
41688 1 200.060959 77.635597 2 160.470612 77.635597
41464 1 731.566162 149.299225 2 730.289734 149.299225
41766 1 268.738617 146.313248 2 231.026917 146.313248
41636 1 259.78067 125.411354 2 217.380615 125.411354
41473 1 662.88855 179.159073 2 661.534668 179.159073
41646 1 154.275864 174.182419 2 112.597206 174.182419
40667 1 141.834259 156.764175 2 98.074997 156.764175
41213 1 155.52002 129.600006 2 110.727074 129.600006
41620 1 130.636826 141.004822 2 87.654083 141.004822
41343 1 308.551727 273.71524 2 273.417114 273.71524
41472 1 474.771545 179.159073 2 463.943604 179.159073
41788 1 408.499268 290.304047 2 371.116852 290.304047
41908 1 743.0401 266.11203 2 716.246582 266.11203
41569 1 980.812927 275.788849 2 933.465698 275.788849
41576 1 941.414551 265.420837 2 894.765015 265.420837
41579 1 974.592163 246.758438 2 928.389404 246.758438
41839 1 281.180206 278.691895 2 245.497864 278.691895
41848 1 247.836716 259.78067 2 213.207321 259.78067
41906 1 482.734161 261.273651 2 455.532501 261.273651
41890 1 456.855652 271.724609 2 426.465027 271.724609
41940 1 328.458313 176.173096 2 308.819092 176.173096
41853 1 325.472321 143.327255 2 291.432251 143.327255
41868 1 206.032928 262.766632 2 173.295624 262.766632
40274 1 544.942139 199.065628 2 533.151672 199.065628
41855 1 373.248077 86.593552 2 339.382446 86.593552
41769 1 265.155426 146.910446 2 227.515671 146.910446
41242 1 156.764175 106.997772 2 114.734703 106.997772
41818 1 291.133484 104.509453 2 254.593307 104.509453
41622 1 207.824539 139.74408 2 164.889267 139.74408
41469 1 361.304138 214.990891 2 342.3797 214.990891
41679 1 200.658173 78.829994 2 160.631561 78.829994
41659 1 153.446426 174.182419 2 112.196472 174.182419
41179 1 131.880981 141.834259 2 88.727364 141.834259
41921 1 306.063416 246.343719 2 281.603485 246.343719
41563 1 940.585083 266.250275 2 893.011475 266.250275
41567 1 905.748596 268.738586 2 858.353149 268.738586
