332
155.9127 -12.36503 120.152 0.022218512977616126 0.4233996901623697 -0.02927628749750445 0.9051971824093556
42246 1 547.0 246.0 2 523.653015 246.0
42275 1 597.0 157.0 2 586.805176 157.0
42268 1 452.0 152.0 2 440.560547 152.0
42272 1 536.0 91.0 2 525.004761 91.0
42276 1 560.0 124.0 2 548.065063 124.0
42274 1 496.0 179.0 2 483.542694 179.0
41877 1 588.0 183.0 2 577.231079 183.0
41366 1 730.0 96.0 2 728.947693 96.0
42269 1 742.0 168.0 2 739.518311 168.0
42169 1 263.0 83.0 2 223.28334 83.0
42270 1 613.0 32.0 2 602.373657 32.0
42292 1 387.600006 73.200005 2 377.191162 73.200005
42372 1 451.200012 152.400009 2 439.66925 152.400009
41881 1 646.0 72.0 2 636.323914 72.0
42278 1 515.0 95.0 2 503.124115 95.0
42280 1 957.0 123.0 2 942.629395 123.0
42297 1 780.000061 80.400002 2 779.470642 80.400002
42211 1 256.0 246.0 2 224.282791 246.0
42226 1 168.0 231.0 2 139.494324 231.0
42176 1 283.0 104.0 2 244.018295 104.0
41814 1 262.800018 82.800003 2 223.268127 82.800003
41370 1 570.240051 36.0 2 560.246094 36.0
42401 1 457.920013 90.720001 2 445.135101 90.720001
41961 1 616.320007 120.960007 2 606.255249 120.960007
42381 1 452.160004 152.639999 2 440.057159 152.639999
41408 1 637.920044 63.360001 2 628.026062 63.360001
41424 1 646.559998 70.560005 2 636.954102 70.560005
41409 1 583.200012 188.640015 2 572.842346 188.640015
42294 1 956.400024 122.400002 2 942.228271 122.400002
42229 1 782.400024 271.200012 2 753.509583 271.200012
41883 1 720.0 231.840012 2 701.693665 231.840012
42193 1 757.0 285.0 2 722.70636 285.0
42307 1 779.040039 80.639999 2 778.292725 80.639999
41405 1 666.720032 41.760002 2 656.450378 41.760002
41403 1 672.0 146.400009 2 670.180603 146.400009
41862 1 547.200012 246.000015 2 523.587708 246.000015
41361 1 568.800049 230.400009 2 549.558044 230.400009
42089 1 580.320007 329.76001 2 529.226379 329.76001
42223 1 474.000031 250.800003 2 445.111786 250.800003
42103 1 411.600006 307.200012 2 361.40979 307.200012
42043 1 372.0 315.600006 2 320.719574 315.600006
42116 1 438.000031 307.200012 2 390.623444 307.200012
41940 1 567.360046 105.120003 2 555.466064 105.120003
40786 1 499.680023 123.840004 2 487.401917 123.840004
42290 1 480.000031 72.0 2 467.530029 72.0
42301 1 599.616028 81.216011 2 587.492554 81.216011
42293 1 514.800049 94.800003 2 503.068237 94.800003
41903 1 340.416046 179.712021 2 323.903717 179.712021
39503 1 583.200012 136.800003 2 571.928467 136.800003
42177 1 282.240021 102.240005 2 242.906937 102.240005
40106 1 648.000061 70.848007 2 637.570435 70.848007
42310 1 482.112061 157.248016 2 470.515137 157.248016
41378 1 578.880066 171.072021 2 567.860107 171.072021
42006 1 1077.600098 252.000015 2 1015.168335 252.000015
42304 1 956.160034 122.400002 2 941.847656 122.400002
42189 1 684.288086 285.120026 2 648.220581 285.120026
42210 1 747.360046 272.160004 2 715.849915 272.160004
42371 1 886.800049 168.0 2 875.295471 168.0
40089 1 667.008057 41.472004 2 656.43512 41.472004
41413 1 714.240051 100.800003 2 712.594055 100.800003
40794 1 672.192078 145.152008 2 669.807861 145.152008
41368 1 568.512024 231.552017 2 548.74353 231.552017
42208 1 509.76001 269.279999 2 478.17569 269.279999
42225 1 473.76001 250.560013 2 444.73584 250.560013
42115 1 437.76001 306.720001 2 390.28714 306.720001
42185 1 485.222473 279.936035 2 448.107391 279.936035
39514 1 542.592041 76.032005 2 532.960144 76.032005
42308 1 479.52002 72.0 2 467.020447 72.0
42106 1 112.320007 226.080002 2 63.006638 226.080002
42055 1 120.960007 118.080002 2 68.817749 118.080002
41728 1 148.608017 57.024006 2 97.044479 57.024006
41886 1 588.0 182.400009 2 577.290039 182.400009
40822 1 534.988892 147.225616 2 523.264832 147.225616
42174 1 282.009644 101.606415 2 242.615143 101.606415
40167 1 523.584045 171.072021 2 511.04892 171.072021
42314 1 955.929749 120.268814 2 941.224304 120.268814
41418 1 713.664062 100.224007 2 713.013794 100.224007
42054 1 120.960014 119.23201 2 68.812508 119.23201
42379 1 884.736084 167.616013 2 874.498962 167.616013
41892 1 720.57605 231.552017 2 702.234131 231.552017
42324 1 734.054504 213.580826 2 720.860046 213.580826
42147 1 359.424042 290.304016 2 318.637939 290.304016
42316 1 761.011292 153.446426 2 756.725342 153.446426
39506 1 516.672058 105.408012 2 503.286011 105.408012
42311 1 646.272034 101.952011 2 637.142456 101.952011
42399 1 584.064026 138.240021 2 573.11676 138.240021
42230 1 781.920044 270.720001 2 752.72467 270.720001
40190 1 520.05896 189.11235 2 506.309052 189.11235
41998 1 933.120117 301.086761 2 866.565002 301.086761
41828 1 754.790527 284.083252 2 720.732178 284.083252
42335 1 970.444946 79.626251 2 955.773193 79.626251
41343 1 686.776428 286.65451 2 650.983826 286.65451
42142 1 234.720016 97.920006 2 192.359955 97.920006
41380 1 579.778625 226.437149 2 563.364807 226.437149
42315 1 808.704102 203.21283 2 797.664429 203.21283
42231 1 676.82312 261.273651 2 649.733826 261.273651
42002 1 1084.49292 252.979233 2 1020.547913 252.979233
41901 1 721.612915 231.413788 2 704.303162 231.413788
42164 1 388.177979 283.668518 2 348.215912 283.668518
36363 1 495.590485 82.944016 2 483.828156 82.944016
40825 1 460.339264 174.182419 2 448.373383 174.182419
42386 1 607.56488 60.134407 2 598.184937 60.134407
37052 1 564.848694 54.74305 2 554.290466 54.74305
41385 1 603.417664 174.182419 2 593.66864 174.182419
40830 1 577.290344 171.694107 2 566.936829 171.694107
42325 1 714.147949 189.11235 2 707.348511 189.11235
42330 1 761.426025 154.275864 2 756.303711 154.275864
37693 1 637.01001 62.208008 2 626.924805 62.208008
37695 1 539.965515 174.182419 2 527.657227 174.182419
37729 1 535.680054 146.88002 2 523.303894 146.88002
41854 1 369.100861 236.390427 2 342.88089 236.390427
41358 1 539.965515 246.343719 2 515.268311 246.343719
40117 1 547.430481 196.577301 2 535.431824 196.577301
42357 1 955.515076 119.439384 2 939.910278 119.439384
42333 1 755.454102 86.593552 2 753.169922 86.593552
41395 1 701.70636 111.974419 2 700.957642 111.974419
42130 1 447.897675 301.584442 2 403.851044 301.584442
42389 1 465.315918 104.509453 2 453.221252 104.509453
41489 1 1082.419312 298.59845 2 1012.153137 298.59845
42004 1 1084.907715 253.80867 2 1021.232483 253.80867
42323 1 721.612915 232.243225 2 703.847961 232.243225
42259 1 277.862427 199.065628 2 259.199005 199.065628
41931 1 606.154846 83.607567 2 595.120972 83.607567
42342 1 385.192017 86.593552 2 373.356537 86.593552
42395 1 644.972656 101.523476 2 637.039978 101.523476
40844 1 459.841614 176.173096 2 447.910767 176.173096
38391 1 485.222473 156.764175 2 472.905884 156.764175
42388 1 761.426086 152.285217 2 755.947876 152.285217
38377 1 531.505249 170.201126 2 519.498413 170.201126
42081 1 139.345947 298.59845 2 89.023544 298.59845
41853 1 368.271423 236.390427 2 342.896271 236.390427
35836 1 548.226807 193.491806 2 535.096985 193.491806
42393 1 662.888611 207.824539 2 653.245178 207.824539
42390 1 465.813599 104.50946 2 453.228668 104.50946
41789 1 820.548584 272.321808 2 778.420593 272.321808
41344 1 752.46814 283.07135 2 718.720276 283.07135
40096 1 691.554077 286.654541 2 653.725647 286.654541
42260 1 786.309204 241.367081 2 766.204651 241.367081
41959 1 462.230438 175.575897 2 448.917267 175.575897
42336 1 722.608276 229.920807 2 705.130127 229.920807
42092 1 151.787537 181.647385 2 101.996063 181.647385
42234 1 781.133606 261.572266 2 755.559875 261.572266
42247 1 235.892776 212.004898 2 211.673615 212.004898
39562 1 585.252991 179.159073 2 574.593872 179.159073
37736 1 530.310852 89.579544 2 518.464905 89.579544
41400 1 637.806335 168.409531 2 635.252319 168.409531
42347 1 716.636292 191.103012 2 711.551086 191.103012
42199 1 207.824539 247.239532 2 174.275421 247.239532
41909 1 648.555847 100.329086 2 639.545593 100.329086
39541 1 666.471802 100.329086 2 657.472107 100.329086
33033 1 537.477234 179.159088 2 525.007019 179.159088
41816 1 261.572266 82.413177 2 223.087677 82.413177
41868 1 301.584442 206.032928 2 279.753601 206.032928
42168 1 388.177979 283.668549 2 347.843567 283.668549
42214 1 468.799591 250.822708 2 441.194244 250.822708
41884 1 756.051331 85.996361 2 753.63208 85.996361
42385 1 883.353699 167.961624 2 873.610901 167.961624
42163 1 1081.200073 88.800003 2 1041.164429 88.800003
41529 1 940.585144 262.766632 2 876.947266 262.766632
42074 1 886.0 216.0 2 835.476929 216.0
42125 1 68.0 269.0 2 22.6849 269.0
42076 1 147.0 57.0 2 95.846977 57.0
41848 1 520.800049 264.0 2 492.241669 264.0
41885 1 664.800049 175.200012 2 662.56781 175.200012
41976 1 992.400024 283.200012 2 922.338379 283.200012
42200 1 705.600037 272.400024 2 673.559998 272.400024
42175 1 477.600006 283.200012 2 440.117401 283.200012
42016 1 304.800018 334.800018 2 244.164474 334.800018
42149 1 234.000015 98.400002 2 192.331741 98.400002
41953 1 505.440033 27.360001 2 493.722443 27.360001
42254 1 249.12001 200.160004 2 226.266708 200.160004
41899 1 508.320007 164.160004 2 496.013519 164.160004
42049 1 888.480042 214.560013 2 836.765259 214.560013
42207 1 708.480042 273.600006 2 676.146423 273.600006
41894 1 917.280029 69.120003 2 904.984497 69.120003
42195 1 613.440002 280.800018 2 578.612427 280.800018
42065 1 371.52002 315.360016 2 320.420502 315.360016
41613 1 404.640015 345.600006 2 348.026947 345.600006
41869 1 285.120026 201.600006 2 264.386078 201.600006
41713 1 92.160004 136.800003 2 39.929562 136.800003
42143 1 1080.000122 88.128006 2 1041.169189 88.128006
42136 1 827.712097 273.024017 2 783.866943 273.024017
41381 1 720.57605 167.616013 2 717.77417 167.616013
41351 1 509.76004 269.568024 2 478.733459 269.568024
41755 1 578.534485 331.776062 2 528.847412 331.776062
41825 1 613.440063 279.936035 2 578.766541 279.936035
42026 1 447.552032 331.776031 2 392.599487 331.776031
41957 1 566.784058 105.408012 2 555.316528 105.408012
42105 1 112.320007 226.368027 2 63.039593 226.368027
42146 1 235.008026 96.768005 2 192.827103 96.768005
42058 1 91.584007 136.512009 2 39.218601 136.512009
41417 1 551.577698 145.152023 2 539.498047 145.152023
42202 1 707.097717 273.71524 2 674.520752 273.71524
41979 1 1028.505737 298.59845 2 959.078369 298.59845
42124 1 111.974419 68.42881 2 65.948936 68.42881
42060 1 99.532814 209.433624 2 47.738163 209.433624
42072 1 445.824066 331.776062 2 391.96582 331.776062
42061 1 120.268814 118.195213 2 67.799683 118.195213
42140 1 91.238411 265.420837 2 47.258022 265.420837
41386 1 719.539307 165.888031 2 717.052673 165.888031
41917 1 744.422485 134.784012 2 743.379517 134.784012
42094 1 111.974419 226.02243 2 63.127388 226.02243
42057 1 91.238411 136.85762 2 38.973827 136.85762
38334 1 667.69928 41.472008 2 656.407776 41.472008
40180 1 501.811279 124.416016 2 489.890533 124.416016
39507 1 534.988892 131.880981 2 523.786438 131.880981
42134 1 826.122375 273.71524 2 781.573303 273.71524
42204 1 706.682983 273.71524 2 675.357239 273.71524
41750 1 313.528351 316.016693 2 262.43045 316.016693
41978 1 1020.211365 296.110107 2 950.020081 296.110107
42258 1 278.691895 199.065628 2 258.735138 199.065628
41787 1 94.556175 263.761963 2 51.062679 263.761963
41389 1 719.124573 166.717468 2 716.114746 166.717468
42227 1 179.159058 226.437149 2 150.696411 226.437149
42109 1 111.974419 226.437149 2 63.19466 226.437149
32569 1 582.266968 131.880981 2 569.005981 131.880981
41920 1 880.865417 149.299225 2 868.354797 149.299225
41269 1 137.355286 298.59845 2 88.428207 298.59845
42251 1 785.313965 241.864746 2 758.677307 241.864746
40823 1 549.421143 194.088989 2 536.51947 194.088989
42233 1 779.34198 262.766632 2 753.099731 262.766632
42071 1 104.50946 212.004898 2 52.656803 212.004898
42050 1 119.439384 119.439384 2 67.547623 119.439384
41929 1 636.014709 167.215134 2 634.101807 167.215134
41767 1 110.48143 164.229156 2 63.907089 164.229156
42098 1 119.439384 229.920807 2 70.692123 229.920807
41731 1 149.299225 56.733707 2 97.213036 56.733707
41904 1 931.627197 56.733707 2 917.527039 56.733707
40146 1 455.064056 89.579544 2 442.875122 89.579544
42126 1 447.897705 300.987244 2 404.163696 300.987244
42239 1 788.299927 243.656357 2 760.040527 243.656357
38351 1 584.058594 179.159088 2 574.468628 179.159088
41935 1 616.307251 128.994537 2 605.901428 128.994537
41689 1 114.661812 118.244995 2 63.035629 118.244995
41860 1 236.48999 211.407715 2 211.738281 211.407715
41769 1 111.078629 164.826355 2 64.190453 164.826355
42117 1 132.577713 232.906799 2 85.459755 232.906799
42099 1 171.992722 193.491806 2 123.015717 193.491806
41754 1 139.74408 297.404083 2 88.118134 297.404083
41815 1 390.566803 283.07135 2 351.00528 283.07135
41849 1 469.39679 250.822708 2 442.56662 250.822708
