351
22.1 -1.88 214 0.0158 -0.000897 0.0282 0.707 
41430 1 632.0 168.0 2 629.320923 168.0
44635 1 839.0 66.0 2 828.655579 66.0
42856 1 681.0 80.0 2 680.396301 80.0
43789 1 568.0 109.0 2 566.788208 109.0
44944 1 678.0 276.0 2 644.80719 276.0
45146 1 354.0 30.000002 2 328.479828 30.000002
45235 1 568.800049 30.000002 2 552.263428 30.000002
44962 1 148.800003 164.400009 2 118.573097 164.400009
44929 1 171.600006 194.400009 2 140.149734 194.400009
45153 1 368.400024 117.600006 2 343.307983 117.600006
45090 1 350.400024 216.000015 2 324.908173 216.000015
42364 1 680.400024 80.400002 2 679.791443 80.400002
43722 1 730.800049 68.400002 2 730.699402 68.400002
42336 1 651.600037 166.800003 2 648.830444 166.800003
31672 1 525.600037 153.600006 2 523.408203 153.600006
45108 1 300.0 98.400002 2 274.453552 98.400002
44952 1 163.200012 56.400002 2 133.007782 56.400002
45021 1 152.400009 140.400009 2 124.440758 140.400009
45248 1 568.800049 30.240002 2 551.455627 30.240002
45105 1 351.360016 135.360001 2 325.694244 135.360001
45240 1 148.320007 164.160004 2 118.381714 164.160004
45182 1 365.76001 135.360001 2 342.4823 135.360001
45109 1 368.640015 118.080002 2 343.384277 118.080002
44657 1 537.119995 47.52 2 521.998962 47.52
44991 1 277.862427 221.875229 2 248.845306 221.875229
45185 1 381.600006 102.240005 2 356.996338 102.240005
45199 1 383.040009 169.920013 2 359.501068 169.920013
44981 1 781.920044 267.839996 2 752.615112 267.839996
45253 1 878.400024 74.880005 2 867.300232 74.880005
42374 1 679.680054 79.200005 2 678.934875 79.200005
31089 1 524.160034 154.080002 2 522.806885 154.080002
44650 1 440.640015 144.0 2 422.246094 144.0
44164 1 419.904053 191.808014 2 399.300812 191.808014
44609 1 117.504013 148.608017 2 89.374336 148.608017
44522 1 172.800018 193.536011 2 141.221329 193.536011
45096 1 323.136017 158.976013 2 297.539429 158.976013
45187 1 381.888031 148.608017 2 358.856476 148.608017
44931 1 736.128052 273.024017 2 704.594543 273.024017
44673 1 886.464111 157.248016 2 874.566284 157.248016
45281 1 853.63208 158.976013 2 841.674988 158.976013
44267 1 703.296082 77.76001 2 702.405762 77.76001
45262 1 730.944092 67.392006 2 730.72467 67.392006
45317 1 628.992065 167.616013 2 626.014709 167.616013
45135 1 476.92804 248.832031 2 451.729187 248.832031
44870 1 604.800049 311.040039 2 561.438293 311.040039
45247 1 442.368042 221.184021 2 422.996979 221.184021
41489 1 616.896057 100.224007 2 615.334656 100.224007
43345 1 547.776062 171.072021 2 544.940247 171.072021
41482 1 573.696045 143.424011 2 571.383057 143.424011
42342 1 440.640045 143.424011 2 422.417694 143.424011
45001 1 207.360016 88.128006 2 179.051117 88.128006
45032 1 77.76001 131.328018 2 51.682781 131.328018
44590 1 152.064011 139.968018 2 123.857986 139.968018
45048 1 321.408051 194.918427 2 294.55777 194.918427
44666 1 537.0625 47.692806 2 522.091614 47.692806
45051 1 323.481659 157.593628 2 297.133392 157.593628
45129 1 389.836853 116.121613 2 364.357666 116.121613
44516 1 736.128113 273.71524 2 704.753967 273.71524
45027 1 95.385612 39.398407 2 67.056854 39.398407
45181 1 476.92807 248.832031 2 451.27005 248.832031
44577 1 163.814423 55.987209 2 132.659744 55.987209
45075 1 78.796814 130.636826 2 50.94841 130.636826
43318 1 547.430481 170.035217 2 544.557556 170.035217
42023 1 611.712097 132.710419 2 610.492065 132.710419
44946 1 101.606415 211.507233 2 69.829437 211.507233
45150 1 364.953644 236.390427 2 340.010681 236.390427
44996 1 242.611237 201.139221 2 213.150238 201.139221
44194 1 524.62085 153.446426 2 522.56488 153.446426
45031 1 205.286423 87.091209 2 178.247635 87.091209
45040 1 151.372818 141.004822 2 123.800949 141.004822
44549 1 118.195213 147.225616 2 88.649292 147.225616
45250 1 545.356873 107.827217 2 538.737305 107.827217
45117 1 360.806458 45.619205 2 335.854187 45.619205
44570 1 1179.87854 147.225616 2 1151.746948 147.225616
45152 1 343.388214 206.530594 2 317.197174 206.530594
44228 1 368.271423 134.369293 2 343.63858 134.369293
45269 1 868.423828 141.834259 2 856.516724 141.834259
44884 1 607.150146 291.133484 2 569.696289 291.133484
43830 1 572.31366 223.948837 2 556.292236 223.948837
45266 1 736.542847 67.184647 2 735.094543 67.184647
45237 1 440.432709 313.528351 2 397.870728 313.528351
44876 1 403.10791 316.016693 2 358.845276 316.016693
44659 1 714.147949 246.343719 2 691.462524 246.343719
42828 1 617.103455 99.532814 2 612.805786 99.532814
45286 1 758.937683 181.647385 2 747.794617 181.647385
43322 1 582.266968 156.764175 2 579.487854 156.764175
44210 1 833.587341 87.091209 2 822.272156 87.091209
45267 1 515.082336 228.925476 2 497.170044 228.925476
44571 1 99.532814 211.507233 2 69.308464 211.507233
41455 1 627.056702 166.717468 2 624.123352 166.717468
43835 1 654.428223 131.880981 2 653.938171 131.880981
45125 1 363.294769 236.390427 2 339.124115 236.390427
44556 1 106.997772 186.624023 2 76.655663 186.624023
42832 1 530.012207 169.20578 2 527.26825 169.20578
44687 1 537.477173 47.278088 2 521.512878 47.278088
43259 1 276.203552 233.902115 2 247.270172 233.902115
45171 1 370.759735 169.20578 2 346.995544 169.20578
45057 1 325.969971 124.416016 2 298.328857 124.416016
42864 1 710.664307 244.850739 2 688.445618 244.850739
45299 1 585.252991 110.48143 2 584.11499 110.48143
44169 1 164.229156 56.733707 2 133.687286 56.733707
44692 1 758.440063 182.145065 2 745.752625 182.145065
42804 1 495.673431 217.976868 2 477.082306 217.976868
42383 1 689.762451 146.313248 2 681.764343 146.313248
42887 1 612.126831 134.369308 2 610.595032 134.369308
44540 1 229.920807 173.187103 2 200.005829 173.187103
43770 1 438.939728 143.327255 2 423.082886 143.327255
44873 1 343.388214 298.59845 2 301.523621 298.59845
44915 1 173.187103 212.004898 2 140.568634 212.004898
42867 1 104.50946 188.117035 2 74.641434 188.117035
45156 1 343.388214 206.032928 2 317.250366 206.032928
45268 1 546.435181 104.50946 2 539.228271 104.50946
44984 1 206.032928 89.579536 2 179.722565 89.579536
45063 1 301.584442 77.635597 2 276.226562 77.635597
44676 1 397.135956 98.537491 2 373.887634 98.537491
45120 1 340.402252 89.579536 2 314.819153 89.579536
44610 1 313.528381 229.920807 2 286.359924 229.920807
45065 1 364.290131 164.229156 2 339.534698 164.229156
45157 1 367.276093 134.369308 2 343.766785 134.369308
42365 1 767.39801 146.313248 2 755.800903 146.313248
44733 1 636.014709 194.088989 2 626.743835 194.088989
44515 1 779.34198 268.738617 2 750.588806 268.738617
42785 1 842.047668 220.96286 2 821.363281 220.96286
43797 1 1131.68811 56.733707 2 1104.585693 56.733707
44878 1 343.985443 300.987244 2 299.810883 300.987244
44508 1 394.149963 279.488159 2 358.246643 279.488159
43288 1 637.806335 193.491806 2 628.41864 193.491806
44514 1 741.718567 275.904999 2 709.831787 275.904999
45279 1 759.634521 111.078629 2 748.628296 111.078629
43291 1 702.303589 78.829994 2 701.285889 78.829994
39111 1 555.393127 118.244995 2 554.641235 118.244995
44912 1 433.564972 261.572266 2 405.470764 261.572266
43820 1 655.722229 164.826355 2 653.56134 164.826355
42451 1 687.970886 146.910446 2 681.981323 146.910446
42474 1 408.482697 207.824539 2 388.218048 207.824539
42405 1 494.479065 218.574081 2 477.32132 218.574081
45198 1 379.817261 204.241348 2 354.932098 204.241348
41995 1 619.890442 164.826355 2 619.024048 164.826355
42906 1 576.892212 171.992722 2 574.215637 171.992722
42890 1 612.72406 132.577713 2 611.303772 132.577713
41442 1 455.064056 179.159088 2 436.612701 179.159088
45273 1 408.482697 186.325439 2 388.279602 186.325439
44550 1 229.323624 171.992722 2 199.852463 171.992722
44704 1 756.051331 182.742264 2 744.497314 182.742264
39573 1 397.733154 96.745903 2 373.872192 96.745903
45098 1 369.067719 132.577713 2 344.84137 132.577713
44686 1 548.226807 103.91227 2 541.470459 103.91227
45029 1 161.243179 136.160904 2 132.929199 136.160904
44990 1 125.411354 154.076813 2 96.701164 154.076813
43854 1 315.319977 157.659988 2 288.497498 157.659988
43803 1 268.738617 179.159088 2 239.68306 179.159088
44898 1 193.491806 225.740448 2 159.989288 225.740448
45155 1 261.572266 96.745903 2 236.670471 96.745903
44532 1 225.740448 225.740448 2 194.756546 225.740448
44213 1 852.797241 128.994537 2 840.591675 128.994537
45278 1 834.881348 85.996361 2 822.843384 85.996361
43752 1 781.133606 268.738617 2 750.890625 268.738617
42821 1 842.047668 222.157257 2 821.40741 222.157257
43278 1 1096.453613 193.491806 2 1072.165649 193.491806
44660 1 860.400024 111.600006 2 848.950256 111.600006
42858 1 654.0 134.400009 2 653.482849 134.400009
43232 1 591.600037 172.800003 2 588.909302 172.800003
44640 1 447.600006 182.400009 2 429.887207 182.400009
45218 1 401.76001 168.480011 2 380.570801 168.480011
44159 1 639.600037 201.600006 2 630.394348 201.600006
44897 1 148.320007 228.960007 2 114.995377 228.960007
45161 1 350.400024 111.600006 2 325.411102 111.600006
44886 1 608.256042 292.032013 2 570.286865 292.032013
44875 1 400.896027 314.496033 2 356.103058 314.496033
39650 1 566.784058 107.136009 2 565.921936 107.136009
44649 1 453.600006 56.160004 2 433.559723 56.160004
45134 1 335.232025 67.392006 2 309.312256 67.392006
43715 1 174.182419 194.918427 2 141.496719 194.918427
42341 1 145.152023 190.771225 2 114.266953 190.771225
42363 1 639.360046 201.600006 2 629.894531 201.600006
41990 1 649.036865 134.784012 2 648.294617 134.784012
40220 1 574.387268 143.078415 2 571.542908 143.078415
44157 1 164.160019 57.024006 2 133.276962 57.024006
44622 1 1138.752075 76.032005 2 1112.539795 76.032005
44681 1 837.734497 122.342415 2 826.784607 122.342415
45290 1 773.867615 102.021133 2 762.544434 102.021133
43757 1 450.385986 57.231369 2 429.508057 57.231369
45014 1 131.880981 156.764175 2 102.367363 156.764175
44633 1 315.187256 230.169632 2 287.903137 230.169632
44562 1 276.480042 235.008026 2 246.998871 235.008026
44887 1 605.491272 290.304047 2 568.467834 290.304047
44756 1 800.064087 69.12001 2 788.890137 69.12001
45287 1 569.825378 228.925476 2 553.768616 228.925476
45308 1 460.339264 97.044495 2 443.856415 97.044495
44510 1 196.992035 217.728027 2 166.222092 217.728027
44201 1 1017.623596 175.575897 2 992.08551 175.575897
41473 1 546.435181 170.201126 2 543.260193 170.201126
42875 1 570.323059 229.920807 2 554.225586 229.920807
43859 1 612.126831 167.215134 2 609.428589 167.215134
45315 1 447.897705 82.413177 2 426.23349 82.413177
39095 1 472.97998 132.577713 2 455.793579 132.577713
40858 1 228.925476 171.694107 2 200.087418 171.694107
44184 1 348.364838 211.507233 2 323.06778 211.507233
44709 1 701.70636 77.635597 2 700.925232 77.635597
42393 1 766.800842 146.910446 2 756.531982 146.910446
44672 1 778.844299 266.250275 2 750.43219 266.250275
