38
-0.669497 -0.2913155 33.2349 -0.0023747300551178324 -0.020440250655487564 0.004887859574741985 0.9997763078004418
6408 1 727.0 70.0 2 702.29541 70.0
6486 1 545.0 177.0 2 536.064209 177.0
6413 1 771.0 36.0 2 745.548401 36.0
6487 1 541.0 106.0 2 531.908447 106.0
5613 1 710.400024 68.400002 2 685.022034 68.400002
6550 1 542.400024 74.400002 2 533.256531 74.400002
6442 1 672.0 42.0 2 648.41748 42.0
6495 1 895.200012 136.800003 2 889.029724 136.800003
5972 1 823.200012 50.400002 2 794.511536 50.400002
6396 1 758.400024 56.400002 2 732.572327 56.400002
6452 1 642.0 36.0 2 618.520752 36.0
6431 1 704.400024 36.0 2 679.943665 36.0
6438 1 1140.0 126.000008 2 1115.141968 126.000008
6320 1 805.200012 288.0 2 764.89032 288.0
6489 1 645.600037 212.400009 2 631.673401 212.400009
6334 1 644.400024 282.0 2 607.231995 282.0
6456 1 518.400024 247.200012 2 495.530212 247.200012
6356 1 564.0 276.0 2 532.614746 276.0
6499 1 363.600006 198.000015 2 351.890625 198.000015
6491 1 448.800018 220.800003 2 435.059052 220.800003
6267 1 410.400024 334.800018 2 358.757233 334.800018
6501 1 540.0 37.200001 2 531.350159 37.200001
6554 1 495.600006 51.600002 2 484.8508 51.600002
5621 1 498.000031 175.200012 2 488.49118 175.200012
5200 1 586.800049 174.0 2 580.268677 174.0
5569 1 822.240051 50.400002 2 793.625671 50.400002
5977 1 783.360046 28.800001 2 755.758972 28.800001
6210 1 964.800049 288.0 2 894.675171 288.0
6383 1 972.000061 164.160004 2 943.765015 164.160004
6275 1 816.480042 319.680023 2 766.65686 319.680023
6380 1 734.400024 250.560013 2 706.589111 250.560013
6332 1 643.680054 280.800018 2 606.364868 280.800018
5942 1 724.320007 280.800018 2 687.146851 280.800018
6128 1 652.320007 132.480011 2 643.429688 132.480011
6422 1 516.960022 247.680008 2 493.434937 247.680008
6371 1 604.800049 264.960022 2 574.151001 264.960022
6082 1 351.360016 241.920013 2 332.13147 241.920013
6468 1 456.192047 250.560028 2 434.248444 250.560028
6500 1 447.840027 220.320007 2 433.866852 220.320007
4763 1 544.320007 177.12001 2 535.129089 177.12001
6083 1 354.240021 132.480011 2 339.659576 132.480011
6503 1 444.960022 174.240005 2 437.90451 174.240005
6516 1 249.12001 207.360016 2 236.294434 207.360016
5969 1 872.640076 34.560005 2 845.012329 34.560005
6384 1 846.720093 41.472004 2 819.636963 41.472004
6513 1 428.544037 276.480042 2 397.877228 276.480042
5628 1 278.208038 207.360016 2 266.883331 207.360016
6231 1 902.016113 247.104019 2 841.856384 247.104019
6368 1 601.344055 264.384033 2 571.668823 264.384033
3117 1 653.184082 131.328018 2 644.387817 131.328018
5635 1 376.704041 162.432022 2 361.775238 162.432022
6462 1 508.032043 248.832031 2 486.503723 248.832031
2712 1 544.320068 188.35202 2 535.150757 188.35202
5626 1 644.544067 212.544022 2 630.623291 212.544022
6575 1 409.536041 110.59201 2 393.459839 110.59201
6305 1 561.945679 313.113647 2 516.859314 313.113647
5956 1 565.05603 274.752014 2 532.566223 274.752014
7 1 587.520081 174.528015 2 579.728455 174.528015
6398 1 1138.752075 124.416016 2 1117.227295 124.416016
5206 1 539.136047 107.136009 2 530.133789 107.136009
6092 1 540.864075 34.560005 2 532.351807 34.560005
6583 1 438.912048 34.560005 2 422.554443 34.560005
6414 1 883.008057 91.584007 2 858.654114 91.584007
6088 1 597.888062 79.488007 2 588.710938 79.488007
6081 1 456.192078 250.90564 2 433.953827 250.90564
6370 1 599.270508 263.347229 2 569.40387 263.347229
6102 1 507.61734 248.832031 2 486.166382 248.832031
6379 1 626.227295 257.126434 2 598.315613 257.126434
6135 1 398.131256 196.992035 2 385.875488 196.992035
6339 1 684.288086 277.862427 2 649.857971 277.862427
6330 1 642.816101 282.009644 2 605.027954 282.009644
6518 1 549.504089 184.55043 2 541.013184 184.55043
6024 1 883.353699 91.238411 2 858.842712 91.238411
6148 1 1057.536133 170.035217 2 1023.305603 170.035217
5223 1 539.136047 107.827217 2 529.855652 107.827217
6441 1 937.267334 76.723213 2 912.107056 76.723213
5640 1 725.760132 41.472008 2 700.634888 41.472008
6020 1 673.920105 58.060806 2 649.323608 58.060806
6113 1 597.196899 78.796814 2 588.068298 78.796814
6372 1 427.161652 277.862427 2 396.227814 277.862427
6209 1 980.812927 279.936035 2 909.554321 279.936035
2387 1 651.939941 171.694107 2 643.123718 171.694107
6103 1 604.661865 226.437149 2 589.187927 226.437149
16 1 397.135956 197.074982 2 385.324127 197.074982
6276 1 813.680725 320.993317 2 763.900513 320.993317
6099 1 360.806458 146.810898 2 345.464935 146.810898
5989 1 744.007812 223.948837 2 720.783875 223.948837
5921 1 637.01001 316.016693 2 590.038574 316.016693
5552 1 639.498352 283.668518 2 602.351379 283.668518
6030 1 736.542847 119.439377 2 713.018188 119.439377
5229 1 619.591797 171.694107 2 614.351746 171.694107
6314 1 763.914368 301.086761 2 720.138855 301.086761
6351 1 1055.047852 169.20578 2 1020.416382 169.20578
6404 1 858.47052 82.114571 2 832.738708 82.114571
6086 1 627.056702 87.091209 2 617.690369 87.091209
4762 1 671.846497 59.719688 2 649.756287 59.719688
5247 1 495.175751 52.254726 2 484.117493 52.254726
6424 1 1087.395996 116.951057 2 1062.80957 116.951057
6540 1 567.337036 99.532814 2 557.333313 99.532814
6374 1 766.402649 253.80867 2 737.651611 253.80867
5650 1 500.152405 164.229141 2 490.278412 164.229141
5203 1 318.505005 238.878754 2 304.107361 238.878754
6469 1 455.36261 251.320358 2 433.682648 251.320358
6114 1 447.897675 173.187103 2 439.468628 173.187103
5253 1 564.351074 101.523476 2 555.458435 101.523476
6544 1 379.220032 71.663628 2 361.584106 71.663628
5919 1 636.014709 316.514374 2 589.759216 316.514374
4768 1 671.846497 59.719692 2 649.929382 59.719692
6352 1 1057.038574 170.201126 2 1021.205872 170.201126
6429 1 937.599182 74.649612 2 912.106262 74.649612
1967 1 543.449219 182.145065 2 534.110229 182.145065
18 1 510.603363 167.215134 2 500.432587 167.215134
5693 1 519.56134 95.551506 2 509.699005 95.551506
6347 1 1033.150635 182.145065 2 999.259277 182.145065
6376 1 767.39801 253.808685 2 738.059204 253.808685
5221 1 319.500336 238.878769 2 305.628876 238.878769
5513 1 979.402954 280.682556 2 907.388306 280.682556
5663 1 627.056763 85.996361 2 617.09491 85.996361
3705 1 566.1427 100.329086 2 556.028137 100.329086
6547 1 594.808167 78.829994 2 586.230652 78.829994
5231 1 619.890442 164.826355 2 614.360291 164.826355
3728 1 555.393127 175.575897 2 546.410339 175.575897
5930 1 763.217712 300.987244 2 719.067871 300.987244
6410 1 859.963562 82.413177 2 833.402771 82.413177
6122 1 451.480896 85.996361 2 437.599274 85.996361
6123 1 422.81543 71.663635 2 406.578125 71.663635
6142 1 544.643616 179.159088 2 533.252808 179.159088
746 1 508.811798 168.409531 2 499.238098 168.409531
5667 1 512.394958 128.994537 2 504.613464 128.994537
6373 1 687.970886 261.572266 2 658.10675 261.572266
6572 1 537.477234 103.91227 2 528.58136 103.91227
4782 1 322.486359 236.48999 2 308.865021 236.48999
1514 1 397.733154 197.074982 2 385.459412 197.074982
5952 1 562.559509 286.654541 2 527.450806 286.654541
6318 1 541.060425 304.570435 2 499.023926 304.570435
5643 1 555.393127 193.491806 2 548.154846 193.491806
2009 1 508.811798 211.407715 2 496.882355 211.407715
669 1 662.888611 182.742264 2 654.611877 182.742264
5574 1 752.46814 240.073166 2 724.816772 240.073166
6350 1 1143.034912 179.159088 2 1108.355957 179.159088
4743 1 978.208557 279.488159 2 907.533813 279.488159
6068 1 514.0 80.0 2 504.641174 80.0
6439 1 661.200012 30.000002 2 636.474243 30.000002
6125 1 614.400024 136.800003 2 610.259888 136.800003
6378 1 824.0 50.0 2 795.59552 50.0
6044 1 642.240051 36.0 2 618.709229 36.0
6419 1 932.400024 60.000004 2 906.281311 60.000004
5244 1 544.800049 189.600006 2 535.862488 189.600006
5624 1 499.200012 80.400002 2 490.168274 80.400002
6127 1 1179.600098 92.400002 2 1166.086304 92.400002
6508 1 658.080017 185.76001 2 650.0047 185.76001
4770 1 364.608032 198.720016 2 351.578217 198.720016
6290 1 476.92804 324.864044 2 429.257477 324.864044
5633 1 497.664062 176.256012 2 487.781311 176.256012
6558 1 433.728027 103.680008 2 417.729401 103.680008
6100 1 354.240021 133.056015 2 339.909943 133.056015
6521 1 350.784027 241.920029 2 332.662811 241.920029
6362 1 1014.336121 167.616013 2 980.947083 167.616013
5636 1 433.382446 103.680016 2 417.236084 103.680016
5648 1 439.603271 70.502411 2 423.682098 70.502411
5957 1 564.480042 275.040009 2 531.691772 275.040009
5550 1 642.81604 281.664032 2 605.591858 281.664032
6321 1 607.150146 293.621796 2 567.703308 293.621796
6152 1 612.72406 125.411354 2 606.362427 125.411354
6329 1 639.000671 283.668549 2 602.236816 283.668549
6346 1 684.288086 278.691895 2 649.017578 278.691895
5558 1 427.991089 276.203552 2 397.737518 276.203552
