464
149 -2.89 268 0.0357 -0.00156 0.0368 0.706 
65161 1 612.0 26.0 2 611.265137 26.0
65290 1 1156.0 308.0 2 1124.70874 308.0
65277 1 1210.0 83.0 2 1176.744629 83.0
65282 1 1208.0 29.0 2 1175.169312 29.0
65020 1 1155.0 47.0 2 1125.928101 47.0
65302 1 879.0 218.0 2 850.818298 218.0
65365 1 864.0 134.0 2 843.678955 134.0
65361 1 570.0 238.0 2 549.592102 238.0
65088 1 414.0 47.0 2 412.983521 47.0
65292 1 1146.0 247.0 2 1115.967773 247.0
64783 1 572.400024 151.200012 2 569.877197 151.200012
64791 1 632.400024 97.200005 2 625.290466 97.200005
63610 1 619.200012 55.200001 2 612.074463 55.200001
65089 1 586.800049 171.600006 2 584.188477 171.600006
63953 1 248.400009 146.400009 2 244.246735 146.400009
64777 1 661.200012 100.800003 2 653.781189 100.800003
64009 1 691.200012 78.0 2 684.264038 78.0
65223 1 405.600006 336.0 2 353.380646 336.0
65336 1 476.400024 248.400009 2 451.393341 248.400009
64308 1 757.200012 129.600006 2 743.531189 129.600006
65267 1 432.000031 280.800018 2 395.123932 280.800018
65016 1 997.200012 244.800003 2 966.259705 244.800003
65279 1 1209.600098 82.800003 2 1176.268433 82.800003
64988 1 1207.200073 28.800001 2 1173.57605 28.800001
65325 1 1064.400024 55.200001 2 1037.629395 55.200001
65308 1 1044.0 118.800003 2 1017.432983 118.800003
65048 1 840.000061 192.0 2 814.22699 192.0
65313 1 879.600037 217.200012 2 851.783325 217.200012
65368 1 758.400024 230.400009 2 738.297852 230.400009
65360 1 756.0 226.800003 2 735.098694 226.800003
65263 1 634.800049 297.600006 2 596.338989 297.600006
65155 1 357.600006 187.200012 2 347.403168 187.200012
65321 1 398.400024 241.200012 2 371.65567 241.200012
55702 1 519.600037 34.800003 2 518.466919 34.800003
65153 1 492.000031 39.600002 2 490.561615 39.600002
56804 1 548.400024 33.600002 2 547.602295 33.600002
64319 1 469.200012 98.400002 2 467.435272 98.400002
64007 1 438.000031 42.0 2 437.210022 42.0
65149 1 414.000031 46.800003 2 412.846375 46.800003
65285 1 994.800049 238.800003 2 964.242065 238.800003
65009 1 1159.200073 196.800003 2 1128.469849 196.800003
65297 1 1146.0 246.000015 2 1116.689087 246.000015
65338 1 305.279999 230.400009 2 280.015228 230.400009
65163 1 717.120056 156.960007 2 706.554077 156.960007
65169 1 698.400024 161.279999 2 687.391113 161.279999
65256 1 604.800049 300.960022 2 563.993591 300.960022
65255 1 440.640015 300.960022 2 399.611084 300.960022
65219 1 404.640015 336.960022 2 352.928772 336.960022
64944 1 586.080017 325.440002 2 539.305481 325.440002
65123 1 744.480042 132.480011 2 730.829651 132.480011
56311 1 591.840027 27.360001 2 591.506104 27.360001
64314 1 308.160004 167.040009 2 297.095428 167.040009
65047 1 476.640015 249.12001 2 450.791901 249.12001
65291 1 1157.76001 197.280014 2 1129.184082 197.280014
65008 1 993.600098 238.46402 2 963.467896 238.46402
64984 1 1206.720093 28.800001 2 1174.336792 28.800001
65017 1 1154.880005 48.960003 2 1125.928467 48.960003
65309 1 1044.0 119.520004 2 1015.81781 119.520004
64293 1 879.552063 217.728027 2 851.370972 217.728027
65068 1 627.840027 246.240005 2 605.166504 246.240005
64707 1 652.320007 216.000015 2 639.233215 216.000015
64696 1 754.560059 226.080002 2 733.710754 226.080002
64691 1 777.600037 129.600006 2 764.167419 129.600006
64697 1 862.560059 132.480011 2 842.067444 132.480011
64692 1 660.960022 51.840004 2 653.129517 51.840004
63562 1 437.76001 41.760002 2 436.92865 41.760002
63554 1 466.560028 144.0 2 460.479614 144.0
65333 1 1062.720093 56.160004 2 1036.053833 56.160004
65015 1 1153.440063 106.560005 2 1122.855591 106.560005
65254 1 440.640045 300.672028 2 400.071198 300.672028
64995 1 449.280029 267.840027 2 416.550018 267.840027
64794 1 651.456055 89.85601 2 644.312744 89.85601
62364 1 632.448059 96.768005 2 624.992432 96.768005
63565 1 667.008057 202.176025 2 656.013489 202.176025
65055 1 476.92804 248.832031 2 451.362061 248.832031
65374 1 497.664062 233.280029 2 477.908264 233.280029
65127 1 340.416046 186.624023 2 329.823975 186.624023
65227 1 549.504028 333.504028 2 498.57431 333.504028
65095 1 713.664062 100.224007 2 705.618958 100.224007
65228 1 380.160034 321.40802 2 329.425232 321.40802
65248 1 533.952026 316.22403 2 489.270905 316.22403
65260 1 419.904053 286.848022 2 380.043243 286.848022
65264 1 407.808044 273.024017 2 369.774963 273.024017
65296 1 1157.760132 198.720016 2 1128.916504 198.720016
65010 1 1156.032104 309.312042 2 1126.014771 309.312042
65295 1 1157.760132 305.856018 2 1127.568604 305.856018
65278 1 1207.87207 82.944008 2 1173.78833 82.944008
65023 1 1157.760132 46.656006 2 1128.19751 46.656006
65329 1 1062.720093 57.024006 2 1036.369751 57.024006
65304 1 1045.440063 119.23201 2 1017.199463 119.23201
65345 1 796.608093 231.552017 2 772.63324 231.552017
65058 1 839.808105 191.808014 2 814.015625 191.808014
65355 1 628.992065 245.376022 2 607.036133 245.376022
65372 1 758.592102 229.82402 2 738.407593 229.82402
65358 1 755.136047 226.368027 2 733.909363 226.368027
65370 1 862.272095 133.056015 2 842.312622 133.056015
60539 1 661.824036 51.840004 2 654.14447 51.840004
64022 1 718.848083 181.440018 2 703.021057 181.440018
64730 1 698.112061 120.960014 2 689.972961 120.960014
65359 1 568.512024 240.192017 2 547.302551 240.192017
63558 1 438.912048 191.808014 2 429.321899 191.808014
65235 1 404.352051 324.864044 2 355.813354 324.864044
55266 1 513.216064 36.288002 2 512.200012 36.288002
64702 1 485.568054 38.016003 2 484.9039 38.016003
60609 1 608.256042 76.032005 2 601.627686 76.032005
59244 1 618.624084 55.296005 2 612.219788 55.296005
54838 1 549.918823 161.740829 2 548.23822 161.740829
63578 1 423.360046 44.928005 2 422.351349 44.928005
63970 1 248.832031 146.88002 2 244.564209 146.88002
65246 1 402.278442 304.819244 2 356.479492 304.819244
65054 1 474.854462 250.90564 2 450.309662 250.90564
65371 1 495.590485 234.316833 2 475.821014 234.316833
64251 1 379.468842 321.408051 2 328.886719 321.408051
65251 1 402.278442 294.451233 2 359.28241 294.451233
65270 1 408.499268 267.494446 2 372.143646 267.494446
65303 1 1157.06897 47.692806 2 1127.569336 47.692806
65314 1 1047.168091 120.268814 2 1018.93573 120.268814
65339 1 798.336121 232.243225 2 773.886169 232.243225
65041 1 792.115295 211.507233 2 766.814209 211.507233
65317 1 879.206543 217.728027 2 850.916504 217.728027
64717 1 659.404907 230.169632 2 642.164307 230.169632
64695 1 633.028748 244.850739 2 610.564026 244.850739
64709 1 862.617737 130.636826 2 841.909851 130.636826
63177 1 646.963318 176.256027 2 641.69635 176.256027
65070 1 568.166504 240.537628 2 546.717712 240.537628
64948 1 586.828857 325.555237 2 539.399292 325.555237
64996 1 443.750458 263.347229 2 411.211731 263.347229
64987 1 449.971252 267.494446 2 416.822205 267.494446
59768 1 545.356873 103.680016 2 542.561035 103.680016
53516 1 485.222473 39.398407 2 484.522705 39.398407
65090 1 333.84964 51.840008 2 333.41803 51.840008
65136 1 464.48645 99.532814 2 463.201111 99.532814
60537 1 383.616058 178.32962 2 373.998688 178.32962
65044 1 304.819244 230.169632 2 278.58728 230.169632
61900 1 298.59845 165.888031 2 288.233734 165.888031
65293 1 1144.627319 246.758438 2 1114.722412 246.758438
64942 1 385.689667 318.505005 2 336.031433 318.505005
65229 1 368.271423 308.551727 2 318.898346 308.551727
61010 1 537.477173 201.553955 2 528.694702 201.553955
65330 1 1042.606201 94.556175 2 1016.766724 94.556175
65328 1 1062.512817 57.231369 2 1036.559448 57.231369
65265 1 582.266968 291.133484 2 546.312927 291.133484
65364 1 860.958862 129.392654 2 840.435181 129.392654
65341 1 798.750854 231.413788 2 774.290588 231.413788
65335 1 791.285889 211.507233 2 765.863647 211.507233
65298 1 1157.06897 47.278088 2 1127.724487 47.278088
65286 1 987.863159 238.878754 2 957.141968 238.878754
65029 1 410.572845 238.878754 2 384.341492 238.878754
63977 1 440.432709 191.600662 2 430.979309 191.600662
65135 1 868.423828 69.672974 2 849.955811 69.672974
61439 1 544.942139 104.509453 2 541.956421 104.509453
54092 1 510.105682 69.672974 2 509.125214 69.672974
64763 1 567.337036 241.367081 2 543.238892 241.367081
64760 1 602.173523 204.042267 2 593.305542 204.042267
62713 1 644.474976 176.670746 2 640.967041 176.670746
59816 1 587.243591 154.275864 2 584.548523 154.275864
65168 1 587.243591 146.810898 2 584.014343 146.810898
65046 1 303.575073 231.413788 2 278.020721 231.413788
54861 1 607.150146 77.137932 2 601.0672 77.137932
64759 1 659.404907 228.925476 2 641.438599 228.925476
65075 1 629.545044 243.855392 2 608.00293 243.855392
63573 1 664.381531 204.042267 2 653.315002 204.042267
63579 1 248.832031 149.299225 2 244.648941 149.299225
62722 1 756.449402 111.974419 2 741.370605 111.974419
65233 1 403.10791 325.969971 2 355.242889 325.969971
65043 1 475.269196 251.320358 2 450.419952 251.320358
54515 1 532.500549 179.159058 2 528.322693 179.159058
64649 1 1143.63208 247.836716 2 1113.138062 247.836716
64936 1 382.206024 316.514374 2 332.286316 316.514374
64959 1 400.121918 295.612457 2 358.633698 295.612457
65214 1 301.584442 313.528381 2 244.977448 313.528381
65072 1 910.725281 77.635597 2 886.75415 77.635597
65367 1 859.963562 128.397339 2 839.141785 128.397339
65373 1 603.168884 232.906799 2 583.532288 232.906799
65076 1 567.337097 241.864746 2 544.991272 241.864746
63988 1 606.154846 206.032928 2 595.563171 206.032928
65064 1 988.360901 74.649612 2 963.821899 74.649612
65377 1 862.949524 89.579536 2 842.467346 89.579536
65340 1 800.243835 229.920807 2 775.531128 229.920807
64675 1 791.285889 212.004898 2 765.721802 212.004898
63986 1 441.92572 191.103012 2 432.109833 191.103012
55748 1 549.421143 161.243164 2 548.297424 161.243164
59331 1 570.323059 134.369308 2 568.203064 134.369308
64768 1 713.65033 98.537491 2 705.845886 98.537491
65226 1 361.304138 307.556396 2 311.160095 307.556396
64961 1 412.065857 298.59845 2 369.039551 298.59845
61049 1 543.449219 104.50946 2 541.144409 104.50946
57714 1 546.435181 74.649612 2 543.823914 74.649612
53184 1 504.631378 185.131042 2 496.199738 185.131042
62728 1 644.972656 176.173096 2 641.142822 176.173096
63604 1 659.902588 229.920807 2 641.241394 229.920807
63583 1 662.88855 203.046951 2 652.50354 203.046951
64003 1 241.864746 155.271194 2 237.499542 155.271194
65007 1 1155.57605 301.584442 2 1125.060791 301.584442
52979 1 505.228607 186.325439 2 497.250366 186.325439
65142 1 716.636353 182.742264 2 700.80542 182.742264
63980 1 716.636353 157.659988 2 704.126709 157.659988
64287 1 1003.290833 243.656357 2 973.289795 243.656357
55349 1 551.809998 161.243179 2 548.284973 161.243179
65109 1 587.641785 154.076813 2 584.01709 154.076813
65346 1 799.0495 229.323624 2 774.698669 229.323624
60647 1 659.30542 85.996361 2 651.223572 85.996361
65114 1 429.981781 146.910446 2 427.125427 146.910446
65050 1 412.065887 240.073166 2 385.070831 240.073166
65116 1 412.065887 96.745903 2 409.264679 96.745903
65376 1 867.129944 96.745903 2 847.262268 96.745903
57659 1 569.725891 82.413177 2 567.363037 82.413177
64985 1 447.897705 268.738617 2 414.440979 268.738617
63590 1 562.559509 240.073166 2 541.828247 240.073166
63994 1 605.557678 204.241348 2 595.99115 204.241348
63171 1 630.639954 243.656357 2 610.104919 243.656357
63593 1 659.30542 200.658173 2 651.287964 200.658173
65097 1 627.056763 204.241348 2 614.464172 204.241348
64771 1 544.643616 103.91227 2 540.964966 103.91227
64331 1 308.153625 154.076813 2 297.206848 154.076813
65379 1 540.0 176.0 2 535.46344 176.0
65146 1 547.0 106.0 2 544.95929 106.0
65396 1 358.0 188.0 2 347.567352 188.0
65400 1 699.600037 162.0 2 688.901917 162.0
65122 1 746.400024 96.0 2 734.042664 96.0
65388 1 691.0 77.0 2 683.305847 77.0
65410 1 661.200012 230.400009 2 644.07666 230.400009
65411 1 793.200012 148.800003 2 771.530334 148.800003
65397 1 439.200012 190.800003 2 428.887695 190.800003
65504 1 366.0 50.400002 2 365.127045 50.400002
65422 1 712.800049 100.800003 2 704.909851 100.800003
62702 1 767.52002 136.800003 2 753.771912 136.800003
65414 1 696.960022 120.960007 2 689.631287 120.960007
65125 1 462.0 194.0 2 451.545959 194.0
65401 1 608.400024 76.800003 2 601.41925 76.800003
65417 1 380.160004 119.520004 2 376.807068 119.520004
63564 1 466.800018 144.0 2 460.804382 144.0
65419 1 266.400024 59.040001 2 265.056152 59.040001
65398 1 228.000015 156.0 2 222.968826 156.0
65390 1 1140.0 116.400002 2 1110.671509 116.400002
64786 1 660.960022 100.800003 2 653.437439 100.800003
65476 1 692.92804 79.488007 2 685.708862 79.488007
64350 1 228.096024 155.52002 2 222.946304 155.52002
65130 1 718.848083 181.440018 2 703.021057 181.440018
64660 1 883.008057 217.728027 2 854.334656 217.728027
65436 1 653.184082 216.000015 2 639.723755 216.000015
65421 1 745.920044 95.040001 2 732.611572 95.040001
63169 1 538.800049 199.200012 2 529.923157 199.200012
65487 1 545.76001 105.120003 2 543.699219 105.120003
65166 1 585.792053 146.88002 2 583.854248 146.88002
65430 1 381.888031 119.23201 2 377.184601 119.23201
65519 1 588.902466 147.225616 2 584.433044 147.225616
65478 1 271.641632 192.844833 2 260.221924 192.844833
61046 1 537.119995 200.160004 2 528.923584 200.160004
65407 1 756.0 115.200005 2 742.338623 115.200005
65445 1 721.612915 45.619205 2 713.892456 45.619205
65105 1 551.577698 161.740829 2 548.902771 161.740829
65443 1 691.753052 99.532814 2 684.239563 99.532814
65432 1 266.11203 58.752007 2 265.019806 58.752007
64765 1 582.266968 102.021133 2 580.153564 102.021133
65455 1 243.855392 154.275864 2 238.228653 154.275864
64682 1 991.87207 76.032005 2 967.083008 76.032005
64296 1 1055.047852 164.229141 2 1025.837891 164.229141
65324 1 412.065857 238.878769 2 384.47113 238.878769
65495 1 283.668549 170.201126 2 274.185394 170.201126
65498 1 543.449219 197.074982 2 537.138611 197.074982
65483 1 275.904999 193.491806 2 263.867767 193.491806
65515 1 566.1427 107.495445 2 563.44043 107.495445
65457 1 382.206024 209.018921 2 368.125366 209.018921
63992 1 800.243835 229.920807 2 775.531128 229.920807
65460 1 698.720398 78.829994 2 690.725586 78.829994
65145 1 444.314514 189.90863 2 433.833038 189.90863
65461 1 379.817261 132.577713 2 375.12326 132.577713
64742 1 512.394958 225.740448 2 498.53949 225.740448
65005 1 988.360901 238.878769 2 957.75 238.878769
