47
-0.9940685 -0.2590333 39.40063 0.0003445010724005886 -0.021956450361992667 -0.0028646721316260035 0.9997547645598347
7638 1 1042.0 242.0 2 1009.834534 242.0
7699 1 389.0 38.0 2 368.3638 38.0
7795 1 487.0 68.0 2 476.475159 68.0
7243 1 984.0 200.0 2 951.090027 200.0
7506 1 696.0 311.0 2 650.968811 311.0
7601 1 543.0 288.0 2 507.647247 288.0
7304 1 409.0 25.0 2 388.1474 25.0
7718 1 316.0 119.0 2 296.858948 119.0
7679 1 391.200012 39.600002 2 370.126282 39.600002
7725 1 820.800049 176.400009 2 813.701599 176.400009
6550 1 537.600037 60.000004 2 526.404541 60.000004
7305 1 540.0 90.0 2 529.407166 90.0
7675 1 372.0 90.0 2 350.900757 90.0
7598 1 892.800049 247.200012 2 857.214783 247.200012
7281 1 643.200012 246.000015 2 620.942078 246.000015
7730 1 670.0 194.0 2 660.257996 194.0
7661 1 691.200012 252.000015 2 665.481995 252.000015
7668 1 591.0 251.0 2 568.300842 251.0
7575 1 541.200012 292.800018 2 504.664886 292.800018
7798 1 446.400024 224.400009 2 431.755981 224.400009
7648 1 406.800018 285.600006 2 380.149292 285.600006
5200 1 588.0 178.800003 2 580.52301 178.800003
6071 1 486.720032 67.68 2 476.324371 67.68
5621 1 482.112061 179.712021 2 469.422363 179.712021
7582 1 918.000061 246.000015 2 880.791687 246.000015
7611 1 983.52002 198.720001 2 950.217041 198.720001
7739 1 1067.040039 133.919998 2 1057.971436 133.919998
7519 1 1034.400024 52.800003 2 990.0672 52.800003
7752 1 804.960022 205.920013 2 788.721619 205.920013
7594 1 892.800049 247.680008 2 857.234741 247.680008
7570 1 842.400024 279.360016 2 803.861755 279.360016
7306 1 659.52002 227.520004 2 641.670593 227.520004
7510 1 709.200012 309.600006 2 664.390137 309.600006
7194 1 838.080017 77.760002 2 798.151917 77.760002
7737 1 846.720032 146.880005 2 839.617432 146.880005
7723 1 639.360046 76.32 2 627.308899 76.32
6932 1 662.400024 159.600006 2 652.174194 159.600006
7688 1 591.840027 250.560013 2 569.362427 250.560013
7496 1 527.040039 324.0 2 480.126862 324.0
7650 1 526.800049 267.600006 2 499.0867 267.600006
6491 1 410.400024 233.280014 2 392.145844 233.280014
7603 1 476.400024 290.400024 2 440.58139 290.400024
6938 1 563.040039 50.400002 2 551.566406 50.400002
7372 1 390.240021 38.880001 2 369.287842 38.880001
6490 1 267.840027 236.736023 2 247.179779 236.736023
7325 1 167.040009 211.680008 2 152.183197 211.680008
7262 1 696.384094 254.016022 2 670.910645 254.016022
6983 1 446.400024 224.640015 2 431.469116 224.640015
7589 1 895.104065 248.832031 2 859.084412 248.832031
7522 1 1130.112061 279.936035 2 1087.879395 279.936035
5628 1 205.632019 212.544022 2 189.896729 212.544022
6516 1 165.888016 212.544022 2 151.814621 212.544022
7376 1 623.808044 174.528015 2 618.374207 174.528015
7626 1 1061.280029 244.800003 2 1028.889038 244.800003
7517 1 783.360046 303.840027 2 739.768738 303.840027
7497 1 528.0 324.0 2 480.688782 324.0
7651 1 525.600037 267.839996 2 497.780121 267.839996
7719 1 312.480011 123.840004 2 293.457855 123.840004
7710 1 283.392029 141.696014 2 262.651978 141.696014
7610 1 475.200012 290.880005 2 440.637878 290.880005
7624 1 984.960083 198.720016 2 951.609497 198.720016
6847 1 1033.920044 51.840004 2 990.102051 51.840004
7309 1 412.800018 122.400002 2 395.272491 122.400002
7321 1 300.672028 240.192017 2 280.629333 240.192017
6499 1 311.040039 203.904022 2 295.126709 203.904022
7471 1 1026.432129 317.952026 2 973.116455 317.952026
7557 1 1023.600037 273.600006 2 983.554993 273.600006
7550 1 997.056091 274.752014 2 956.859741 274.752014
7 1 587.520081 177.984024 2 580.167908 177.984024
7681 1 387.072021 100.224007 2 366.737305 100.224007
7704 1 390.528046 34.560005 2 370.297546 34.560005
7563 1 843.264099 279.936035 2 804.702942 279.936035
4802 1 563.328064 50.112003 2 551.811279 50.112003
6487 1 533.952026 98.49601 2 523.151184 98.49601
7219 1 893.721741 248.832031 2 858.806519 248.832031
7258 1 777.600098 257.126434 2 749.303345 257.126434
6489 1 659.404907 228.096039 2 641.211304 228.096039
7509 1 1034.726562 51.840008 2 989.987 51.840008
7474 1 1024.358521 319.334442 2 970.979309 319.334442
7505 1 739.584045 309.312042 2 693.905151 309.312042
2387 1 663.552124 176.256027 2 653.150391 176.256027
6128 1 665.28009 127.872009 2 655.147583 127.872009
7776 1 165.888031 213.580826 2 151.021042 213.580826
2712 1 537.408081 193.536011 2 526.716614 193.536011
7539 1 509.76004 307.584015 2 467.051331 307.584015
7655 1 525.312073 267.840027 2 497.112762 267.840027
7389 1 312.768036 124.416016 2 294.040619 124.416016
7623 1 1062.720093 245.376022 2 1030.221924 245.376022
7215 1 475.200043 290.304016 2 440.057617 290.304016
7711 1 298.59845 238.878754 2 279.977539 238.878754
6979 1 311.040039 203.21283 2 294.867371 203.21283
6981 1 379.817261 71.663635 2 358.938141 71.663635
7748 1 603.072083 67.392006 2 591.511292 67.392006
7572 1 962.150513 265.420837 2 922.989685 265.420837
5633 1 481.075256 180.403229 2 468.990265 180.403229
7202 1 843.955322 279.936035 2 804.673218 279.936035
7338 1 819.072083 176.256012 2 812.253052 176.256012
7251 1 410.572845 284.083252 2 379.601013 284.083252
6500 1 410.572845 234.316833 2 395.319763 234.316833
7682 1 593.049683 250.90564 2 571.095459 250.90564
7525 1 1128.038574 279.936035 2 1086.186768 279.936035
6508 1 670.46405 191.808014 2 660.800354 191.808014
7761 1 1067.904175 134.784012 2 1058.832031 134.784012
6912 1 472.780853 291.133484 2 437.875061 291.133484
7256 1 522.547302 269.568024 2 493.554352 269.568024
7810 1 313.528351 124.416016 2 294.290497 124.416016
7698 1 283.668518 139.345947 2 264.662354 139.345947
7500 1 972.933228 301.086761 2 926.600952 301.086761
5630 1 487.296082 68.42881 2 476.20813 68.42881
5636 1 383.201324 79.626251 2 361.391998 79.626251
7696 1 400.619568 59.719688 2 379.662872 59.719688
7148 1 904.089722 311.040039 2 853.845459 311.040039
6088 1 601.344055 66.355209 2 590.365662 66.355209
7515 1 881.280151 292.377655 2 837.194946 292.377655
7199 1 843.540588 278.691895 2 804.589233 278.691895
4763 1 537.0625 180.403229 2 526.227234 180.403229
7775 1 818.65741 176.670746 2 811.401917 176.670746
7297 1 594.708557 251.320358 2 572.861755 251.320358
7503 1 738.201721 308.966431 2 692.444336 308.966431
6562 1 477.757538 104.50946 2 467.181 104.50946
7351 1 585.252991 176.173096 2 577.856079 176.173096
6113 1 600.182922 65.691658 2 589.398682 65.691658
7587 1 935.608459 221.46051 2 898.305237 221.46051
7222 1 895.795349 250.822708 2 860.033264 250.822708
7779 1 637.01001 74.649612 2 625.076111 74.649612
7492 1 898.781372 310.542389 2 849.285645 310.542389
7579 1 934.613159 268.738617 2 894.543518 268.738617
8 1 534.988892 184.135712 2 525.300903 184.135712
6099 1 286.65451 137.355286 2 267.025116 137.355286
7783 1 166.717468 211.507233 2 151.233719 211.507233
7614 1 456.855652 292.626495 2 424.328735 292.626495
6468 1 379.220032 292.626495 2 346.544373 292.626495
6924 1 522.547302 268.738586 2 494.018158 268.738586
7773 1 527.523926 191.600662 2 517.16449 191.600662
7342 1 671.846497 191.600662 2 662.16803 191.600662
7574 1 1114.767578 266.250275 2 1076.101562 266.250275
7560 1 1028.505737 267.494446 2 988.622437 267.494446
1514 1 353.341492 201.553955 2 337.900482 201.553955
6538 1 748.884949 150.493622 2 742.423767 150.493622
7233 1 899.378601 250.822708 2 861.496155 250.822708
5652 1 618.098816 149.299225 2 612.967163 149.299225
7399 1 541.060425 125.411354 2 529.964417 125.411354
6978 1 286.654541 136.160904 2 267.908997 136.160904
7375 1 229.920807 259.78067 2 208.154114 259.78067
6998 1 257.989075 236.48999 2 239.552521 236.48999
6557 1 480.146332 103.91227 2 468.837189 103.91227
7235 1 458.647247 293.820892 2 424.646301 293.820892
6081 1 378.224701 293.621796 2 345.395935 293.621796
7255 1 523.144531 268.738617 2 493.040741 268.738617
352 1 662.888611 175.575897 2 652.742371 175.575897
7785 1 659.902588 83.607567 2 649.52063 83.607567
6496 1 671.846497 191.103012 2 662.699585 191.103012
7571 1 845.03363 280.682556 2 805.711121 280.682556
7780 1 870.912109 213.995544 2 852.960999 213.995544
7794 1 809.799072 207.824539 2 795.645569 207.824539
7365 1 1139.451782 118.244995 2 1123.866211 118.244995
7586 1 934.613159 220.96286 2 897.683044 220.96286
7487 1 655.200012 332.400024 2 603.914612 332.400024
7670 1 342.0 72.0 2 320.039978 72.0
7742 1 37.200001 225.600006 2 22.76227 225.600006
7686 1 374.400024 36.0 2 353.217072 36.0
7491 1 905.76001 306.720001 2 855.686035 306.720001
7313 1 538.559998 89.280006 2 528.507568 89.280006
7590 1 937.440063 223.200012 2 901.125122 223.200012
7551 1 995.040039 273.600006 2 954.638306 273.600006
7801 1 600.480042 227.520004 2 585.313599 227.520004
7653 1 187.200012 290.880005 2 157.968002 290.880005
7544 1 276.480042 319.680023 2 235.768295 319.680023
7646 1 345.600037 279.936035 2 315.282074 279.936035
7475 1 677.376038 338.688019 2 623.030884 338.688019
7254 1 772.416077 259.200012 2 742.419556 259.200012
7743 1 91.584007 202.176025 2 85.250961 202.176025
7173 1 1156.032104 53.568005 2 1114.696533 53.568005
7483 1 1105.920166 307.584015 2 1054.709351 307.584015
7751 1 1007.424072 141.696014 2 999.614441 141.696014
7763 1 438.912048 172.800018 2 437.072113 172.800018
7819 1 694.656067 157.248016 2 688.154724 157.248016
7553 1 905.472107 274.752014 2 864.209351 274.752014
3117 1 665.625671 128.563217 2 654.889343 128.563217
7583 1 937.267334 221.875229 2 900.487976 221.875229
7486 1 659.404907 331.776062 2 607.54541 331.776062
6465 1 410.572845 283.668518 2 378.978821 283.668518
4770 1 308.551727 204.042267 2 293.805054 204.042267
6380 1 846.028931 323.481659 2 795.183228 323.481659
7469 1 1024.192749 316.514374 2 970.80719 316.514374
5650 1 486.715485 164.229156 2 475.243469 164.229156
7812 1 785.313965 179.159073 2 778.669128 179.159073
7677 1 268.738617 271.724609 2 245.390976 271.724609
4765 1 352.346191 203.046951 2 337.105255 203.046951
7195 1 845.630859 279.488159 2 807.021484 279.488159
7602 1 967.459045 236.48999 2 932.301697 236.48999
7580 1 935.210388 222.157257 2 898.238708 222.157257
6973 1 695.137207 103.91227 2 683.441284 103.91227
7790 1 132.577713 89.579544 2 120.898537 89.579544
6942 1 232.906799 257.989075 2 213.16301 257.989075
7827 1 465.813599 85.996361 2 453.731781 85.996361
6976 1 555.393127 139.74408 2 549.820251 139.74408
6918 1 379.817261 293.820892 2 345.664551 293.820892
16 1 351.151794 200.658173 2 337.959534 200.658173
6086 1 637.806335 75.246811 2 625.453613 75.246811
7278 1 687.970886 254.405899 2 661.217041 254.405899
7000 1 673.638123 189.90863 2 663.904114 189.90863
