487
149 -4.45 287 0.0258 -0.00133 0.0265 0.707 
68611 1 248.0 191.0 2 226.011307 191.0
68519 1 353.0 277.0 2 317.591125 277.0
68452 1 1072.0 40.0 2 1025.469116 40.0
68412 1 686.0 325.0 2 637.086182 325.0
67120 1 169.0 66.0 2 168.374069 66.0
68597 1 423.0 241.0 2 399.269623 241.0
68636 1 289.0 173.0 2 268.430847 173.0
68581 1 785.0 136.0 2 760.52417 136.0
68582 1 837.0 137.0 2 812.788757 137.0
68536 1 798.0 195.0 2 766.910889 195.0
68502 1 714.0 289.0 2 675.348145 289.0
68638 1 578.0 235.0 2 557.789856 235.0
68498 1 581.0 296.0 2 540.509033 296.0
65146 1 531.0 95.0 2 528.674744 95.0
54393 1 497.0 27.0 2 496.146118 27.0
68242 1 353.0 77.0 2 351.384094 77.0
68138 1 413.0 41.0 2 412.265015 41.0
68047 1 780.000061 177.600006 2 751.624878 177.600006
68557 1 806.400024 158.400009 2 778.08075 158.400009
68044 1 789.600037 164.400009 2 759.958923 164.400009
68558 1 631.200012 256.800018 2 603.632446 256.800018
56822 1 492.000031 139.200012 2 490.129517 139.200012
67601 1 591.600037 152.400009 2 587.338013 152.400009
68507 1 345.600006 280.800018 2 308.859283 280.800018
68318 1 1070.400024 189.600006 2 996.953552 189.600006
68101 1 323.481659 221.875229 2 300.752838 221.875229
68662 1 336.0 192.0 2 316.433441 192.0
67721 1 658.800049 26.400002 2 646.331177 26.400002
68545 1 813.600037 178.800003 2 784.536743 178.800003
68134 1 576.0 147.600006 2 572.266785 147.600006
68633 1 288.0 172.800003 2 268.39505 172.800003
68290 1 1158.0 272.400024 2 1073.229126 272.400024
68478 1 843.600037 240.000015 2 800.397339 240.000015
68407 1 807.600037 337.200012 2 754.225708 337.200012
68506 1 800.400024 272.400024 2 762.328064 272.400024
67971 1 658.800049 326.400024 2 608.027161 326.400024
68426 1 631.200012 321.600006 2 582.203064 321.600006
68141 1 795.600037 54.000004 2 782.569885 54.000004
68641 1 578.400024 235.200012 2 558.821716 235.200012
68513 1 536.400024 285.600006 2 500.16452 285.600006
68427 1 595.200012 324.0 2 546.593994 324.0
68487 1 582.0 295.200012 2 541.305481 295.200012
68653 1 444.000031 226.800003 2 424.869934 226.800003
68505 1 282.0 254.400009 2 246.264008 254.400009
68615 1 247.200012 189.600006 2 225.454391 189.600006
68618 1 55.200001 210.000015 2 32.480072 210.000015
66668 1 117.600006 67.200005 2 116.432838 67.200005
67244 1 452.160004 83.520004 2 450.29599 83.520004
68122 1 715.39209 223.948837 2 691.774963 223.948837
67596 1 532.800049 178.560013 2 528.247253 178.560013
68619 1 790.560059 119.520004 2 768.33075 119.520004
68367 1 931.680054 214.560013 2 874.771301 214.560013
68451 1 1049.76001 33.120003 2 1003.784119 33.120003
68459 1 1033.920044 31.68 2 988.18335 31.68
68522 1 61.920002 250.560013 2 29.303015 250.560013
68308 1 1136.160034 188.640015 2 1057.931641 188.640015
68319 1 1069.920044 190.080002 2 995.844849 190.080002
68288 1 1156.320068 272.160004 2 1071.847534 272.160004
68439 1 1072.800049 40.32 2 1025.489746 40.32
68316 1 1075.680054 184.320007 2 1003.944336 184.320007
68375 1 908.640015 210.240005 2 853.291504 210.240005
68471 1 866.880005 227.520004 2 823.869934 227.520004
68123 1 685.440002 210.240005 2 672.142151 210.240005
68530 1 698.400024 267.839996 2 667.759094 267.839996
68422 1 630.720032 321.120026 2 582.258484 321.120026
68371 1 735.840027 345.600006 2 679.122559 345.600006
68024 1 711.936096 286.848022 2 673.608032 286.848022
68577 1 737.280029 164.160004 2 712.004944 164.160004
67135 1 476.640015 211.680008 2 462.81189 211.680008
68644 1 599.040039 233.280014 2 579.608154 233.280014
68654 1 578.880005 234.720016 2 558.704346 234.720016
68514 1 535.680054 286.848022 2 499.612732 286.848022
67973 1 594.720032 324.0 2 546.426514 324.0
65487 1 530.496033 93.312012 2 528.240784 93.312012
66342 1 496.800018 100.800003 2 494.866241 100.800003
67121 1 492.480011 139.680008 2 490.269073 139.680008
68255 1 380.160004 87.840004 2 379.04895 87.840004
64007 1 423.360016 36.0 2 422.468048 36.0
68092 1 271.296021 219.456024 2 248.014404 219.456024
68624 1 95.040001 194.400009 2 75.36113 194.400009
65090 1 316.22403 46.656006 2 314.529877 46.656006
68511 1 799.200012 272.160004 2 762.610657 272.160004
68548 1 813.888062 179.712021 2 783.668518 179.712021
65089 1 577.152039 169.344009 2 572.55835 169.344009
59816 1 577.152039 148.608017 2 572.99292 148.608017
64312 1 537.408081 155.52002 2 534.402527 155.52002
66795 1 219.456024 143.424011 2 213.781143 143.424011
68602 1 323.136017 221.184021 2 300.70993 221.184021
68640 1 304.128021 202.176025 2 283.55896 202.176025
68106 1 816.169067 131.880981 2 794.747009 131.880981
68310 1 1137.024048 188.35202 2 1058.824097 188.35202
68287 1 1157.760132 271.296021 2 1074.041016 271.296021
68323 1 1076.544067 184.896011 2 1003.858398 184.896011
68458 1 1017.792114 58.752007 2 971.669861 58.752007
68038 1 798.33606 195.264023 2 766.645935 195.264023
68421 1 630.720032 321.40802 2 582.093506 321.40802
68399 1 748.22406 335.232025 2 695.099854 335.232025
67125 1 679.104065 44.928005 2 666.038086 44.928005
66659 1 732.672058 46.656006 2 719.612183 46.656006
67585 1 738.201721 163.814423 2 712.2453 163.814423
68613 1 711.936096 124.416016 2 689.948181 124.416016
68493 1 582.33606 295.488037 2 543.475952 295.488037
68569 1 470.016052 250.560028 2 443.874084 250.560028
66327 1 571.968079 136.512009 2 568.979126 136.512009
68165 1 53.568005 209.088013 2 31.666857 209.088013
67703 1 69.12001 65.664009 2 67.880508 65.664009
68159 1 806.630493 159.667221 2 777.496155 159.667221
67608 1 632.448059 230.169632 2 612.458557 230.169632
68073 1 837.734497 136.85762 2 811.964355 136.85762
68320 1 1142.553711 165.888031 2 1069.038208 165.888031
68285 1 1154.995361 271.641632 2 1071.564819 271.641632
68417 1 1074.125 39.398407 2 1026.496582 39.398407
67587 1 630.374512 39.398407 2 617.813599 39.398407
68025 1 711.244873 288.230438 2 673.339905 288.230438
68433 1 628.300903 321.408051 2 581.657715 321.408051
68501 1 642.816101 288.230438 2 605.884094 288.230438
68281 1 1192.32019 263.347229 2 1106.459229 263.347229
68475 1 846.028931 238.464035 2 803.298889 238.464035
68454 1 1018.137756 60.134407 2 972.215759 60.134407
67146 1 408.499268 194.918427 2 394.613312 194.918427
66733 1 714.147949 223.948837 2 690.709351 223.948837
68324 1 1040.947388 194.918427 2 968.605042 194.918427
68373 1 931.046509 213.580826 2 873.878418 213.580826
59768 1 530.841675 93.312012 2 527.972717 93.312012
68669 1 611.712097 226.02243 2 593.375183 226.02243
68226 1 576.460876 226.02243 2 560.181885 226.02243
66328 1 331.776062 45.619205 2 330.800629 45.619205
63578 1 406.425659 39.398407 2 406.386017 39.398407
68086 1 268.738586 218.972198 2 246.902649 218.972198
68420 1 367.027252 325.555237 2 318.062836 325.555237
66247 1 464.48645 138.931213 2 457.31842 138.931213
68084 1 785.894531 134.784012 2 760.878113 134.784012
68578 1 836.075623 136.85762 2 811.332825 136.85762
59755 1 574.802002 149.299225 2 572.30072 149.299225
68645 1 632.033386 231.413788 2 611.547791 231.413788
68499 1 641.986633 288.645172 2 604.55542 288.645172
68573 1 736.542847 164.229141 2 712.995361 164.229141
68311 1 1134.674072 189.11235 2 1056.397095 189.11235
68161 1 522.547302 325.969971 2 473.011261 325.969971
64730 1 739.031128 77.137932 2 725.92041 77.137932
68041 1 778.844299 213.995544 2 749.391174 213.995544
68415 1 741.51947 323.481659 2 692.242371 323.481659
67488 1 1077.442749 57.231369 2 1029.746094 57.231369
67857 1 1157.06897 263.761963 2 1072.991333 263.761963
68062 1 410.572845 251.320358 2 386.048004 251.320358
68224 1 470.292542 189.11235 2 461.618256 189.11235
68480 1 846.028931 238.878754 2 803.715881 238.878754
68625 1 293.621796 189.11235 2 271.418518 189.11235
68637 1 597.196899 233.902115 2 576.517761 233.902115
68419 1 365.783081 325.969971 2 317.271942 325.969971
68049 1 788.299927 164.229156 2 759.415283 164.229156
67733 1 253.80867 134.369293 2 248.10907 134.369293
67657 1 325.969971 87.091209 2 323.452271 87.091209
67748 1 325.969971 47.278088 2 323.396393 47.278088
47007 1 278.691895 54.74305 2 277.617584 54.74305
64777 1 679.311462 47.278088 2 666.345642 47.278088
68405 1 938.096802 186.624023 2 885.078369 186.624023
67498 1 1037.629639 54.74305 2 991.02417 54.74305
68348 1 1015.234741 185.131042 2 948.535339 185.131042
58390 1 576.295044 149.299225 2 572.617004 149.299225
65517 1 713.65033 220.96286 2 689.454956 220.96286
68409 1 940.585144 188.117035 2 887.507996 188.117035
68497 1 707.678345 286.65451 2 670.661682 286.65451
68042 1 779.34198 214.990891 2 749.893494 214.990891
68484 1 845.03363 238.878769 2 804.036926 238.878769
67599 1 277.696564 56.733707 2 277.453339 56.733707
67630 1 737.538208 164.229156 2 712.461304 164.229156
67886 1 1077.94043 185.131042 2 1004.916504 185.131042
67049 1 149.299225 316.514374 2 94.380394 316.514374
68105 1 325.472321 220.96286 2 303.160889 220.96286
68628 1 292.626495 188.117035 2 271.23053 188.117035
65868 1 388.177979 89.579536 2 384.524017 89.579536
67182 1 68.677643 65.691658 2 67.906975 65.691658
68658 1 630.042725 229.920807 2 611.044861 229.920807
54586 1 489.701477 113.467415 2 488.083954 113.467415
68601 1 223.948837 212.004898 2 202.393631 212.004898
68325 1 1039.122681 194.088989 2 969.25592 194.088989
68342 1 994.332886 191.103012 2 927.720581 191.103012
65105 1 537.477234 155.271194 2 533.885376 155.271194
67554 1 824.131714 158.257187 2 796.542358 158.257187
68587 1 818.15979 131.383316 2 795.144775 131.383316
67417 1 1152.590088 262.766632 2 1068.937622 262.766632
67169 1 781.133606 211.407715 2 750.374878 211.407715
67553 1 795.466309 193.491806 2 765.177551 193.491806
68523 1 397.733154 272.321808 2 366.408539 272.321808
66273 1 498.062256 179.159088 2 491.836304 179.159088
68376 1 931.627197 211.407715 2 873.245117 211.407715
66626 1 910.128113 211.407715 2 854.865662 211.407715
68388 1 938.793579 186.325439 2 886.552673 186.325439
67249 1 225.740448 211.407715 2 203.167496 211.407715
68608 1 716.636353 125.411354 2 693.448242 125.411354
66351 1 354.734985 82.413177 2 352.999084 82.413177
65515 1 551.809998 93.16272 2 548.531189 93.16272
67536 1 705.88678 286.654541 2 670.027954 286.654541
67686 1 490.895874 111.078629 2 488.28772 111.078629
54571 1 490.895874 75.246811 2 489.52298 75.246811
67645 1 630.639954 229.323624 2 611.04126 229.323624
67665 1 594.808167 232.906799 2 575.860657 232.906799
68112 1 326.069519 222.157257 2 302.157349 222.157257
65125 1 268.738617 218.574081 2 246.588486 218.574081
67202 1 458.647247 71.663635 2 458.070648 71.663635
68198 1 250.822708 68.080452 2 246.058472 68.080452
67223 1 268.738617 143.327271 2 262.608337 143.327271
68351 1 985.374939 186.325439 2 919.579712 186.325439
67436 1 1039.122681 193.491806 2 969.922363 193.491806
68337 1 996.124512 189.90863 2 930.537964 189.90863
67552 1 824.131775 157.659988 2 795.667847 157.659988
67547 1 788.299927 164.826355 2 760.142517 164.826355
68067 1 412.065887 250.822708 2 387.948334 250.822708
53184 1 412.065887 193.491806 2 397.835327 193.491806
68231 1 469.39679 186.325439 2 459.981201 186.325439
67690 1 408.482697 182.742264 2 393.980225 182.742264
68673 1 532.0 179.0 2 527.469482 179.0
67137 1 220.0 144.0 2 214.375717 144.0
68674 1 283.0 107.0 2 277.518616 107.0
68676 1 634.0 104.0 2 622.033325 104.0
68121 1 189.0 60.0 2 186.925278 60.0
68685 1 404.400024 256.800018 2 377.797272 256.800018
68682 1 604.800049 160.800003 2 599.812622 160.800003
68684 1 676.800049 44.400002 2 663.924316 44.400002
68688 1 674.400024 134.400009 2 661.886169 134.400009
66741 1 646.559998 169.920013 2 640.547363 169.920013
68698 1 407.52002 195.840012 2 393.120026 195.840012
68689 1 472.800018 30.000002 2 472.07019 30.000002
68759 1 513.216064 172.800018 2 509.003052 172.800018
67613 1 629.280029 105.120003 2 617.222046 105.120003
68702 1 673.920044 134.784012 2 661.88385 134.784012
68703 1 476.92804 212.544022 2 462.878906 212.544022
68565 1 404.640015 256.320007 2 378.108612 256.320007
68704 1 407.808044 195.264023 2 394.149994 195.264023
67737 1 435.456055 32.832005 2 434.242584 32.832005
68103 1 302.400024 216.000015 2 279.534149 216.000015
66784 1 412.992035 39.744003 2 412.341156 39.744003
67659 1 196.992035 109.900818 2 190.731049 109.900818
68170 1 794.188904 51.840008 2 780.771851 51.840008
68178 1 216.000015 114.048012 2 210.153168 114.048012
68697 1 784.800049 135.360001 2 760.21344 135.360001
67629 1 686.361694 209.433624 2 673.412903 209.433624
67177 1 188.35202 58.752007 2 186.480392 58.752007
68720 1 375.736359 149.299225 2 368.758087 149.299225
67556 1 825.98407 153.792007 2 799.045959 153.792007
68710 1 574.802002 169.20578 2 571.407959 169.20578
65845 1 279.936035 55.987209 2 278.262848 55.987209
68181 1 430.479431 171.694107 2 420.753387 171.694107
55724 1 559.87207 144.322586 2 555.932312 144.322586
67674 1 558.379089 125.411354 2 554.802124 125.411354
67671 1 409.079895 194.088989 2 395.312347 194.088989
68102 1 719.622253 194.088989 2 696.145447 194.088989
68724 1 686.776428 176.173096 2 677.452515 176.173096
68713 1 495.673431 176.173096 2 490.26712 176.173096
65489 1 522.547302 184.135712 2 516.481689 184.135712
68729 1 322.486359 85.996361 2 320.199249 85.996361
68728 1 386.983612 89.579544 2 384.238312 89.579544
65116 1 352.346191 83.607567 2 350.408112 83.607567
68726 1 376.23407 149.299225 2 368.736847 149.299225
66681 1 118.080002 67.68 2 116.203407 67.68
68621 1 785.313965 134.369308 2 761.513855 134.369308
68730 1 684.387695 175.575897 2 674.059448 175.575897
68731 1 648.555847 171.992722 2 642.935242 171.992722
55748 1 537.477234 154.076813 2 533.764343 154.076813
68579 1 738.135437 164.826355 2 712.82959 164.826355
