489
281.9382 -23.43189 156.5202 0.03135771187171506 0.6928725676476256 -0.028235862484934208 0.7198243084095513
67851 1 357.0 72.0 2 355.31131 72.0
68201 1 222.0 187.0 2 197.760361 187.0
65778 1 304.0 47.0 2 303.065216 47.0
68259 1 71.0 60.0 2 70.325378 60.0
68224 1 643.200012 234.000015 2 621.20105 234.000015
67937 1 985.200012 216.000015 2 915.846985 216.000015
68265 1 811.200012 43.200001 2 798.051575 43.200001
66687 1 217.200012 138.0 2 211.575012 138.0
67763 1 541.200012 151.200012 2 538.850769 151.200012
68110 1 798.0 185.0 2 764.800537 185.0
67755 1 178.800003 104.400002 2 173.337784 104.400002
68261 1 552.0 71.0 2 551.537048 71.0
68137 1 388.0 262.0 2 358.238983 262.0
68256 1 501.600006 96.0 2 499.652924 96.0
68255 1 694.0 209.0 2 680.338074 209.0
68027 1 927.600037 234.000015 2 875.338928 234.000015
68183 1 736.0 232.0 2 710.615601 232.0
68049 1 663.0 306.0 2 618.200378 306.0
68064 1 739.0 305.0 2 694.576355 305.0
68274 1 752.400024 68.400002 2 738.874817 68.400002
68263 1 703.0 172.0 2 691.302917 172.0
68327 1 475.200012 210.000015 2 460.095947 210.000015
68211 1 434.400024 229.200012 2 412.372864 229.200012
53023 1 478.800018 25.200001 2 477.715546 25.200001
67167 1 448.800018 84.0 2 447.110382 84.0
68371 1 455.0 29.0 2 454.220673 29.0
68080 1 241.0 261.0 2 202.07579 261.0
66668 1 226.800003 56.400002 2 225.960358 56.400002
52774 1 175.200012 61.200001 2 173.741409 61.200001
67172 1 303.600006 46.800003 2 302.935333 46.800003
66217 1 122.400002 62.400002 2 120.821587 62.400002
68061 1 839.0 286.0 2 795.620117 286.0
67673 1 779.328064 150.336014 2 753.560608 150.336014
67815 1 661.200012 165.600006 2 653.497681 165.600006
68071 1 531.600037 297.600006 2 490.274719 297.600006
64952 1 541.440002 151.200012 2 538.368713 151.200012
65897 1 501.120026 96.480003 2 499.057037 96.480003
67760 1 213.12001 108.000008 2 206.976822 108.000008
67181 1 388.800018 185.76001 2 372.825989 185.76001
68029 1 927.360046 234.720016 2 875.382996 234.720016
68024 1 812.400024 326.400024 2 759.946167 326.400024
68272 1 694.800049 207.600006 2 679.346863 207.600006
67603 1 737.856079 304.128021 2 692.560242 304.128021
68111 1 694.800049 273.600006 2 660.457642 273.600006
66213 1 639.360046 96.480003 2 627.389832 96.480003
68323 1 686.400024 32.400002 2 672.783081 32.400002
66683 1 751.680054 69.120003 2 738.564697 69.120003
68352 1 652.320007 165.600006 2 646.408142 165.600006
68282 1 682.559998 129.600006 2 670.015808 129.600006
68206 1 433.440002 228.960007 2 411.017151 228.960007
68229 1 436.800018 226.800003 2 415.984528 226.800003
68052 1 383.0 311.0 2 337.724518 311.0
67240 1 385.920013 82.080002 2 384.535248 82.080002
68328 1 428.400024 151.200012 2 420.519043 151.200012
68225 1 284.400024 198.000015 2 262.249298 198.000015
67608 1 838.080017 285.120026 2 794.460815 285.120026
65896 1 527.040039 180.0 2 520.502258 180.0
54372 1 540.864075 152.064011 2 538.607788 152.064011
67628 1 829.440063 193.536011 2 794.132202 193.536011
67765 1 641.088074 233.280029 2 619.842285 233.280029
67777 1 694.656067 209.088013 2 681.551636 209.088013
68089 1 668.736084 273.024017 2 637.031006 273.024017
68107 1 808.800049 174.0 2 775.594543 174.0
62698 1 653.184082 165.888016 2 647.010498 165.888016
68283 1 701.568054 171.072021 2 689.857422 171.072021
66684 1 475.200043 210.816025 2 460.222015 210.816025
68335 1 604.800049 235.008026 2 582.116516 235.008026
68246 1 580.608032 224.640015 2 562.396973 224.640015
68067 1 530.496033 298.944031 2 489.465851 298.944031
68143 1 388.800018 260.640015 2 359.137115 260.640015
67696 1 412.992035 241.920029 2 387.544342 241.920029
68285 1 400.320007 192.960007 2 386.188507 192.960007
63192 1 535.680054 88.128006 2 532.838745 88.128006
65394 1 449.280029 84.672005 2 447.558685 84.672005
66335 1 418.176025 34.560005 2 417.168091 34.560005
68079 1 240.480011 260.640015 2 201.857071 260.640015
68222 1 285.120026 198.720016 2 262.724365 198.720016
67794 1 193.536011 103.680008 2 187.365494 103.680008
66251 1 122.688011 62.208008 2 120.580429 62.208008
64965 1 84.0 148.800003 2 77.70266 148.800003
67745 1 883.353699 151.372818 2 849.271301 151.372818
68194 1 221.875229 186.624023 2 197.939041 186.624023
68214 1 222.000015 164.400009 2 200.731674 164.400009
68232 1 321.40802 188.35202 2 300.023499 188.35202
67577 1 928.9729 238.464035 2 877.178406 238.464035
68099 1 806.630493 215.654434 2 771.853088 215.654434
68247 1 634.521667 226.02243 2 614.899536 226.02243
68181 1 735.600037 231.600006 2 710.814575 231.600006
67595 1 653.184082 304.819244 2 608.733276 304.819244
67609 1 734.054504 302.745636 2 690.837646 302.745636
67117 1 808.704102 174.182419 2 775.104431 174.182419
67676 1 809.201843 125.411354 2 782.961304 125.411354
68179 1 730.944092 115.776009 2 706.329529 115.776009
68251 1 582.681702 223.948837 2 563.42749 223.948837
68043 1 582.33606 312.768036 2 535.919067 312.768036
68292 1 402.624023 191.808014 2 387.83728 191.808014
68050 1 383.616058 311.040039 2 337.314056 311.040039
54849 1 541.209656 151.372818 2 538.343262 151.372818
67798 1 495.590485 134.784012 2 493.400269 134.784012
67265 1 336.960022 41.472004 2 336.095032 41.472004
68303 1 337.996857 130.636826 2 332.541779 130.636826
67693 1 247.104019 217.728027 2 221.936066 217.728027
67729 1 284.083252 199.065628 2 262.395386 199.065628
68081 1 240.192017 260.92804 2 201.964813 260.92804
67772 1 194.918427 103.680016 2 188.146362 103.680016
64658 1 319.680023 43.200001 2 319.022827 43.200001
67845 1 74.304008 60.480007 2 72.500671 60.480007
66231 1 121.200005 60.000004 2 120.142662 60.000004
67674 1 865.935486 129.392654 2 839.148926 129.392654
68370 1 659.404907 174.182419 2 651.225037 174.182419
67936 1 1003.622559 217.728027 2 931.86792 217.728027
67593 1 582.681702 313.113647 2 535.968994 313.113647
67612 1 734.054504 303.575073 2 690.793945 303.575073
67206 1 482.734161 211.507233 2 468.146362 211.507233
68094 1 808.704102 213.995544 2 774.590454 213.995544
67494 1 984.960144 215.654434 2 915.469116 215.654434
68310 1 330.946594 82.114571 2 328.118958 82.114571
64311 1 751.472717 67.184647 2 737.888428 67.184647
68172 1 772.416077 101.952011 2 746.575623 101.952011
68076 1 320.993317 286.15683 2 281.717834 286.15683
68142 1 155.52002 235.008026 2 126.426315 235.008026
68185 1 190.771225 211.507233 2 166.09903 211.507233
61036 1 532.500549 84.60289 2 529.835449 84.60289
67222 1 284.083252 49.766407 2 283.026886 49.766407
67654 1 396.057648 255.052841 2 367.966187 255.052841
66696 1 402.278442 192.844833 2 387.892853 192.844833
67921 1 1071.360107 217.728027 2 992.560364 217.728027
68308 1 582.266968 236.390427 2 561.009949 236.390427
68122 1 808.704102 174.182419 2 775.03241 174.182419
67196 1 756.449402 159.252502 2 727.338806 159.252502
67713 1 724.101196 194.088989 2 698.344299 194.088989
68086 1 356.659241 284.083252 2 320.306885 284.083252
67245 1 472.780853 184.135712 2 461.91684 184.135712
68204 1 221.46051 186.624023 2 197.584747 186.624023
68203 1 269.568024 186.624023 2 246.933838 186.624023
68313 1 653.930603 167.215134 2 648.421814 167.215134
68016 1 928.143494 238.878754 2 875.171509 238.878754
68312 1 695.734375 173.187103 2 685.633728 173.187103
67611 1 654.428223 301.086761 2 609.23645 301.086761
68062 1 731.566223 301.584442 2 688.583862 301.584442
67669 1 243.855392 218.972198 2 219.790741 218.972198
67704 1 731.566223 116.4534 2 706.635681 116.4534
66724 1 95.551506 65.691658 2 95.065392 65.691658
65426 1 391.163971 86.593552 2 387.830048 86.593552
68097 1 809.201843 214.990891 2 774.699158 214.990891
64964 1 194.088989 212.004898 2 170.67688 212.004898
68216 1 600.182922 232.906799 2 579.865234 232.906799
67149 1 567.337097 247.836716 2 541.053955 247.836716
67702 1 307.556396 220.96286 2 282.995911 220.96286
68159 1 722.608276 194.088989 2 697.585083 194.088989
68366 1 220.96286 152.285217 2 212.903442 152.285217
63910 1 540.463196 152.285217 2 538.590515 152.285217
67931 1 1002.793091 218.972198 2 930.65863 218.972198
67692 1 734.552185 191.103012 2 710.71759 191.103012
68345 1 639.000671 232.906799 2 617.154907 232.906799
65827 1 655.722229 164.826355 2 649.386841 164.826355
67699 1 569.725891 247.239532 2 543.859192 247.239532
68320 1 390.566803 85.996361 2 386.960175 85.996361
64685 1 358.318146 77.635597 2 356.55368 77.635597
64699 1 243.656357 218.574081 2 219.232315 218.574081
68319 1 193.491806 103.91227 2 186.754318 103.91227
66278 1 143.327271 68.080452 2 141.657349 68.080452
66716 1 809.799072 214.990891 2 775.60614 214.990891
67912 1 1077.94043 194.088989 2 993.509277 194.088989
57557 1 562.559509 121.828178 2 559.75354 121.828178
68316 1 329.65271 82.413177 2 327.530151 82.413177
68193 1 193.491806 211.407715 2 169.513016 211.407715
67690 1 304.570435 222.157257 2 278.885132 222.157257
67656 1 758.440063 158.257187 2 730.245239 158.257187
67651 1 394.149963 256.794678 2 367.058441 256.794678
66204 1 609.140869 154.076813 2 603.214417 154.076813
57960 1 580.475403 146.910446 2 576.382996 146.910446
67689 1 845.03363 125.411354 2 819.255798 125.411354
54566 1 498.062256 171.992722 2 491.927063 171.992722
66286 1 494.479065 107.495445 2 492.847626 107.495445
61569 1 494.479065 71.663635 2 493.245911 71.663635
67226 1 469.39679 182.742264 2 459.490448 182.742264
54625 1 462.230438 68.080452 2 461.922485 68.080452
66769 1 268.738617 136.160904 2 261.958496 136.160904
67930 1 1003.290833 217.976868 2 930.526489 217.976868
67655 1 540.463196 250.822708 2 514.529663 250.822708
68021 1 901.767334 247.836716 2 850.074097 247.836716
66289 1 487.0 70.0 2 485.545654 70.0
67900 1 1167.0 241.0 2 1072.99707 241.0
68118 1 799.0 188.0 2 765.653503 188.0
64710 1 536.0 88.0 2 533.657043 88.0
68177 1 282.0 214.800003 2 256.594177 214.800003
67907 1 1117.200073 216.000015 2 1028.957275 216.000015
68100 1 829.200012 166.800003 2 794.213989 166.800003
68117 1 819.600037 159.600006 2 787.085022 159.600006
68020 1 897.600037 243.600006 2 846.030151 243.600006
67995 1 643.200012 350.400024 2 582.975647 350.400024
68220 1 580.800049 235.200012 2 558.850586 235.200012
67862 1 544.800049 118.800003 2 542.236084 118.800003
66670 1 174.0 60.000004 2 173.380814 60.000004
67918 1 1069.920044 217.440002 2 993.27301 217.440002
68230 1 279.360016 164.160004 2 256.86026 164.160004
68026 1 812.160034 326.880005 2 759.680359 326.880005
68178 1 735.840027 231.840012 2 710.559143 231.840012
67182 1 636.480042 27.360001 2 623.026001 27.360001
66209 1 745.920044 34.560001 2 731.523804 34.560001
67909 1 1131.840088 190.080017 2 1043.940308 190.080017
67163 1 728.580261 223.948837 2 703.437317 223.948837
67281 1 609.98407 165.888016 2 605.194763 165.888016
68219 1 241.920029 160.70401 2 221.438492 160.70401
68171 1 732.672058 228.096024 2 706.857605 228.096024
66675 1 687.74408 32.832005 2 674.183777 32.832005
68212 1 582.33606 236.736023 2 560.956299 236.736023
68072 1 321.40802 286.848022 2 281.246704 286.848022
66785 1 228.096024 55.296005 2 227.410339 55.296005
68015 1 248.832031 333.84964 2 196.844711 333.84964
67920 1 1069.977783 217.728027 2 991.977234 217.728027
67954 1 999.475342 199.065628 2 933.391541 199.065628
68098 1 669.772888 273.71524 2 636.548157 273.71524
67136 1 756.449402 159.252502 2 727.338806 159.252502
67736 1 603.417664 234.316833 2 581.411499 234.316833
66288 1 731.980896 223.948837 2 706.462769 223.948837
67708 1 124.416016 201.139221 2 100.647789 201.139221
68065 1 296.524841 302.745636 2 253.809021 302.745636
67787 1 346.29126 39.398407 2 345.640961 39.398407
65403 1 319.334442 41.472008 2 319.108795 41.472008
67590 1 582.266968 313.528351 2 536.26709 313.528351
67657 1 397.733154 254.405899 2 370.572021 254.405899
54099 1 495.175751 109.486099 2 493.187317 109.486099
67740 1 639.498352 231.413788 2 618.25116 231.413788
66222 1 811.192444 126.904335 2 783.290894 126.904335
65404 1 283.668518 49.766407 2 282.788849 49.766407
59338 1 579.778625 144.322586 2 577.250366 144.322586
68200 1 268.738586 186.624023 2 246.686325 186.624023
68010 1 1169.51062 47.278088 2 1113.171997 47.278088
68046 1 653.930603 304.570435 2 607.642639 304.570435
67905 1 1131.68811 191.103012 2 1042.748779 191.103012
68189 1 158.257187 203.046951 2 135.258789 203.046951
67210 1 465.813599 134.369308 2 458.364746 134.369308
68009 1 116.4534 316.514374 2 56.634647 316.514374
67727 1 271.724609 185.131042 2 248.247421 185.131042
53989 1 495.673431 107.495445 2 492.848419 107.495445
67806 1 495.673431 134.369308 2 491.664215 134.369308
67574 1 928.641174 238.878769 2 876.106323 238.878769
67121 1 856.380432 154.076813 2 824.66803 154.076813
67927 1 1003.290833 218.574081 2 931.01178 218.574081
68167 1 541.060425 250.822708 2 514.70166 250.822708
65902 1 358.318176 75.246811 2 355.392609 75.246811
65081 1 555.393127 85.996361 2 552.250854 85.996361
65372 1 469.39679 214.990891 2 454.041931 214.990891
68207 1 283.07135 197.074982 2 260.568359 197.074982
68241 1 637.806335 229.323624 2 617.203064 229.323624
67230 1 243.656357 68.080452 2 239.585571 68.080452
67119 1 820.548584 161.243179 2 786.707581 161.243179
64967 1 809.799072 125.411354 2 784.27771 125.411354
67800 1 723.802673 197.074982 2 697.31781 197.074982
58054 1 214.990891 179.159088 2 192.073303 179.159088
67688 1 734.552246 114.661812 2 707.479492 114.661812
67575 1 902.961792 247.239532 2 851.285889 247.239532
67949 1 1035.539429 186.325439 2 967.17572 186.325439
