496
286.5937 -23.83446 156.8069 0.030711681487257267 0.68388871182185 -0.033208491888816694 0.7281828194412076
68809 1 550.0 179.0 2 544.922424 179.0
68530 1 1064.0 129.0 2 1007.080505 129.0
67167 1 465.0 86.0 2 463.392548 86.0
66217 1 141.600006 63.600002 2 139.858551 63.600002
67746 1 469.200012 141.600006 2 460.067291 141.600006
67850 1 224.400009 87.600006 2 218.300934 87.600006
63886 1 598.800049 146.400009 2 594.706909 146.400009
68733 1 298.800018 186.0 2 275.033081 186.0
68815 1 643.200012 196.800003 2 632.723389 196.800003
68636 1 832.800049 87.600006 2 796.932617 87.600006
68262 1 720.0 124.800003 2 704.215393 124.800003
68729 1 592.800049 244.800003 2 569.047424 244.800003
68644 1 351.600006 262.800018 2 317.375061 262.800018
67166 1 531.600037 24.0 2 530.677551 24.0
68762 1 373.200012 73.200005 2 371.36438 73.200005
64658 1 339.600006 45.600002 2 338.828583 45.600002
68764 1 447.600006 33.600002 2 446.420197 33.600002
67757 1 607.680054 178.560013 2 602.31604 178.560013
68506 1 1025.280029 169.920013 2 964.328491 169.920013
68705 1 252.000015 195.840012 2 224.669189 195.840012
68727 1 298.080017 185.76001 2 274.802002 185.76001
68481 1 1036.800049 218.880005 2 972.72876 218.880005
68255 1 734.400024 221.76001 2 716.286499 221.76001
68593 1 864.000061 172.800003 2 821.505554 172.800003
68758 1 720.0 125.280006 2 703.602234 125.280006
68759 1 512.640015 230.400009 2 493.198883 230.400009
68211 1 394.560028 256.320007 2 365.578705 256.320007
65897 1 518.400024 97.920006 2 515.928101 97.920006
67744 1 506.880005 74.880005 2 505.622833 74.880005
53023 1 496.800018 28.800001 2 495.771088 28.800001
54558 1 512.640015 138.240005 2 510.391174 138.240005
67763 1 558.720032 154.080002 2 555.187988 154.080002
64660 1 581.76001 142.560013 2 577.950928 142.560013
67240 1 401.76001 83.520004 2 400.803558 83.520004
68328 1 429.120026 151.200012 2 419.795715 151.200012
68852 1 421.920013 141.12001 2 412.860077 141.12001
68288 1 275.040009 133.919998 2 266.962463 133.919998
43284 1 70.560005 66.240005 2 68.709045 66.240005
68749 1 48.960003 73.440002 2 48.502399 73.440002
68726 1 425.088043 236.736023 2 400.884888 236.736023
68753 1 905.472107 36.288002 2 888.418823 36.288002
64952 1 558.144043 155.52002 2 555.346741 155.52002
68227 1 190.080017 164.160019 2 161.496323 164.160019
68272 1 736.128052 221.184021 2 717.730469 221.184021
68560 1 682.560059 321.40802 2 633.238831 321.40802
68274 1 805.248047 51.840004 2 788.693176 51.840004
66213 1 667.008057 88.128006 2 652.979797 88.128006
68282 1 720.57605 126.144012 2 704.420837 126.144012
68220 1 597.196899 262.766632 2 567.0849 262.766632
68761 1 380.160034 200.448013 2 362.218231 200.448013
68327 1 468.288055 221.184021 2 450.109283 221.184021
68782 1 520.128052 57.024006 2 518.685547 57.024006
67867 1 480.384033 32.832005 2 478.290497 32.832005
63192 1 551.232056 89.85601 2 549.637024 89.85601
65456 1 407.808044 86.400009 2 405.58197 86.400009
67199 1 432.000031 36.288002 2 430.616028 36.288002
68226 1 252.288025 195.264023 2 223.860077 195.264023
68137 1 293.76004 312.768036 2 248.357681 312.768036
68585 1 269.568024 290.304016 2 225.427292 290.304016
67760 1 207.360016 105.408012 2 201.18161 105.408012
68857 1 76.032005 65.664009 2 75.590004 65.664009
68561 1 680.140869 323.481659 2 629.842346 323.481659
68785 1 60.134407 68.42881 2 59.731136 68.42881
53984 1 518.400085 95.385612 2 515.961121 95.385612
66684 1 467.80423 221.46051 2 449.276886 221.46051
62698 1 675.993713 170.035217 2 669.362671 170.035217
68224 1 678.067322 261.273651 2 648.957397 261.273651
68728 1 292.377655 194.918427 2 269.195496 194.918427
68763 1 364.953644 41.472008 2 364.678955 41.472008
67241 1 431.308868 39.398407 2 430.158661 39.398407
67189 1 528.768066 172.108826 2 523.196777 172.108826
68582 1 269.568024 290.304047 2 225.113342 290.304047
68303 1 340.070435 130.636826 2 333.954834 130.636826
68860 1 380.713013 199.065628 2 362.738342 199.065628
66683 1 803.727478 52.254726 2 788.002991 52.254726
56263 1 557.383789 62.208008 2 555.266418 62.208008
67777 1 736.542847 221.46051 2 719.343811 221.46051
68660 1 94.556175 221.46051 2 60.375195 221.46051
54099 1 510.105682 111.974419 2 508.792938 111.974419
68836 1 686.776428 211.507233 2 670.605286 211.507233
68786 1 684.288086 179.159058 2 675.807373 179.159058
68614 1 313.528351 273.71524 2 274.437256 273.71524
68306 1 400.619568 82.114571 2 400.568512 82.114571
68791 1 345.876526 84.60289 2 343.656616 84.60289
68569 1 875.888794 156.764175 2 830.538574 156.764175
67213 1 186.624023 99.532814 2 180.059784 99.532814
67154 1 206.530594 57.231369 2 206.033768 57.231369
67797 1 530.012207 171.694107 2 524.194214 171.694107
68304 1 597.196899 166.717468 2 594.425293 166.717468
59338 1 597.196899 146.810898 2 594.808411 146.810898
66265 1 579.778625 141.834259 2 577.584717 141.834259
68821 1 470.292542 131.880981 2 461.74411 131.880981
67693 1 119.439377 236.390427 2 83.544212 236.390427
65404 1 303.575073 52.254726 2 302.284973 52.254726
67822 1 666.869873 89.579529 2 651.643494 89.579529
68484 1 982.886536 266.250275 2 917.913513 266.250275
67845 1 95.551506 62.705677 2 93.932091 62.705677
67765 1 674.83252 259.78067 2 645.914062 259.78067
68672 1 624.070801 262.766632 2 594.338989 262.766632
68483 1 982.388916 265.752625 2 917.257385 265.752625
55312 1 555.393127 62.705677 2 554.242432 62.705677
68125 1 1054.05249 116.4534 2 997.964539 116.4534
66251 1 140.341278 62.705677 2 138.36319 62.705677
64980 1 594.210938 244.850739 2 571.279663 244.850739
68732 1 641.986694 247.836716 2 616.388733 247.836716
68206 1 397.135956 250.822708 2 367.065613 250.822708
68292 1 382.206024 200.060959 2 363.882141 200.060959
68796 1 627.056763 158.257187 2 622.313843 158.257187
67153 1 256.794678 59.719692 2 252.444107 59.719692
53989 1 510.603363 110.48143 2 509.094299 110.48143
68485 1 1095.856323 173.187103 2 1033.766357 173.187103
63910 1 558.379089 155.271194 2 554.901611 155.271194
68621 1 815.173767 241.864746 2 776.567932 241.864746
68804 1 343.388214 83.607567 2 341.705078 83.607567
66696 1 383.400421 197.074982 2 365.682861 197.074982
68319 1 186.325439 96.745903 2 179.512985 96.745903
68320 1 408.482697 85.996361 2 404.266418 85.996361
68832 1 372.650879 75.246811 2 370.62085 75.246811
68316 1 343.985443 82.413177 2 342.16687 82.413177
67657 1 318.903168 300.987244 2 276.025726 300.987244
68628 1 311.736786 272.321808 2 273.759766 272.321808
68735 1 641.389526 247.239532 2 617.006348 247.239532
64694 1 118.244995 240.073166 2 81.076637 240.073166
68861 1 702.303589 179.159088 2 694.932434 179.159088
57557 1 580.475403 121.828178 2 576.710022 121.828178
67791 1 207.824539 103.91227 2 202.070801 103.91227
68725 1 576.892212 250.822708 2 550.99176 250.822708
68694 1 193.491806 207.824539 2 163.492249 207.824539
66286 1 512.394958 107.495445 2 509.679382 107.495445
68805 1 480.146332 71.663635 2 479.188385 71.663635
67673 1 895.79541 139.74408 2 856.214111 139.74408
68478 1 985.374939 265.155426 2 919.571472 265.155426
68370 1 684.387695 179.159088 2 675.147766 179.159088
68656 1 211.407715 236.48999 2 177.847916 236.48999
68534 1 1049.872192 157.659988 2 993.981567 157.659988
68495 1 1089.287231 125.411354 2 1029.349609 125.411354
68335 1 623.473572 261.572266 2 594.044128 261.572266
67226 1 472.97998 189.90863 2 463.841278 189.90863
57960 1 598.391357 150.493622 2 594.520996 150.493622
54849 1 558.976318 154.076813 2 555.016235 154.076813
68219 1 139.74408 161.243179 2 111.652412 161.243179
68360 1 268.738617 139.74408 2 261.455383 139.74408
68625 1 802.63269 204.241348 2 767.17804 204.241348
68178 1 824.131775 265.155426 2 786.455688 265.155426
68163 1 842.047668 222.157257 2 803.6521 222.157257
68954 1 983.0 180.0 2 925.085327 180.0
68977 1 672.0 336.0 2 617.92395 336.0
68995 1 913.0 185.0 2 863.653503 185.0
69176 1 195.0 203.0 2 166.522446 203.0
69226 1 310.0 172.0 2 288.418854 172.0
69207 1 252.0 155.0 2 226.259109 155.0
69053 1 637.0 295.0 2 596.465454 295.0
69039 1 738.0 293.0 2 696.319763 293.0
69118 1 540.0 281.0 2 504.389496 281.0
69051 1 569.0 293.0 2 528.266724 293.0
69131 1 352.0 263.0 2 317.965942 263.0
69246 1 361.0 192.0 2 342.185669 192.0
69120 1 105.0 232.0 2 69.583817 232.0
69090 1 337.200012 282.0 2 299.13446 282.0
69249 1 364.800018 165.600006 2 346.279327 165.600006
69200 1 254.0 213.0 2 227.351501 213.0
69193 1 252.0 196.0 2 224.9077 196.0
68941 1 1026.0 170.400009 2 965.375122 170.400009
69067 1 883.200012 145.200012 2 843.742737 145.200012
69228 1 324.0 204.000015 2 302.662598 204.000015
69157 1 100.800003 180.0 2 70.520866 180.0
69209 1 264.0 206.0 2 238.484863 206.0
68268 1 415.200012 123.600006 2 406.190216 123.600006
68848 1 470.400024 129.600006 2 461.658264 129.600006
69045 1 864.000061 172.800003 2 822.921997 172.800003
69078 1 890.0 147.0 2 851.129944 147.0
69224 1 310.800018 171.600006 2 288.605713 171.600006
69194 1 143.0 168.0 2 115.962173 168.0
68985 1 718.800049 332.400024 2 666.485962 332.400024
69003 1 463.0 317.0 2 416.032562 317.0
69046 1 939.600037 108.000008 2 898.673645 108.000008
69083 1 859.0 190.0 2 820.592346 190.0
69055 1 780.0 286.0 2 739.501526 286.0
69156 1 682.0 262.0 2 651.595886 262.0
68724 1 649.0 249.0 2 623.11145 249.0
69057 1 729.0 294.0 2 688.644104 294.0
69216 1 593.0 245.0 2 568.452454 245.0
69201 1 570.0 252.0 2 543.524292 252.0
68982 1 521.0 335.0 2 468.037506 335.0
69119 1 540.0 280.800018 2 504.569397 280.800018
69133 1 596.0 274.0 2 562.152466 274.0
69242 1 361.200012 190.800003 2 341.718872 190.800003
69015 1 397.0 309.0 2 352.272156 309.0
69178 1 194.400009 202.800003 2 166.229263 202.800003
69099 1 280.0 262.0 2 242.217514 262.0
69111 1 83.0 204.0 2 46.552723 204.0
69185 1 164.400009 140.400009 2 136.744598 140.400009
69004 1 262.080017 309.600006 2 215.124084 309.600006
68996 1 243.600006 313.200012 2 194.445206 313.200012
68936 1 1008.000061 174.0 2 947.250305 174.0
69205 1 252.000015 154.080002 2 225.674332 154.080002
69244 1 355.680023 171.360001 2 336.735138 171.360001
69230 1 337.200012 177.600006 2 316.27832 177.600006
69252 1 368.400024 170.400009 2 350.204468 170.400009
69069 1 436.800018 294.0 2 397.408691 294.0
69177 1 190.800003 177.600006 2 162.355377 177.600006
69028 1 471.600006 302.400024 2 428.688416 302.400024
68894 1 1078.0 276.0 2 998.574829 276.0
68934 1 1000.800049 229.200012 2 939.974304 229.200012
68943 1 1009.200012 216.000015 2 948.806335 216.000015
69080 1 1036.800049 93.600006 2 998.043945 93.600006
68952 1 1123.200073 132.480011 2 1064.377808 132.480011
69047 1 778.800049 284.400024 2 737.875488 284.400024
69245 1 734.400024 220.800003 2 715.506897 220.800003
69001 1 662.400024 315.600006 2 614.653564 315.600006
68263 1 739.200012 177.600006 2 725.612305 177.600006
69144 1 595.200012 273.600006 2 561.892639 273.600006
69122 1 351.360016 263.52002 2 316.219391 263.52002
69241 1 360.0 190.080002 2 340.335907 190.080002
69233 1 465.120026 230.400009 2 444.351501 230.400009
69012 1 397.200012 308.400024 2 352.092499 308.400024
54063 1 525.600037 27.360001 2 524.142639 27.360001
69232 1 324.0 204.480011 2 303.149384 204.480011
69129 1 81.600006 202.800003 2 47.482155 202.800003
66231 1 141.12001 63.360001 2 139.48497 63.360001
69033 1 685.440002 299.52002 2 642.879883 299.52002
69009 1 609.119995 311.040009 2 563.383057 311.040009
68892 1 1104.480103 277.920013 2 1019.936584 277.920013
68929 1 1000.800049 228.960007 2 939.445862 228.960007
68946 1 1008.000061 216.000015 2 948.069031 216.000015
68911 1 980.640015 264.960022 2 914.522278 264.960022
68925 1 1084.320068 164.160004 2 1022.616699 164.160004
68999 1 888.480042 197.280014 2 840.109619 197.280014
68716 1 714.0 247.200012 2 688.429871 247.200012
69043 1 656.640015 295.200012 2 615.498962 295.200012
69161 1 627.264038 262.656036 2 597.323059 262.656036
68558 1 720.0 325.440002 2 669.580444 325.440002
69071 1 727.200012 293.76001 2 687.887939 293.76001
69038 1 692.58252 296.524841 2 652.231567 296.524841
69234 1 806.976074 51.840004 2 786.254883 51.840004
69068 1 882.720032 145.440002 2 843.315918 145.440002
69239 1 512.400024 231.600006 2 492.505981 231.600006
69206 1 556.416077 250.560028 2 530.23584 250.560028
69165 1 395.712036 255.744019 2 366.107758 255.744019
69227 1 462.412872 232.243225 2 441.125519 232.243225
69034 1 404.640015 303.840027 2 362.208435 303.840027
69063 1 437.184052 295.488037 2 397.382141 295.488037
69180 1 194.400009 203.040009 2 166.317108 203.040009
69030 1 311.040009 303.840027 2 268.15509 303.840027
69088 1 336.960022 282.240021 2 298.771545 282.240021
69042 1 302.400024 290.880005 2 261.16983 290.880005
69140 1 171.072021 229.82402 2 137.409256 229.82402
69142 1 171.360001 216.000015 2 138.042145 216.000015
69132 1 143.424011 196.99202 2 109.424835 196.99202
68980 1 84.960007 306.720001 2 31.529774 306.720001
69186 1 164.160004 139.680008 2 136.534714 139.680008
68974 1 1054.080078 117.504013 2 998.844727 117.504013
68905 1 993.600098 266.11203 2 925.296021 266.11203
69017 1 892.800049 194.400009 2 848.25708 194.400009
68895 1 1061.0 274.0 2 984.675415 274.0
67181 1 360.806458 190.771225 2 341.313873 190.771225
69103 1 570.240051 285.120026 2 532.830261 285.120026
69212 1 785.894531 182.476822 2 760.665283 182.476822
69149 1 381.600006 266.400024 2 348.888184 266.400024
68792 1 520.473694 55.987209 2 518.792236 55.987209
69211 1 712.800049 247.680008 2 687.396423 247.680008
69059 1 727.488098 293.76004 2 687.282471 293.76004
68924 1 1085.184082 164.160019 2 1023.432556 164.160019
66335 1 437.529663 39.398407 2 435.70694 39.398407
64369 1 431.308868 39.398407 2 430.158661 39.398407
68571 1 875.059326 155.52002 2 828.890625 155.52002
68609 1 889.920105 114.048012 2 851.194031 114.048012
69223 1 292.032013 193.536011 2 268.867859 193.536011
67222 1 302.745636 51.840008 2 301.631683 51.840008
69024 1 312.768036 304.128021 2 269.351746 304.128021
69147 1 171.072021 216.000015 2 137.850677 216.000015
68511 1 1008.000061 174.240005 2 946.464294 174.240005
68965 1 1049.241699 157.593628 2 992.861389 157.593628
65864 1 804.556885 51.840008 2 788.583008 51.840008
69095 1 345.876526 281.180206 2 307.934937 281.180206
68978 1 157.593628 306.892853 2 103.601822 306.892853
68920 1 1028.160156 216.000015 2 965.18689 216.000015
69006 1 276.203552 308.551727 2 229.525818 308.551727
69093 1 568.512024 285.120026 2 530.542542 285.120026
68913 1 981.504089 264.384033 2 916.185059 264.384033
68932 1 960.076965 265.420837 2 899.136719 265.420837
69155 1 679.680054 260.640015 2 650.05896 260.640015
69167 1 624.56842 261.273651 2 595.08313 261.273651
68949 1 1007.769714 215.654434 2 948.577393 215.654434
69091 1 877.132935 74.649612 2 839.109009 74.649612
69113 1 835.660889 76.723213 2 799.618103 76.723213
68246 1 595.123291 244.68483 2 570.807678 244.68483
69016 1 532.500549 311.040039 2 487.902191 311.040039
69074 1 883.008057 145.152008 2 844.010193 145.152008
69154 1 296.524841 242.611237 2 265.514679 242.611237
69116 1 201.553955 243.855392 2 165.868774 243.855392
69146 1 154.275864 226.437149 2 121.039238 226.437149
69162 1 194.088989 209.018906 2 164.360229 209.018906
68930 1 1084.49292 163.814423 2 1023.208618 163.814423
69121 1 242.611237 252.979233 2 207.442947 252.979233
69192 1 252.000015 195.600006 2 224.879852 195.600006
69190 1 223.948837 194.088989 2 196.66481 194.088989
68976 1 1053.388916 118.195213 2 998.386902 118.195213
69188 1 143.078415 163.814423 2 115.610519 163.814423
69189 1 159.252502 149.299225 2 131.840988 149.299225
68950 1 1050.071167 159.252502 2 990.955872 159.252502
63890 1 396.057648 124.416016 2 386.929657 124.416016
69184 1 579.281006 250.822708 2 551.61908 250.822708
69061 1 877.879456 74.649612 2 837.786743 74.649612
69032 1 691.753052 296.110107 2 649.108765 296.110107
69097 1 568.166504 286.15683 2 530.327637 286.15683
69073 1 875.059326 145.152023 2 835.792297 145.152023
69150 1 296.640015 240.480011 2 264.157227 240.480011
69221 1 785.313965 182.145065 2 761.386902 182.145065
68917 1 1036.800171 219.801636 2 973.317505 219.801636
67245 1 475.269196 189.11235 2 464.509155 189.11235
69198 1 104.50946 155.271194 2 77.628654 155.271194
67700 1 200.448013 245.376022 2 165.731415 245.376022
69136 1 144.322586 191.600662 2 110.504616 191.600662
69219 1 161.243164 149.299225 2 137.073563 149.299225
68695 1 212.004898 176.173096 2 183.865311 176.173096
68979 1 156.764175 306.063416 2 103.259384 306.063416
69021 1 268.738586 291.133484 2 224.693512 291.133484
69105 1 821.145691 266.250275 2 783.994019 266.250275
66278 1 161.243179 68.080452 2 160.536148 68.080452
65902 1 372.650879 75.246811 2 370.62085 75.246811
68933 1 1089.884399 125.411354 2 1028.963135 125.411354
69031 1 874.893494 158.257187 2 832.08374 158.257187
69238 1 333.235901 193.491806 2 312.704895 193.491806
69036 1 692.748413 295.612457 2 650.724731 295.612457
68927 1 961.487 265.752625 2 900.089111 265.752625
69214 1 265.155426 211.407715 2 240.288315 211.407715
68897 1 1053.455444 272.321808 2 981.393616 272.321808
68899 1 1028.160156 269.568024 2 957.033997 269.568024
69077 1 892.800049 125.280006 2 853.886902 125.280006
68240 1 546.435181 250.822708 2 520.232605 250.822708
65418 1 261.572266 68.080452 2 256.876373 68.080452
69041 1 858.47052 211.507233 2 817.237488 211.507233
69235 1 457.850952 231.413788 2 437.141296 231.413788
66769 1 271.724609 140.341278 2 263.283752 140.341278
68937 1 1010.258057 159.252502 2 949.509399 159.252502
68983 1 1071.371338 143.327271 2 1018.755554 143.327271
69160 1 194.088989 209.018921 2 164.103287 209.018921
69215 1 194.918427 147.225616 2 170.335266 147.225616
68703 1 214.990891 179.159088 2 187.581619 179.159088
69079 1 569.825378 286.15683 2 531.000732 286.15683
68212 1 597.196899 263.761963 2 567.26178 263.761963
67834 1 472.97998 132.577713 2 463.815674 132.577713
68359 1 738.135437 222.157257 2 721.446045 222.157257
68971 1 1053.455444 114.661812 2 997.666626 114.661812
68181 1 821.145691 265.420837 2 784.06311 265.420837
