504
132 -3.11 306 0.033 -0.00148 0.0359 0.706 
70113 1 403.0 238.0 2 373.886047 238.0
69266 1 513.0 128.0 2 510.899445 128.0
70504 1 923.0 282.0 2 886.123962 282.0
70615 1 724.0 49.0 2 704.213074 49.0
70153 1 576.0 156.0 2 573.002075 156.0
68154 1 512.400024 127.200005 2 510.581848 127.200005
67578 1 592.800049 174.0 2 588.507874 174.0
70154 1 421.200012 138.0 2 410.397308 138.0
70553 1 282.0 213.600006 2 254.07402 213.600006
69673 1 162.0 95.0 2 155.074707 95.0
70737 1 234.000015 109.200005 2 226.934525 109.200005
70445 1 342.0 296.0 2 301.429443 296.0
70531 1 181.0 201.0 2 147.543533 201.0
68131 1 199.200012 99.600006 2 192.135925 99.600006
70337 1 1062.0 240.000015 2 988.657043 240.000015
70292 1 1126.800049 158.400009 2 1048.730957 158.400009
70157 1 826.800049 189.600006 2 811.325256 189.600006
70487 1 843.600037 284.400024 2 805.861572 284.400024
70400 1 668.400024 321.600006 2 618.671021 321.600006
70614 1 795.0 30.0 2 775.139465 30.0
70622 1 724.800049 49.200001 2 704.398926 49.200001
70467 1 540.0 289.200012 2 500.999512 289.200012
70584 1 339.600006 200.400009 2 317.032928 200.400009
70510 1 380.400024 277.200012 2 344.729279 277.200012
70452 1 433.200012 292.800018 2 393.518463 292.800018
69289 1 537.0 101.0 2 534.999512 101.0
55702 1 550.800049 24.0 2 549.513794 24.0
70235 1 612.0 134.400009 2 608.757324 134.400009
70644 1 465.600006 33.600002 2 464.718811 33.600002
70161 1 429.600006 150.0 2 418.667389 150.0
69238 1 198.720001 99.360001 2 191.914215 99.360001
70719 1 181.200012 93.600006 2 173.836334 93.600006
70164 1 249.12001 92.160004 2 242.419434 92.160004
70137 1 825.120056 237.600006 2 802.115601 237.600006
70494 1 132.0 189.600006 2 95.63739 189.600006
70151 1 459.360016 231.840012 2 436.806091 231.840012
70466 1 113.760002 204.480011 2 74.191757 204.480011
70527 1 180.0 200.400009 2 146.692978 200.400009
70143 1 791.424072 238.46402 2 768.742981 238.46402
70585 1 871.200012 244.800003 2 848.001831 244.800003
69169 1 639.360046 188.640015 2 631.568115 188.640015
70498 1 691.200012 285.120026 2 653.350525 285.120026
70563 1 506.400024 250.800003 2 479.237213 250.800003
53516 1 515.52002 28.800001 2 514.471985 28.800001
70721 1 476.640015 30.240002 2 475.892456 30.240002
70696 1 570.0 91.200005 2 567.419495 91.200005
70237 1 470.880005 182.880005 2 458.242371 182.880005
70182 1 419.040009 83.520004 2 417.852936 83.520004
64007 1 465.120026 34.560001 2 464.247498 34.560001
68119 1 395.0 43.0 2 394.009766 43.0
69237 1 391.680023 120.960007 2 381.761108 120.960007
70655 1 429.120026 149.76001 2 418.348755 149.76001
70532 1 228.960007 234.720016 2 195.025269 234.720016
70385 1 237.600006 325.440002 2 181.42662 325.440002
70407 1 282.0 307.200012 2 233.25618 307.200012
70079 1 118.800003 229.200012 2 79.875732 229.200012
70392 1 248.832031 321.40802 2 197.192398 321.40802
70517 1 169.920013 171.360001 2 135.434418 171.360001
70543 1 214.272018 216.000015 2 182.910507 216.000015
70170 1 825.98407 188.35202 2 815.033569 188.35202
70433 1 815.616089 304.128021 2 771.811096 304.128021
70053 1 802.080017 296.640015 2 761.198608 296.640015
70699 1 639.360046 188.35202 2 631.060852 188.35202
70560 1 705.600037 254.880005 2 677.947693 254.880005
70411 1 753.600037 320.400024 2 703.939392 320.400024
70490 1 691.200073 285.120026 2 653.997253 285.120026
69688 1 768.960083 117.504013 2 749.207397 117.504013
67699 1 673.920044 183.168015 2 665.183655 183.168015
69285 1 699.840088 172.800018 2 693.373535 172.800018
70597 1 340.416046 207.360016 2 317.725952 207.360016
69681 1 570.240051 89.85601 2 567.217102 89.85601
70661 1 471.744049 183.168015 2 458.41507 183.168015
64312 1 575.424072 155.52002 2 572.91571 155.52002
70188 1 366.336029 84.672005 2 364.100372 84.672005
67599 1 322.800018 54.000004 2 321.198212 54.000004
68255 1 418.176025 82.944008 2 417.29834 82.944008
70424 1 308.400024 298.800018 2 263.252106 298.800018
70106 1 184.896011 222.912018 2 153.115921 222.912018
70402 1 146.88002 279.936035 2 96.06041 279.936035
70489 1 116.640007 175.680008 2 79.170776 175.680008
70506 1 148.608017 195.264023 2 112.988708 195.264023
68676 1 703.296082 72.576004 2 685.38385 72.576004
70636 1 769.305725 103.680016 2 749.165955 103.680016
70469 1 543.283264 290.304047 2 504.353668 290.304047
69655 1 505.958466 250.90564 2 478.60376 250.90564
70665 1 476.92807 194.918427 2 463.802277 194.918427
69664 1 640.742493 248.832031 2 615.656738 248.832031
70192 1 72.576012 68.42881 2 71.638718 68.42881
68688 1 769.305725 118.195213 2 749.670959 118.195213
70014 1 750.643311 319.334442 2 702.017334 319.334442
70088 1 692.58252 286.15683 2 654.11676 286.15683
65487 1 568.166504 87.091209 2 565.84436 87.091209
70660 1 575.424072 62.208008 2 573.939697 62.208008
69697 1 418.867249 82.944016 2 417.950806 82.944016
70389 1 252.979233 321.408051 2 199.56813 321.408051
70092 1 649.728088 279.936035 2 614.024963 279.936035
53118 1 528.768066 138.931213 2 526.180115 138.931213
70659 1 535.680054 93.312012 2 533.645691 93.312012
70097 1 377.395264 263.347229 2 343.247253 263.347229
54838 1 574.387268 155.52002 2 571.76001 155.52002
70468 1 114.048019 203.21283 2 74.082756 203.21283
67752 1 385.689667 41.472008 2 383.618347 41.472008
69682 1 359.424042 44.928005 2 357.983887 44.928005
65845 1 323.481659 51.840008 2 322.333069 51.840008
70582 1 875.059326 244.68483 2 853.435059 244.68483
70099 1 192.844833 201.139221 2 160.501114 201.139221
70605 1 794.880066 226.368027 2 773.461365 226.368027
70669 1 172.108826 82.944016 2 165.056244 82.944016
69201 1 116.121613 60.134407 2 113.903824 60.134407
70071 1 89.85601 165.888016 2 50.16444 165.888016
69200 1 261.273651 128.563217 2 252.138565 128.563217
70562 1 657.331299 255.052841 2 630.69397 255.052841
70033 1 543.283264 315.187256 2 496.584564 315.187256
70314 1 1115.596924 288.230438 2 1039.023071 288.230438
70284 1 1086.912109 288.576019 2 1008.553955 288.576019
68698 1 340.070435 207.360031 2 317.737854 207.360031
68118 1 726.589539 223.948837 2 705.920044 223.948837
70420 1 727.833679 311.040039 2 680.612366 311.040039
70083 1 691.753052 286.15683 2 654.992676 286.15683
70195 1 69.672974 69.672974 2 69.622314 69.672974
68702 1 768.890991 119.439377 2 749.112976 119.439377
69632 1 612.126831 276.203552 2 578.159607 276.203552
70590 1 452.044861 234.316833 2 429.46405 234.316833
56822 1 527.523926 139.345947 2 524.763367 139.345947
70245 1 475.269196 129.392654 2 465.529846 129.392654
70488 1 649.036865 279.936035 2 612.775696 279.936035
70038 1 311.040039 298.59845 2 264.819336 298.59845
69611 1 327.628845 286.15683 2 286.364227 286.15683
70540 1 326.592041 243.648026 2 295.810089 243.648026
70664 1 323.136017 53.568005 2 321.095459 53.568005
70551 1 255.052841 213.580826 2 226.812424 213.580826
67659 1 179.159058 92.067856 2 171.422134 92.067856
70589 1 873.400452 243.855392 2 849.242432 243.855392
69160 1 793.77417 238.878754 2 770.707886 238.878754
70674 1 776.355957 186.624023 2 765.352356 186.624023
66662 1 702.9505 72.576012 2 684.668091 72.576012
70285 1 1079.93103 288.645172 2 1000.652649 288.645172
67146 1 343.388214 206.530594 2 320.596008 206.530594
70426 1 726.589539 311.040039 2 679.944336 311.040039
69715 1 325.472321 104.50946 2 321.01712 104.50946
70200 1 80.621582 116.4534 2 77.093277 116.4534
67135 1 450.883667 235.892776 2 427.781525 235.892776
70603 1 435.953735 217.976868 2 415.193237 217.976868
70500 1 646.963318 278.691895 2 610.93689 278.691895
59816 1 617.103455 149.299225 2 613.146362 149.299225
68181 1 424.009796 161.243164 2 413.291962 161.243164
69206 1 474.771545 128.397339 2 465.002533 128.397339
65868 1 421.023834 86.593552 2 418.45874 86.593552
70552 1 256.296997 213.995544 2 226.88179 213.995544
54586 1 527.523926 111.974419 2 525.843689 111.974419
70252 1 528.519287 74.649612 2 527.299988 74.649612
69737 1 495.673431 71.663628 2 495.153351 71.663628
65800 1 390.66629 119.439377 2 381.597107 119.439377
65105 1 573.309021 155.271194 2 572.033508 155.271194
67640 1 542.453857 174.182419 2 535.976868 174.182419
70453 1 343.388214 286.65451 2 301.830811 286.65451
70671 1 144.322586 226.437149 2 107.838425 226.437149
70602 1 794.188904 226.02243 2 772.608826 226.02243
67613 1 701.70636 72.161293 2 684.078003 72.161293
70573 1 641.986633 251.320358 2 614.755493 251.320358
70624 1 886.837402 229.920807 2 867.997437 229.920807
70201 1 713.053162 182.742264 2 702.636047 182.742264
68724 1 777.550415 182.742264 2 762.832581 182.742264
70537 1 326.069519 243.656357 2 294.84787 243.656357
69719 1 386.983612 75.246811 2 384.769897 75.246811
68729 1 358.318176 82.413177 2 357.636597 82.413177
70481 1 709.469971 279.488159 2 671.072205 279.488159
69718 1 179.159088 93.16272 2 170.990891 93.16272
67686 1 530.310852 107.495445 2 526.494812 107.495445
67202 1 498.062256 71.663635 2 496.221832 71.663635
59331 1 598.391357 121.828178 2 594.572571 121.828178
68226 1 612.72406 275.904999 2 579.08197 275.904999
70505 1 146.313248 226.93483 2 108.957169 226.93483
70596 1 437.148163 218.574081 2 415.567505 218.574081
68231 1 476.563141 193.491806 2 463.704895 193.491806
70523 1 677.818481 280.682556 2 642.689514 280.682556
69663 1 641.986694 250.822708 2 615.104248 250.822708
68123 1 794.271912 238.878769 2 771.403076 238.878769
67629 1 795.466309 240.073166 2 772.668518 240.073166
70621 1 802.63269 218.574081 2 782.530457 218.574081
70627 1 759.634521 193.491806 2 741.723328 193.491806
69231 1 96.745903 128.994537 2 81.986366 128.994537
55748 1 573.309082 157.659988 2 571.734253 157.659988
59755 1 618.098816 152.285217 2 613.887451 152.285217
68759 1 543.449219 173.187103 2 535.562622 173.187103
70476 1 543.449219 289.640503 2 504.74649 289.640503
70246 1 713.65033 200.060959 2 698.819397 200.060959
70303 1 1080.926392 286.65451 2 1001.339294 286.65451
70349 1 1031.956299 232.906799 2 961.875183 232.906799
70341 1 1030.0 353.0 2 959.277649 353.0
68679 1 481.200012 85.200005 2 479.45694 85.200005
70598 1 334.800018 200.400009 2 312.487885 200.400009
70326 1 1160.400024 127.200005 2 1083.962891 127.200005
70464 1 105.600006 192.0 2 65.288063 192.0
70462 1 864.000061 292.800018 2 824.75293 292.800018
70393 1 388.800018 334.800018 2 335.135651 334.800018
68683 1 542.400024 171.600006 2 536.455811 171.600006
69723 1 471.600006 145.200012 2 461.217682 145.200012
51753 1 310.800018 52.800003 2 309.64682 52.800003
69293 1 91.200005 63.600002 2 89.900101 63.600002
70162 1 109.200005 60.000004 2 107.567223 60.000004
70306 1 1147.680054 210.240005 2 1071.073486 210.240005
70320 1 1176.480103 126.720001 2 1100.433594 126.720001
70463 1 864.000061 292.320007 2 824.242798 292.320007
69672 1 794.880005 30.240002 2 774.671082 30.240002
70634 1 702.720032 73.440002 2 684.428223 73.440002
70096 1 377.280029 262.080017 2 343.506012 262.080017
70396 1 388.800018 334.080017 2 336.035126 334.080017
69239 1 472.320007 138.240005 2 462.423218 138.240005
67584 1 420.480011 138.240005 2 410.181732 138.240005
70276 1 1209.600098 303.840027 2 1110.592041 303.840027
70221 1 459.648041 231.552017 2 437.161896 231.552017
69686 1 668.736084 202.176025 2 655.693359 202.176025
70567 1 699.840088 248.832031 2 674.162537 248.832031
70219 1 708.480042 126.144012 2 695.385864 126.144012
70472 1 609.98407 293.76004 2 570.564758 293.76004
70076 1 574.387268 290.304047 2 534.520325 290.304047
70397 1 388.800049 335.232025 2 336.332001 335.232025
69698 1 340.416046 126.144012 2 334.361847 126.144012
70520 1 228.096024 235.008026 2 195.128922 235.008026
69653 1 255.744019 214.272018 2 227.663284 214.272018
70027 1 310.542389 298.59845 2 264.644409 298.59845
70084 1 117.504013 229.82402 2 78.926865 229.82402
70307 1 1177.804932 126.489616 2 1101.768921 126.489616
70564 1 702.9505 252.979233 2 676.626099 252.979233
69922 1 1148.774536 209.433624 2 1071.46875 209.433624
66342 1 534.988892 95.385612 2 532.743835 95.385612
69212 1 539.136047 55.987209 2 536.49469 55.987209
70125 1 425.088074 244.68483 2 397.239105 244.68483
70291 1 1192.32019 66.355209 2 1115.393555 66.355209
65090 1 358.732849 45.619205 2 357.775757 45.619205
69269 1 180.403229 93.312012 2 173.241226 93.312012
70534 1 228.096039 234.316833 2 194.498367 234.316833
70159 1 577.290344 241.367081 2 553.893982 241.367081
70032 1 544.942139 318.505005 2 498.606903 318.505005
69657 1 505.129028 251.320358 2 478.023987 251.320358
70575 1 699.218018 248.832031 2 672.937439 248.832031
69915 1 1147.115723 211.507233 2 1071.798828 211.507233
70006 1 273.71524 320.993317 2 221.917679 320.993317
70415 1 646.963318 311.040039 2 600.933289 311.040039
69245 1 622.080078 156.764175 2 618.3573 156.764175
69243 1 452.874298 236.390427 2 428.600616 236.390427
69918 1 1191.905396 67.184647 2 1114.730957 67.184647
70312 1 1144.627319 52.254726 2 1069.66626 52.254726
70623 1 833.587341 186.624023 2 815.079346 186.624023
68163 1 582.266968 121.927696 2 578.546143 121.927696
69149 1 194.088989 201.553955 2 160.596268 201.553955
70583 1 826.122375 236.390427 2 803.696045 236.390427
70711 1 826.122375 189.11235 2 809.092773 189.11235
67703 1 114.462738 59.719688 2 112.907974 59.719688
69997 1 251.320358 320.993317 2 199.245468 320.993317
69924 1 1176.975586 126.904335 2 1101.495972 126.904335
70311 1 1170.505981 113.467415 2 1092.547363 113.467415
67235 1 268.738617 62.705677 2 263.096344 62.705677
70304 1 1131.68811 256.794678 2 1052.577637 256.794678
65814 1 438.939728 250.822708 2 410.18158 250.822708
69093 1 746.496155 316.514374 2 699.186829 316.514374
68646 1 725.594238 310.542389 2 679.809875 310.542389
68638 1 612.126831 316.514374 2 567.309448 316.514374
67725 1 214.990891 56.733707 2 206.40686 56.733707
70405 1 286.65451 313.528381 2 237.681625 313.528381
70138 1 824.131714 235.892776 2 801.966553 235.892776
70631 1 322.486328 167.215134 2 304.879974 167.215134
69689 1 343.985443 207.824539 2 321.287964 207.824539
65395 1 701.70636 74.649612 2 683.804932 74.649612
70289 1 1082.12085 286.654541 2 1005.548279 286.654541
70121 1 311.736786 197.074982 2 287.065704 197.074982
70588 1 824.131775 236.48999 2 802.478882 236.48999
58390 1 616.307251 154.076813 2 612.966919 154.076813
70202 1 680.804504 283.07135 2 643.937744 283.07135
70485 1 644.972717 279.488159 2 607.429749 279.488159
68703 1 451.480896 236.48999 2 427.664154 236.48999
70282 1 1153.784424 179.159088 2 1076.544556 179.159088
70617 1 885.045837 232.906799 2 865.493042 232.906799
70465 1 544.643616 290.237701 2 506.405823 290.237701
70566 1 641.389526 250.822708 2 615.897156 250.822708
