510
294.2374 -24.49148 157.4678 0.030155150153390677 0.669641160157201 -0.0411910636148845 0.7409282555152144
70647 1 986.0 250.0 2 961.663879 250.0
70241 1 748.800049 177.600006 2 739.238708 177.600006
67755 1 151.0 96.0 2 143.829758 96.0
70710 1 190.800003 62.400002 2 184.685104 62.400002
70699 1 521.0 132.0 2 519.298767 132.0
70783 1 544.0 112.0 2 541.857666 112.0
70702 1 1034.0 201.0 2 1022.955933 201.0
70396 1 738.0 337.0 2 685.418579 337.0
70590 1 441.600006 249.600006 2 414.76651 249.600006
67167 1 490.0 90.0 2 488.708221 90.0
70242 1 470.400024 147.600006 2 459.619751 147.600006
69256 1 584.400024 160.800003 2 581.408386 160.800003
69374 1 460.0 41.0 2 459.267975 41.0
70707 1 258.0 57.600002 2 252.951813 57.600002
70709 1 520.800049 132.0 2 519.321838 132.0
70584 1 864.000061 253.200012 2 836.687927 253.200012
70582 1 840.0 262.0 2 812.384338 262.0
69258 1 416.400024 140.400009 2 404.845367 140.400009
70302 1 189.600006 100.800003 2 182.160858 100.800003
70506 1 203.0 184.0 2 169.253616 184.0
70452 1 1109.0 313.0 2 1066.096558 313.0
70650 1 986.400024 249.600006 2 963.194702 249.600006
70400 1 1026.720093 334.080017 2 973.880798 334.080017
70568 1 1045.200073 268.800018 2 1015.08075 268.800018
70670 1 637.200012 237.600006 2 615.86499 237.600006
69255 1 654.0 195.600006 2 646.023682 195.600006
70406 1 684.0 330.0 2 633.071045 330.0
70395 1 738.0 336.0 2 685.725769 336.0
70499 1 748.0 286.0 2 713.030457 286.0
70639 1 816.000061 116.400002 2 791.920593 116.400002
69758 1 633.0 143.0 2 628.684448 143.0
70543 1 579.0 267.0 2 549.02124 267.0
70343 1 475.200012 38.400002 2 474.363434 38.400002
70255 1 471.0 148.0 2 459.80246 148.0
67746 1 472.320007 141.12001 2 461.469971 141.12001
69760 1 319.200012 56.400002 2 318.132935 56.400002
67851 1 397.0 76.0 2 395.051392 76.0
66784 1 402.0 50.0 2 400.658844 50.0
69263 1 423.600006 152.400009 2 413.5625 152.400009
70386 1 244.800003 315.600006 2 190.744873 315.600006
70417 1 310.0 321.0 2 260.249939 321.0
70778 1 749.952087 177.984024 2 740.155823 177.984024
69266 1 414.720032 139.680008 2 403.86557 139.680008
68268 1 407.52002 118.080002 2 396.861694 118.080002
70550 1 889.200012 259.200012 2 860.046509 259.200012
70563 1 840.000061 261.600006 2 812.736084 261.600006
70635 1 844.992065 238.46402 2 820.82666 238.46402
70257 1 253.440002 66.240005 2 247.222168 66.240005
70175 1 256.320007 205.920013 2 225.487061 205.920013
70162 1 228.960007 214.560013 2 195.775085 214.560013
70435 1 1146.23999 318.240021 2 1101.517578 318.240021
70564 1 908.400024 256.800018 2 880.351746 256.800018
70187 1 946.080017 267.839996 2 916.188965 267.839996
70697 1 995.040039 149.76001 2 977.215881 149.76001
70402 1 817.344055 333.504028 2 766.41748 333.504028
70551 1 768.0 265.200012 2 739.017212 265.200012
70421 1 714.240051 324.0 2 666.828064 324.0
70721 1 630.720032 141.12001 2 627.093323 141.12001
70307 1 715.39209 179.712021 2 709.11853 179.712021
69813 1 731.52002 126.720001 2 716.55072 126.720001
70666 1 476.640015 233.280014 2 455.2677 233.280014
70654 1 610.800049 241.200012 2 589.001221 241.200012
65897 1 546.0 105.600006 2 543.798706 105.600006
53023 1 525.312073 32.832005 2 524.313416 32.832005
68764 1 475.200012 38.880001 2 474.32251 38.880001
70304 1 578.880005 93.600006 2 576.545471 93.600006
59418 1 591.600037 28.800001 2 590.332031 28.800001
64952 1 584.064026 160.70401 2 581.348572 160.70401
67240 1 427.680023 87.840004 2 426.155212 87.840004
68328 1 424.800018 152.639999 2 413.011963 152.639999
70109 1 309.600006 298.080017 2 263.907318 298.080017
70456 1 72.0 231.840012 2 29.745583 231.840012
70475 1 126.144012 236.736023 2 87.003845 236.736023
70476 1 130.800003 220.800003 2 91.879478 220.800003
70548 1 432.000031 252.288025 2 403.659088 252.288025
70184 1 419.040009 257.76001 2 389.133575 257.76001
70181 1 578.880005 266.400024 2 548.940857 266.400024
70225 1 812.160095 95.040009 2 788.192322 95.040009
70268 1 82.944016 72.576012 2 81.820435 72.576012
70606 1 1080.345703 271.641632 2 1052.088379 271.641632
70767 1 601.920044 194.400009 2 593.955505 194.400009
68809 1 573.696045 186.624023 2 567.448425 186.624023
70724 1 689.472046 190.080017 2 680.472534 190.080017
69840 1 651.456055 195.264023 2 643.033875 195.264023
70447 1 1146.700928 319.334442 2 1101.472412 319.334442
70122 1 430.272034 309.312042 2 385.999573 309.312042
63192 1 578.880066 93.312012 2 576.576843 93.312012
69295 1 585.792053 67.392006 2 584.197815 67.392006
70251 1 714.240051 178.560013 2 707.396851 178.560013
70696 1 1076.544067 91.584007 2 1060.155884 91.584007
64369 1 459.648041 41.472004 2 458.918396 41.472004
70408 1 682.559998 329.76001 2 631.681213 329.76001
70306 1 661.478516 273.71524 2 629.2453 273.71524
69731 1 440.640045 248.832031 2 413.218994 248.832031
70686 1 1041.984131 160.70401 2 1023.82373 160.70401
70580 1 1041.119995 267.839996 2 1012.497559 267.839996
70274 1 895.795349 196.992035 2 881.670288 196.992035
70728 1 257.472015 57.024006 2 251.928329 57.024006
67157 1 447.552032 167.616013 2 435.815369 167.616013
67760 1 188.640015 100.800003 2 181.873535 100.800003
69809 1 161.740829 82.944016 2 154.505081 82.944016
70167 1 228.096024 214.272018 2 196.154541 214.272018
70733 1 298.944031 108.864014 2 293.285187 108.864014
70531 1 255.744019 207.360016 2 225.09375 207.360016
70552 1 561.600037 254.016022 2 532.071838 254.016022
70729 1 559.87207 193.536011 2 551.383545 193.536011
68838 1 521.856079 188.35202 2 513.323059 188.35202
70260 1 472.780853 203.21283 2 458.313568 203.21283
70439 1 1147.39209 317.952026 2 1102.60437 317.952026
70655 1 725.760071 240.192017 2 702.907715 240.192017
70640 1 810.77771 95.385612 2 789.069885 95.385612
70415 1 716.63623 325.969971 2 667.985168 325.969971
70147 1 746.496094 284.083252 2 709.813721 284.083252
70339 1 580.608093 66.355209 2 579.003235 66.355209
70594 1 1079.93103 271.226929 2 1054.322144 271.226929
70155 1 489.024048 278.208038 2 455.935822 278.208038
70502 1 418.176025 273.024017 2 383.410156 273.024017
70273 1 82.114571 72.161293 2 80.98658 72.161293
70677 1 1146.700928 58.060806 2 1125.46521 58.060806
70545 1 947.635315 269.568024 2 918.900452 269.568024
70199 1 926.899353 259.200043 2 899.85376 259.200043
69715 1 298.59845 217.976868 2 272.506256 217.976868
68758 1 812.160095 112.320007 2 788.411072 112.320007
70688 1 1040.947388 155.52002 2 1022.356995 155.52002
69272 1 439.603271 248.832031 2 412.19696 248.832031
44197 1 331.776062 58.060806 2 330.527985 58.060806
70555 1 844.992065 259.200012 2 816.207581 259.200012
54372 1 584.75531 161.740829 2 581.040222 161.740829
70779 1 303.575073 54.74305 2 302.347809 54.74305
70744 1 257.126434 55.987209 2 250.960159 55.987209
53984 1 542.453857 99.532814 2 540.348267 99.532814
70739 1 474.854462 39.398407 2 474.348907 39.398407
70621 1 292.377655 178.32962 2 267.953033 178.32962
70458 1 97.459213 230.169632 2 56.327576 230.169632
70743 1 964.224121 192.844833 2 951.11676 192.844833
70166 1 734.552185 274.710571 2 700.256775 274.710571
70154 1 489.369659 277.862427 2 455.868286 277.862427
69216 1 624.56842 323.481659 2 578.099915 323.481659
68262 1 811.192444 114.462738 2 787.612 114.462738
70536 1 950.538391 268.738586 2 921.226013 268.738586
70788 1 686.776428 191.103012 2 678.70343 191.103012
70271 1 651.110474 194.918427 2 644.035034 194.918427
70577 1 584.75531 255.052841 2 557.642883 255.052841
70770 1 420.526154 111.974419 2 409.808746 111.974419
59338 1 627.056702 154.275864 2 623.062073 154.275864
64731 1 629.545044 141.834259 2 625.562805 141.834259
70279 1 472.780853 204.042267 2 457.740631 204.042267
68300 1 750.643311 178.32962 2 740.967041 178.32962
63539 1 716.63623 179.159058 2 710.171082 179.159058
70673 1 1147.115723 57.231369 2 1126.026733 57.231369
70669 1 1072.466064 67.184647 2 1051.361084 67.184647
68365 1 161.243164 155.271194 2 146.979752 155.271194
70759 1 209.018921 59.719692 2 201.893646 59.719692
67213 1 169.20578 94.556175 2 161.329208 94.556175
70782 1 140.341278 62.705677 2 134.054077 62.705677
70139 1 126.904335 236.390427 2 86.63723 236.390427
68733 1 78.796814 199.065628 2 35.424225 199.065628
70749 1 918.190186 199.065628 2 908.526611 199.065628
70515 1 221.46051 236.390427 2 188.332703 236.390427
69349 1 729.907288 62.208008 2 708.435608 62.208008
70620 1 1132.185791 261.273651 2 1108.553833 261.273651
70540 1 1054.05249 271.724609 2 1024.125854 271.724609
70174 1 661.893188 273.71524 2 629.99469 273.71524
70498 1 409.079895 274.710571 2 375.272247 274.710571
69710 1 848.019592 259.78067 2 819.519897 259.78067
70622 1 1132.185791 261.273651 2 1108.677246 261.273651
69740 1 812.187805 113.467415 2 788.356873 113.467415
70756 1 458.647247 85.996361 2 456.130219 85.996361
70632 1 992.839844 251.320358 2 969.097168 251.320358
68734 1 311.040039 298.59845 2 264.219391 298.59845
68804 1 367.276093 86.593552 2 365.357849 86.593552
65902 1 397.733154 78.829994 2 395.979462 78.829994
68821 1 475.269196 131.880981 2 464.415924 131.880981
70589 1 928.044067 257.989075 2 900.607605 257.989075
68792 1 544.942139 62.208008 2 542.681335 62.208008
70290 1 78.829994 118.244995 2 74.335793 118.244995
65418 1 265.752625 62.705677 2 260.875214 62.705677
59402 1 627.056763 155.271194 2 622.906616 155.271194
70771 1 440.432709 248.832031 2 414.781403 248.832031
64956 1 385.689667 119.439377 2 374.556824 119.439377
67797 1 549.918823 179.159058 2 543.463806 179.159058
69311 1 552.407166 149.299225 2 545.846619 149.299225
69723 1 843.540588 243.855392 2 818.56073 243.855392
70289 1 895.79541 197.074982 2 881.817749 197.074982
67216 1 167.215134 92.565521 2 160.002182 92.565521
70288 1 155.271194 62.705677 2 148.265015 62.705677
70758 1 250.822708 56.733707 2 245.691132 56.733707
70613 1 813.680725 248.832031 2 788.809448 248.832031
70218 1 761.426025 238.878754 2 734.674927 238.878754
70535 1 256.296997 206.530594 2 225.042282 206.530594
65896 1 557.383789 194.088989 2 549.896729 194.088989
66213 1 728.580261 62.705677 2 707.57666 62.705677
70755 1 558.379089 194.088989 2 549.943604 194.088989
69730 1 450.883667 253.808685 2 423.886505 253.808685
57960 1 627.056763 157.659988 2 623.087158 157.659988
70596 1 1132.2854 261.572266 2 1109.01123 261.572266
67220 1 476.563141 128.994537 2 464.657135 128.994537
53989 1 537.477234 116.4534 2 534.988892 116.4534
70330 1 507.617371 74.649612 2 506.295746 74.649612
70153 1 662.888611 275.904999 2 629.194885 275.904999
70176 1 662.88855 274.710571 2 629.418823 274.710571
70497 1 220.96286 235.892776 2 187.848465 235.892776
68836 1 761.426086 238.878769 2 739.640503 238.878769
70294 1 816.965393 193.491806 2 802.22467 193.491806
70210 1 955.515076 250.822708 2 929.458496 250.822708
63910 1 582.266968 161.243164 2 580.44342 161.243164
69803 1 551.809998 150.493622 2 546.174072 150.493622
70642 1 994.332886 250.822708 2 972.207153 250.822708
70762 1 920.877686 197.074982 2 912.52948 197.074982
70644 1 880.865417 226.93483 2 861.880249 226.93483
70599 1 842.047668 243.656357 2 816.435059 243.656357
68726 1 308.153625 297.404083 2 262.966919 297.404083
70542 1 1057.038574 268.738617 2 1026.410645 268.738617
70472 1 131.0 221.0 2 92.030579 221.0
70074 1 962.0 341.0 2 907.937866 341.0
70297 1 244.0 112.0 2 237.323074 112.0
70626 1 1091.0 273.0 2 1062.997314 273.0
70685 1 492.0 225.0 2 473.413269 225.0
70252 1 558.0 195.0 2 549.456848 195.0
70641 1 930.000061 241.200012 2 905.544373 241.200012
70494 1 187.200012 192.0 2 151.71077 192.0
70384 1 614.400024 343.200012 2 559.323669 343.200012
70539 1 265.200012 218.400009 2 234.491119 218.400009
70554 1 876.000061 262.800018 2 847.499512 262.800018
70389 1 838.800049 343.200012 2 784.24823 343.200012
70507 1 729.600037 282.0 2 695.081482 282.0
70661 1 814.800049 81.600006 2 793.707092 81.600006
69725 1 320.400024 198.000015 2 293.963013 198.000015
69366 1 546.0 105.600006 2 543.798706 105.600006
70636 1 928.800049 240.480011 2 904.658569 240.480011
70575 1 856.800049 262.080017 2 828.727356 262.080017
70443 1 1212.480103 313.920013 2 1166.137207 313.920013
70694 1 1023.840027 132.480011 2 1007.096619 132.480011
70186 1 888.480042 259.200012 2 859.498291 259.200012
70385 1 838.080017 342.720001 2 783.014282 342.720001
70514 1 817.920044 279.360016 2 784.646667 279.360016
70649 1 766.080017 239.040009 2 743.487305 239.040009
70381 1 541.440002 345.600006 2 485.746979 345.600006
70379 1 581.76001 345.600006 2 525.145874 345.600006
68751 1 548.640015 180.0 2 541.965332 180.0
69331 1 211.680008 102.240005 2 204.680573 102.240005
70392 1 879.552063 338.688019 2 827.674927 338.688019
69789 1 1200.960083 46.656006 2 1194.733765 46.656006
70693 1 1145.664062 58.752007 2 1124.864136 58.752007
70232 1 762.048096 240.192017 2 738.884399 240.192017
70412 1 682.560059 330.048035 2 631.798767 330.048035
69665 1 623.808044 324.864044 2 576.089172 324.864044
69831 1 578.880066 93.312012 2 576.576843 93.312012
67222 1 331.776031 58.752007 2 330.660767 58.752007
70513 1 221.184021 236.736023 2 189.412643 236.736023
70628 1 986.68811 250.560028 2 963.107788 250.560028
69712 1 888.192078 259.200012 2 859.938599 259.200012
70107 1 311.040039 298.944031 2 264.496765 298.944031
70211 1 763.0849 238.464035 2 741.489441 238.464035
70479 1 335.923248 267.494446 2 297.354279 267.494446
70429 1 989.107361 315.187256 2 943.609802 315.187256
69779 1 1198.541016 47.692806 2 1193.759888 47.692806
70653 1 1038.873779 248.832031 2 1017.258057 248.832031
70411 1 682.214478 329.702454 2 631.021667 329.702454
70099 1 624.153687 325.555237 2 576.794128 325.555237
44624 1 375.321655 49.766407 2 372.827759 49.766407
70489 1 201.139221 230.169632 2 165.64566 230.169632
70469 1 126.489616 236.390427 2 86.94001 236.390427
70553 1 933.120117 268.738586 2 904.906311 268.738586
70310 1 415.5495 273.71524 2 380.469971 273.71524
61036 1 577.290344 92.067856 2 574.736389 92.067856
70691 1 1025.187988 134.369293 2 1007.480713 134.369293
70556 1 430.479431 253.80867 2 402.207855 253.80867
69239 1 490.199097 276.203552 2 456.883942 276.203552
70672 1 1042.108643 80.621582 2 1021.565491 80.621582
70202 1 949.543091 268.738617 2 920.445068 268.738617
68722 1 627.056763 316.514374 2 579.620239 316.514374
67808 1 531.505249 179.159073 2 523.389221 179.159073
68327 1 432.967773 253.808685 2 403.371918 253.808685
69362 1 813.382202 229.323624 2 789.621765 229.323624
68759 1 489.701477 277.696564 2 456.38913 277.696564
66696 1 300.987244 218.574081 2 273.782501 218.574081
66684 1 429.981781 254.405899 2 402.17981 254.405899
70180 1 953.126282 268.738617 2 923.250793 268.738617
70177 1 254.405899 204.241348 2 224.076492 204.241348
67226 1 472.97998 200.658173 2 457.796509 200.658173
70627 1 996.124512 250.822708 2 973.087952 250.822708
69743 1 759.634521 240.073166 2 735.937073 240.073166
70228 1 956.709473 250.822708 2 930.832031 250.822708
70291 1 397.733154 78.829994 2 395.979462 78.829994
