515
129 -4.91 313 0.0375 -0.00175 0.0413 0.706 
71536 1 523.0 181.0 2 514.364014 181.0
64776 1 509.0 103.0 2 507.289795 103.0
69722 1 532.0 78.0 2 530.608093 78.0
71005 1 235.200012 189.600006 2 204.594254 189.600006
71553 1 177.0 46.0 2 169.699753 46.0
71557 1 145.200012 58.800003 2 138.31929 58.800003
69266 1 518.400024 130.800003 2 516.56189 130.800003
71636 1 542.0 111.0 2 539.749512 111.0
71096 1 462.0 139.0 2 449.867401 139.0
71545 1 1136.400024 198.000015 2 1125.322876 198.000015
71547 1 997.200012 194.400009 2 982.967834 194.400009
71549 1 788.0 187.0 2 775.113892 187.0
71456 1 666.0 249.600006 2 639.948059 249.600006
71550 1 745.0 191.0 2 733.637756 191.0
71083 1 718.800049 178.800003 2 711.993164 178.800003
61479 1 493.200012 90.0 2 491.428833 90.0
71639 1 474.0 37.0 2 472.968109 37.0
68242 1 393.600006 74.400002 2 391.238251 74.400002
71552 1 460.800018 85.200005 2 459.182434 85.200005
71145 1 459.0 41.0 2 457.920746 41.0
71086 1 400.0 49.0 2 398.607971 49.0
70717 1 385.0 134.0 2 372.44809 134.0
71634 1 745.0 179.0 2 733.209473 179.0
71539 1 124.800003 56.400002 2 117.591606 56.400002
70153 1 583.200012 160.800003 2 580.211365 160.800003
71635 1 626.400024 151.200012 2 622.466919 151.200012
71388 1 891.600037 280.800018 2 856.574036 280.800018
71542 1 225.600006 106.800003 2 218.238663 106.800003
71633 1 408.000031 150.0 2 395.662994 150.0
71561 1 1066.800049 204.000015 2 1054.386963 204.000015
71548 1 939.600037 201.600006 2 928.293945 201.600006
71431 1 1054.800049 264.0 2 1026.797607 264.0
71560 1 997.0 195.0 2 982.934021 195.0
71406 1 990.0 273.0 2 959.432617 273.0
71461 1 1041.0 108.0 2 1015.096191 108.0
71562 1 745.200012 192.0 2 733.95752 192.0
71438 1 853.0 106.0 2 824.789795 106.0
71533 1 692.400024 75.600006 2 673.001953 75.600006
71082 1 739.0 50.0 2 715.059326 50.0
71513 1 475.200012 231.600006 2 453.515778 231.600006
71563 1 513.600037 188.400009 2 504.437866 188.400009
68679 1 487.0 88.0 2 485.382324 88.0
71148 1 525.0 32.0 2 523.705139 32.0
70644 1 474.000031 37.200001 2 472.866455 37.200001
70235 1 621.600037 136.800003 2 617.160034 136.800003
71272 1 325.200012 310.800018 2 279.624023 310.800018
71566 1 177.600006 45.600002 2 170.092834 45.600002
68131 1 166.800003 96.0 2 159.554199 96.0
71538 1 145.0 58.0 2 138.228195 58.0
71335 1 1023.840027 290.880005 2 987.110107 290.880005
70580 1 395.712036 267.840027 2 361.200867 267.840027
71571 1 1065.600098 203.040009 2 1053.919678 203.040009
71559 1 1203.840088 201.600006 2 1192.344482 201.600006
71341 1 1099.200073 289.200012 2 1063.625122 289.200012
71570 1 997.056091 195.264023 2 982.600647 195.264023
71032 1 990.000061 272.400024 2 959.336914 272.400024
70924 1 846.000061 302.400024 2 804.914368 302.400024
68134 1 626.400024 151.200012 2 622.053589 151.200012
71099 1 630.720032 141.12001 2 626.808777 141.12001
71141 1 758.400024 178.800003 2 747.934937 178.800003
71100 1 744.480042 120.960007 2 727.834351 120.960007
70620 1 609.119995 252.000015 2 583.225952 252.000015
71109 1 599.616028 195.264023 2 592.801147 195.264023
71535 1 376.800018 258.0 2 341.066772 258.0
71483 1 455.040009 241.920013 2 429.992065 241.920013
70151 1 406.080017 263.52002 2 373.806061 263.52002
71307 1 470.400024 298.800018 2 428.993256 298.800018
64007 1 473.76001 37.440002 2 472.520203 37.440002
71682 1 547.776062 32.832005 2 546.460388 32.832005
70171 1 534.240051 141.12001 2 532.031006 141.12001
47007 1 328.320007 57.600002 2 327.403076 57.600002
69729 1 458.400024 40.800003 2 457.513458 40.800003
70161 1 407.52002 149.76001 2 395.270905 149.76001
71544 1 312.480011 321.120026 2 263.063416 321.120026
51753 1 316.800018 55.200001 2 316.028381 55.200001
71022 1 228.096024 177.984024 2 197.33577 177.984024
70921 1 103.680008 185.76001 2 61.660427 185.76001
71575 1 570.240051 187.200012 2 563.70282 187.200012
71471 1 747.360046 46.080002 2 724.372253 46.080002
70237 1 452.736053 190.080017 2 437.854218 190.080017
71587 1 1168.128052 203.904022 2 1157.049805 203.904022
71298 1 456.192047 305.856018 2 412.898407 305.856018
71646 1 718.560059 178.560013 2 711.825928 178.560013
71174 1 744.480042 191.520004 2 732.456909 191.520004
71094 1 694.080017 191.520004 2 684.636475 191.520004
71582 1 692.58252 180.403229 2 684.185364 180.403229
71647 1 43.200005 77.76001 2 42.398159 77.76001
69681 1 577.440002 92.160004 2 574.708801 92.160004
71583 1 457.920013 40.32 2 457.062073 40.32
71576 1 535.680054 141.696014 2 532.813171 141.696014
71364 1 893.376099 281.664032 2 858.310974 281.664032
70974 1 862.272095 279.936035 2 827.615112 279.936035
71018 1 895.795349 261.273651 2 864.843262 261.273651
65090 1 366.336029 48.384003 2 365.409424 48.384003
70958 1 571.968079 288.576019 2 534.574341 288.576019
66739 1 262.080017 110.880005 2 254.984268 110.880005
71104 1 286.848022 105.408012 2 280.167908 105.408012
67584 1 399.16803 136.512009 2 387.146027 136.512009
53516 1 523.584045 32.832005 2 522.70575 32.832005
71097 1 244.800003 53.280003 2 239.1586 53.280003
71593 1 190.080017 55.296005 2 182.50415 55.296005
70900 1 492.480042 314.496033 2 445.701965 314.496033
69238 1 167.040009 95.040001 2 159.44104 95.040001
71152 1 138.240021 77.76001 2 130.81839 77.76001
70646 1 135.360001 54.720001 2 128.158875 54.720001
71310 1 146.880005 233.280014 2 107.047119 233.280014
70948 1 167.961624 213.580826 2 129.232193 213.580826
71676 1 514.252869 188.697632 2 505.092163 188.697632
70925 1 675.648071 297.216034 2 635.385376 297.216034
70661 1 454.118469 188.697632 2 438.848969 188.697632
71581 1 1090.713745 199.065628 2 1078.865479 199.065628
71464 1 791.424072 250.560028 2 764.910095 250.560028
71292 1 456.192078 306.892853 2 412.904297 306.892853
71446 1 1047.168091 93.312012 2 1020.227295 93.312012
71370 1 1138.752075 290.304016 2 1105.619507 290.304016
65487 1 577.152039 91.584007 2 574.850281 91.584007
71674 1 578.534485 66.355209 2 576.921814 66.355209
70219 1 744.422485 120.268814 2 727.531067 120.268814
71482 1 844.992065 67.392006 2 821.607605 67.392006
71063 1 686.776428 251.320358 2 660.983276 251.320358
67699 1 692.58252 190.771225 2 682.226624 190.771225
69697 1 425.088074 85.017609 2 423.954651 85.017609
71277 1 787.968079 317.952026 2 742.296936 317.952026
59816 1 626.227295 151.372818 2 622.27417 151.372818
71596 1 41.472008 76.723213 2 40.686775 76.723213
70195 1 76.032005 70.848007 2 74.591202 70.848007
70991 1 976.320068 274.752014 2 941.227661 274.752014
71115 1 286.15683 105.753616 2 279.670898 105.753616
70933 1 126.489616 223.948837 2 84.760941 223.948837
69298 1 404.352051 45.619205 2 402.498322 45.619205
65845 1 329.702454 55.987209 2 327.877167 55.987209
54838 1 582.33606 160.70401 2 579.802979 160.70401
71164 1 549.504089 149.299225 2 542.295837 149.299225
70584 1 228.096039 217.728027 2 195.266937 217.728027
71517 1 1084.49292 128.563217 2 1063.621582 128.563217
71643 1 190.080017 98.49601 2 183.078934 98.49601
71088 1 245.376022 51.840004 2 239.670685 51.840004
69237 1 367.027252 116.121613 2 355.573395 116.121613
69269 1 143.078415 89.16481 2 136.417282 89.16481
71604 1 188.697632 53.913609 2 181.928421 53.913609
70886 1 172.108826 298.59845 2 119.656532 298.59845
71452 1 790.041687 250.90564 2 763.647827 250.90564
70941 1 675.993713 298.59845 2 635.284546 298.59845
71116 1 649.451599 196.577301 2 642.065491 196.577301
66341 1 554.895447 194.088989 2 546.584534 194.088989
69688 1 848.517212 102.021133 2 820.143311 102.021133
71017 1 810.77771 273.71524 2 779.496948 273.71524
59755 1 627.056702 151.787537 2 622.244324 151.787537
71525 1 1045.094604 146.810898 2 1027.026001 146.810898
71351 1 898.28363 278.691895 2 863.781006 278.691895
71330 1 1027.67627 291.133484 2 990.510742 291.133484
71458 1 744.422485 250.90564 2 717.878845 250.90564
71627 1 740.52417 191.103012 2 730.129578 191.103012
70664 1 328.458313 56.733707 2 327.473389 56.733707
71405 1 243.855392 209.018906 2 211.734879 209.018906
69285 1 721.612915 179.159058 2 714.839111 179.159058
71103 1 244.68483 51.840008 2 238.405899 51.840008
71588 1 346.29126 167.961624 2 333.704468 167.961624
71128 1 465.315918 126.904335 2 452.865845 126.904335
68178 1 169.20578 94.556175 2 161.989212 94.556175
67659 1 146.313248 89.579536 2 136.999191 89.579536
70682 1 134.784012 55.987209 2 126.957687 55.987209
71356 1 549.918823 271.226929 2 515.570862 271.226929
71668 1 513.589355 188.117035 2 504.831268 188.117035
70575 1 770.384033 300.987244 2 728.440247 300.987244
70563 1 462.827576 301.086761 2 419.435944 301.086761
71629 1 687.970886 193.491806 2 677.863708 193.491806
61439 1 574.802002 89.579529 2 572.825806 89.579529
71124 1 995.328125 196.577301 2 980.233521 196.577301
70143 1 898.781372 280.682556 2 865.454468 280.682556
71621 1 292.626495 56.733707 2 287.021088 56.733707
69737 1 504.631378 74.649612 2 503.565582 74.649612
71386 1 228.925476 226.437149 2 196.443909 226.437149
70600 1 263.761963 201.553955 2 232.171844 201.553955
71191 1 612.126831 155.271194 2 608.924438 155.271194
67674 1 606.154846 125.411354 2 602.880615 125.411354
71609 1 692.748413 179.159073 2 683.046265 179.159073
65519 1 627.056763 139.74408 2 623.358643 139.74408
71615 1 189.11235 52.254726 2 182.21608 52.254726
70200 1 62.705677 113.467415 2 58.303921 113.467415
70675 1 74.649612 69.672974 2 73.835526 69.672974
71127 1 406.093903 107.495445 2 394.962921 107.495445
71134 1 349.360199 59.719692 2 347.884338 59.719692
71168 1 400.121918 164.229156 2 388.058838 164.229156
71620 1 361.901337 175.575897 2 347.391083 175.575897
71619 1 1170.505981 128.397339 2 1156.211914 128.397339
71136 1 942.37677 200.658173 2 929.578979 200.658173
70221 1 405.596222 263.761963 2 371.853241 263.761963
70665 1 458.647247 200.658173 2 443.308746 200.658173
71616 1 555.393127 193.491806 2 546.479614 193.491806
70940 1 674.334839 298.59845 2 635.554199 298.59845
58390 1 627.056763 157.659988 2 622.509399 157.659988
65166 1 627.056763 140.341278 2 622.552429 140.341278
69718 1 143.327271 89.579544 2 136.321243 89.579544
71160 1 689.762451 191.103012 2 681.101135 191.103012
67686 1 533.894043 114.661812 2 532.647888 114.661812
67202 1 505.228607 71.663635 2 504.824219 71.663635
68698 1 232.906799 225.740448 2 201.065506 225.740448
71384 1 257.989075 200.658173 2 227.479874 200.658173
71628 1 429.981781 136.160904 2 418.668976 136.160904
71631 1 1146.618042 143.327255 2 1132.588867 143.327255
68181 1 401.316345 164.826355 2 388.826141 164.826355
71028 1 852.797241 261.572266 2 822.235718 261.572266
71451 1 852.797241 243.656357 2 823.69989 243.656357
66351 1 394.149963 78.829994 2 391.323456 78.829994
67720 1 555.393127 194.088989 2 545.72644 194.088989
71315 1 149.299225 197.074982 2 111.79248 197.074982
70952 1 164.826355 211.407715 2 127.025993 211.407715
71630 1 549.421143 149.299225 2 542.874023 149.299225
65105 1 580.475403 161.243179 2 579.309692 161.243179
70129 1 551.809998 268.738617 2 516.732788 268.738617
68702 1 848.019592 101.523476 2 819.712341 101.523476
69664 1 674.83252 298.59845 2 635.187561 298.59845
71336 1 1031.956299 290.237701 2 994.717041 290.237701
70645 1 50.0 71.0 2 49.388786 71.0
68240 1 663.0 176.0 2 657.068359 176.0
71453 1 1128.0 254.400009 2 1102.00647 254.400009
71529 1 1027.200073 170.400009 2 1007.137878 170.400009
71049 1 1041.600098 108.000008 2 1015.392151 108.000008
71434 1 853.200012 105.600006 2 825.256531 105.600006
70695 1 743.040039 178.560013 2 732.273621 178.560013
70609 1 989.280029 272.160004 2 958.701416 272.160004
69240 1 416.160004 135.360001 2 404.275238 135.360001
70992 1 220.320007 223.200012 2 186.92482 223.200012
70990 1 1192.320068 293.76001 2 1159.902832 293.76001
71442 1 1054.080078 264.960022 2 1026.031006 264.960022
71572 1 1013.76001 195.840012 2 999.634094 195.840012
71460 1 1010.880066 27.360001 2 984.211121 27.360001
67694 1 514.080017 188.640015 2 505.014679 188.640015
69169 1 653.184082 196.99202 2 644.508728 196.99202
68127 1 758.592102 177.984024 2 747.092224 177.984024
71574 1 718.848083 179.712021 2 712.654724 179.712021
71590 1 1137.024048 171.072021 2 1124.178589 171.072021
69239 1 461.376038 138.240021 2 449.176514 138.240021
70656 1 134.784012 55.296005 2 127.550606 55.296005
71288 1 787.96814 319.334442 2 741.904724 319.334442
71047 1 609.638489 252.979233 2 581.807373 252.979233
70882 1 269.568024 325.555237 2 216.091629 325.555237
54535 1 512.17926 39.398407 2 510.665649 39.398407
70245 1 464.48645 128.563217 2 452.599091 128.563217
71466 1 1045.094604 92.067856 2 1019.027832 92.067856
71680 1 398.131256 47.278088 2 397.16333 47.278088
71524 1 1143.63208 80.621582 2 1123.317505 80.621582
67135 1 391.163971 268.738617 2 356.752289 268.738617
70934 1 125.411354 223.948837 2 85.331718 223.948837
71106 1 459.841614 203.046951 2 444.632904 203.046951
69655 1 462.230438 300.987244 2 418.261261 300.987244
59331 1 605.557678 125.411354 2 602.635803 125.411354
69715 1 315.319977 103.91227 2 309.411163 103.91227
67629 1 899.378601 279.488159 2 866.027832 279.488159
71296 1 361.901337 297.404083 2 319.087616 297.404083
70590 1 390.566803 268.738617 2 356.23938 268.738617
71531 1 1053.455444 164.826355 2 1030.774048 164.826355
71618 1 1171.700439 164.826355 2 1159.730835 164.826355
71404 1 365.484528 247.239532 2 333.048126 247.239532
68118 1 788.299927 250.822708 2 761.579224 250.822708
71477 1 1042.705811 68.080452 2 1019.491516 68.080452
