52
0.118 0.261 42.4 -0.000196 6.96e-05 0.0179 0.707 
7382 1 752.0 180.0 2 742.700317 180.0
7798 1 819.600037 174.0 2 811.686279 174.0
7959 1 1124.400024 334.800018 2 1057.880249 334.800018
8078 1 987.600037 276.0 2 937.678467 276.0
7810 1 846.000061 144.0 2 838.759583 144.0
8340 1 484.800018 74.400002 2 472.297699 74.400002
8296 1 1165.200073 201.600006 2 1147.944214 201.600006
8016 1 1153.200073 304.800018 2 1096.237793 304.800018
8364 1 924.000061 148.800003 2 917.864929 148.800003
8276 1 891.600037 226.800003 2 871.096741 226.800003
8277 1 652.800049 228.000015 2 632.451782 228.000015
7469 1 746.400024 151.200012 2 739.186523 151.200012
8346 1 845.280029 144.0 2 837.953918 144.0
8297 1 817.200012 207.600006 2 799.580444 207.600006
8198 1 688.800049 259.200012 2 660.441223 259.200012
8248 1 633.600037 238.800003 2 611.737793 238.800003
8210 1 570.0 261.600006 2 544.271423 261.600006
8301 1 406.080017 226.080002 2 388.93927 226.080002
5288 1 571.679993 171.360001 2 563.687561 171.360001
8239 1 234.720016 231.840012 2 212.05722 231.840012
8231 1 196.800003 249.600006 2 173.615463 249.600006
7379 1 252.000015 195.840012 2 234.735565 195.840012
8226 1 278.400024 252.000015 2 254.065826 252.000015
8309 1 267.839996 328.320007 2 220.246033 328.320007
8271 1 891.648071 226.368027 2 871.19342 226.368027
8093 1 722.304077 311.040039 2 674.993896 311.040039
7735 1 694.656067 267.840027 2 662.008545 267.840027
7742 1 570.240051 260.640015 2 542.738586 260.640015
8155 1 326.880005 311.040009 2 285.007965 311.040009
7825 1 817.344055 207.360016 2 799.417603 207.360016
8056 1 825.98407 324.864044 2 772.812561 324.864044
8159 1 803.520081 281.664032 2 765.424927 281.664032
8222 1 485.568054 250.560028 2 461.617096 250.560028
8181 1 551.52002 280.800018 2 517.598145 280.800018
8312 1 129.600006 202.176025 2 111.872704 202.176025
7890 1 686.016052 152.064011 2 678.762268 152.064011
7080 1 654.912048 145.152008 2 643.896301 145.152008
7402 1 364.320007 102.240005 2 343.476562 102.240005
7322 1 1097.280151 209.088013 2 1052.912354 209.088013
8368 1 926.208069 148.608017 2 918.762939 148.608017
8238 1 308.160004 240.480011 2 286.153931 240.480011
5290 1 300.672028 196.99202 2 283.645111 196.99202
5708 1 452.044861 170.035217 2 439.225861 170.035217
3220 1 844.992065 143.424011 2 837.897522 143.424011
7762 1 571.968079 260.92804 2 544.652161 260.92804
8106 1 721.612915 311.040039 2 674.178345 311.040039
7736 1 699.840027 269.279999 2 667.657593 269.279999
7675 1 501.120056 321.40802 2 452.515839 321.40802
8182 1 552.960083 281.664032 2 517.899963 281.664032
7724 1 485.222473 286.15683 2 448.165894 286.15683
8079 1 860.544128 311.040039 2 811.815002 311.040039
8175 1 843.955322 277.862427 2 806.773621 277.862427
6570 1 364.290131 232.906799 2 345.390717 232.906799
8351 1 375.321655 157.593628 2 367.031952 157.593628
8264 1 196.992035 213.580826 2 175.487091 213.580826
5715 1 128.563217 203.21283 2 111.632683 203.21283
7385 1 653.184082 231.552017 2 632.052673 231.552017
8314 1 649.036865 223.948837 2 629.989441 223.948837
8085 1 407.808044 324.864044 2 360.003754 324.864044
4860 1 250.90564 194.918427 2 234.267838 194.918427
7452 1 609.638489 167.961624 2 603.871765 167.961624
7 1 572.31366 172.108826 2 563.450989 172.108826
7463 1 305.279999 191.520004 2 287.922272 191.520004
8323 1 742.348877 147.225616 2 735.449158 147.225616
7877 1 700.876892 111.974419 2 687.691284 111.974419
8011 1 1150.848145 304.128021 2 1093.678955 304.128021
2763 1 514.252869 186.624023 2 502.703766 186.624023
7417 1 816.998535 174.182419 2 809.494507 174.182419
8157 1 804.556885 282.009644 2 764.753235 282.009644
8315 1 1163.289795 203.21283 2 1146.057129 203.21283
8112 1 549.918823 311.040039 2 504.970886 311.040039
8145 1 326.592041 311.040039 2 285.439026 311.040039
8354 1 373.248047 159.252502 2 365.667511 159.252502
6569 1 184.55043 232.243225 2 161.761597 232.243225
8268 1 651.110474 232.243225 2 630.868225 232.243225
7725 1 485.222473 286.15683 2 447.639557 286.15683
7728 1 423.014465 291.133484 2 389.28299 291.133484
7755 1 327.628845 74.649612 2 303.403809 74.649612
7400 1 226.02243 240.537628 2 202.073364 240.537628
6601 1 251.320358 194.088989 2 233.862793 194.088989
6618 1 741.51947 146.810898 2 734.838928 146.810898
7796 1 628.300903 60.134407 2 615.919006 60.134407
5721 1 452.874298 171.694107 2 438.411621 171.694107
7838 1 418.037811 161.740829 2 411.995483 161.740829
8026 1 1109.790894 306.063416 2 1051.897583 306.063416
7392 1 520.05896 74.649612 2 507.447632 74.649612
7756 1 572.31366 261.273651 2 546.014526 261.273651
2391 1 654.428223 171.694107 2 642.588806 171.694107
7850 1 699.218018 209.018906 2 682.530151 209.018906
8081 1 861.120056 312.480011 2 811.812805 312.480011
8320 1 823.634033 209.018906 2 805.727356 209.018906
7726 1 424.009796 289.640503 2 390.00177 289.640503
7334 1 483.729492 286.65451 2 446.440826 286.65451
8194 1 423.360046 274.752014 2 392.853973 274.752014
7785 1 223.948837 238.878754 2 202.087448 238.878754
8337 1 250.822708 194.088989 2 233.301956 194.088989
6568 1 650.944641 232.906799 2 629.802429 232.906799
8254 1 197.074982 212.004898 2 176.211105 212.004898
5719 1 298.59845 197.074982 2 282.957977 197.074982
8384 1 582.266968 95.551506 2 579.841125 95.551506
8147 1 382.206024 298.59845 2 342.460449 298.59845
7880 1 806.21582 176.173096 2 798.966736 176.173096
7427 1 698.720398 113.467415 2 685.448853 113.467415
8370 1 295.612457 185.131042 2 279.059235 185.131042
8211 1 328.458282 74.649612 2 303.36203 74.649612
6595 1 84.60289 201.553955 2 67.228287 201.553955
7839 1 365.783081 102.021133 2 343.620575 102.021133
5740 1 609.140869 140.341278 2 603.387756 140.341278
6579 1 364.608032 233.280029 2 345.991699 233.280029
1555 1 653.930603 173.187103 2 642.1073 173.187103
7340 1 701.70636 271.226929 2 670.071533 271.226929
7721 1 843.540588 278.691895 2 806.046326 278.691895
8334 1 570.323059 170.201126 2 562.611877 170.201126
8362 1 695.137207 114.661812 2 681.001099 114.661812
7859 1 652.139038 68.080452 2 639.538391 68.080452
8279 1 308.153625 229.323624 2 287.170288 229.323624
1512 1 300.987244 193.491806 2 283.734711 193.491806
7851 1 223.948837 238.878769 2 202.330688 238.878769
6226 1 250.822708 193.491806 2 232.734146 193.491806
7689 1 1092.870361 262.766632 2 1048.684326 262.766632
7882 1 806.215881 175.575897 2 798.277039 175.575897
6619 1 469.39679 157.659988 2 456.098816 157.659988
8 1 515.978149 175.575897 2 503.845703 175.575897
7784 1 201.553955 121.927696 2 176.287064 121.927696
7008 1 483.729523 286.654541 2 446.119019 286.654541
8197 1 576.295044 259.78067 2 549.404602 259.78067
8376 1 530.841675 201.139221 2 520.765381 201.139221
7732 1 692.748413 268.738617 2 658.97644 268.738617
7335 1 809.201843 277.696564 2 773.444275 277.696564
8130 1 1101.828247 200.060959 2 1058.315796 200.060959
8225 1 342.0 24.0 2 317.650818 24.0
8031 1 1188.0 322.800018 2 1131.164917 322.800018
7803 1 661.200012 189.600006 2 650.413879 189.600006
7989 1 1033.920044 335.52002 2 972.704895 335.52002
7958 1 1124.640015 334.080017 2 1057.967651 334.080017
8027 1 1186.560059 322.559998 2 1129.632324 322.559998
8060 1 694.080017 328.320007 2 641.522461 328.320007
8104 1 721.440002 311.040009 2 674.640442 311.040009
8189 1 423.360016 273.600006 2 392.106781 273.600006
8256 1 172.800003 168.480011 2 150.545425 168.480011
8304 1 1164.672119 202.176025 2 1147.052734 202.176025
7388 1 364.608032 101.952011 2 343.823669 101.952011
6574 1 936.576111 138.240021 2 929.788147 138.240021
8229 1 278.208038 252.288025 2 253.857849 252.288025
8042 1 940.032104 46.656006 2 883.122375 46.656006
7672 1 988.416077 276.480042 2 938.542542 276.480042
8059 1 825.292908 325.555237 2 772.652649 325.555237
8350 1 385.689667 205.286423 2 369.781372 205.286423
6164 1 653.184082 153.446426 2 642.022217 153.446426
8062 1 1049.241699 244.68483 2 998.258118 244.68483
8094 1 408.499268 323.481659 2 360.035187 323.481659
7691 1 1092.787354 211.507233 2 1049.617188 211.507233
7453 1 607.56488 128.563217 2 601.178589 128.563217
8024 1 939.340942 45.619205 2 882.952576 45.619205
8048 1 1113.523315 294.451233 2 1059.622314 294.451233
8076 1 989.107361 277.862427 2 939.079895 277.862427
8087 1 267.494446 329.702454 2 220.480637 329.702454
8184 1 597.196899 279.936035 2 563.529968 279.936035
8282 1 891.648132 226.02243 2 871.187012 226.02243
7665 1 1047.582886 243.855392 2 996.832153 243.855392
6576 1 661.893188 189.11235 2 652.083679 189.11235
7674 1 497.664062 323.481659 2 448.447968 323.481659
7677 1 408.084534 323.481659 2 359.677521 323.481659
8356 1 726.589539 174.182419 2 718.329895 174.182419
6171 1 629.545044 57.231369 2 615.451599 57.231369
8023 1 920.678528 47.278088 2 862.682556 47.278088
4857 1 515.082336 174.182419 2 503.382568 174.182419
8020 1 1184.44043 320.993317 2 1128.567871 320.993317
8308 1 875.888794 174.182419 2 868.078491 174.182419
7663 1 990.351501 278.691895 2 940.396851 278.691895
8150 1 325.969971 311.040039 2 284.572693 311.040039
8321 1 1162.045654 201.553955 2 1146.203003 201.553955
7853 1 627.056763 59.719692 2 614.823364 59.719692
8322 1 662.88855 188.117035 2 652.427673 188.117035
6980 1 991.346863 280.682556 2 941.814514 280.682556
8035 1 1107.800293 307.556396 2 1052.177368 307.556396
7883 1 779.34198 176.173096 2 772.486023 176.173096
8371 1 507.617371 185.131042 2 494.638428 185.131042
7071 1 483.729492 65.691658 2 472.287445 65.691658
8224 1 328.458313 74.649612 2 303.410004 74.649612
6583 1 92.565521 268.738617 2 68.650139 268.738617
7329 1 325.472321 313.528381 2 285.89856 313.528381
7356 1 689.762451 259.78067 2 660.697144 259.78067
8332 1 1161.547974 203.046951 2 1143.744751 203.046951
8115 1 1096.453613 261.572266 2 1050.829468 261.572266
7473 1 526.727722 111.078629 2 518.016785 111.078629
5345 1 483.729523 68.080452 2 472.060822 68.080452
5317 1 609.140869 168.409531 2 603.815491 168.409531
7737 1 415.649078 272.321808 2 382.368591 272.321808
7375 1 576.892212 261.572266 2 551.174438 261.572266
6198 1 533.894043 197.074982 2 524.573364 197.074982
7077 1 662.888611 186.325439 2 653.150391 186.325439
7336 1 809.799072 275.904999 2 773.953247 275.904999
8273 1 895.79541 218.574081 2 874.898926 218.574081
7623 1 960.292664 300.987244 2 901.304504 300.987244
