537
310.1745 -26.09606 158.6611 0.04407975439348808 0.6852583560662961 -0.0430668232859186 0.725688093760664
73389 1 302.0 103.0 2 281.947784 103.0
72582 1 450.0 75.0 2 448.718353 75.0
70804 1 468.0 116.0 2 465.427124 116.0
73035 1 504.0 47.0 2 502.259064 47.0
70343 1 435.0 53.0 2 433.751312 53.0
69374 1 420.0 56.0 2 418.759064 56.0
73363 1 187.200012 128.400009 2 165.739792 128.400009
73394 1 225.600006 162.0 2 204.56102 162.0
72634 1 392.400024 76.800003 2 390.926239 76.800003
72517 1 538.800049 78.0 2 537.914001 78.0
73259 1 818.400024 284.400024 2 782.029663 284.400024
73397 1 445.200012 188.400009 2 431.802032 188.400009
71241 1 126.000008 43.200001 2 120.697487 43.200001
69325 1 560.160034 175.680008 2 556.841125 175.680008
68362 1 601.920044 177.12001 2 597.601257 177.12001
70304 1 540.0 100.800003 2 537.058533 100.800003
71282 1 578.880005 128.160004 2 574.583862 128.160004
68865 1 555.840027 138.240005 2 551.3255 138.240005
73404 1 417.600006 72.0 2 416.233215 72.0
71693 1 321.120026 67.68 2 319.648865 67.68
72097 1 463.680023 93.600006 2 461.731262 93.600006
72544 1 433.440002 99.360001 2 431.527649 99.360001
54096 1 501.120026 122.400002 2 498.930237 122.400002
72512 1 718.560059 194.400009 2 709.12262 194.400009
73159 1 511.200012 334.080017 2 459.613007 334.080017
73316 1 417.600006 254.880005 2 392.623566 254.880005
73458 1 413.280029 187.200012 2 399.136169 187.200012
72500 1 499.680023 92.160004 2 498.282196 92.160004
72997 1 524.160034 44.640003 2 523.15155 44.640003
69256 1 544.320007 175.680008 2 540.721619 175.680008
68763 1 348.480011 63.360001 2 347.855347 63.360001
73416 1 434.880005 53.280003 2 433.861267 53.280003
72169 1 120.960014 133.056015 2 100.284897 133.056015
73171 1 639.360046 317.952026 2 593.736572 317.952026
73161 1 509.76004 338.688019 2 457.507935 338.688019
73183 1 936.576111 305.856018 2 889.495789 305.856018
73236 1 756.864075 288.576019 2 717.49762 288.576019
73258 1 694.656067 292.032013 2 657.668823 292.032013
73508 1 632.448059 177.984024 2 626.603699 177.984024
73309 1 983.232117 257.472015 2 956.725708 257.472015
73287 1 350.784027 274.752014 2 318.119904 274.752014
71607 1 637.63208 224.640015 2 624.913025 224.640015
73486 1 442.368042 202.176025 2 430.012817 202.176025
73419 1 62.208008 70.848007 2 54.780113 70.848007
72924 1 169.344009 179.712021 2 146.24614 179.712021
71162 1 162.432022 127.872009 2 141.448181 127.872009
73519 1 470.016052 60.480007 2 468.736084 60.480007
64952 1 545.356873 176.256027 2 542.096741 176.256027
72632 1 438.912048 127.872009 2 437.133179 127.872009
72218 1 501.120056 93.312012 2 499.089508 93.312012
73469 1 525.312073 44.928005 2 523.751648 44.928005
73173 1 1181.952148 155.52002 2 1135.165649 155.52002
72855 1 638.668884 317.260834 2 594.397156 317.260834
73165 1 510.105682 333.84964 2 458.085541 333.84964
73286 1 526.694458 284.083252 2 493.428894 284.083252
72883 1 350.438446 273.71524 2 318.16156 273.71524
73241 1 756.864136 288.230438 2 717.851624 288.230438
73169 1 601.344055 333.84964 2 552.654968 333.84964
72824 1 551.577698 331.776062 2 500.168243 331.776062
73290 1 566.092896 284.083252 2 532.200195 284.083252
71233 1 441.676849 201.139221 2 429.386688 201.139221
73211 1 779.673706 306.892853 2 735.219238 306.892853
72871 1 902.016113 267.494446 2 866.267456 267.494446
73441 1 329.702454 68.42881 2 328.234528 68.42881
69758 1 599.270508 153.446426 2 594.426453 153.446426
65429 1 588.902466 149.299225 2 585.404175 149.299225
71263 1 433.382446 101.606415 2 431.665527 101.606415
73517 1 470.707275 62.208008 2 468.88916 62.208008
69765 1 439.603271 128.563217 2 437.835236 128.563217
73444 1 493.516876 176.256027 2 484.535706 176.256027
73471 1 495.590485 130.636826 2 493.664581 130.636826
73360 1 186.624023 128.563217 2 165.169601 128.563217
63192 1 539.136047 99.532814 2 536.711304 99.532814
73293 1 323.481659 266.250275 2 289.12915 266.250275
73257 1 860.958862 69.672974 2 822.660278 69.672974
73181 1 935.608459 306.063416 2 889.919312 306.063416
72904 1 398.131256 268.738586 2 369.733704 268.738586
72077 1 348.364838 273.71524 2 316.54007 273.71524
72830 1 761.426025 318.505005 2 716.267334 318.505005
72454 1 756.449402 288.645172 2 717.618286 288.645172
73431 1 1005.281433 213.995544 2 983.33606 213.995544
73198 1 1015.23468 296.110107 2 969.144226 296.110107
73193 1 831.098999 303.575073 2 787.578552 303.575073
72595 1 62.208008 69.672974 2 54.103203 69.672974
73442 1 121.927696 54.74305 2 113.85421 54.74305
72549 1 161.740829 126.904335 2 140.700531 126.904335
70721 1 597.196899 151.787537 2 592.814453 151.787537
54372 1 544.942139 176.670746 2 541.908081 176.670746
73027 1 247.836716 146.313248 2 227.529602 146.313248
71669 1 186.624023 129.392654 2 165.26413 129.392654
72894 1 472.780853 278.691895 2 441.773163 278.691895
72067 1 527.523926 283.668518 2 493.370819 283.668518
72835 1 637.01001 318.505005 2 591.567322 318.505005
71591 1 758.440063 289.640503 2 718.229431 289.640503
73242 1 692.748413 292.626495 2 654.771851 292.626495
70251 1 722.608276 197.074982 2 713.723694 197.074982
73501 1 295.612457 149.299225 2 274.884277 149.299225
69840 1 633.028748 223.948837 2 620.251892 223.948837
73192 1 830.103699 304.570435 2 785.940674 304.570435
73213 1 782.327942 307.556396 2 738.711853 307.556396
73166 1 883.85144 313.528381 2 836.482361 313.528381
69258 1 188.117035 131.383316 2 166.206467 131.383316
71635 1 140.341278 131.383316 2 118.69381 131.383316
73338 1 116.4534 164.229156 2 93.922264 164.229156
66280 1 401.316345 78.829994 2 399.590973 78.829994
54849 1 546.435181 176.173096 2 541.913574 176.173096
54099 1 495.673431 128.397339 2 493.055054 128.397339
66265 1 573.309021 158.257187 2 569.437317 158.257187
73505 1 573.309021 137.355286 2 568.902344 137.355286
73428 1 418.037842 71.663628 2 416.4021 71.663628
73256 1 125.411354 223.948837 2 89.296722 223.948837
61036 1 537.477234 98.537491 2 535.84967 98.537491
68328 1 203.046951 155.271194 2 179.581924 155.271194
72106 1 471.785553 280.682556 2 435.930969 280.682556
72072 1 349.360199 274.710571 2 316.753113 274.710571
72850 1 636.014709 316.514374 2 593.225769 316.514374
73194 1 1170.505981 298.59845 2 1126.404785 298.59845
72988 1 139.74408 100.329086 2 120.534142 100.329086
71680 1 186.325439 132.577713 2 166.052856 132.577713
72619 1 139.74408 128.994537 2 117.813919 128.994537
71585 1 863.546753 286.654541 2 825.836182 286.654541
70271 1 630.639954 225.740448 2 614.72406 225.740448
71285 1 573.309082 136.160904 2 568.562805 136.160904
72994 1 401.316345 78.829994 2 399.590973 78.829994
65902 1 340.402252 89.579544 2 337.413086 89.579544
72068 1 111.078629 225.740448 2 77.604042 225.740448
63910 1 544.643616 175.575897 2 542.107422 175.575897
73381 1 300.987244 96.745903 2 280.933014 96.745903
73302 1 197.074982 229.323624 2 168.779495 229.323624
73352 1 254.405899 207.824539 2 231.537064 207.824539
73260 1 161.243179 229.323624 2 126.371437 229.323624
73456 1 451.480896 107.495445 2 449.608124 107.495445
73343 1 225.740448 171.992722 2 202.994354 171.992722
73261 1 146.910446 257.989075 2 108.635178 257.989075
72075 1 254.405899 272.321808 2 215.901978 272.321808
72082 1 347.568604 272.321808 2 312.944794 272.321808
71685 1 444.314514 200.658173 2 431.701355 200.658173
72461 1 566.1427 283.07135 2 522.206055 283.07135
68304 1 594.808167 193.491806 2 590.626526 193.491806
73503 1 748.884949 186.325439 2 738.364563 186.325439
68796 1 641.389526 179.159088 2 634.109253 179.159088
71697 1 759.634521 290.237701 2 719.417053 290.237701
73197 1 827.714966 304.570435 2 784.283447 304.570435
71646 1 881.462708 204.241348 2 865.38739 204.241348
73387 1 1006.874023 214.990891 2 984.109192 214.990891
73902 1 205.0 90.0 2 184.928574 90.0
73917 1 200.0 89.0 2 180.303772 89.0
73929 1 276.0 128.0 2 256.821686 128.0
73911 1 269.0 118.0 2 249.104111 118.0
73876 1 128.0 115.0 2 107.317406 115.0
73731 1 209.0 230.0 2 175.580154 230.0
73635 1 889.0 297.0 2 846.588196 297.0
73759 1 191.0 213.0 2 160.372711 213.0
73814 1 186.0 188.0 2 162.608231 188.0
73927 1 256.0 136.0 2 236.672699 136.0
72583 1 476.0 109.0 2 473.958496 109.0
73611 1 1137.0 302.0 2 1092.697876 302.0
73643 1 1168.0 296.0 2 1126.033325 296.0
73636 1 983.0 286.0 2 940.654785 286.0
73705 1 901.0 261.0 2 865.592224 261.0
73583 1 828.0 315.0 2 780.969849 315.0
73784 1 372.0 255.0 2 343.726196 255.0
73894 1 334.800018 192.0 2 314.236908 192.0
73568 1 398.0 329.0 2 347.897125 329.0
73798 1 281.0 217.0 2 254.878601 217.0
73922 1 295.0 150.0 2 275.397003 150.0
73844 1 163.0 128.0 2 141.503296 128.0
73846 1 128.400009 115.200005 2 106.964661 115.200005
73923 1 276.0 128.400009 2 256.433197 128.400009
73898 1 288.0 106.800003 2 267.692139 106.800003
73914 1 268.800018 117.600006 2 249.013428 117.600006
73667 1 880.0 290.0 2 840.295593 290.0
64658 1 321.600006 67.200005 2 320.062653 67.200005
73920 1 185.0 88.0 2 165.38176 88.0
73858 1 321.600006 140.400009 2 300.643921 140.400009
73843 1 200.400009 135.600006 2 178.900085 135.600006
73872 1 225.0 162.0 2 204.216415 162.0
73782 1 981.600037 256.800018 2 953.165222 256.800018
73870 1 984.000061 205.200012 2 963.196228 205.200012
73590 1 1009.0 299.0 2 962.636597 299.0
73629 1 982.800049 285.600006 2 940.096619 285.600006
73680 1 907.200012 64.800003 2 870.328247 64.800003
73189 1 828.000061 313.920013 2 780.171387 313.920013
73794 1 711.0 260.0 2 684.340942 260.0
73413 1 735.600037 187.200012 2 729.047974 187.200012
73600 1 640.0 318.0 2 594.769897 318.0
73661 1 624.0 297.600006 2 583.913086 297.600006
73627 1 724.0 310.0 2 681.145447 310.0
73685 1 695.0 293.0 2 658.390137 293.0
73679 1 861.600037 74.400002 2 824.700256 74.400002
73919 1 554.400024 229.200012 2 534.774109 229.200012
73648 1 596.0 301.0 2 554.752075 301.0
73736 1 352.0 274.0 2 318.840332 274.0
73734 1 417.600006 288.0 2 384.33493 288.0
73945 1 584.400024 25.200001 2 566.258362 25.200001
73790 1 282.0 217.200012 2 254.669708 217.200012
73910 1 200.400009 88.800003 2 180.476929 88.800003
73838 1 261.600006 177.600006 2 239.842606 177.600006
73831 1 86.400002 175.200012 2 64.183701 175.200012
73873 1 304.800018 94.800003 2 284.067169 94.800003
73518 1 442.080017 74.880005 2 440.889191 74.880005
73467 1 397.440002 79.200005 2 396.009979 79.200005
73921 1 255.600006 135.600006 2 235.988541 135.600006
73879 1 246.240005 146.880005 2 225.574799 146.880005
73882 1 243.360016 144.0 2 222.744339 144.0
73800 1 1100.160034 247.680008 2 1074.464722 247.680008
73942 1 1085.0 226.0 2 1066.535767 226.0
73593 1 1135.200073 301.200012 2 1089.591431 301.200012
73592 1 937.200012 304.800018 2 891.116699 304.800018
73633 1 983.52002 286.559998 2 941.006226 286.559998
73232 1 879.600037 289.200012 2 839.620056 289.200012
73621 1 639.600037 316.800018 2 596.022278 316.800018
73714 1 830.880005 93.600006 2 796.404419 93.600006
73787 1 371.52002 254.880005 2 343.3974 254.880005
73733 1 352.800018 273.600006 2 319.533142 273.600006
73653 1 445.200012 314.400024 2 404.161224 314.400024
73888 1 597.600037 33.120003 2 577.12146 33.120003
73746 1 240.480011 243.360016 2 208.598587 243.360016
73720 1 210.0 263.0 2 176.071426 263.0
73707 1 324.0 264.960022 2 288.753082 264.960022
73829 1 126.720001 190.080002 2 104.317429 190.080002
73683 1 187.200012 279.360016 2 150.497711 279.360016
73908 1 208.800003 90.0 2 188.867599 90.0
73869 1 321.40802 139.968018 2 300.173492 139.968018
73853 1 260.640015 177.12001 2 239.514359 177.12001
73901 1 322.559998 123.840004 2 302.401398 123.840004
73841 1 220.320007 144.0 2 198.761322 144.0
73903 1 205.920013 106.560005 2 185.854446 106.560005
73808 1 689.76001 51.840004 2 665.766663 51.840004
73647 1 129.600006 283.680023 2 88.221603 283.680023
73639 1 110.400002 286.800018 2 68.38121 286.800018
73835 1 295.200012 195.840012 2 273.23407 195.840012
73717 1 527.040039 283.680023 2 492.839264 283.680023
73739 1 417.600006 288.0 2 384.65097 288.0
73900 1 342.720001 188.640015 2 322.480408 188.640015
73718 1 915.600037 48.0 2 881.5755 48.0
73671 1 594.720032 299.52002 2 556.03772 299.52002
73729 1 567.360046 283.680023 2 533.894775 283.680023
73617 1 639.360046 316.800018 2 595.492554 316.800018
73602 1 1135.296143 302.400024 2 1090.23584 302.400024
73655 1 747.360046 306.720001 2 706.562195 306.720001
73688 1 694.080017 292.320007 2 657.559509 292.320007
73584 1 936.000061 305.279999 2 888.984985 305.279999
73563 1 921.600037 319.680023 2 871.081909 319.680023
72872 1 899.942505 261.273651 2 865.241455 261.273651
73674 1 862.272095 74.304008 2 824.484863 74.304008
72626 1 787.968079 219.456024 2 769.930115 219.456024
73771 1 324.864044 264.384033 2 294.960297 264.384033
72837 1 760.320007 316.800018 2 716.032898 316.800018
74011 1 442.368042 202.176025 2 430.012817 202.176025
73906 1 208.800003 90.720001 2 188.816071 90.720001
73809 1 245.376022 186.624023 2 221.496704 186.624023
73585 1 885.600037 312.480011 2 838.666077 312.480011
73637 1 835.200012 302.400024 2 793.107971 302.400024
72864 1 878.400024 289.440002 2 838.940125 289.440002
73699 1 859.0 276.0 2 823.288452 276.0
72960 1 126.144012 43.200005 2 121.084412 43.200005
73649 1 129.600006 283.392029 2 88.444794 283.392029
73712 1 689.472046 292.032013 2 654.948792 292.032013
73735 1 908.236938 87.091209 2 875.049561 87.091209
73709 1 527.040039 283.392029 2 492.212036 283.392029
73659 1 594.432068 300.672028 2 554.093994 300.672028
73694 1 565.05603 285.120026 2 528.948425 285.120026
73791 1 397.440033 266.11203 2 370.175568 266.11203
73777 1 730.944092 262.656036 2 702.041748 262.656036
73625 1 447.552032 314.496033 2 404.137543 314.496033
73754 1 418.176025 288.576019 2 386.83844 288.576019
73676 1 862.272095 67.392006 2 825.248657 67.392006
73548 1 1068.480103 302.400024 2 1008.38147 302.400024
73616 1 762.048096 317.952026 2 718.113892 317.952026
73896 1 209.088013 91.584007 2 188.764114 91.584007
68751 1 485.568054 202.176025 2 477.121429 202.176025
73871 1 304.819244 97.459213 2 284.031342 97.459213
73768 1 244.68483 244.68483 2 214.587646 244.68483
73753 1 240.192017 243.648026 2 208.531937 243.648026
73170 1 886.464111 312.768036 2 839.502075 312.768036
64660 1 572.31366 159.667221 2 568.918762 159.667221
73812 1 689.472046 51.840004 2 665.821716 51.840004
73672 1 694.656128 292.377655 2 656.355896 292.377655
73255 1 801.239136 281.180206 2 764.622314 281.180206
73578 1 1057.536133 298.59845 2 1009.620239 298.59845
73195 1 1016.064087 295.488037 2 969.804871 295.488037
73785 1 982.886536 257.126434 2 954.65448 257.126434
73930 1 1032.652954 226.02243 2 1013.581421 226.02243
73840 1 983.232117 205.632019 2 961.669434 205.632019
73032 1 646.963318 219.801636 2 633.832092 219.801636
73895 1 318.505005 139.345947 2 298.513947 139.345947
73827 1 256.296997 211.507233 2 233.771347 211.507233
73884 1 303.575073 97.044495 2 282.96759 97.044495
73934 1 292.377655 70.502411 2 273.393005 70.502411
73819 1 111.974419 186.624023 2 89.088158 186.624023
73766 1 184.55043 223.948837 2 154.429047 223.948837
73836 1 136.800003 187.200012 2 114.882698 187.200012
73907 1 258.785309 176.670746 2 238.832504 176.670746
73859 1 248.832031 147.225616 2 227.889191 147.225616
73864 1 202.176025 136.512009 2 181.289795 136.512009
73650 1 129.392654 283.668518 2 88.266159 283.668518
73715 1 259.200043 271.641632 2 224.767563 271.641632
73682 1 688.435303 292.377655 2 651.651978 292.377655
73706 1 905.472107 65.664009 2 870.200317 65.664009
73818 1 1122.730225 226.93483 2 1099.793579 226.93483
73704 1 802.0 284.0 2 766.450195 284.0
73640 1 831.513733 302.745636 2 789.4953 302.745636
73607 1 987.033752 288.230438 2 942.593018 288.230438
73618 1 972.933228 288.645172 2 929.206787 288.645172
73866 1 980.812927 205.286423 2 959.975281 205.286423
73373 1 298.59845 98.537491 2 277.884125 98.537491
73931 1 291.133484 69.672974 2 272.066528 69.672974
73862 1 209.018921 89.579536 2 188.11615 89.579536
73743 1 110.48143 226.93483 2 78.250229 226.93483
73772 1 184.135712 223.948837 2 154.393814 223.948837
73744 1 176.670746 226.437149 2 144.659805 226.437149
73826 1 179.159073 197.074982 2 156.550903 197.074982
73833 1 156.764175 184.135712 2 134.724197 184.135712
70756 1 406.093903 101.523476 2 404.62265 101.523476
73689 1 146.810898 258.785309 2 110.353935 258.785309
73298 1 256.794678 271.724609 2 223.178787 271.724609
73285 1 564.848694 283.668518 2 531.677002 283.668518
73678 1 860.544128 68.42881 2 823.58313 68.42881
73658 1 746.496155 304.570435 2 706.148193 304.570435
73713 1 904.089722 66.355209 2 869.57782 66.355209
73654 1 1025.187988 286.15683 2 984.213501 286.15683
73830 1 253.808685 209.018921 2 231.569153 209.018921
73821 1 241.920029 196.99202 2 219.05928 196.99202
72599 1 784.716797 218.574081 2 765.615662 218.574081
71583 1 865.935547 286.65451 2 826.222229 286.65451
73708 1 858.47052 279.936035 2 823.57251 279.936035
71277 1 408.482697 100.329086 2 405.035767 100.329086
73889 1 186.624023 93.312012 2 166.175644 93.312012
73823 1 155.271194 182.145065 2 132.444626 182.145065
63570 1 584.058594 85.996361 2 580.873962 85.996361
73847 1 175.575897 197.074982 2 154.212128 197.074982
71704 1 308.153625 136.160904 2 287.015747 136.160904
73693 1 146.313248 259.78067 2 110.068733 259.78067
73722 1 530.310852 283.07135 2 496.567261 283.07135
