557
138 -16.5 338 0.0254 -0.00201 0.0271 0.707 
76611 1 524.0 33.0 2 522.858459 33.0
77901 1 716.0 247.0 2 691.111877 247.0
77499 1 566.0 160.0 2 561.986633 160.0
77947 1 298.0 140.0 2 277.874664 140.0
77904 1 791.0 231.0 2 766.448181 231.0
77973 1 793.0 191.0 2 774.659058 191.0
77643 1 754.0 321.0 2 705.05603 321.0
77753 1 800.0 280.0 2 762.049622 280.0
72581 1 364.0 58.0 2 362.849213 58.0
71145 1 417.0 51.0 2 416.316589 51.0
77764 1 278.0 303.0 2 240.811264 303.0
77641 1 152.0 331.0 2 102.677551 331.0
77939 1 262.0 172.0 2 241.544083 172.0
76276 1 479.0 83.0 2 477.139801 83.0
77778 1 157.200012 181.200012 2 120.67556 181.200012
77713 1 145.200012 176.400009 2 105.200584 176.400009
77804 1 177.0 142.0 2 142.278641 142.0
73440 1 468.0 100.0 2 466.267853 100.0
76703 1 436.800018 67.200005 2 435.4599 67.200005
77792 1 177.0 188.0 2 141.562469 188.0
77831 1 223.0 166.0 2 190.124863 166.0
77779 1 153.600006 230.400009 2 117.341057 230.400009
77840 1 230.0 193.0 2 197.988358 193.0
77668 1 899.0 288.0 2 854.732727 288.0
77819 1 779.0 271.0 2 745.08905 271.0
77645 1 867.0 308.0 2 818.28479 308.0
77861 1 684.0 264.0 2 654.777405 264.0
77914 1 747.0 239.0 2 723.355713 239.0
77826 1 696.0 280.0 2 662.544556 280.0
77655 1 592.0 320.0 2 545.018799 320.0
77724 1 397.0 304.0 2 357.384125 304.0
77720 1 438.0 303.0 2 398.271118 303.0
77718 1 479.0 294.0 2 439.228119 294.0
76635 1 524.400024 33.600002 2 522.848328 33.600002
77126 1 416.400024 122.400002 2 413.766296 122.400002
77855 1 238.0 215.0 2 207.602295 215.0
77709 1 77.0 165.0 2 36.74651 165.0
77766 1 144.0 141.600006 2 106.863441 141.600006
75425 1 557.280029 100.800003 2 553.144531 100.800003
77829 1 193.200012 153.600006 2 160.029999 153.600006
77735 1 118.080002 272.160004 2 78.956337 272.160004
77756 1 158.400009 181.440002 2 120.673698 181.440002
77746 1 142.560013 177.12001 2 103.891449 177.12001
77425 1 234.720016 223.200012 2 205.525665 223.200012
77385 1 151.200012 206.400009 2 114.921394 206.400009
77776 1 153.600006 254.400009 2 116.917084 254.400009
77838 1 222.000015 165.600006 2 189.866684 165.600006
77783 1 1082.400024 259.200012 2 1046.318359 259.200012
77647 1 1027.0 290.0 2 979.145203 290.0
77626 1 1127.0 300.0 2 1075.421387 300.0
77738 1 935.0 262.0 2 896.023071 262.0
77676 1 885.600037 256.320007 2 842.142273 256.320007
77937 1 972.000061 189.600006 2 951.401184 189.600006
77699 1 964.800049 274.800018 2 923.797302 274.800018
78008 1 793.200012 199.200012 2 774.938354 199.200012
77763 1 840.0 276.0 2 802.494141 276.0
77870 1 634.800049 261.600006 2 607.170715 261.600006
75795 1 630.720032 220.320007 2 616.881958 220.320007
77784 1 685.440002 285.120026 2 649.43103 285.120026
77796 1 756.0 270.0 2 720.910706 270.0
77417 1 696.0 279.600006 2 662.184631 279.600006
77948 1 656.400024 98.400002 2 636.278931 98.400002
77151 1 541.440002 187.200012 2 537.391174 187.200012
77885 1 602.0 261.0 2 575.816956 261.0
77850 1 514.800049 278.400024 2 483.356049 278.400024
77789 1 504.000031 291.600006 2 468.314178 291.600006
77841 1 615.600037 273.600006 2 583.616272 273.600006
77042 1 345.600037 255.744019 2 319.871948 255.744019
77664 1 469.440033 312.480011 2 424.694275 312.480011
73086 1 495.360016 113.760002 2 492.752472 113.760002
76738 1 565.920044 159.840012 2 561.779297 159.840012
74261 1 590.400024 133.919998 2 584.559753 133.919998
77519 1 324.0 59.040001 2 322.429596 59.040001
77132 1 416.160004 122.400002 2 413.399628 122.400002
77843 1 223.200012 267.600006 2 191.290146 267.600006
77660 1 288.0 321.120026 2 242.428543 321.120026
77737 1 80.400002 204.000015 2 41.411396 204.000015
77955 1 306.720001 135.360001 2 286.900269 135.360001
77802 1 185.76001 240.480011 2 150.990753 240.480011
77785 1 1081.440063 259.200012 2 1045.444214 259.200012
77958 1 655.200012 97.920006 2 635.525879 97.920006
77628 1 1126.080078 299.52002 2 1074.815796 299.52002
77732 1 434.880005 302.400024 2 395.574097 302.400024
77252 1 966.240051 312.480011 2 912.2547 312.480011
77705 1 964.800049 275.040009 2 924.491394 275.040009
77890 1 392.256042 260.92804 2 366.751862 260.92804
77929 1 347.040009 197.280014 2 326.045197 197.280014
77704 1 1053.600098 268.800018 2 1013.257996 268.800018
77659 1 591.840027 319.680023 2 545.99585 319.680023
77852 1 614.880005 273.600006 2 583.850342 273.600006
77625 1 843.840027 318.240021 2 791.851257 318.240021
77734 1 874.800049 259.200012 2 835.644592 259.200012
77638 1 887.040039 311.040009 2 837.187683 311.040009
77741 1 934.800049 261.600006 2 895.907104 261.600006
77953 1 970.560059 190.080002 2 950.676819 190.080002
76902 1 410.400024 318.240021 2 365.012756 318.240021
77824 1 780.000061 266.400024 2 746.438354 266.400024
77563 1 646.272034 171.072021 2 639.985413 171.072021
77918 1 815.616089 63.936005 2 793.293823 63.936005
77899 1 811.200012 130.800003 2 786.096069 130.800003
77865 1 630.720032 260.640015 2 602.666565 260.640015
77017 1 694.656128 279.936035 2 661.561707 279.936035
77950 1 364.320007 149.76001 2 344.217194 149.76001
77093 1 319.680023 84.672005 2 316.962616 84.672005
51753 1 260.92804 70.848007 2 259.923676 70.848007
77769 1 135.360001 257.76001 2 98.376045 257.76001
77944 1 276.480042 160.70401 2 256.240204 160.70401
64312 1 542.592041 171.072021 2 538.393372 171.072021
70171 1 487.296051 152.064011 2 485.020447 152.064011
71663 1 495.590485 114.048019 2 492.935699 114.048019
77511 1 812.160095 188.35202 2 793.940613 188.35202
77795 1 180.0 273.600006 2 144.68428 273.600006
77024 1 247.680008 200.160004 2 215.521088 200.160004
77846 1 214.560013 182.880005 2 182.936768 182.880005
67741 1 549.504028 124.416016 2 544.590027 124.416016
55702 1 523.584045 32.832005 2 522.606689 32.832005
77538 1 416.448029 122.688011 2 413.72052 122.688011
77808 1 192.960007 194.400009 2 158.44812 194.400009
77387 1 151.200012 205.920013 2 114.186684 205.920013
77658 1 435.456055 304.128021 2 388.974274 304.128021
77703 1 1045.440063 272.160004 2 1005.064514 272.160004
77251 1 967.680115 312.768036 2 913.909363 312.768036
76951 1 965.952087 274.752014 2 925.868896 274.752014
77781 1 297.216034 304.128021 2 261.080719 304.128021
77264 1 867.456055 307.584015 2 818.921265 307.584015
77760 1 867.456055 259.200012 2 829.912903 259.200012
77398 1 850.176086 267.840027 2 814.041016 267.840027
77535 1 400.619568 263.761963 2 375.922119 263.761963
77730 1 528.768066 298.944031 2 489.39093 298.944031
77871 1 524.400024 264.0 2 496.85025 264.0
77770 1 504.57605 290.304016 2 467.772766 290.304016
77263 1 886.464111 309.312042 2 837.930176 309.312042
77800 1 817.920044 266.400024 2 782.997864 266.400024
77828 1 779.040039 266.400024 2 745.803772 266.400024
77934 1 346.29126 155.52002 2 325.641052 155.52002
74854 1 646.963318 170.035217 2 639.91449 170.035217
77875 1 694.656067 255.744019 2 667.425903 255.744019
77531 1 323.481659 60.134407 2 322.205292 60.134407
77584 1 288.230438 74.649612 2 286.233307 74.649612
77736 1 270.0 302.400024 2 230.979416 302.400024
77849 1 223.200012 267.839996 2 191.75235 267.839996
75839 1 393.984039 57.024006 2 391.940063 57.024006
77954 1 313.920013 161.279999 2 294.082092 161.279999
77962 1 275.788849 161.740829 2 256.591431 161.740829
77956 1 306.892853 136.85762 2 287.076691 136.85762
77913 1 767.232056 231.552017 2 743.58136 231.552017
74830 1 812.851318 188.697632 2 794.340759 188.697632
77931 1 262.080017 171.360001 2 241.237137 171.360001
77845 1 214.272018 235.008026 2 182.559494 235.008026
70153 1 541.209656 172.108826 2 537.642517 172.108826
76283 1 460.339264 78.796814 2 459.047455 78.796814
72161 1 423.014465 93.312012 2 421.553772 93.312012
67737 1 443.750458 45.619205 2 442.435333 45.619205
73826 1 495.590485 82.944016 2 493.671844 82.944016
54535 1 473.472046 44.928005 2 471.721313 44.928005
77394 1 170.035217 178.32962 2 133.81781 178.32962
77767 1 152.064011 231.552017 2 114.939972 231.552017
77839 1 615.859314 273.71524 2 583.754211 273.71524
77873 1 673.920044 260.640015 2 646.60321 260.640015
77653 1 1104.480103 288.0 2 1057.350586 288.0
77809 1 817.344055 267.840027 2 782.855652 267.840027
77821 1 777.600037 269.279999 2 743.727539 269.279999
77884 1 740.27533 248.832031 2 713.995239 248.832031
77877 1 694.656128 255.052841 2 667.662415 255.052841
76702 1 744.768066 209.088013 2 728.658142 209.088013
77070 1 700.800049 189.600006 2 690.395081 189.600006
77725 1 270.720001 302.400024 2 231.227234 302.400024
77860 1 248.832031 259.200043 2 219.555359 259.200043
77154 1 393.154602 89.579529 2 391.095612 89.579529
74864 1 398.131256 53.913609 2 396.893158 53.913609
65845 1 271.226929 72.161293 2 269.657715 72.161293
77857 1 236.390427 221.875229 2 206.244659 221.875229
77915 1 767.232117 232.243225 2 743.666931 232.243225
69300 1 607.150146 166.717468 2 600.973328 166.717468
75907 1 602.173523 139.345947 2 596.179688 139.345947
74915 1 572.31366 149.299225 2 567.017456 149.299225
77744 1 111.974419 301.086761 2 73.226303 301.086761
54838 1 542.453857 171.694107 2 537.560974 171.694107
74872 1 492.687439 79.626251 2 491.289093 79.626251
77963 1 306.063416 136.85762 2 286.916412 136.85762
77820 1 194.088989 199.065628 2 160.179855 199.065628
77384 1 152.064011 207.360016 2 115.342957 207.360016
77897 1 278.208038 235.008026 2 253.07901 235.008026
77322 1 577.152039 300.672028 2 536.858765 300.672028
77786 1 503.884857 292.377655 2 467.891235 292.377655
77014 1 694.241394 278.691895 2 660.7547 278.691895
77383 1 681.799805 286.15683 2 644.398071 286.15683
77773 1 953.85614 259.200043 2 917.092224 259.200043
77674 1 886.464111 255.744019 2 842.874512 255.744019
77938 1 970.444946 188.697632 2 949.898499 188.697632
77654 1 1104.192139 286.848022 2 1057.152222 286.848022
77707 1 1046.400024 272.400024 2 1006.136047 272.400024
77906 1 277.862427 236.390427 2 253.324829 236.390427
77426 1 235.892776 223.948837 2 206.83902 223.948837
76201 1 243.656357 200.658173 2 211.989395 200.658173
77107 1 423.014465 92.067856 2 420.77298 92.067856
69737 1 459.841614 77.635597 2 459.677917 77.635597
77964 1 223.948837 134.369308 2 204.838943 134.369308
77921 1 806.21582 223.948837 2 784.437256 223.948837
77468 1 767.39801 232.906799 2 744.487671 232.906799
74341 1 813.680725 189.11235 2 796.797058 189.11235
73789 1 767.52002 192.960007 2 749.041138 192.960007
75846 1 114.661812 300.987244 2 74.197433 300.987244
77135 1 104.509453 233.902115 2 65.340523 233.902115
75792 1 102.021133 206.530594 2 62.765968 206.530594
70252 1 495.673431 80.621582 2 492.986176 80.621582
66327 1 591.224915 137.355286 2 586.245361 137.355286
77788 1 174.182419 174.182419 2 138.368881 174.182419
77952 1 979.402954 179.159073 2 959.359375 179.159073
77848 1 209.018906 238.878754 2 177.570953 238.878754
77827 1 194.088989 200.060959 2 160.705032 200.060959
77807 1 174.182419 199.065628 2 139.640991 199.065628
77842 1 223.948837 268.738586 2 191.992371 268.738586
77692 1 431.308868 302.745636 2 389.424011 302.745636
77455 1 390.66629 261.273651 2 365.01355 261.273651
77723 1 576.460876 300.672028 2 536.791016 300.672028
77565 1 486.715485 197.074982 2 478.490814 197.074982
77876 1 694.241394 256.296997 2 667.100708 256.296997
77867 1 673.920105 261.273651 2 645.912903 261.273651
77443 1 739.031128 248.832031 2 713.036377 248.832031
77747 1 868.423828 258.785309 2 829.783936 258.785309
77854 1 810.432068 254.016022 2 779.884216 254.016022
76184 1 946.557129 259.78067 2 908.328552 259.78067
77966 1 967.956604 189.11235 2 948.956299 189.11235
77943 1 1068.982422 197.074982 2 1048.705444 197.074982
77475 1 274.710571 161.243164 2 255.680054 161.243164
77891 1 278.691895 236.390427 2 253.224701 236.390427
55724 1 573.309082 150.493622 2 567.390625 150.493622
68163 1 548.226807 121.828178 2 542.494507 121.828178
76693 1 494.479065 78.829994 2 493.161774 78.829994
67202 1 462.230438 75.246811 2 460.787384 75.246811
77777 1 154.076813 236.48999 2 117.491272 236.48999
77919 1 1005.281433 176.670746 2 983.144409 176.670746
77923 1 981.791748 179.159088 2 960.248596 179.159088
77420 1 209.018921 238.878769 2 177.542877 238.878769
77837 1 186.325439 229.323624 2 154.015503 229.323624
77404 1 182.742264 189.90863 2 147.991318 189.90863
77794 1 176.173096 277.696564 2 140.821457 277.696564
77757 1 113.467415 274.710571 2 75.770439 274.710571
77859 1 248.832031 258.785309 2 218.992859 258.785309
55748 1 541.060425 171.992722 2 537.871643 171.992722
77169 1 569.725891 121.828178 2 564.47937 121.828178
77462 1 391.163971 259.78067 2 366.358826 259.78067
77750 1 526.727722 290.237701 2 488.318024 290.237701
77869 1 695.734375 256.794678 2 668.064453 256.794678
77810 1 816.998535 267.494446 2 782.512329 267.494446
77493 1 971.042236 193.491806 2 950.759949 193.491806
77681 1 898.781372 200.060959 2 855.733887 200.060959
77265 1 1100.036743 286.654541 2 1055.566895 286.654541
77357 1 1023.840027 264.960022 2 983.298401 264.960022
77143 1 507.0 144.0 2 503.365326 144.0
77419 1 808.800049 261.600006 2 775.987305 261.600006
74393 1 367.200012 94.800003 2 364.903564 94.800003
76732 1 460.800018 63.600002 2 459.598724 63.600002
77581 1 610.800049 156.0 2 604.702148 156.0
77479 1 999.600037 190.800003 2 978.733459 190.800003
76220 1 507.600006 144.0 2 504.011292 144.0
77307 1 898.560059 285.120026 2 854.484375 285.120026
77269 1 866.880005 306.720001 2 818.911621 306.720001
77467 1 767.52002 231.840012 2 743.481873 231.840012
77477 1 717.120056 244.800003 2 692.924805 244.800003
77081 1 542.880005 169.920013 2 538.436157 169.920013
77569 1 260.640015 72.0 2 258.983276 72.0
77570 1 495.936035 98.49601 2 495.597076 98.49601
77299 1 592.704041 319.680023 2 546.654602 319.680023
77254 1 725.760071 328.320038 2 674.525635 328.320038
77438 1 523.584045 264.384033 2 496.838531 264.384033
76651 1 393.984039 57.024006 2 391.940063 57.024006
74831 1 542.592041 171.072021 2 538.393372 171.072021
74392 1 571.968079 148.608017 2 567.158081 148.608017
75356 1 549.504028 124.416016 2 544.590027 124.416016
75731 1 408.499268 319.334442 2 365.480957 319.334442
77290 1 595.123291 319.334442 2 546.410583 319.334442
77436 1 524.62085 263.347229 2 496.740051 263.347229
77374 1 935.193726 261.273651 2 897.42627 261.273651
77358 1 271.641632 302.745636 2 231.068802 302.745636
77381 1 393.98407 300.672028 2 355.651978 300.672028
76944 1 897.868896 286.15683 2 854.467896 286.15683
76952 1 69.672974 149.299225 2 31.036554 149.299225
77380 1 141.834259 176.670746 2 103.888229 176.670746
77361 1 273.71524 303.575073 2 233.999023 303.575073
77295 1 467.80423 313.528351 2 422.349121 313.528351
77286 1 594.708557 318.505005 2 546.783203 318.505005
77288 1 1186.928833 276.203552 2 1142.63855 276.203552
75379 1 477.757538 173.187103 2 468.942688 173.187103
66725 1 391.163971 74.649612 2 390.056 74.649612
75856 1 367.276093 59.719692 2 365.085327 59.719692
61439 1 537.477234 86.593552 2 533.283325 86.593552
74319 1 489.701477 116.4534 2 486.200226 116.4534
77421 1 244.850739 200.060959 2 214.19429 200.060959
69245 1 603.168884 167.215134 2 596.848816 167.215134
77319 1 465.813599 313.528381 2 419.883209 313.528381
76196 1 692.748413 277.696564 2 660.064575 277.696564
73849 1 394.149963 89.579544 2 390.698303 89.579544
77482 1 318.903168 161.243179 2 297.813416 161.243179
77478 1 275.904999 157.659988 2 254.495514 157.659988
77006 1 154.076813 254.405899 2 119.062141 254.405899
54586 1 487.312714 114.661812 2 485.388641 114.661812
77423 1 211.407715 236.48999 2 178.627197 236.48999
76544 1 100.329086 207.824539 2 63.818474 207.824539
77573 1 390.566803 300.987244 2 350.338379 300.987244
77116 1 820.548584 186.325439 2 803.281372 186.325439
77321 1 1003.290833 272.321808 2 961.164612 272.321808
76170 1 945.959961 257.989075 2 908.710815 257.989075
