569
337.1754 -29.07108 160.4126 0.050124249021027294 0.6717546567313535 -0.03084652715543275 0.7384319417402451
78618 1 488.0 41.0 2 486.231201 41.0
78913 1 282.0 236.0 2 254.430344 236.0
79007 1 453.0 248.0 2 430.600525 248.0
78897 1 257.0 197.0 2 226.945892 197.0
78645 1 535.0 43.0 2 532.943665 43.0
76639 1 540.0 28.0 2 538.516968 28.0
77609 1 573.0 173.0 2 567.194641 173.0
78082 1 317.0 64.0 2 315.41687 64.0
76272 1 421.0 118.0 2 418.244843 118.0
75872 1 512.0 76.0 2 509.814392 76.0
75410 1 490.0 76.0 2 487.50119 76.0
78795 1 1102.0 236.0 2 1060.384277 236.0
78900 1 941.0 227.0 2 910.932617 227.0
78739 1 1020.0 292.0 2 969.428345 292.0
79026 1 568.0 238.0 2 547.489136 238.0
67166 1 540.0 27.6 2 538.327576 27.6
77130 1 554.400024 168.0 2 549.507385 168.0
77191 1 508.800018 92.400002 2 506.370544 92.400002
79031 1 370.800018 217.200012 2 351.924957 217.200012
78574 1 585.600037 126.000008 2 579.997925 126.000008
78583 1 744.0 195.600006 2 730.222656 195.600006
73404 1 422.400024 61.200001 2 420.366791 61.200001
72583 1 477.600006 93.600006 2 475.134399 93.600006
78129 1 441.600006 118.800003 2 439.480438 118.800003
78389 1 1101.600098 235.200012 2 1060.11792 235.200012
78941 1 1210.800049 218.400009 2 1186.11792 218.400009
78328 1 1140.0 285.600006 2 1087.826294 285.600006
78850 1 950.400024 254.400009 2 914.431824 254.400009
78684 1 1070.400024 350.400024 2 1000.399414 350.400024
78453 1 901.200012 234.000015 2 869.584167 234.000015
78724 1 842.400024 325.200012 2 788.244568 325.200012
78707 1 867.600037 332.400024 2 811.035156 332.400024
78710 1 648.0 350.400024 2 589.561035 350.400024
78775 1 633.600037 312.0 2 589.570801 312.0
78079 1 636.0 124.800003 2 629.453064 124.800003
78360 1 480.000031 326.400024 2 431.957916 326.400024
78921 1 361.200012 264.0 2 334.515289 264.0
77615 1 556.800049 103.200005 2 550.943359 103.200005
78589 1 266.400024 67.200005 2 264.745392 67.200005
70300 1 442.080017 86.400002 2 439.366211 86.400002
79030 1 370.080017 217.440002 2 351.05368 217.440002
79009 1 352.800018 180.0 2 332.165527 180.0
70709 1 480.960022 136.800003 2 478.612427 136.800003
77658 1 505.440033 108.000008 2 502.581421 108.000008
78646 1 485.280029 112.320007 2 482.381439 112.320007
78791 1 1100.160034 234.720016 2 1058.869385 234.720016
78834 1 1212.480103 247.680008 2 1172.560059 247.680008
78330 1 1085.76001 292.320007 2 1034.584351 292.320007
78693 1 984.960022 331.200012 2 923.041199 331.200012
78463 1 901.440063 237.600006 2 869.973267 237.600006
78782 1 887.040039 290.880005 2 843.509644 290.880005
78558 1 673.920044 248.832031 2 649.842651 248.832031
76727 1 630.720032 149.76001 2 623.330383 149.76001
79017 1 542.880005 239.040009 2 523.362305 239.040009
78854 1 542.880005 282.240021 2 508.994415 282.240021
78326 1 587.52002 344.160004 2 534.268494 344.160004
78502 1 361.440002 263.52002 2 332.862244 263.52002
78999 1 326.880005 233.280014 2 303.991516 233.280014
78617 1 550.080017 169.920013 2 545.789307 169.920013
78091 1 457.920013 38.880001 2 456.865784 38.880001
78899 1 256.320007 195.840012 2 226.704391 195.840012
77624 1 316.800018 63.360001 2 314.955688 63.360001
78956 1 74.880005 50.400002 2 47.94828 50.400002
78906 1 285.120026 196.99202 2 256.889069 196.99202
78639 1 485.568054 112.320007 2 482.561401 112.320007
72638 1 476.92804 93.312012 2 474.770721 93.312012
72500 1 508.032043 76.032005 2 505.15387 76.032005
75418 1 471.744049 72.576004 2 470.467926 72.576004
78679 1 1114.560059 335.232025 2 1041.453003 335.232025
78712 1 1157.760132 295.488037 2 1102.372925 295.488037
78476 1 926.208069 236.736023 2 895.312622 236.736023
78308 1 984.960083 331.776031 2 924.833069 331.776031
78695 1 929.664062 336.960022 2 870.027283 336.960022
78355 1 998.784119 283.392029 2 950.696045 283.392029
78811 1 1085.184082 186.624023 2 1044.963135 186.624023
78799 1 1040.256104 184.896011 2 999.545471 184.896011
78884 1 813.888062 259.200012 2 783.217041 259.200012
78722 1 843.264099 324.864044 2 789.177246 324.864044
78744 1 879.552063 305.856018 2 830.774658 305.856018
78825 1 746.496094 274.752014 2 711.15863 274.752014
78622 1 679.104065 167.616013 2 669.660156 167.616013
78587 1 765.504089 181.440018 2 750.666199 181.440018
79021 1 544.320068 238.46402 2 523.814575 238.46402
78098 1 497.664062 205.632019 2 489.438019 205.632019
78755 1 478.656036 326.592041 2 430.937317 326.592041
78982 1 328.320038 233.280029 2 305.096191 233.280029
79016 1 358.318115 213.995544 2 338.975189 213.995544
78998 1 451.008057 248.832031 2 428.156616 248.832031
78930 1 407.808044 262.656036 2 381.477692 262.656036
78898 1 369.100861 267.494446 2 339.378784 267.494446
78735 1 447.552032 335.232025 2 396.952911 335.232025
78766 1 402.624023 317.952026 2 355.958954 317.952026
78104 1 535.680054 162.432022 2 531.765747 162.432022
77203 1 552.960083 169.344009 2 548.036499 169.344009
77197 1 411.264038 50.112003 2 409.423492 50.112003
78772 1 141.696014 216.000015 2 97.830421 216.000015
76717 1 271.296021 67.392006 2 270.106171 67.392006
78896 1 252.288025 148.608017 2 222.616287 148.608017
78728 1 1086.566528 292.377655 2 1034.860474 292.377655
78862 1 226.02243 269.568024 2 190.322769 269.568024
78400 1 358.732849 298.59845 2 321.280945 298.59845
78372 1 402.278442 317.260834 2 358.600037 317.260834
78406 1 452.044861 296.524841 2 414.919647 296.524841
78718 1 879.206543 323.481659 2 824.689575 323.481659
78323 1 843.955322 325.555237 2 790.335205 325.555237
78301 1 984.960144 331.776062 2 923.959656 331.776062
78894 1 696.729675 273.71524 2 666.742188 273.71524
78352 1 997.401733 284.083252 2 950.242249 284.083252
78882 1 814.924927 259.200043 2 783.078064 259.200043
78873 1 1152.921753 228.096039 2 1122.911865 228.096039
74917 1 763.914368 181.647385 2 749.832642 181.647385
78470 1 897.868896 236.390427 2 866.650879 236.390427
78552 1 671.846497 248.832031 2 648.482117 248.832031
78145 1 690.508911 207.360031 2 675.271179 207.360031
77984 1 1043.020996 221.875229 2 1002.286133 221.875229
78397 1 1086.566528 186.624023 2 1045.915894 186.624023
77632 1 315.187256 62.208008 2 314.073944 62.208008
78987 1 449.971252 248.832031 2 426.726746 248.832031
77190 1 549.504089 109.900818 2 544.222595 109.900818
78085 1 367.027252 217.728027 2 349.788452 217.728027
79018 1 358.732849 213.580826 2 338.631348 213.580826
75785 1 514.252869 138.931213 2 510.534729 138.931213
76231 1 553.651306 170.035217 2 548.611694 170.035217
73028 1 615.859314 147.225616 2 607.791565 147.225616
68865 1 559.87207 114.048019 2 553.355286 114.048019
77198 1 410.572845 49.766407 2 409.207001 49.766407
78062 1 301.086761 246.343719 2 274.576172 246.343719
72218 1 505.958466 74.649612 2 504.322968 74.649612
67867 1 487.296082 39.398407 2 485.097565 39.398407
78087 1 377.395264 174.182419 2 359.221802 174.182419
78798 1 1102.325928 236.390427 2 1060.217407 236.390427
78399 1 1094.860962 218.972198 2 1053.141724 218.972198
78404 1 1079.93103 189.11235 2 1039.018799 189.11235
78329 1 1047.582886 286.15683 2 996.94635 286.15683
78459 1 898.28363 236.390427 2 866.627625 236.390427
78864 1 848.517212 256.296997 2 814.031982 256.296997
78881 1 813.680725 258.785309 2 782.737488 258.785309
78074 1 604.661865 251.320358 2 581.749756 251.320358
78624 1 609.638489 194.088989 2 601.601746 194.088989
78871 1 253.80867 149.299225 2 222.563736 149.299225
78806 1 1087.395996 186.624023 2 1046.403809 186.624023
78555 1 751.472717 238.878754 2 728.192383 238.878754
77188 1 716.63623 194.088989 2 699.365784 194.088989
78095 1 365.783081 216.483871 2 346.332916 216.483871
78111 1 534.988892 161.740829 2 530.280579 161.740829
77179 1 505.129028 74.649612 2 503.765198 74.649612
78112 1 398.131256 82.114571 2 395.756042 82.114571
65778 1 316.016693 62.208008 2 313.935547 62.208008
64952 1 552.407104 169.20578 2 547.025635 169.20578
78449 1 256.296997 196.577301 2 226.273697 196.577301
78428 1 216.483871 273.71524 2 181.700272 273.71524
78058 1 405.596222 263.761963 2 380.222565 263.761963
78053 1 367.276093 268.738617 2 338.464691 268.738617
78322 1 841.052307 325.969971 2 787.209106 325.969971
74937 1 782.327942 173.187103 2 766.626221 173.187103
78985 1 606.154846 250.822708 2 581.888428 250.822708
78625 1 534.491211 161.243164 2 530.136047 161.243164
73471 1 498.659424 113.467415 2 494.92572 113.467415
78808 1 1015.234741 226.93483 2 974.91925 226.93483
77575 1 1042.705811 222.157257 2 1001.937012 222.157257
78819 1 1009.262756 194.088989 2 970.104919 194.088989
78131 1 203.046951 62.705677 2 198.033096 62.705677
77136 1 668.860535 247.836716 2 646.612854 247.836716
78818 1 973.430969 214.990891 2 933.613464 214.990891
78974 1 334.430267 229.920807 2 311.314819 229.920807
78458 1 253.808685 149.299225 2 222.5504 149.299225
76706 1 677.818481 167.215134 2 667.844788 167.215134
68350 1 656.916626 149.299225 2 646.556946 149.299225
78121 1 450.883667 95.551506 2 448.377136 95.551506
78118 1 471.785553 71.663628 2 471.488953 71.663628
76307 1 400.121918 83.607567 2 396.33905 83.607567
66280 1 400.121918 68.677643 2 399.416931 68.677643
76642 1 334.430267 56.733707 2 331.890808 56.733707
54849 1 552.407166 170.201126 2 547.318604 170.201126
78434 1 217.976868 274.710571 2 183.116425 274.710571
78496 1 256.794678 197.074982 2 226.300369 197.074982
76200 1 406.093903 262.766632 2 380.730042 262.766632
78887 1 695.734375 274.710571 2 665.043335 274.710571
78790 1 621.084778 313.528381 2 577.215698 313.528381
78874 1 254.405899 150.493622 2 222.494614 150.493622
74976 1 781.133606 175.575897 2 766.442505 175.575897
76319 1 584.058594 111.078629 2 576.804199 111.078629
53989 1 498.062256 111.078629 2 494.511536 111.078629
74512 1 515.978149 89.579544 2 512.646729 89.579544
68799 1 505.228607 71.663635 2 504.486572 71.663635
78829 1 171.992722 85.996361 2 140.220093 85.996361
78835 1 1006.874023 193.491806 2 967.487122 193.491806
73508 1 677.221313 168.409531 2 668.130981 168.409531
69334 1 627.056763 161.243179 2 618.605408 161.243179
77671 1 465.813599 200.658173 2 456.166779 200.658173
78560 1 752.46814 240.073166 2 729.083191 240.073166
74940 1 666.471802 247.239532 2 645.06842 247.239532
54372 1 551.809998 168.409531 2 547.451233 168.409531
73443 1 397.733154 89.579544 2 394.219757 89.579544
77648 1 283.07135 68.080452 2 280.664703 68.080452
77651 1 397.733154 182.742264 2 380.833466 182.742264
78559 1 336.819061 175.575897 2 314.8909 175.575897
78892 1 268.738617 164.826355 2 234.897064 164.826355
78075 1 412.065887 261.572266 2 385.687714 261.572266
78437 1 849.21405 254.405899 2 814.405029 254.405899
77596 1 899.378601 236.48999 2 868.442871 236.48999
78544 1 766.800842 236.48999 2 745.046997 236.48999
78416 1 949.543152 254.405899 2 913.597046 254.405899
78713 1 1164.534058 297.404083 2 1108.289917 297.404083
78407 1 1096.453613 218.574081 2 1054.351196 218.574081
67870 1 468.0 41.0 2 466.631805 41.0
79038 1 559.0 60.0 2 553.562805 60.0
73952 1 430.800018 85.200005 2 428.352875 85.200005
79040 1 745.0 196.0 2 730.305359 196.0
79033 1 290.400024 91.200005 2 287.653107 91.200005
79100 1 458.400024 159.600006 2 447.208496 159.600006
79120 1 621.600037 193.200012 2 612.891907 193.200012
79052 1 487.200012 40.800003 2 486.064728 40.800003
79054 1 405.600006 49.200001 2 404.336731 49.200001
77608 1 762.0 193.200012 2 748.02356 193.200012
78138 1 606.240051 123.840004 2 599.162109 123.840004
79057 1 476.640015 92.160004 2 473.538788 92.160004
79058 1 472.320007 73.440002 2 470.509918 73.440002
78414 1 879.600037 264.0 2 841.927917 264.0
79032 1 720.0 217.200012 2 702.019165 217.200012
79063 1 496.800018 205.920013 2 488.678345 205.920013
79036 1 405.600006 264.0 2 379.793396 264.0
77681 1 557.280029 102.240005 2 551.062622 102.240005
79066 1 400.320007 82.080002 2 397.363495 82.080002
76316 1 644.544067 167.616013 2 635.57251 167.616013
79129 1 573.119995 97.920006 2 567.497192 97.920006
78598 1 400.896027 82.944008 2 397.921112 82.944008
78408 1 298.59845 302.745636 2 258.785034 302.745636
79105 1 775.87207 190.080017 2 760.745728 190.080017
78601 1 228.096039 70.502411 2 225.250305 70.502411
79048 1 717.120056 192.960007 2 699.882935 192.960007
76235 1 319.334442 76.723213 2 316.584137 76.723213
79078 1 495.590485 149.299225 2 491.418579 149.299225
76718 1 369.100861 53.913609 2 368.378052 53.913609
76677 1 335.232025 55.296005 2 332.847351 55.296005
79079 1 441.676849 87.091209 2 439.753448 87.091209
78781 1 618.624084 312.768036 2 576.163208 312.768036
79109 1 775.526489 190.771225 2 760.854065 190.771225
78858 1 850.176147 255.052841 2 815.03186 255.052841
72965 1 559.87207 114.462738 2 552.731201 114.462738
79081 1 497.664062 161.740829 2 494.560883 161.740829
79076 1 500.152405 206.530594 2 491.501373 206.530594
78336 1 1048.896118 286.848022 2 998.92511 286.848022
79082 1 495.673431 149.299225 2 491.234283 149.299225
76660 1 290.304047 207.360031 2 262.437683 207.360031
78424 1 154.076813 78.829994 2 118.231979 78.829994
72586 1 326.400024 61.200001 2 325.242645 61.200001
78538 1 441.92572 250.822708 2 420.443115 250.822708
79097 1 207.824539 143.327271 2 167.331543 143.327271
78826 1 976.416931 247.836716 2 939.174255 247.836716
