595
110 -16.8 382 0.0224 -0.00188 0.0258 0.707 
84129 1 390.0 170.0 2 386.6185 170.0
83619 1 456.0 156.0 2 452.42157 156.0
84627 1 494.0 81.0 2 491.643646 81.0
83628 1 398.0 48.0 2 396.247742 48.0
80043 1 262.800018 88.800003 2 260.089142 88.800003
83704 1 364.800018 81.600006 2 362.077301 81.600006
84704 1 418.800018 82.800003 2 415.269043 82.800003
84511 1 100.800003 133.200012 2 61.30093 133.200012
79956 1 499.200012 99.600006 2 496.402527 99.600006
82064 1 502.800018 118.800003 2 500.041748 118.800003
82014 1 589.200012 54.000004 2 579.780273 54.000004
84391 1 1105.200073 286.800018 2 1046.580566 286.800018
84380 1 786.000061 348.0 2 727.106689 348.0
84390 1 897.600037 326.400024 2 839.353149 326.400024
84629 1 624.0 234.000015 2 605.010559 234.000015
84582 1 742.800049 242.400009 2 716.846558 242.400009
83735 1 482.400024 28.800001 2 479.811829 28.800001
84143 1 379.200012 128.400009 2 375.992126 128.400009
84631 1 424.800018 106.800003 2 421.205231 106.800003
84500 1 267.600006 313.200012 2 225.467056 313.200012
79528 1 293.76001 86.400002 2 290.338531 86.400002
84239 1 614.880005 158.400009 2 608.953735 158.400009
84515 1 138.240005 142.560013 2 98.485161 142.560013
83627 1 640.800049 142.560013 2 632.613403 142.560013
73440 1 492.480011 79.200005 2 489.319641 79.200005
83618 1 476.640015 144.0 2 474.015869 144.0
84374 1 866.880005 341.279999 2 806.817932 341.279999
84637 1 622.080017 233.280014 2 604.4021 233.280014
84123 1 684.0 226.080002 2 665.122864 226.080002
84098 1 741.600037 243.360016 2 716.104431 243.360016
83623 1 646.559998 76.32 2 633.879272 76.32
84692 1 486.720032 191.520004 2 484.012848 191.520004
83615 1 596.160034 198.720001 2 587.128418 198.720001
84094 1 374.976044 259.200012 2 349.614624 259.200012
84533 1 465.120026 303.840027 2 425.125732 303.840027
75884 1 508.320007 34.560001 2 507.119263 34.560001
83633 1 614.880005 95.040001 2 605.458618 95.040001
83245 1 557.280029 67.68 2 547.959351 67.68
82639 1 568.800049 59.040001 2 559.260559 59.040001
80423 1 515.52002 162.720001 2 513.005981 162.720001
82637 1 574.559998 162.720001 2 567.913513 162.720001
83154 1 352.800018 48.960003 2 351.579163 48.960003
84647 1 378.720001 128.160004 2 375.649567 128.160004
84075 1 208.800003 241.920013 2 175.378647 241.920013
83218 1 192.960007 51.840004 2 190.208328 51.840004
82023 1 451.008057 138.240021 2 447.373962 138.240021
82068 1 478.656036 127.872009 2 475.892487 127.872009
84384 1 1105.920166 286.848022 2 1046.568359 286.848022
84370 1 1009.1521 340.416046 2 944.351013 340.416046
84397 1 898.560059 326.592041 2 840.346436 326.592041
84645 1 622.080078 235.008026 2 602.954651 235.008026
83635 1 684.288086 226.368027 2 665.136169 226.368027
84581 1 743.0401 243.648026 2 716.899902 243.648026
84419 1 692.92804 328.320038 2 645.965637 328.320038
82015 1 673.920044 77.76001 2 659.790161 77.76001
84719 1 691.200073 36.288002 2 677.427795 36.288002
83145 1 601.344055 221.184021 2 587.065369 221.184021
78977 1 615.16803 95.040009 2 605.797302 95.040009
80445 1 516.672058 162.432022 2 513.64447 162.432022
83213 1 597.888062 165.888016 2 589.196838 165.888016
77987 1 573.696045 164.160019 2 566.80127 164.160019
83255 1 364.608032 81.216011 2 361.198914 81.216011
83263 1 442.368042 50.112003 2 439.878815 50.112003
84128 1 425.088043 41.472004 2 423.207214 41.472004
84173 1 402.624023 183.168015 2 399.124176 183.168015
84617 1 309.312042 238.46402 2 290.457123 238.46402
84494 1 267.840027 312.768036 2 225.91153 312.768036
84467 1 110.59201 250.560028 2 67.356361 250.560028
84164 1 162.432022 60.480007 2 159.749893 60.480007
76313 1 398.131256 78.796814 2 395.111267 78.796814
84399 1 1105.229004 288.230438 2 1046.271851 288.230438
84057 1 266.250275 316.016693 2 225.31189 316.016693
84103 1 742.348877 242.611237 2 717.117188 242.611237
84168 1 601.344055 221.875229 2 587.31604 221.875229
83747 1 646.963318 76.723213 2 633.663208 76.723213
73860 1 557.798462 70.502411 2 549.092041 70.502411
84646 1 414.720062 244.68483 2 394.548035 244.68483
84731 1 145.152023 70.502411 2 143.248718 70.502411
81033 1 279.936035 80.870415 2 276.736755 80.870415
84653 1 304.819244 64.281609 2 301.360352 64.281609
84659 1 271.641632 68.42881 2 269.235382 68.42881
84546 1 219.801636 145.152023 2 182.292007 145.152023
83655 1 352.512054 49.766407 2 351.289093 49.766407
74275 1 441.676849 49.766407 2 439.140961 49.766407
75839 1 425.088074 41.472008 2 423.000122 41.472008
84710 1 462.827576 139.345947 2 459.490997 139.345947
84670 1 447.897675 136.85762 2 445.238251 136.85762
84482 1 460.339264 306.063416 2 417.142822 306.063416
84613 1 858.47052 141.834259 2 838.545288 141.834259
84393 1 900.771973 325.969971 2 842.220215 325.969971
84606 1 828.610657 79.626251 2 806.038269 79.626251
84605 1 918.190186 124.416016 2 894.551147 124.416016
83708 1 796.262512 199.065628 2 777.353638 199.065628
84665 1 781.332581 159.252502 2 763.117432 159.252502
84180 1 666.869873 206.530594 2 650.351074 206.530594
84031 1 119.439377 191.600662 2 74.41967 191.600662
83653 1 617.103455 233.902115 2 599.266846 233.902115
77993 1 572.31366 191.600662 2 566.057007 191.600662
81542 1 276.203552 79.626251 2 273.086823 79.626251
84669 1 271.226929 67.184647 2 269.25473 67.184647
84228 1 557.383789 69.672974 2 548.372925 69.672974
83643 1 413.061188 243.855392 2 394.241669 243.855392
84199 1 373.248047 169.20578 2 370.761749 169.20578
78932 1 572.31366 164.229141 2 565.983887 164.229141
84668 1 368.271423 92.067856 2 365.337494 92.067856
82670 1 440.432709 72.161293 2 438.012299 72.161293
84225 1 144.322586 69.672974 2 142.996384 69.672974
80041 1 500.152405 102.021133 2 497.97998 102.021133
84200 1 525.035583 62.208008 2 521.525208 62.208008
83711 1 452.874298 176.670746 2 447.813843 176.670746
84661 1 405.596222 181.647385 2 400.956085 181.647385
84450 1 119.439384 191.103012 2 73.938454 191.103012
84229 1 665.874573 206.032928 2 649.82489 206.032928
84201 1 615.112793 95.551506 2 605.64624 95.551506
83602 1 220.96286 212.004898 2 183.810028 212.004898
84593 1 352.346191 250.822708 2 328.493439 250.822708
80466 1 271.724609 77.635597 2 268.838287 77.635597
70153 1 570.323059 164.229156 2 564.79425 164.229156
81490 1 603.168884 223.948837 2 589.504517 223.948837
83692 1 525.533264 62.705677 2 521.169006 62.705677
84620 1 415.051849 244.850739 2 395.107727 244.850739
74261 1 650.944641 77.635597 2 637.47583 77.635597
78963 1 397.135956 74.649612 2 394.988495 74.649612
82076 1 340.402252 71.663628 2 337.88916 71.663628
84181 1 161.243164 59.719692 2 158.98259 59.719692
83195 1 450.883667 176.173096 2 446.783356 176.173096
82084 1 456.855652 74.649612 2 453.619019 74.649612
83652 1 689.762451 149.299225 2 677.519104 149.299225
84049 1 265.752625 316.514374 2 225.026672 316.514374
84578 1 997.318848 194.088989 2 972.316406 194.088989
83720 1 85.996361 96.745903 2 81.744675 96.745903
54838 1 573.309082 164.826355 2 564.894775 164.826355
84192 1 612.72406 232.906799 2 594.279907 232.906799
84556 1 214.990891 164.826355 2 177.311005 164.826355
84534 1 211.407715 143.327271 2 173.922256 143.327271
84589 1 351.151794 250.822708 2 327.2164 250.822708
83697 1 369.067719 93.16272 2 365.578033 93.16272
84612 1 415.649078 243.656357 2 395.532227 243.656357
73889 1 652.139038 78.829994 2 638.812927 78.829994
84476 1 107.495445 250.822708 2 65.332954 250.822708
84446 1 118.244995 189.90863 2 74.000389 189.90863
81536 1 218.574081 68.080452 2 214.67601 68.080452
73453 1 426.398621 111.078629 2 423.479126 111.078629
84208 1 455.064056 75.246811 2 451.164154 75.246811
83186 1 451.480896 179.159088 2 447.400238 179.159088
82647 1 447.897705 136.160904 2 444.966766 136.160904
84522 1 179.159088 161.243179 2 139.424072 161.243179
74915 1 612.72406 121.828178 2 603.567383 121.828178
84576 1 376.23407 261.572266 2 351.826294 261.572266
84597 1 827.714966 78.829994 2 803.233765 78.829994
84715 1 327.0 120.0 2 323.804749 120.0
83626 1 465.0 75.0 2 461.546844 75.0
84916 1 199.0 125.0 2 158.866638 125.0
85032 1 664.0 230.0 2 644.695618 230.0
84953 1 584.0 278.0 2 550.524109 278.0
84898 1 98.400002 207.600006 2 56.653114 207.600006
85026 1 741.600037 148.800003 2 721.942505 148.800003
79529 1 442.800018 130.800003 2 440.373322 130.800003
84784 1 1105.0 288.0 2 1046.329712 288.0
84943 1 925.0 237.0 2 888.422302 237.0
84806 1 905.0 314.0 2 850.884827 314.0
84926 1 1068.0 156.0 2 1029.056274 156.0
84907 1 1086.0 142.0 2 1045.004761 142.0
84975 1 852.000061 229.200012 2 822.225037 229.200012
85004 1 838.800049 198.000015 2 816.118408 198.000015
84831 1 784.800049 309.600006 2 736.54248 309.600006
84896 1 827.0 284.0 2 785.111755 284.0
84997 1 742.0 243.0 2 717.881531 243.0
84944 1 711.0 276.0 2 675.361145 276.0
84139 1 859.680054 152.639999 2 839.956238 152.639999
85013 1 478.800018 246.000015 2 457.200012 246.000015
82716 1 547.200012 193.200012 2 541.180969 193.200012
84890 1 269.0 313.0 2 226.881775 313.0
84886 1 318.0 314.400024 2 275.769989 314.400024
84888 1 126.0 227.0 2 83.805954 227.0
84857 1 174.0 310.800018 2 129.895386 310.800018
84865 1 132.480011 165.600006 2 88.759506 165.600006
80509 1 344.160004 102.240005 2 341.087982 102.240005
84861 1 84.960007 227.520004 2 41.045296 227.520004
80031 1 450.720032 109.440002 2 448.070465 109.440002
69266 1 495.360016 129.600006 2 492.89035 129.600006
84775 1 1052.400024 303.600006 2 991.618591 303.600006
84942 1 925.200012 236.400009 2 888.613281 236.400009
84799 1 963.0 315.0 2 907.825867 315.0
84901 1 1129.200073 166.800003 2 1087.760376 166.800003
85015 1 812.400024 135.600006 2 791.062622 135.600006
84984 1 334.800018 254.400009 2 306.540894 254.400009
84856 1 243.600006 316.800018 2 199.473846 316.800018
84880 1 177.12001 187.200012 2 134.576462 187.200012
84841 1 92.400002 286.800018 2 46.413914 286.800018
84902 1 208.800003 122.400002 2 167.39328 122.400002
84925 1 1068.0 156.0 2 1028.961426 156.0
84694 1 432.000031 108.864014 2 428.832397 108.864014
84764 1 1060.992065 300.672028 2 997.883911 300.672028
84804 1 962.400024 313.200012 2 908.051636 313.200012
84905 1 826.560059 283.680023 2 785.494263 283.680023
85012 1 828.000061 79.200005 2 806.374573 79.200005
84654 1 784.512085 158.976013 2 763.310608 158.976013
85029 1 860.544067 152.064011 2 841.119873 152.064011
85027 1 743.0401 146.88002 2 723.391785 146.88002
84140 1 528.480042 228.960007 2 511.415192 228.960007
84952 1 583.200012 278.400024 2 549.712097 278.400024
84875 1 463.200012 304.800018 2 420.352448 304.800018
84955 1 208.800003 242.400009 2 175.374557 242.400009
84982 1 334.080017 254.880005 2 305.720245 254.880005
84855 1 243.360016 316.800018 2 199.210785 316.800018
84932 1 313.200012 296.400024 2 275.286224 296.400024
84562 1 327.600006 291.600006 2 293.027161 291.600006
84848 1 92.160004 286.559998 2 47.06646 286.559998
84929 1 1067.040039 155.520004 2 1028.638184 155.520004
84821 1 1109.376099 252.979233 2 1059.044556 252.979233
84910 1 1085.184082 228.096024 2 1044.375977 228.096024
84851 1 800.064087 307.584015 2 755.435242 307.584015
84827 1 761.011292 311.040039 2 711.749146 311.040039
84912 1 825.98407 283.392029 2 785.543396 283.392029
84885 1 241.920029 316.22403 2 199.535507 316.22403
84773 1 1059.609741 300.672028 2 998.61438 300.672028
84920 1 464.832031 304.128021 2 425.323669 304.128021
84074 1 710.208069 276.480042 2 675.150879 276.480042
84987 1 364.320007 269.279999 2 337.092194 269.279999
84834 1 144.0 316.800018 2 96.740005 316.800018
84979 1 335.232025 255.744019 2 306.398376 255.744019
85006 1 267.494446 240.537628 2 245.430161 240.537628
83650 1 679.311462 226.437149 2 661.229736 226.437149
85000 1 356.659241 246.758438 2 332.960419 246.758438
84735 1 572.31366 78.796814 2 563.268616 78.796814
84626 1 137.0 68.0 2 134.390701 68.0
70171 1 510.105682 143.078415 2 506.68454 143.078415
85024 1 742.348877 147.225616 2 722.494751 147.225616
84971 1 668.160034 269.279999 2 637.727234 269.279999
85011 1 827.366516 80.870415 2 805.724609 80.870415
84981 1 537.0625 265.420837 2 508.449371 265.420837
84966 1 495.175751 261.273651 2 464.103912 261.273651
85036 1 858.47052 151.787537 2 839.433777 151.787537
85005 1 837.734497 184.55043 2 815.435242 184.55043
85046 1 796.262512 196.992035 2 778.062683 196.992035
84993 1 947.635315 64.281609 2 922.230103 64.281609
85049 1 526.694458 238.464035 2 508.632477 238.464035
84854 1 159.667221 194.918427 2 115.516937 194.918427
84937 1 232.243225 203.21283 2 195.251907 203.21283
85021 1 731.566162 67.184647 2 711.185059 67.184647
84881 1 105.753616 250.90564 2 63.240749 250.90564
81501 1 396.000031 46.800003 2 394.577484 46.800003
84859 1 132.710419 165.888031 2 88.766594 165.888031
85018 1 744.007812 146.810898 2 722.872009 146.810898
84097 1 677.818481 226.93483 2 659.456665 226.93483
84940 1 233.902115 204.042267 2 197.242233 204.042267
84954 1 209.088013 241.920029 2 175.633728 241.920029
84948 1 211.507233 201.553955 2 176.501404 201.553955
85037 1 308.966431 238.464035 2 289.993866 238.464035
84995 1 291.133484 241.367081 2 266.396332 241.367081
84889 1 105.753616 223.948837 2 63.570591 223.948837
84866 1 159.252502 194.088989 2 115.53743 194.088989
84198 1 406.093903 182.145065 2 401.375183 182.145065
85028 1 728.580261 68.677643 2 709.150391 68.677643
84918 1 197.074982 116.4534 2 157.390533 116.4534
83687 1 421.023834 188.117035 2 416.625183 188.117035
84911 1 181.647385 164.229141 2 141.163895 164.229141
73384 1 624.070801 164.229156 2 617.658508 164.229156
84867 1 111.974419 250.90564 2 68.332039 250.90564
85010 1 829.440063 79.488007 2 807.79425 79.488007
84967 1 758.937683 256.296997 2 727.903625 256.296997
84970 1 972.933228 194.088989 2 942.292786 194.088989
84817 1 1086.898438 256.794678 2 1035.784302 256.794678
84860 1 158.257187 194.088989 2 114.331482 194.088989
84701 1 684.387695 222.157257 2 668.084778 222.157257
79517 1 687.970886 204.241348 2 672.806641 204.241348
85042 1 308.551727 238.878754 2 289.993103 238.878754
85038 1 401.316345 236.48999 2 382.346924 236.48999
84983 1 988.95813 107.495445 2 960.651672 107.495445
82698 1 620.00647 234.316833 2 601.568481 234.316833
84917 1 197.074982 114.661812 2 157.037094 114.661812
84939 1 163.814423 82.944016 2 127.153839 82.944016
84957 1 209.018921 241.864746 2 176.209976 241.864746
84850 1 176.400009 199.200012 2 131.769089 199.200012
84863 1 131.880981 166.717468 2 88.084801 166.717468
84919 1 161.740829 147.225616 2 122.157501 147.225616
77166 1 691.554077 161.243179 2 679.143616 161.243179
84935 1 235.892776 203.046951 2 198.455002 203.046951
84999 1 373.248077 259.78067 2 349.487732 259.78067
84823 1 1092.787354 257.126434 2 1042.962524 257.126434
