627
41.5 -14.6 425 0.0334 -0.00242 0.0459 0.706 
92264 1 195.0 58.0 2 192.552399 58.0
90266 1 354.0 41.0 2 349.905823 41.0
92382 1 321.0 32.0 2 317.536041 32.0
92446 1 224.0 34.0 2 222.077057 34.0
92250 1 504.0 58.0 2 500.760559 58.0
90421 1 560.0 22.0 2 558.322937 22.0
91840 1 532.0 133.0 2 528.253418 133.0
92292 1 194.400009 57.600002 2 192.240082 57.600002
81494 1 220.800003 31.200001 2 218.133835 31.200001
92252 1 928.800049 171.600006 2 913.092712 171.600006
86359 1 411.600006 64.800003 2 407.342804 64.800003
83626 1 580.800049 49.200001 2 576.9245 49.200001
83619 1 560.160034 145.440002 2 556.586426 145.440002
90262 1 546.0 111.600006 2 542.821472 111.600006
92189 1 1094.400024 243.600006 2 1070.760498 243.600006
92387 1 1101.600098 129.600006 2 1096.354004 129.600006
92245 1 1040.400024 180.0 2 1021.432312 180.0
90762 1 1032.0 112.0 2 1026.017944 112.0
92117 1 822.000061 276.0 2 791.315674 276.0
92227 1 694.080017 247.680008 2 673.72345 247.680008
91248 1 624.0 102.000008 2 620.713501 102.000008
85218 1 528.0 105.600006 2 524.354919 105.600006
84627 1 615.600037 54.000004 2 612.170471 54.000004
89920 1 571.200012 187.200012 2 567.05481 187.200012
89409 1 460.800018 70.800003 2 457.771118 70.800003
90853 1 386.400024 153.600006 2 382.612061 153.600006
84623 1 436.800018 159.600006 2 433.100433 159.600006
92288 1 430.800018 181.200012 2 427.453033 181.200012
92263 1 463.200012 110.400002 2 459.632355 110.400002
90422 1 234.000015 136.800003 2 231.611069 136.800003
87424 1 310.800018 124.800003 2 307.35437 124.800003
91841 1 383.040009 31.68 2 378.680328 31.68
88805 1 368.640015 41.760002 2 365.23111 41.760002
90267 1 420.480011 31.68 2 416.323883 31.68
84136 1 568.800049 113.760002 2 565.110168 113.760002
83618 1 590.976074 131.328018 2 586.872925 131.328018
83264 1 617.76001 116.640007 2 614.487 116.640007
91719 1 1092.960083 243.360016 2 1070.151733 243.360016
91727 1 1141.200073 216.000015 2 1119.254883 216.000015
91743 1 1040.400024 214.800003 2 1020.645569 214.800003
92275 1 928.800049 171.360001 2 912.309814 171.360001
91850 1 623.52002 205.920013 2 615.959839 205.920013
92244 1 626.400024 124.800003 2 622.317993 124.800003
91752 1 525.600037 82.800003 2 521.843811 82.800003
89776 1 459.0 93.0 2 456.178925 93.0
92316 1 385.920013 154.080002 2 382.327972 154.080002
92398 1 398.400024 120.000008 2 394.75235 120.000008
88965 1 333.0 131.0 2 329.141205 131.0
92289 1 462.240021 110.880005 2 459.318451 110.880005
89453 1 269.279999 72.0 2 266.432861 72.0
91352 1 319.680023 31.68 2 316.211639 31.68
90300 1 233.280014 136.800003 2 231.360123 136.800003
91361 1 309.600006 123.840004 2 306.343018 123.840004
91785 1 93.600006 67.68 2 92.715057 67.68
92269 1 133.200012 183.600006 2 130.25824 183.600006
87374 1 331.776031 65.664009 2 328.068359 65.664009
90864 1 191.520004 66.240005 2 189.485535 66.240005
91702 1 891.360046 119.520004 2 865.336914 119.520004
91270 1 1105.920166 101.952011 2 1100.410889 101.952011
86901 1 385.344025 153.792007 2 381.967224 153.792007
85599 1 397.440033 119.23201 2 393.983368 119.23201
92068 1 435.456055 312.768036 2 393.831543 312.768036
92298 1 96.480003 122.400002 2 95.589333 122.400002
92196 1 1113.119995 233.280014 2 1089.783813 233.280014
92002 1 226.080002 324.0 2 171.972885 324.0
90805 1 233.280029 136.512009 2 231.359116 136.512009
83223 1 324.864044 36.288002 2 321.735657 36.288002
88848 1 74.304008 69.12001 2 73.097427 69.12001
92133 1 610.559998 273.600006 2 581.928101 273.600006
92075 1 905.76001 302.400024 2 865.90741 302.400024
91686 1 938.880066 267.839996 2 911.932068 267.839996
91895 1 286.848022 191.808014 2 270.773834 191.808014
90769 1 781.056091 193.536011 2 766.97406 193.536011
89427 1 1032.0 130.800003 2 1025.584961 130.800003
91756 1 483.840027 239.040009 2 465.606964 239.040009
66668 1 169.344009 53.568005 2 166.946884 53.568005
92071 1 632.160034 306.720001 2 592.306702 306.720001
92155 1 641.088074 267.840027 2 612.330444 267.840027
92334 1 133.056015 184.896011 2 128.227417 184.896011
86009 1 430.272034 181.440018 2 427.343323 181.440018
92285 1 749.952087 148.608017 2 737.369568 148.608017
86282 1 525.600037 82.080002 2 521.222595 82.080002
82655 1 521.856079 55.296005 2 518.04248 55.296005
91260 1 730.080017 257.76001 2 704.676636 257.76001
85065 1 817.344055 146.88002 2 806.968018 146.88002
82636 1 547.776062 119.23201 2 544.142578 119.23201
90394 1 489.600006 184.320007 2 483.705078 184.320007
91617 1 342.720001 315.360016 2 299.995789 315.360016
92134 1 613.440063 274.752014 2 584.606262 274.752014
92060 1 436.320007 312.480011 2 394.027435 312.480011
91812 1 362.880066 209.433624 2 346.001709 209.433624
92341 1 922.752136 101.606415 2 909.600769 101.606415
90356 1 1024.358521 207.360031 2 1004.624878 207.360031
90757 1 950.400024 190.800003 2 933.143372 190.800003
91777 1 485.568054 238.46402 2 466.838226 238.46402
88353 1 167.961624 53.913609 2 166.028671 53.913609
92267 1 137.0 57.0 2 135.656616 57.0
92335 1 147.225616 136.85762 2 143.381577 136.85762
87787 1 756.864136 192.844833 2 743.958069 192.844833
86270 1 724.101196 206.530594 2 712.845337 206.530594
88329 1 269.568024 155.52002 2 267.605835 155.52002
89305 1 622.080078 205.286423 2 615.117371 205.286423
91616 1 343.87204 314.496033 2 301.047485 314.496033
90763 1 692.58252 269.568024 2 665.838379 269.568024
88290 1 734.054504 155.52002 2 722.311279 155.52002
89866 1 748.569702 149.299225 2 735.733276 149.299225
85516 1 420.940857 126.489616 2 417.183228 126.489616
80445 1 638.668884 157.593628 2 637.149963 157.593628
88976 1 346.29126 93.312012 2 341.671936 93.312012
90895 1 971.136108 179.712021 2 952.831116 179.712021
92233 1 1082.880005 161.279999 2 1062.88501 161.279999
91355 1 1040.256104 179.712021 2 1021.970337 179.712021
86761 1 555.724854 120.268814 2 551.724487 120.268814
92312 1 779.328064 129.600006 2 766.809753 129.600006
89462 1 408.499268 91.238411 2 405.16748 91.238411
88474 1 470.707275 58.060806 2 467.339539 58.060806
90879 1 510.105682 184.55043 2 503.687714 184.55043
91737 1 1072.051392 226.02243 2 1050.0802 226.02243
86930 1 398.131256 119.439377 2 393.285492 119.439377
92338 1 402.278442 199.065628 2 391.801361 199.065628
89837 1 1030.164673 129.392654 2 1022.291626 129.392654
90819 1 106.997772 159.252502 2 105.092453 159.252502
87293 1 1024.192749 209.018921 2 1005.54187 209.018921
91309 1 161.740829 167.961624 2 159.843063 167.961624
92345 1 146.810898 136.85762 2 143.151703 136.85762
90802 1 49.766407 95.385612 2 48.399784 95.385612
92353 1 104.509453 77.137932 2 103.183113 77.137932
88923 1 196.577301 134.369293 2 193.804581 134.369293
91619 1 344.217651 315.187256 2 301.148682 315.187256
77126 1 525.035583 84.60289 2 521.862 84.60289
82053 1 520.05896 54.74305 2 516.562927 54.74305
92328 1 485.222473 238.464035 2 466.60788 238.464035
85913 1 431.308868 180.403229 2 427.625153 180.403229
90958 1 420.526154 126.904335 2 416.842896 126.904335
85542 1 345.876526 92.067856 2 340.645081 92.067856
81033 1 363.294769 49.766407 2 360.4664 49.766407
85068 1 626.227295 124.416016 2 621.463074 124.416016
90823 1 1102.325928 126.904335 2 1096.180908 126.904335
91865 1 734.054504 156.764175 2 722.545105 156.764175
91296 1 709.171326 146.810898 2 701.212524 146.810898
85168 1 557.383789 104.509453 2 554.497192 104.509453
92058 1 114.048019 273.71524 2 70.722397 273.71524
91664 1 815.616089 276.480042 2 785.572266 276.480042
92343 1 1092.372681 268.738586 2 1067.774292 268.738586
92420 1 71.663628 179.159073 2 68.914818 179.159073
90354 1 972.864075 207.360016 2 954.444275 207.360016
77538 1 525.533264 86.593552 2 522.87793 86.593552
87318 1 618.098816 206.032928 2 610.68927 206.032928
91924 1 552.407166 191.103012 2 547.130371 191.103012
90748 1 699.218018 268.738586 2 670.836548 268.738586
92339 1 485.222473 238.878754 2 466.439697 238.878754
80508 1 734.552185 155.271194 2 723.366211 155.271194
92423 1 707.678345 146.313248 2 700.566956 146.313248
90310 1 627.056763 125.411354 2 621.761597 125.411354
90364 1 687.970886 247.239532 2 668.556519 247.239532
86070 1 555.393127 122.425369 2 551.376221 122.425369
92055 1 114.462738 273.71524 2 70.653732 273.71524
91172 1 318.505005 251.320358 2 287.567963 251.320358
92355 1 400.121918 200.060959 2 391.384003 200.060959
91187 1 612.126831 274.710571 2 584.174072 274.710571
91833 1 779.34198 194.088989 2 765.70813 194.088989
91830 1 1030.164673 128.397339 2 1022.821533 128.397339
91836 1 558.976318 143.327271 2 554.104797 143.327271
92209 1 1071.968506 223.948837 2 1050.376587 223.948837
92220 1 1024.789917 207.824539 2 1005.137207 207.824539
70171 1 627.056763 125.411354 2 622.611206 125.411354
87316 1 974.625427 207.824539 2 955.89563 207.824539
90881 1 333.235901 114.661812 2 329.27359 114.661812
91176 1 316.514374 253.808685 2 285.655548 253.808685
92416 1 1043.020996 103.680016 2 1037.250977 103.680016
85144 1 419.232239 107.495445 2 414.95697 107.495445
87303 1 622.080078 205.632019 2 614.665894 205.632019
90341 1 558.976318 204.241348 2 553.849121 204.241348
92378 1 437.148163 175.575897 2 432.413574 175.575897
86907 1 447.897705 154.076813 2 443.88266 154.076813
92452 1 716.636353 293.820892 2 680.586365 293.820892
92358 1 483.729492 238.878769 2 466.550323 238.878769
91901 1 546.435181 209.018921 2 542.294067 209.018921
89823 1 403.10791 283.668549 2 371.417328 283.668549
91824 1 652.139038 225.740448 2 638.920776 225.740448
88374 1 507.617371 188.117035 2 500.673065 188.117035
85621 1 508.811798 139.74408 2 504.16156 139.74408
86805 1 191.600662 77.137932 2 189.210754 77.137932
85973 1 308.153625 146.910446 2 304.619873 146.910446
88895 1 232.906799 150.493622 2 230.016388 150.493622
86022 1 340.402252 89.579544 2 336.220032 89.579544
91380 1 1121.535889 121.828178 2 1116.872437 121.828178
92428 1 337.0 35.0 2 333.824921 35.0
91406 1 564.0 90.0 2 560.422607 90.0
88454 1 331.0 65.0 2 327.480438 65.0
86453 1 546.0 80.400002 2 542.346863 80.400002
79956 1 620.400024 76.800003 2 617.224365 76.800003
84118 1 589.200012 63.600002 2 586.348022 63.600002
92199 1 1113.600098 232.800003 2 1091.77124 232.800003
92005 1 1081.200073 349.200012 2 1027.272583 349.200012
92152 1 939.600037 267.600006 2 912.567383 267.600006
91271 1 686.400024 202.800003 2 676.180908 202.800003
92023 1 597.600037 342.0 2 546.07666 342.0
91386 1 494.400024 135.600006 2 490.384674 135.600006
92294 1 244.800003 82.800003 2 243.129654 82.800003
92268 1 122.400002 58.800003 2 120.769257 58.800003
92096 1 391.680023 272.160004 2 359.356842 272.160004
87269 1 397.440002 142.560013 2 393.897156 142.560013
86851 1 816.480042 146.880005 2 806.433105 146.880005
86275 1 396.000031 46.080002 2 391.877075 46.080002
92135 1 1072.800049 273.600006 2 1042.852783 273.600006
92061 1 974.880066 313.920013 2 931.197327 313.920013
92083 1 802.080017 292.320007 2 765.826843 292.320007
92037 1 521.280029 332.640015 2 473.31012 332.640015
91579 1 430.560028 344.160004 2 378.86731 344.160004
91453 1 316.800018 93.600006 2 313.838531 93.600006
89290 1 257.76001 27.360001 2 254.686432 27.360001
88847 1 233.280014 154.080002 2 230.793564 154.080002
85901 1 313.920013 149.76001 2 311.072235 149.76001
83155 1 528.768066 105.408012 2 524.683228 105.408012
91848 1 533.952026 86.400009 2 530.526184 86.400009
90741 1 1073.088135 274.752014 2 1043.2677 274.752014
91712 1 767.232056 39.744003 2 742.144592 39.744003
92131 1 839.808105 36.288002 2 810.249573 36.288002
53088 1 139.345947 57.231369 2 136.321365 57.231369
92039 1 521.856079 333.504028 2 473.498505 333.504028
91847 1 381.888031 32.832005 2 378.885437 32.832005
92188 1 1150.848145 242.611237 2 1124.420044 242.611237
92185 1 1198.541016 223.948837 2 1175.575439 223.948837
88863 1 234.316833 138.931213 2 231.460358 138.931213
89911 1 196.992035 132.710419 2 195.027115 132.710419
91687 1 642.816101 267.494446 2 615.160522 267.494446
88291 1 1063.756958 157.593628 2 1045.386597 157.593628
89793 1 367.027252 41.472008 2 363.355347 41.472008
86068 1 566.092896 45.619205 2 563.70813 45.619205
92070 1 1117.670532 315.187256 2 1077.814941 315.187256
91728 1 1072.466064 226.437149 2 1050.650513 226.437149
87416 1 383.201324 151.787537 2 379.668427 151.787537
91860 1 559.87207 201.553955 2 554.799255 201.553955
85938 1 313.528351 149.299225 2 309.764526 149.299225
92047 1 734.054504 325.969971 2 688.221863 325.969971
88423 1 102.021133 67.184647 2 100.174683 67.184647
91317 1 323.481659 79.626251 2 320.299683 79.626251
91681 1 146.810898 228.925476 2 118.770004 228.925476
88444 1 238.878754 109.486099 2 236.598694 109.486099
89904 1 945.561707 131.880981 2 940.400024 131.880981
88315 1 1065.001099 156.764175 2 1046.774292 156.764175
90908 1 457.850952 84.60289 2 454.263367 84.60289
91188 1 813.680725 276.203552 2 783.9823 276.203552
92187 1 1149.604004 243.855392 2 1126.040161 243.855392
88960 1 238.878769 107.495445 2 235.148834 107.495445
86059 1 238.878769 65.691658 2 236.578613 65.691658
90904 1 1027.178711 113.467415 2 1021.141296 113.467415
90789 1 698.720398 268.738617 2 670.518066 268.738617
91869 1 507.617371 101.523476 2 504.440491 101.523476
85201 1 603.168884 119.439384 2 599.917114 119.439384
92128 1 910.725281 59.719692 2 882.960754 59.719692
91740 1 1110.786255 164.229156 2 1091.29834 164.229156
92458 1 415.051849 146.313248 2 411.822418 146.313248
89270 1 849.21405 243.656357 2 823.473938 243.656357
85120 1 394.149963 80.621582 2 389.979492 80.621582
84173 1 483.729492 179.159073 2 476.534851 179.159073
89938 1 104.50946 77.635597 2 102.979095 77.635597
87379 1 310.542389 149.299225 2 307.418427 149.299225
91835 1 1101.828247 101.523476 2 1098.188232 101.523476
91328 1 1028.373169 114.661812 2 1022.10791 114.661812
85146 1 444.314514 71.663635 2 440.093048 71.663635
89334 1 96.745903 121.828178 2 95.336937 121.828178
87339 1 103.91227 78.829994 2 102.55941 78.829994
92171 1 146.910446 229.323624 2 119.336456 229.323624
87870 1 616.307251 204.241348 2 608.551575 204.241348
77987 1 745.301758 150.493622 2 732.077393 150.493622
88440 1 971.042236 179.159088 2 952.410522 179.159088
82068 1 594.808167 111.078629 2 591.72406 111.078629
82023 1 555.393127 121.828178 2 551.11261 121.828178
82716 1 687.970886 200.658173 2 678.564209 200.658173
89844 1 505.228607 186.325439 2 498.693298 186.325439
92132 1 612.72406 275.904999 2 582.160339 275.904999
79469 1 648.555847 85.996361 2 640.799744 85.996361
90715 1 834.881348 275.904999 2 804.063904 275.904999
