641
399.394 -35.98738 173.6026 0.03819730617452753 0.5874306304508827 -0.039944127535955214 0.8073850920623189
92061 1 151.0 34.0 2 148.017914 34.0
93566 1 957.0 155.0 2 934.648499 155.0
93573 1 785.0 241.0 2 763.114563 241.0
93245 1 1040.0 326.0 2 989.158142 326.0
93277 1 1052.0 315.0 2 1006.007874 315.0
93489 1 419.0 253.0 2 390.555817 253.0
91914 1 619.0 58.0 2 615.053284 58.0
93615 1 357.0 216.0 2 336.896881 216.0
93522 1 1045.0 155.0 2 1018.630493 155.0
93524 1 709.0 256.0 2 682.6604 256.0
93556 1 879.0 209.0 2 855.737488 209.0
93374 1 874.0 290.0 2 834.786133 290.0
93419 1 881.0 273.0 2 847.453369 273.0
93434 1 844.0 272.0 2 811.350525 272.0
93412 1 1076.0 250.0 2 1041.75708 250.0
93458 1 1088.0 198.0 2 1057.615356 198.0
93501 1 945.0 235.0 2 917.152466 235.0
93476 1 989.0 226.0 2 959.793335 226.0
93369 1 937.0 294.0 2 897.551514 294.0
93569 1 656.0 246.0 2 633.847046 246.0
93579 1 845.0 121.0 2 823.588989 121.0
93399 1 594.0 285.0 2 558.443115 285.0
93382 1 204.0 245.0 2 166.428894 245.0
93651 1 180.0 205.0 2 161.517899 205.0
86098 1 172.0 20.0 2 169.329071 20.0
85913 1 199.0 149.0 2 196.836273 149.0
93055 1 118.0 48.0 2 115.887238 48.0
86003 1 453.600006 49.200001 2 448.96286 49.200001
93512 1 1068.0 169.200012 2 1040.853027 169.200012
93504 1 719.0 261.0 2 691.499512 261.0
93552 1 724.800049 241.200012 2 701.345825 241.200012
92465 1 364.800018 97.200005 2 360.525635 97.200005
83806 1 382.800018 81.600006 2 378.057556 81.600006
93324 1 1012.800049 300.0 2 970.325867 300.0
93634 1 758.0 234.0 2 738.710693 234.0
93041 1 552.0 135.600006 2 547.258789 135.600006
91937 1 558.0 22.800001 2 554.572266 22.800001
93044 1 898.560059 198.720001 2 875.924683 198.720001
86554 1 366.0 133.200012 2 362.033478 133.200012
88999 1 518.400024 120.000008 2 513.25708 120.000008
93042 1 534.0 94.800003 2 529.34436 94.800003
93043 1 513.600037 88.800003 2 508.383026 88.800003
93377 1 798.0 291.0 2 759.39917 291.0
90896 1 595.200012 134.400009 2 591.153748 134.400009
92048 1 588.0 118.800003 2 583.079529 118.800003
92606 1 610.800049 70.800003 2 606.759705 70.800003
93060 1 550.800049 94.800003 2 546.269531 94.800003
93410 1 1076.400024 249.600006 2 1041.94043 249.600006
93462 1 1087.200073 198.000015 2 1057.261353 198.000015
93438 1 1124.0 220.0 2 1091.545898 220.0
93328 1 1160.400024 303.600006 2 1118.167603 303.600006
93491 1 945.600037 234.000015 2 917.302063 234.000015
93457 1 1011.600037 238.800003 2 981.079163 238.800003
92972 1 988.800049 225.600006 2 959.736511 225.600006
93375 1 936.000061 292.800018 2 896.802368 292.800018
93531 1 1105.200073 128.400009 2 1079.354248 128.400009
93517 1 1027.200073 176.400009 2 1000.461731 176.400009
93362 1 770.0 302.0 2 730.047913 302.0
93636 1 678.0 240.0 2 658.840332 240.0
93281 1 750.0 320.400024 2 704.290222 320.400024
93596 1 775.200012 46.800003 2 754.381714 46.800003
93588 1 841.0 145.0 2 819.921509 145.0
93643 1 904.800049 123.600006 2 885.893494 123.600006
93567 1 547.0 243.0 2 524.678955 243.0
93411 1 545.0 285.0 2 510.689789 285.0
93260 1 601.200012 326.400024 2 552.897827 326.400024
93255 1 564.0 328.0 2 515.202148 328.0
92891 1 594.0 284.400024 2 558.333069 284.400024
93413 1 560.0 285.0 2 525.758057 285.0
93049 1 352.800018 145.200012 2 348.134369 145.200012
92615 1 343.200012 114.000008 2 338.609497 114.000008
93051 1 456.0 140.0 2 451.852448 140.0
93341 1 251.0 279.0 2 209.690521 279.0
93352 1 293.0 271.0 2 252.331299 271.0
93339 1 180.0 261.600006 2 138.559052 261.600006
93036 1 175.200012 49.200001 2 172.225479 49.200001
91498 1 72.0 66.0 2 70.695099 66.0
90527 1 159.600006 122.400002 2 158.439743 122.400002
93266 1 822.000061 314.400024 2 774.39801 314.400024
93550 1 879.840027 207.360016 2 856.253418 207.360016
93557 1 903.600037 194.400009 2 880.359436 194.400009
84138 1 383.040009 112.320007 2 378.589264 112.320007
93059 1 616.800049 121.200005 2 612.123352 121.200005
84286 1 512.640015 89.280006 2 508.286652 89.280006
93347 1 636.0 302.400024 2 595.087769 302.400024
93279 1 979.200012 314.400024 2 933.3349 314.400024
93289 1 954.720032 309.600006 2 909.986145 309.600006
93349 1 812.160034 295.200012 2 771.430969 295.200012
91582 1 586.080017 97.920006 2 582.063232 97.920006
87615 1 610.559998 70.560005 2 606.184082 70.560005
88009 1 587.52002 70.560005 2 583.401672 70.560005
93447 1 1059.600098 228.000015 2 1027.876465 228.000015
93433 1 1159.200073 203.040009 2 1126.500977 203.040009
93435 1 1124.400024 219.600006 2 1091.848389 219.600006
93350 1 1075.0 301.0 2 1034.307251 301.0
93366 1 1112.400024 296.400024 2 1072.756958 296.400024
93532 1 912.000061 226.800003 2 886.301025 226.800003
92939 1 1010.880066 239.040009 2 980.006104 239.040009
93323 1 1012.320068 299.52002 2 969.784729 299.52002
93530 1 1104.480103 128.160004 2 1078.623901 128.160004
93568 1 781.200012 238.800003 2 758.919739 238.800003
93264 1 789.600037 325.200012 2 741.853577 325.200012
92976 1 718.800049 260.400024 2 691.593628 260.400024
93286 1 716.400024 315.600006 2 671.395691 315.600006
93594 1 774.720032 46.080002 2 753.840576 46.080002
93073 1 884.736084 89.85601 2 864.812134 89.85601
93578 1 840.960022 36.0 2 819.487488 36.0
93570 1 843.840027 120.960007 2 821.836792 120.960007
92469 1 640.800049 148.320007 2 637.037781 148.320007
93287 1 491.040009 309.600006 2 446.284363 309.600006
93248 1 602.0 328.0 2 552.358276 328.0
93258 1 565.200012 327.600006 2 516.669067 327.600006
92453 1 454.46405 238.46402 2 433.112946 238.46402
92793 1 408.000031 319.200012 2 357.015503 319.200012
92918 1 380.160004 275.040009 2 346.602631 275.040009
89032 1 509.76001 63.360001 2 505.62851 63.360001
89395 1 521.280029 180.0 2 513.788269 180.0
90503 1 482.400024 129.600006 2 477.751648 129.600006
87894 1 563.040039 182.880005 2 558.217896 182.880005
85499 1 381.600006 44.640003 2 377.25293 44.640003
86974 1 437.76001 76.32 2 433.915161 76.32
93342 1 250.800003 278.400024 2 209.551636 278.400024
92565 1 239.040009 138.240005 2 234.827682 138.240005
89037 1 200.160004 129.600006 2 197.037323 129.600006
88028 1 292.320007 120.960007 2 287.865814 120.960007
92493 1 72.0 66.240005 2 70.271339 66.240005
91942 1 55.200001 56.400002 2 53.398716 56.400002
78077 1 596.160034 101.952011 2 592.205017 101.952011
84149 1 581.76001 95.040001 2 577.752319 95.040001
93618 1 774.144043 46.656006 2 754.109924 46.656006
93613 1 977.76001 100.800003 2 957.621033 100.800003
93318 1 192.960007 273.600006 2 150.369095 273.600006
93329 1 180.0 262.080017 2 137.900284 262.080017
93290 1 484.800018 312.0 2 440.11142 312.0
88921 1 1133.568115 88.128006 2 1126.513672 88.128006
88547 1 292.032013 120.960014 2 287.965973 120.960014
93355 1 1075.680054 300.960022 2 1034.716797 300.960022
93388 1 1032.47998 289.440002 2 995.605347 289.440002
91954 1 70.848007 65.664009 2 69.19149 65.664009
92486 1 582.33606 221.184021 2 569.771423 221.184021
92570 1 110.59201 195.264023 2 106.230957 195.264023
93607 1 630.720032 240.480011 2 610.282654 240.480011
93254 1 252.000015 313.920013 2 203.079407 313.920013
93343 1 250.560013 277.920013 2 209.335938 277.920013
93175 1 100.224007 162.432022 2 97.387932 162.432022
91048 1 57.024006 114.048012 2 55.43924 114.048012
92898 1 593.280029 283.680023 2 557.777039 283.680023
93644 1 810.000061 207.600006 2 791.185669 207.600006
93617 1 544.320007 240.480011 2 524.279724 240.480011
92452 1 519.840027 213.12001 2 508.197113 213.12001
93291 1 715.680054 315.360016 2 671.004456 315.360016
91454 1 461.376038 188.35202 2 453.621979 188.35202
83792 1 603.072083 172.800018 2 598.572144 172.800018
90557 1 616.896057 120.960014 2 611.978577 120.960014
82712 1 551.232056 134.784012 2 546.866882 134.784012
92959 1 1166.400146 131.328018 2 1137.712524 131.328018
93396 1 285.120026 254.880005 2 249.231781 254.880005
90901 1 281.664032 202.176025 2 267.033142 202.176025
93368 1 538.800049 296.400024 2 499.337067 296.400024
93311 1 486.720032 311.040009 2 443.682495 311.040009
92901 1 545.76001 285.120026 2 511.269226 285.120026
93537 1 911.52002 226.080002 2 886.173462 226.080002
93703 1 314.496033 312.768036 2 271.601807 312.768036
92941 1 1085.76001 197.280014 2 1054.800049 197.280014
92487 1 362.880035 217.728027 2 342.912811 217.728027
92035 1 445.824036 172.800018 2 439.230194 172.800018
93196 1 411.264038 152.064011 2 406.433136 152.064011
93416 1 1141.920044 236.160004 2 1107.740234 236.160004
93417 1 1161.600098 202.800003 2 1127.677734 202.800003
92925 1 1124.640015 220.320007 2 1090.831665 220.320007
93558 1 724.320007 241.920013 2 701.204041 241.920013
92468 1 718.848083 207.360016 2 705.192749 207.360016
90933 1 442.368042 96.768005 2 439.54068 96.768005
91589 1 487.296051 179.712021 2 479.625305 179.712021
92573 1 380.160034 43.200005 2 376.066772 43.200005
93527 1 1105.920166 127.872009 2 1079.718506 127.872009
93616 1 914.112061 155.52002 2 894.045837 155.52002
92467 1 933.120056 60.480003 2 913.255798 60.480003
93272 1 882.720032 312.480011 2 835.90332 312.480011
93262 1 822.240051 313.920013 2 774.262268 313.920013
79595 1 590.976074 43.200005 2 585.803711 43.200005
92498 1 228.096039 153.446426 2 226.107834 153.446426
91960 1 199.065628 147.225616 2 196.308655 147.225616
85914 1 77.760002 48.960003 2 76.06958 48.960003
93271 1 283.392029 309.312042 2 235.978409 309.312042
92521 1 159.667221 122.342415 2 158.311172 122.342415
93178 1 520.473694 213.580826 2 508.755737 213.580826
92961 1 1015.200012 208.800003 2 985.840332 208.800003
84565 1 561.945679 182.476822 2 558.965271 182.476822
93655 1 335.923248 215.654434 2 317.794647 215.654434
92046 1 391.910461 114.048019 2 387.683105 114.048019
91897 1 1080.345703 250.90564 2 1044.864136 250.90564
93446 1 1055.462524 234.316833 2 1023.521057 234.316833
93584 1 684.288086 245.376022 2 663.016785 245.376022
91516 1 626.227295 207.360031 2 616.787354 207.360031
93523 1 355.968048 240.192017 2 329.620117 240.192017
93320 1 347.328033 309.312042 2 304.742432 309.312042
92821 1 317.260834 313.113647 2 272.071991 313.113647
93381 1 342.144043 281.664032 2 304.334839 281.664032
92560 1 110.59201 55.296005 2 109.138351 55.296005
93453 1 394.800018 272.400024 2 363.941132 272.400024
92374 1 380.160034 274.752014 2 346.880463 274.752014
93288 1 715.39209 314.496033 2 670.650818 314.496033
85945 1 279.936035 105.753616 2 275.248138 105.753616
92430 1 946.944092 233.280029 2 920.072998 233.280029
93535 1 937.200012 206.400009 2 911.605896 206.400009
93546 1 725.760071 241.920029 2 701.903809 241.920029
84159 1 345.600037 86.400009 2 340.831879 86.400009
90473 1 456.192078 138.931213 2 451.242615 138.931213
93650 1 978.048096 120.960014 2 959.500793 120.960014
93487 1 1074.125 165.888031 2 1045.572266 165.888031
93496 1 1059.840088 169.920013 2 1031.812622 169.920013
93620 1 933.120117 62.208008 2 913.109192 62.208008
93268 1 822.528076 314.496033 2 775.003174 314.496033
93597 1 914.457703 155.52002 2 893.688843 155.52002
84991 1 267.494446 111.974419 2 262.36499 111.974419
93632 1 978.048096 101.952011 2 958.653564 101.952011
80146 1 639.498352 62.208008 2 634.166199 62.208008
91460 1 111.974419 53.913609 2 109.309471 53.913609
90514 1 199.065628 146.810898 2 196.102036 146.810898
93495 1 1016.0 209.0 2 987.872498 209.0
93471 1 410.572845 265.420837 2 381.116577 265.420837
93428 1 379.468842 275.788849 2 346.486389 275.788849
90385 1 851.005554 194.088989 2 830.616943 194.088989
92850 1 991.180969 298.59845 2 948.370544 298.59845
93586 1 540.864075 241.920029 2 519.770996 241.920029
93513 1 717.465698 255.052841 2 690.378845 255.052841
93317 1 346.29126 308.966431 2 303.599457 308.966431
93380 1 342.144043 282.009644 2 304.079956 282.009644
92501 1 164.229141 82.114571 2 161.556992 82.114571
93275 1 282.009644 308.966431 2 235.826584 308.966431
93167 1 603.417664 172.108826 2 598.387024 172.108826
86048 1 562.360413 184.135712 2 557.987488 184.135712
92054 1 549.918823 134.369293 2 545.518921 134.369293
93463 1 316.016693 246.343719 2 286.271057 246.343719
92908 1 1079.93103 251.320358 2 1044.349731 251.320358
93455 1 1059.609741 219.801636 2 1028.978271 219.801636
93409 1 1142.553711 234.316833 2 1108.090088 234.316833
92979 1 1102.325928 151.787537 2 1075.515991 151.787537
93088 1 373.248047 178.32962 2 369.290375 178.32962
93008 1 902.016113 194.918427 2 879.046204 194.918427
84607 1 308.551727 77.137932 2 302.955109 77.137932
85443 1 291.133484 47.278088 2 287.341156 47.278088
93334 1 808.704102 298.59845 2 766.770203 298.59845
93505 1 1072.466064 166.717468 2 1044.991333 166.717468
86101 1 547.430481 106.997772 2 541.343628 106.997772
78140 1 532.500549 62.208008 2 528.000671 62.208008
76272 1 510.105682 64.281609 2 506.133911 64.281609
93515 1 1027.67627 176.670746 2 1000.790771 176.670746
85527 1 378.224701 74.649612 2 374.071625 74.649612
92896 1 589.731934 283.668518 2 554.819824 283.668518
92362 1 547.430481 284.083252 2 512.256104 284.083252
93344 1 1076.544067 300.672028 2 1035.535156 300.672028
92415 1 716.63623 256.296997 2 689.349243 256.296997
84683 1 367.276093 134.369308 2 362.863586 134.369308
93027 1 898.28363 199.065628 2 876.003784 199.065628
93448 1 124.416016 218.972198 2 92.89753 218.972198
92913 1 380.713013 273.71524 2 347.710876 273.71524
93445 1 1101.828247 223.948837 2 1069.882568 223.948837
93452 1 1086.898438 197.074982 2 1055.837158 197.074982
85593 1 412.065857 104.50946 2 408.769958 104.50946
84950 1 650.944641 158.257187 2 644.29834 158.257187
90463 1 621.084778 206.032928 2 611.915955 206.032928
91524 1 522.547302 212.004898 2 510.587006 212.004898
93486 1 1134.259399 157.593628 2 1105.685913 157.593628
93477 1 1098.842285 173.187103 2 1069.785889 173.187103
93481 1 1027.67627 209.018906 2 998.665344 209.018906
93627 1 390.66629 216.483871 2 370.976929 216.483871
81818 1 719.622253 206.032928 2 704.86731 206.032928
93148 1 328.458313 95.551506 2 324.317383 95.551506
89587 1 280.682556 59.719692 2 278.047394 59.719692
93337 1 809.201843 298.59845 2 767.481873 298.59845
93652 1 976.66571 120.268814 2 958.206848 120.268814
92531 1 445.409332 171.694107 2 438.882751 171.694107
81124 1 543.449219 107.495445 2 538.937744 107.495445
84250 1 522.547302 182.145065 2 513.643677 182.145065
85952 1 948.050049 124.416016 2 938.135742 124.416016
91984 1 919.683228 119.439384 2 902.95166 119.439384
93107 1 167.215134 128.397339 2 163.891541 128.397339
93094 1 111.974419 54.74305 2 109.1595 54.74305
93116 1 197.074982 146.313248 2 195.429306 146.313248
92839 1 216.483871 276.203552 2 173.683548 276.203552
93601 1 839.061646 119.439384 2 818.637512 119.439384
88549 1 1131.68811 107.495445 2 1124.519775 107.495445
93322 1 990.351501 298.59845 2 947.809998 298.59845
79580 1 630.042725 107.495445 2 622.931458 107.495445
91891 1 361.304138 277.696564 2 326.382172 277.696564
92923 1 379.817261 272.321808 2 345.976746 272.321808
90013 1 851.005615 194.088989 2 830.50177 194.088989
83766 1 455.064056 114.661812 2 450.666138 114.661812
93520 1 940.585144 203.046951 2 913.994873 203.046951
89411 1 902.961792 193.491806 2 879.355225 193.491806
93451 1 743.510132 265.752625 2 712.3302 265.752625
84271 1 601.974487 103.91227 2 597.305664 103.91227
93469 1 1074.954468 209.018921 2 1045.453735 209.018921
89992 1 673.638123 154.076813 2 667.951172 154.076813
84223 1 390.566803 93.16272 2 385.386871 93.16272
92574 1 308.153625 200.658173 2 293.956696 200.658173
93154 1 329.65271 96.745903 2 325.200195 96.745903
85545 1 293.820892 103.91227 2 289.339935 103.91227
93006 1 961.487 167.215134 2 937.80658 167.215134
93508 1 1071.968506 167.215134 2 1044.648926 167.215134
91991 1 920.877686 121.828178 2 903.351135 121.828178
87575 1 523.144531 161.243179 2 517.529114 161.243179
83758 1 544.643616 107.495445 2 539.917358 107.495445
86485 1 104.50946 161.243164 2 100.23661 161.243164
85583 1 164.826355 68.080452 2 161.963242 68.080452
92590 1 65.691658 65.691658 2 63.971592 65.691658
92336 1 214.990891 277.696564 2 172.244949 277.696564
93298 1 157.659988 257.989075 2 113.850357 257.989075
86020 1 136.160904 189.90863 2 133.40358 189.90863
93549 1 279.488159 222.157257 2 255.862137 222.157257
92471 1 458.647247 243.656357 2 439.583435 243.656357
91455 1 588.238953 283.668549 2 551.515625 283.668549
86450 1 619.890442 204.241348 2 612.023499 204.241348
93026 1 702.303589 240.073166 2 679.96936 240.073166
91496 1 655.722229 204.241348 2 646.131592 204.241348
92371 1 1078.53772 250.822708 2 1044.837402 250.822708
93418 1 1125.716187 220.96286 2 1092.070923 220.96286
92557 1 571.0 57.0 2 566.871277 57.0
92558 1 632.400024 202.800003 2 624.533813 202.800003
83716 1 411.600006 152.400009 2 406.855011 152.400009
93034 1 410.400024 27.360001 2 406.356171 27.360001
86555 1 529.920044 139.680008 2 525.118896 139.680008
92975 1 970.560059 228.960007 2 942.159668 228.960007
93015 1 963.360046 151.200012 2 941.439514 151.200012
92792 1 789.120056 325.440002 2 741.494812 325.440002
92950 1 722.880005 270.720001 2 693.167969 270.720001
91995 1 394.560028 89.280006 2 390.251831 89.280006
84158 1 339.840027 28.800001 2 335.612885 28.800001
92636 1 410.400024 152.639999 2 406.197876 152.639999
83301 1 533.952026 95.040009 2 529.455627 95.040009
93079 1 425.088043 34.560005 2 421.312103 34.560005
93185 1 1150.848145 77.76001 2 1144.099854 77.76001
92973 1 1069.63208 169.344009 2 1041.598633 169.344009
92626 1 1017.792114 98.49601 2 1011.376831 98.49601
92463 1 900.288086 198.720016 2 876.984131 198.720016
92317 1 756.864075 324.864044 2 708.85321 324.864044
92802 1 492.480042 311.040039 2 446.75174 311.040039
92791 1 566.784058 326.592041 2 518.281982 326.592041
89532 1 278.208038 105.408012 2 274.702057 105.408012
91924 1 192.844833 273.71524 2 151.487503 273.71524
91963 1 70.502411 66.355209 2 68.243546 66.355209
92780 1 599.270508 327.628845 2 549.403687 327.628845
92790 1 566.092896 327.628845 2 517.329773 327.628845
85930 1 49.766407 180.403229 2 46.4081 180.403229
92944 1 1078.272095 209.433624 2 1047.193359 209.433624
92432 1 1016.064148 178.32962 2 988.97229 178.32962
92915 1 852.249695 273.71524 2 818.451355 273.71524
86519 1 602.173523 171.694107 2 597.821838 171.694107
91962 1 49.766407 79.626251 2 47.89175 79.626251
92587 1 520.05896 213.995544 2 508.519653 213.995544
89961 1 699.218018 181.647385 2 690.856628 181.647385
91877 1 316.016693 313.528351 2 271.472687 313.528351
92887 1 915.701904 283.668518 2 878.300842 283.668518
91908 1 1074.954346 209.018906 2 1045.287598 209.018906
87001 1 171.694107 47.278088 2 168.761139 47.278088
87021 1 99.532814 144.322586 2 94.607147 144.322586
92367 1 1142.139038 233.902115 2 1107.922363 233.902115
92797 1 490.199097 311.040039 2 445.428864 311.040039
91519 1 883.85144 89.579536 2 863.97998 89.579536
91051 1 656.916626 206.032928 2 645.837463 206.032928
92368 1 1143.63208 235.892776 2 1108.571045 235.892776
92011 1 701.70636 179.159073 2 692.579224 179.159073
93018 1 731.566223 238.878769 2 710.85376 238.878769
90373 1 316.514374 313.528381 2 271.727844 313.528381
92510 1 934.613159 62.705677 2 913.24884 62.705677
91981 1 680.804504 140.341278 2 674.431335 140.341278
87613 1 364.290131 104.50946 2 359.839417 104.50946
92829 1 489.701477 310.542389 2 445.383148 310.542389
80132 1 627.056763 107.495445 2 622.359192 107.495445
92602 1 447.897705 171.992722 2 441.702576 171.992722
85896 1 852.797241 193.491806 2 831.392944 193.491806
68858 1 68.080452 68.080452 2 65.078522 68.080452
85961 1 71.663635 193.491806 2 69.300034 193.491806
91874 1 444.314514 304.570435 2 402.941498 304.570435
88365 1 949.543152 232.906799 2 919.900391 232.906799
