652
408.6653 -37.05716 176.6545 0.048060341632766 0.5846510792800094 -0.02992421765038366 0.8093070247173657
94216 1 627.0 78.0 2 622.334717 78.0
86098 1 141.0 25.0 2 138.766357 25.0
95527 1 600.0 55.0 2 594.917358 55.0
95379 1 792.000061 224.640015 2 768.458435 224.640015
95460 1 122.400002 45.600002 2 119.50499 45.600002
94898 1 334.800018 98.400002 2 330.262878 98.400002
94896 1 337.200012 138.0 2 332.331573 138.0
95569 1 609.600037 110.400002 2 604.779114 110.400002
95600 1 609.600037 100.800003 2 605.323181 100.800003
94900 1 584.400024 93.600006 2 579.062195 93.600006
94378 1 590.400024 32.400002 2 586.263 32.400002
94810 1 522.0 140.400009 2 516.32251 140.400009
95450 1 544.800049 88.800003 2 539.598572 88.800003
95532 1 526.0 100.0 2 520.544556 100.0
95430 1 643.200012 211.200012 2 632.68866 211.200012
94808 1 532.800049 207.600006 2 523.981567 207.600006
95578 1 601.200012 193.200012 2 596.627197 193.200012
95558 1 506.400024 117.600006 2 501.150177 117.600006
95561 1 369.600006 148.800003 2 364.557739 148.800003
95260 1 288.0 289.200012 2 246.113358 289.200012
94317 1 84.0 67.200005 2 82.339355 67.200005
86981 1 150.0 81.600006 2 147.423691 81.600006
94255 1 28.800001 130.800003 2 27.685886 130.800003
95441 1 138.0 134.400009 2 137.068695 134.400009
95410 1 874.800049 160.800003 2 853.932007 160.800003
91586 1 336.960022 69.120003 2 332.6698 69.120003
89869 1 574.559998 50.400002 2 570.002258 50.400002
91914 1 620.400024 46.800003 2 616.085266 46.800003
95240 1 1027.200073 250.800003 2 984.552124 250.800003
85374 1 609.119995 133.919998 2 604.279236 133.919998
93776 1 626.400024 141.12001 2 621.381958 141.12001
66217 1 109.440002 50.400002 2 106.1492 50.400002
92061 1 119.520004 40.32 2 116.626602 40.32
91575 1 603.360046 106.560005 2 598.956299 106.560005
86555 1 522.720032 139.680008 2 516.572388 139.680008
95154 1 1006.800049 313.200012 2 958.135315 313.200012
95370 1 792.000061 234.000015 2 769.996399 234.000015
95296 1 861.0 289.0 2 821.557739 289.0
95398 1 682.800049 250.800003 2 660.642212 250.800003
95242 1 698.0 310.0 2 655.118225 310.0
95466 1 727.200012 84.960007 2 719.864258 84.960007
93666 1 704.160034 180.0 2 694.210999 180.0
93043 1 499.680023 82.080002 2 494.525818 82.080002
88999 1 506.880005 118.080002 2 501.169556 118.080002
91917 1 545.76001 133.919998 2 540.444885 133.919998
94819 1 427.680023 96.480003 2 423.306274 96.480003
83716 1 390.240021 158.400009 2 384.649872 158.400009
95454 1 410.400024 180.0 2 401.287201 180.0
94968 1 421.920013 131.040009 2 416.412689 131.040009
95282 1 332.400024 300.0 2 292.718628 300.0
91456 1 243.360016 59.040001 2 239.290604 59.040001
93049 1 322.559998 152.639999 2 317.420929 152.639999
91498 1 46.080002 79.200005 2 44.050987 79.200005
85914 1 48.960003 60.480003 2 47.922768 60.480003
93036 1 145.440002 56.160004 2 142.41832 56.160004
95461 1 89.280006 119.520004 2 87.565315 119.520004
94231 1 28.800001 131.040009 2 27.564194 131.040009
87615 1 611.712036 60.480007 2 607.132385 60.480007
86400 1 580.320007 87.840004 2 575.483093 87.840004
93060 1 544.320007 87.840004 2 539.091736 87.840004
95428 1 523.584045 84.672005 2 518.386536 84.672005
91582 1 585.792053 91.584007 2 581.113892 91.584007
95201 1 493.920013 321.120026 2 449.093353 321.120026
94355 1 718.848083 191.808014 2 706.137207 191.808014
95268 1 608.400024 315.600006 2 566.31543 315.600006
95304 1 1091.52002 169.920013 2 1053.639771 169.920013
85380 1 146.88002 139.968018 2 145.092468 139.968018
85390 1 323.136017 152.064011 2 317.392609 152.064011
84949 1 226.368027 117.504013 2 221.538635 117.504013
92558 1 643.680054 211.680008 2 633.474487 211.680008
95368 1 437.76001 262.080017 2 413.405975 262.080017
95261 1 669.600037 308.400024 2 628.276978 308.400024
82712 1 546.048035 133.056015 2 540.790649 133.056015
95337 1 381.888031 267.840027 2 351.693695 267.840027
95377 1 792.000061 233.280014 2 768.912659 233.280014
94240 1 792.115295 223.948837 2 768.684448 223.948837
94243 1 782.784058 148.608017 2 773.675964 148.608017
94242 1 705.024048 179.712021 2 695.060364 179.712021
94800 1 897.120056 181.440002 2 872.572998 181.440002
81792 1 120.960014 41.472004 2 118.153168 41.472004
89569 1 463.104034 39.744003 2 458.464783 39.744003
89395 1 504.57605 186.624023 2 495.360565 186.624023
92636 1 390.528046 158.976013 2 384.850922 158.976013
95545 1 290.304016 48.384003 2 286.625977 48.384003
95208 1 1100.736084 238.46402 2 1054.916504 238.46402
84286 1 501.120056 82.944008 2 495.85611 82.944008
89032 1 498.240021 53.280003 2 492.223785 53.280003
84262 1 575.424072 50.112003 2 570.825989 50.112003
95258 1 554.688049 309.312042 2 513.540955 309.312042
95277 1 331.200012 300.960022 2 291.954529 300.960022
95299 1 1092.096069 169.344009 2 1054.563232 169.344009
95200 1 494.208038 321.40802 2 449.101379 321.40802
84946 1 311.040039 118.195213 2 306.228546 118.195213
94714 1 630.720032 317.952026 2 586.484131 317.952026
94672 1 1128.384155 93.312012 2 1081.32312 93.312012
95473 1 43.200005 179.712021 2 40.516823 179.712021
94334 1 89.16481 120.268814 2 87.041145 120.268814
95293 1 837.734497 290.304047 2 798.861267 290.304047
91954 1 44.928005 79.488007 2 43.333031 79.488007
94260 1 781.747314 151.372818 2 769.646057 151.372818
95417 1 836.352051 188.35202 2 816.319153 188.35202
92469 1 647.958679 143.327255 2 643.54248 143.327255
94259 1 705.024109 87.091209 2 698.90155 87.091209
95360 1 437.529663 261.273651 2 413.021179 261.273651
83792 1 605.491272 176.256027 2 601.142822 176.256027
95204 1 993.600098 304.128021 2 948.472351 304.128021
95289 1 914.112061 283.392029 2 875.217407 283.392029
92637 1 212.544022 101.952011 2 207.833054 101.952011
84281 1 244.68483 60.134407 2 240.435669 60.134407
95452 1 887.500916 91.238411 2 872.46637 91.238411
94857 1 634.521667 95.385612 2 627.681885 95.385612
93785 1 273.71524 78.796814 2 268.876648 78.796814
94860 1 145.152023 55.987209 2 142.33345 55.987209
94803 1 524.62085 259.200043 2 501.62619 259.200043
94935 1 503.884857 186.624023 2 494.408661 186.624023
94372 1 349.05603 70.848007 2 344.291077 70.848007
82259 1 501.811279 82.944016 2 497.881134 82.944016
83724 1 497.664062 53.568005 2 492.449463 53.568005
95340 1 926.208069 195.264023 2 897.063904 195.264023
95146 1 1029.600098 316.800018 2 979.622009 316.800018
95206 1 993.254517 304.819244 2 944.005005 304.819244
95313 1 895.795349 279.936035 2 859.592224 279.936035
93636 1 754.790527 302.745636 2 716.462708 302.745636
95564 1 684.288086 216.483871 2 671.332642 216.483871
93167 1 604.661865 174.182419 2 600.244202 174.182419
94870 1 719.124573 191.600662 2 705.844177 191.600662
95496 1 194.088989 164.229141 2 190.397156 164.229141
94246 1 620.00647 205.286423 2 613.037292 205.286423
92560 1 84.60289 64.696327 2 82.570793 64.696327
93825 1 442.921021 111.974419 2 437.441986 111.974419
95548 1 425.502777 94.556175 2 421.469421 94.556175
86974 1 420.526154 72.161293 2 416.584198 72.161293
95409 1 967.956604 111.974419 2 947.339355 111.974419
95257 1 1026.432129 250.90564 2 983.880188 250.90564
94187 1 1047.168091 199.065628 2 1008.895447 199.065628
84607 1 273.71524 77.137932 2 268.148346 77.137932
92500 1 534.988892 207.360031 2 525.451416 207.360031
82264 1 555.724854 91.238411 2 550.41394 91.238411
94965 1 350.85318 72.161293 2 346.221619 72.161293
91589 1 460.339264 189.11235 2 450.086121 189.11235
87895 1 430.479431 186.624023 2 420.67865 186.624023
90473 1 439.603271 143.078415 2 435.43042 143.078415
81743 1 525.035583 99.532814 2 521.005981 99.532814
76272 1 497.664062 57.231369 2 492.92453 57.231369
95286 1 330.048035 302.400024 2 290.761444 302.400024
94740 1 664.381531 311.040039 2 624.020203 311.040039
92038 1 83.607567 65.691658 2 82.07708 65.691658
95486 1 576.295044 247.836716 2 554.810852 247.836716
84565 1 561.365112 188.117035 2 553.732666 188.117035
93732 1 659.404907 181.647385 2 653.013245 181.647385
95407 1 696.729675 243.855392 2 672.730835 243.855392
94878 1 719.622253 191.103012 2 706.217224 191.103012
93762 1 149.299225 80.870415 2 146.890457 80.870415
94807 1 874.080017 161.279999 2 852.911255 161.279999
95247 1 1025.187988 251.320358 2 983.326599 251.320358
92452 1 486.715485 235.892776 2 472.442078 235.892776
95491 1 512.593994 186.624023 2 503.091553 186.624023
84579 1 367.276093 116.4534 2 361.641876 116.4534
92438 1 791.285889 223.948837 2 768.027222 223.948837
86101 1 537.477234 101.523476 2 532.01123 101.523476
87602 1 507.617371 110.48143 2 502.179901 110.48143
94956 1 474.771545 122.425369 2 468.920044 122.425369
95509 1 194.088989 164.229156 2 190.205551 164.229156
94841 1 328.458313 304.570435 2 289.990112 304.570435
95425 1 596.400024 133.200012 2 591.802307 133.200012
94805 1 525.035583 258.785309 2 502.4422 258.785309
95269 1 848.517212 298.59845 2 807.276245 298.59845
95264 1 753.96106 303.575073 2 715.450134 303.575073
95540 1 1080.926392 98.537491 2 1033.348755 98.537491
95223 1 970.445007 301.584442 2 925.05426 301.584442
95405 1 924.460876 128.994537 2 905.01593 128.994537
89921 1 250.822708 104.50946 2 246.168793 104.50946
95414 1 870.713135 161.243179 2 850.108337 161.243179
79580 1 634.223145 96.745903 2 627.313232 96.745903
94953 1 656.916626 71.663628 2 646.123596 71.663628
94312 1 472.97998 121.828178 2 467.967743 121.828178
94335 1 680.804504 214.990891 2 668.481934 214.990891
91516 1 634.223145 218.574081 2 622.458191 218.574081
93178 1 487.710785 233.902115 2 473.075012 233.902115
95522 1 523.144531 197.074982 2 516.2005 197.074982
93148 1 295.612457 101.523476 2 292.004395 101.523476
81124 1 537.477234 103.91227 2 532.496033 103.91227
88044 1 508.811798 111.078629 2 503.173431 111.078629
84250 1 505.228607 186.325439 2 494.903442 186.325439
95556 1 544.643616 132.577713 2 538.061523 132.577713
83796 1 558.976318 103.91227 2 552.999573 103.91227
93729 1 125.411354 104.50946 2 123.814728 104.50946
84956 1 235.008026 150.336014 2 229.721909 150.336014
94296 1 82.413177 207.824539 2 78.94606 207.824539
86048 1 559.87207 189.11235 2 554.656372 189.11235
94806 1 525.533264 259.78067 2 502.948181 259.78067
91934 1 618.098816 206.032928 2 610.091675 206.032928
94749 1 836.075684 292.626495 2 796.897949 292.626495
94179 1 771.379333 293.621796 2 732.341187 293.621796
95438 1 46.0 80.0 2 44.555321 80.0
93034 1 390.0 20.0 2 385.097473 20.0
92557 1 567.0 47.0 2 562.591492 47.0
95311 1 1001.0 222.0 2 964.764465 222.0
91996 1 314.400024 27.6 2 309.515869 27.6
95222 1 1042.800049 254.400009 2 998.269165 254.400009
93041 1 547.200012 134.400009 2 541.390991 134.400009
94368 1 555.600037 31.200001 2 551.039612 31.200001
94811 1 612.0 61.200001 2 607.215576 61.200001
95531 1 592.800049 76.800003 2 588.417664 76.800003
93045 1 564.0 90.0 2 559.351624 90.0
95097 1 1191.600098 274.800018 2 1136.960693 274.800018
95184 1 1179.360107 208.800003 2 1132.182373 208.800003
95189 1 1157.76001 214.560013 2 1111.213379 214.560013
95141 1 1156.320068 250.560013 2 1106.643066 250.560013
84158 1 313.920013 27.360001 2 309.158264 27.360001
95279 1 912.960022 283.680023 2 874.675415 283.680023
86554 1 336.960022 138.240005 2 332.416016 138.240005
95116 1 1131.840088 267.839996 2 1079.944458 267.839996
95111 1 1157.76001 272.160004 2 1105.515991 272.160004
95303 1 1167.840088 95.040001 2 1130.810791 95.040001
95262 1 1196.640015 131.040009 2 1157.560913 131.040009
95140 1 730.080017 332.640015 2 681.477234 332.640015
95205 1 393.120026 326.880005 2 347.297729 326.880005
92606 1 610.559998 60.480003 2 606.081848 60.480003
91590 1 181.440002 30.240002 2 177.529541 30.240002
82363 1 620.352051 96.768005 2 615.621582 96.768005
95373 1 872.640076 188.35202 2 848.510254 188.35202
94721 1 1197.50415 131.328018 2 1156.677246 131.328018
95091 1 1085.184082 330.048035 2 1030.194824 330.048035
95125 1 1133.568115 267.840027 2 1082.637939 267.840027
94631 1 1159.488159 273.024017 2 1107.27478 273.024017
86000 1 235.008026 77.76001 2 230.176453 77.76001
95478 1 86.400009 103.680008 2 84.480606 103.680008
95109 1 1041.984131 326.592041 2 988.265198 326.592041
95101 1 986.68811 331.776031 2 931.933777 331.776031
95381 1 772.416077 243.648026 2 750.832947 243.648026
94728 1 1026.432129 250.560028 2 984.468689 250.560028
84553 1 440.640045 141.696014 2 435.80719 141.696014
93692 1 139.968018 69.12001 2 136.986221 69.12001
85903 1 369.792023 88.128006 2 364.455719 88.128006
91509 1 348.364838 188.697632 2 343.120483 188.697632
95118 1 199.065628 321.408051 2 147.675552 321.408051
95314 1 1090.713745 170.035217 2 1054.185181 170.035217
95147 1 1115.596924 265.420837 2 1065.097046 265.420837
92048 1 588.902466 118.195213 2 583.273865 118.195213
94686 1 634.521667 323.481659 2 590.285522 323.481659
95123 1 1038.873779 325.555237 2 987.596252 325.555237
95108 1 987.033752 331.776062 2 932.18988 331.776062
95170 1 282.009644 323.481659 2 235.403992 323.481659
94869 1 234.316833 95.385612 2 229.04306 95.385612
95121 1 854.323303 325.555237 2 803.30481 325.555237
94131 1 1132.185791 47.278088 2 1085.244751 47.278088
95453 1 746.496094 176.256027 2 734.542908 176.256027
95131 1 1138.406616 259.200043 2 1087.485596 259.200043
94134 1 1157.06897 213.995544 2 1110.633667 213.995544
94328 1 391.910461 51.840008 2 386.787292 51.840008
89014 1 194.088989 47.278088 2 189.77272 47.278088
94695 1 634.521667 323.481659 2 589.083008 323.481659
94913 1 457.850952 318.505005 2 413.991577 318.505005
92468 1 791.285889 223.948837 2 768.235474 223.948837
95477 1 888.330383 89.579529 2 873.087585 89.579529
93734 1 368.271423 87.091209 2 363.142487 87.091209
81166 1 589.731934 92.067856 2 584.226196 92.067856
95506 1 403.10791 149.299225 2 398.159058 149.299225
84957 1 325.969971 124.416016 2 321.324799 124.416016
95271 1 609.638489 316.016693 2 565.960388 316.016693
94147 1 490.199097 320.993317 2 445.49176 320.993317
94176 1 773.369995 295.612457 2 732.877991 295.612457
86545 1 131.383316 56.733707 2 128.959915 56.733707
91935 1 537.477234 209.018921 2 528.161682 209.018921
93712 1 698.720398 137.355286 2 690.560608 137.355286
93680 1 1003.290833 223.948837 2 967.288574 223.948837
94960 1 525.533264 77.635597 2 520.192993 77.635597
93787 1 588.238953 119.439384 2 582.875244 119.439384
94377 1 419.232239 71.663635 2 416.616119 71.663635
94342 1 680.804504 214.990891 2 668.751038 214.990891
95164 1 1125.119019 96.745903 2 1077.581787 96.745903
92546 1 232.906799 150.493622 2 227.618805 150.493622
94785 1 107.495445 247.239532 2 80.114113 247.239532
92486 1 576.892212 247.239532 2 555.25293 247.239532
91061 1 562.559509 189.90863 2 554.902771 189.90863
92620 1 472.97998 132.577713 2 468.36618 132.577713
95328 1 207.824539 247.239532 2 175.54715 247.239532
94285 1 867.129944 161.243179 2 849.822876 161.243179
95161 1 1171.700439 232.906799 2 1123.991943 232.906799
94662 1 1160.950806 211.407715 2 1113.459717 211.407715
95162 1 1114.369507 250.822708 2 1065.702759 250.822708
95265 1 1089.287231 214.990891 2 1047.268921 214.990891
94367 1 429.981781 189.90863 2 422.571167 189.90863
94286 1 490.895874 232.906799 2 474.68988 232.906799
84683 1 336.819061 139.74408 2 333.779694 139.74408
94729 1 150.493622 286.654541 2 107.210899 286.654541
95351 1 164.826355 240.073166 2 137.115936 240.073166
94876 1 329.65271 304.570435 2 290.292206 304.570435
95389 1 526.727722 257.989075 2 504.196411 257.989075
95530 1 648.555847 143.327271 2 644.436401 143.327271
94734 1 838.464478 290.237701 2 800.105408 290.237701
93628 1 773.967224 293.820892 2 734.512024 293.820892
95363 1 867.129944 200.658173 2 842.462097 200.658173
