664
418.7969 -38.08222 179.9864 0.042686098900398185 0.583329957851501 -0.025317312709346004 0.8107176394471806
97931 1 1070.0 197.0 2 1027.740356 197.0
97996 1 950.0 211.0 2 914.108154 211.0
98008 1 956.0 203.0 2 920.666931 203.0
98126 1 858.0 117.0 2 837.513855 117.0
97968 1 1020.0 191.0 2 981.681091 191.0
97551 1 303.0 89.0 2 298.699066 89.0
97806 1 1038.0 334.0 2 977.442749 334.0
98113 1 860.0 190.0 2 834.901184 190.0
98130 1 673.0 235.0 2 652.874451 235.0
98099 1 326.0 232.0 2 298.090881 232.0
97690 1 73.0 144.0 2 70.87101 144.0
97550 1 595.0 123.0 2 589.75708 123.0
97037 1 632.400024 124.800003 2 626.552246 124.800003
97044 1 378.0 135.600006 2 372.078461 135.600006
97730 1 426.000031 48.0 2 420.570709 48.0
96011 1 264.0 97.200005 2 258.027832 97.200005
97566 1 270.0 32.400002 2 264.368011 32.400002
96010 1 182.400009 90.0 2 177.616638 90.0
97946 1 1052.0 191.0 2 1011.551208 191.0
97553 1 512.0 122.0 2 504.85611 122.0
97053 1 296.400024 58.800003 2 291.036407 58.800003
97027 1 483.600006 52.800003 2 476.851898 52.800003
96020 1 529.200012 26.400002 2 522.585327 26.400002
97043 1 556.800049 94.800003 2 550.136353 94.800003
97941 1 1018.0 213.0 2 977.014282 213.0
97954 1 1006.800049 212.400009 2 967.269958 212.400009
97572 1 547.200012 34.800003 2 541.65033 34.800003
97695 1 615.600037 33.600002 2 610.403076 33.600002
97843 1 1066.800049 312.0 2 1013.895447 312.0
97970 1 949.0 231.0 2 910.898682 231.0
97934 1 991.0 231.0 2 949.334839 231.0
97898 1 951.0 300.0 2 903.927612 300.0
97840 1 976.0 316.0 2 922.832764 316.0
98056 1 827.0 255.0 2 795.668579 255.0
98116 1 859.200012 189.600006 2 834.414062 189.600006
97885 1 796.0 304.0 2 747.925049 304.0
97963 1 890.0 278.0 2 851.396423 278.0
98120 1 673.200012 234.000015 2 651.69104 234.000015
98143 1 709.0 213.0 2 689.764465 213.0
98059 1 633.0 273.0 2 601.893188 273.0
97864 1 738.0 326.0 2 687.587585 326.0
98090 1 888.0 185.0 2 859.337341 185.0
97557 1 732.0 128.400009 2 722.005371 128.400009
98094 1 517.0 264.0 2 488.790009 264.0
98106 1 604.800049 258.0 2 578.12207 258.0
97890 1 590.400024 314.400024 2 542.692688 314.400024
98097 1 437.0 266.0 2 408.928894 266.0
97559 1 445.0 191.0 2 430.751068 191.0
98092 1 326.400024 231.600006 2 298.110413 231.600006
97738 1 483.840027 53.280003 2 476.792084 53.280003
97056 1 537.119995 61.920002 2 531.091309 61.920002
97601 1 547.200012 34.560001 2 541.63269 34.560001
97998 1 1018.800049 174.0 2 983.023621 174.0
97940 1 1016.640015 211.680008 2 975.630005 211.680008
97964 1 1020.000061 190.800003 2 981.453857 190.800003
94810 1 511.200012 121.200005 2 504.302063 121.200005
97568 1 509.76001 92.160004 2 503.327209 92.160004
97573 1 652.320007 87.840004 2 646.443176 87.840004
94898 1 293.76001 74.880005 2 288.260925 74.880005
93122 1 614.880005 48.960003 2 609.581482 48.960003
92606 1 614.880005 33.120003 2 609.740662 33.120003
92447 1 599.040039 72.0 2 593.300293 72.0
97914 1 1036.800049 236.400009 2 991.49292 236.400009
97947 1 1051.200073 190.800003 2 1010.762634 190.800003
97882 1 1036.0 293.0 2 987.829163 293.0
97810 1 1122.0 325.200012 2 1061.942261 325.200012
97935 1 991.200012 231.600006 2 949.561462 231.600006
97845 1 975.600037 315.600006 2 922.789612 315.600006
97984 1 1048.320068 164.160004 2 1011.285889 164.160004
98028 1 1036.800049 142.800003 2 1002.864014 142.800003
98055 1 826.800049 254.400009 2 795.264587 254.400009
98010 1 864.000061 267.600006 2 828.749329 267.600006
98127 1 672.480042 234.720016 2 652.134705 234.720016
98086 1 645.600037 261.600006 2 616.623413 261.600006
97604 1 659.52002 213.12001 2 645.439758 213.12001
98062 1 753.600037 262.800018 2 722.709229 262.800018
97574 1 705.600037 211.680008 2 691.550354 211.680008
98069 1 632.160034 272.160004 2 601.488159 272.160004
98183 1 871.200012 131.040009 2 851.24353 131.040009
98131 1 856.800049 116.640007 2 836.735657 116.640007
97579 1 731.52002 128.160004 2 721.22229 128.160004
97975 1 532.800049 283.200012 2 495.123383 283.200012
97889 1 591.0 315.0 2 543.21106 315.0
98038 1 612.0 276.0 2 578.796265 276.0
97698 1 443.52002 190.080002 2 430.001678 190.080002
97558 1 396.000031 270.0 2 365.760132 270.0
97853 1 483.600006 328.800018 2 431.753204 328.800018
97943 1 436.800018 306.0 2 395.92099 306.0
88999 1 491.040009 95.040001 2 483.863831 95.040001
93669 1 555.840027 180.0 2 549.517029 180.0
98095 1 326.880005 231.840012 2 298.684692 231.840012
97899 1 292.800018 307.200012 2 245.796127 307.200012
97046 1 191.520004 30.240002 2 186.158218 30.240002
97588 1 60.480003 43.200001 2 59.091133 43.200001
90060 1 162.720001 135.360001 2 158.005646 135.360001
91582 1 584.75531 68.42881 2 579.301025 68.42881
97621 1 613.440063 48.384003 2 608.561707 48.384003
97752 1 575.424072 96.768005 2 569.45459 96.768005
97875 1 1035.359985 292.320007 2 986.694092 292.320007
98032 1 718.560059 270.720001 2 684.954712 270.720001
97894 1 507.0 316.0 2 459.66568 316.0
98073 1 517.200012 264.0 2 487.015533 264.0
98084 1 502.848053 266.11203 2 473.501831 266.11203
97891 1 795.600037 303.600006 2 747.949585 303.600006
98006 1 786.240051 269.279999 2 750.827637 269.279999
98104 1 564.480042 253.440002 2 537.201477 253.440002
96502 1 896.832092 221.184021 2 863.923767 221.184021
97528 1 830.880005 208.800003 2 805.977722 208.800003
97453 1 321.40802 305.856018 2 282.226898 305.856018
97888 1 588.960022 313.920013 2 541.05957 313.920013
98036 1 610.559998 276.480011 2 577.266541 276.480011
98007 1 581.76001 279.360016 2 546.356873 279.360016
98050 1 733.0 259.0 2 701.055115 259.0
96022 1 442.368042 190.080017 2 429.171448 190.080017
97855 1 877.824097 311.040039 2 826.53418 311.040039
98015 1 861.120056 266.400024 2 826.190613 266.400024
96527 1 603.072083 184.896011 2 598.649536 184.896011
87894 1 556.416077 179.712021 2 549.596069 179.712021
96145 1 596.160034 122.688011 2 590.414917 122.688011
98001 1 954.720032 201.600006 2 919.091553 201.600006
98052 1 900.000061 221.76001 2 868.26062 221.76001
97075 1 107.136009 150.336014 2 105.033173 150.336014
97705 1 311.040039 179.712021 2 304.99881 179.712021
86554 1 295.488037 120.960014 2 289.772797 120.960014
93049 1 279.360016 136.800003 2 273.139435 136.800003
97616 1 72.576004 145.152008 2 70.816635 145.152008
97577 1 750.240051 168.480011 2 735.128052 168.480011
97628 1 672.192078 184.896011 2 664.702942 184.896011
97606 1 658.368042 131.328018 2 653.572205 131.328018
97014 1 887.040039 184.320007 2 859.260803 184.320007
90503 1 451.008057 114.048012 2 446.224457 114.048012
97608 1 487.296051 188.35202 2 474.132446 188.35202
93041 1 537.0625 114.048019 2 530.972778 114.048019
86555 1 509.76001 122.400002 2 502.481934 122.400002
94390 1 171.072021 98.49601 2 165.221191 98.49601
86000 1 179.712021 51.840004 2 174.553223 51.840004
95433 1 345.600037 169.344009 2 333.858215 169.344009
92636 1 359.424042 145.152008 2 353.613739 145.152008
97458 1 990.144104 207.360016 2 951.536316 207.360016
93692 1 98.49601 53.568005 2 96.713524 53.568005
97986 1 1048.896118 164.160019 2 1012.110901 164.160019
98037 1 1035.359985 142.560013 2 1002.106873 142.560013
96634 1 335.232025 63.936005 2 329.111542 63.936005
97605 1 867.456055 91.584007 2 850.29248 91.584007
97769 1 513.216064 62.208008 2 506.58075 62.208008
97564 1 309.600006 44.640003 2 303.891327 44.640003
97923 1 285.120026 302.400024 2 241.550797 302.400024
97908 1 241.0 288.0 2 194.99086 288.0
98103 1 606.528076 257.472015 2 579.116943 257.472015
97634 1 549.504089 196.992035 2 539.780212 196.992035
98110 1 124.416016 221.875229 2 98.081078 221.875229
98021 1 782.784058 267.840027 2 748.578918 267.840027
97929 1 456.192047 305.856018 2 413.460632 305.856018
98083 1 475.200043 271.296021 2 445.844971 271.296021
98115 1 831.168091 209.088013 2 806.293091 209.088013
96525 1 394.149963 268.738617 2 367.047394 268.738617
97989 1 585.792053 279.936035 2 549.303467 279.936035
96956 1 946.944092 298.944031 2 900.847168 298.944031
97902 1 505.440033 315.360016 2 458.608734 315.360016
98053 1 514.944031 264.384033 2 483.309906 264.384033
97010 1 642.816101 261.273651 2 615.228821 261.273651
97500 1 732.0 258.0 2 701.398621 258.0
98091 1 328.320038 231.552017 2 299.773926 231.552017
98082 1 305.279999 217.440002 2 275.846436 217.440002
98048 1 783.820923 259.200043 2 751.856812 259.200043
98146 1 783.820923 196.992035 2 764.785339 196.992035
95578 1 603.417664 184.55043 2 598.05896 184.55043
98016 1 860.544067 266.11203 2 825.709534 266.11203
96104 1 750.643311 167.961624 2 735.043274 167.961624
97874 1 1082.880005 221.76001 2 1034.056763 221.76001
96056 1 72.576012 145.152023 2 70.628815 145.152023
84945 1 321.408051 118.195213 2 315.082306 118.195213
85390 1 275.904999 136.160904 2 270.146545 136.160904
97643 1 727.833679 85.017609 2 718.911743 85.017609
97625 1 487.296082 188.697632 2 474.105286 188.697632
97764 1 205.286423 109.900818 2 198.567429 109.900818
96560 1 246.758438 72.576012 2 241.251068 72.576012
97016 1 886.464111 184.896011 2 859.614624 184.896011
98124 1 888.480042 125.280006 2 867.86792 125.280006
96543 1 857.088074 117.504013 2 837.56897 117.504013
97092 1 671.846497 184.55043 2 664.044617 184.55043
96021 1 659.404907 132.710419 2 653.433777 132.710419
97985 1 999.360046 177.12001 2 962.535889 177.12001
86530 1 170.035217 97.459213 2 163.952454 97.459213
94857 1 644.889709 60.134407 2 637.108337 60.134407
97967 1 989.107361 207.360031 2 950.771545 207.360031
95478 1 55.987209 89.16481 2 54.171585 89.16481
97645 1 62.208008 43.545605 2 59.958134 43.545605
97971 1 1049.241699 163.814423 2 1011.235901 163.814423
98024 1 1036.800171 143.078415 2 1002.652954 143.078415
97911 1 1038.528076 236.736023 2 992.903076 236.736023
85903 1 333.84964 62.208008 2 327.747681 62.208008
97570 1 783.360046 72.0 2 774.112976 72.0
83301 1 512.17926 62.208008 2 506.349304 62.208008
78077 1 597.196899 72.576012 2 591.902527 72.576012
94372 1 311.040039 45.619205 2 305.130219 45.619205
98125 1 1020.211365 85.017609 2 999.612671 85.017609
98151 1 736.128113 223.948837 2 717.634338 223.948837
97883 1 589.248047 314.496033 2 541.132446 314.496033
98003 1 609.638489 277.862427 2 574.072693 277.862427
97488 1 582.681702 279.936035 2 548.079285 279.936035
97884 1 504.57605 316.22403 2 456.488159 316.22403
97945 1 306.063416 286.15683 2 265.469421 286.15683
98046 1 937.267334 199.065628 2 904.894409 199.065628
90464 1 604.800049 188.35202 2 599.450073 188.35202
96618 1 554.895447 131.880981 2 549.761047 131.880981
97920 1 879.206543 290.304047 2 834.973938 290.304047
98009 1 862.272095 267.840027 2 827.004333 267.840027
98020 1 837.734497 265.420837 2 803.143311 265.420837
97089 1 69.672974 159.252502 2 67.635475 159.252502
96076 1 72.161293 146.810898 2 70.219727 146.810898
97983 1 1000.512085 176.256012 2 963.476929 176.256012
97990 1 1055.047852 151.787537 2 1018.568726 151.787537
98022 1 1035.141235 141.834259 2 1000.9375 141.834259
94334 1 59.719688 109.486099 2 57.931492 109.486099
97464 1 987.863159 209.018906 2 950.225586 209.018906
97474 1 979.776123 186.624023 2 944.176147 186.624023
97778 1 472.780853 156.764175 2 459.623291 156.764175
88028 1 204.042267 109.486099 2 197.934631 109.486099
93785 1 228.096039 53.913609 2 221.693359 53.913609
97647 1 373.248047 169.20578 2 360.402222 169.20578
97917 1 1036.800171 236.390427 2 992.06781 236.390427
82712 1 537.477173 111.974419 2 529.839783 111.974419
97926 1 284.083252 302.745636 2 241.045334 302.745636
97426 1 454.118469 306.892853 2 409.30368 306.892853
97015 1 605.491272 257.126434 2 578.266357 257.126434
97635 1 497.664062 196.577301 2 485.812317 196.577301
98119 1 829.440125 209.433624 2 805.279541 209.433624
98145 1 783.820923 196.577301 2 764.639465 196.577301
98102 1 604.661865 256.296997 2 577.249878 256.296997
97995 1 582.266968 281.180206 2 546.112976 281.180206
97720 1 637.01001 186.624023 2 629.674744 186.624023
79515 1 659.404907 131.880981 2 653.136963 131.880981
97520 1 885.842041 184.135712 2 859.642212 184.135712
98045 1 980.812927 172.108826 2 948.049988 172.108826
93712 1 724.101196 116.951057 2 714.635681 116.951057
97662 1 71.663628 158.257187 2 68.270805 158.257187
98153 1 662.88855 229.920807 2 644.7146 229.920807
96577 1 113.467415 62.705677 2 111.912056 62.705677
96057 1 781.332581 69.672974 2 772.501892 69.672974
97160 1 295.612457 122.425369 2 290.950073 122.425369
97644 1 806.21582 171.694107 2 786.039978 171.694107
97105 1 426.995789 143.327255 2 421.517639 143.327255
95548 1 403.10791 72.161293 2 398.973846 72.161293
97961 1 953.026672 231.413788 2 914.280334 231.413788
93787 1 588.238953 98.537491 2 581.788513 98.537491
97660 1 577.290344 94.556175 2 571.35553 94.556175
81166 1 588.238953 62.705677 2 582.897217 62.705677
94371 1 331.444275 95.551506 2 324.891907 95.551506
93734 1 331.444275 62.705677 2 325.89328 62.705677
97657 1 292.626495 83.607567 2 286.412323 83.607567
81743 1 513.589355 74.649612 2 508.339355 74.649612
97912 1 1037.629639 236.390427 2 992.026062 236.390427
84956 1 176.173096 134.369308 2 171.898285 134.369308
97430 1 283.668518 301.086761 2 239.703125 301.086761
96153 1 603.168884 185.131042 2 598.631531 185.131042
97650 1 498.659424 194.088989 2 486.746185 194.088989
98098 1 641.986633 261.273651 2 614.006836 261.273651
98149 1 734.552185 223.948837 2 715.999512 223.948837
96986 1 855.982178 266.250275 2 821.96521 266.250275
98122 1 920.678528 111.974419 2 899.832764 111.974419
97651 1 665.874573 214.990891 2 651.033142 214.990891
97641 1 627.056763 200.060959 2 616.859802 200.060959
97101 1 103.91227 89.579544 2 101.696793 89.579544
95505 1 483.729523 179.159088 2 472.61087 179.159088
97918 1 1083.912354 220.96286 2 1039.53894 220.96286
93148 1 247.239532 75.246811 2 242.490356 75.246811
98147 1 885.045837 121.828178 2 866.055725 121.828178
98133 1 859.963562 114.661812 2 840.058777 114.661812
84991 1 164.826355 93.16272 2 159.16922 93.16272
84203 1 397.135956 143.327255 2 392.693054 143.327255
97669 1 358.318176 143.327271 2 350.761536 143.327271
97411 1 1030.164673 244.850739 2 983.964722 244.850739
97924 1 1045.094604 212.004898 2 1001.708679 212.004898
91573 1 404.899536 71.663635 2 399.416138 71.663635
97982 1 952.529053 229.920807 2 915.400391 229.920807
98000 1 955.515076 200.060959 2 919.86377 200.060959
97999 1 1013.99054 174.182419 2 978.265381 174.182419
97746 1 623.473572 71.663635 2 618.053894 71.663635
84683 1 297.404083 121.828178 2 291.726837 121.828178
87613 1 293.820892 85.996361 2 287.078156 85.996361
84977 1 179.159088 136.160904 2 173.965851 136.160904
83780 1 605.557678 186.325439 2 599.353638 186.325439
97122 1 501.645416 193.491806 2 488.877563 193.491806
98137 1 877.879517 128.994537 2 858.190552 128.994537
97711 1 632.033386 268.738586 2 599.881409 268.738586
97637 1 736.542847 223.948837 2 718.260193 223.948837
98144 1 788.299927 197.074982 2 769.065979 197.074982
97432 1 883.353699 291.133484 2 838.908569 291.133484
97521 1 886.800049 184.800003 2 859.579529 184.800003
96658 1 358.560028 46.080002 2 352.588226 46.080002
96144 1 279.360016 89.280006 2 272.924988 89.280006
97135 1 527.040039 84.960007 2 519.737915 84.960007
97063 1 593.280029 50.400002 2 588.044739 50.400002
93677 1 586.080017 27.360001 2 580.238037 27.360001
92443 1 303.840027 89.280006 2 298.181824 89.280006
95600 1 613.440002 77.760002 2 608.227356 77.760002
97327 1 1208.160034 270.720001 2 1142.623169 270.720001
96922 1 825.120056 325.440002 2 770.567627 325.440002
97397 1 737.280029 325.440002 2 686.721191 325.440002
97580 1 488.160034 187.200012 2 474.766663 187.200012
97451 1 338.400024 303.840027 2 298.338623 303.840027
97444 1 456.480011 305.279999 2 414.379791 305.279999
96607 1 407.52002 74.880005 2 402.960236 74.880005
96050 1 509.76004 122.688011 2 502.607574 122.688011
90499 1 558.144043 95.040009 2 550.793091 95.040009
87615 1 615.16803 32.832005 2 609.939941 32.832005
96034 1 584.064026 69.12001 2 578.868896 69.12001
97403 1 736.128052 326.592041 2 685.833313 326.592041
97389 1 696.384094 324.864044 2 646.544678 324.864044
97314 1 1156.032104 324.864044 2 1087.893311 324.864044
96880 1 1207.87207 271.296021 2 1143.134644 271.296021
97505 1 732.672058 257.472015 2 700.043335 257.472015
97740 1 430.272034 145.152008 2 424.7677 145.152008
97596 1 309.312042 44.928005 2 303.742004 44.928005
96937 1 744.422485 319.334442 2 696.434875 319.334442
97436 1 630.374512 308.966431 2 586.219543 308.966431
97527 1 561.945679 252.979233 2 536.559143 252.979233
97507 1 458.265656 271.641632 2 429.196838 271.641632
96861 1 1154.995361 325.555237 2 1088.08728 325.555237
85380 1 114.048019 128.563217 2 111.702522 128.563217
97446 1 1161.216187 116.121613 2 1121.071045 116.121613
95454 1 346.29126 170.035217 2 334.351562 170.035217
95468 1 781.747314 70.502411 2 773.122742 70.502411
84946 1 265.420837 97.459213 2 259.238831 97.459213
97618 1 576.460876 95.385612 2 569.867004 95.385612
86400 1 580.608093 64.281609 2 573.92157 64.281609
82709 1 597.196899 124.416016 2 591.602478 124.416016
96940 1 1169.51062 186.624023 2 1118.654907 186.624023
94259 1 736.542847 52.254726 2 727.131042 52.254726
97654 1 460.339264 47.278088 2 453.711395 47.278088
96912 1 828.610657 325.969971 2 772.293457 325.969971
97542 1 933.120117 121.927696 2 912.8396 121.927696
96957 1 945.561707 298.59845 2 899.543823 298.59845
94956 1 456.855652 101.523476 2 451.364624 101.523476
89921 1 200.060959 83.607567 2 194.279724 83.607567
96118 1 644.972656 59.719692 2 637.765991 59.719692
83737 1 403.10791 71.663628 2 399.118835 71.663628
96978 1 988.360901 209.018921 2 950.652832 209.018921
96541 1 397.135956 268.738617 2 367.258453 268.738617
97639 1 934.613159 122.425369 2 913.203735 122.425369
96420 1 1153.784424 293.820892 2 1085.420654 293.820892
93825 1 419.232239 93.16272 2 414.019501 93.16272
91934 1 627.056763 200.658173 2 616.831238 200.658173
97469 1 1003.290833 182.742264 2 966.578125 182.742264
94923 1 311.736786 179.159088 2 303.85672 179.159088
96989 1 956.709473 200.658173 2 920.523682 200.658173
97113 1 763.217712 96.745903 2 750.338989 96.745903
97668 1 372.650879 168.409531 2 360.854095 168.409531
97679 1 469.39679 139.74408 2 456.561249 139.74408
97667 1 662.888611 100.329086 2 654.270386 100.329086
97457 1 988.95813 207.824539 2 951.409546 207.824539
95556 1 537.477234 111.078629 2 528.785217 111.078629
96959 1 286.654541 304.570435 2 241.747833 304.570435
96507 1 634.223145 265.155426 2 601.690308 265.155426
96055 1 730.969055 222.157257 2 713.094421 222.157257
97539 1 935.210388 121.828178 2 913.640076 121.828178
97390 1 1168.117188 186.325439 2 1119.512817 186.325439
