668
421.9594 -38.37484 180.9889 0.04272286695719355 0.5851476026092733 -0.023306463135693564 0.8094651620518837
98468 1 1066.0 219.0 2 1017.875671 219.0
98684 1 922.0 120.0 2 898.80957 120.0
98683 1 859.0 171.0 2 835.676392 171.0
98703 1 839.0 174.0 2 817.299011 174.0
98714 1 902.0 58.0 2 881.17157 58.0
98295 1 288.0 115.0 2 281.708282 115.0
98720 1 947.0 94.0 2 926.380127 94.0
98656 1 991.0 96.0 2 963.942871 96.0
98662 1 769.0 233.0 2 743.991638 233.0
98495 1 638.0 309.0 2 592.134033 309.0
98589 1 714.0 279.0 2 678.350647 279.0
98702 1 445.0 239.0 2 423.249908 239.0
98455 1 468.0 325.0 2 418.267242 325.0
97690 1 56.0 143.0 2 54.405499 143.0
97044 1 363.0 133.0 2 356.802368 133.0
98710 1 829.200012 170.400009 2 808.162537 170.400009
97725 1 204.000015 43.200001 2 197.73024 43.200001
98466 1 1065.600098 218.400009 2 1017.176941 218.400009
95529 1 611.0 104.0 2 604.933777 104.0
95425 1 594.0 110.400002 2 588.202087 110.400002
98431 1 1106.0 212.0 2 1054.701538 212.0
97553 1 501.600006 116.400002 2 494.402313 116.400002
97037 1 628.800049 121.200005 2 623.308533 121.200005
98681 1 859.200012 170.400009 2 835.699158 170.400009
97035 1 483.600006 32.400002 2 476.551483 32.400002
97551 1 282.0 82.800003 2 275.776306 82.800003
94900 1 579.600037 62.400002 2 573.471741 62.400002
98257 1 610.800049 84.0 2 604.530884 84.0
98262 1 562.800049 46.800003 2 555.33136 46.800003
98437 1 1061.0 237.0 2 1010.107422 237.0
98423 1 1150.800049 195.600006 2 1098.73938 195.600006
98604 1 967.0 185.0 2 932.787292 185.0
98629 1 926.0 191.0 2 893.985291 191.0
98518 1 994.800049 232.800003 2 951.015625 232.800003
98421 1 979.0 307.0 2 926.7099 307.0
98693 1 1118.400024 70.800003 2 1095.786133 70.800003
98587 1 1104.0 106.800003 2 1068.22876 106.800003
98569 1 1120.800049 117.600006 2 1083.249268 117.600006
98605 1 1008.000061 154.800003 2 973.839661 154.800003
98627 1 829.0 254.0 2 796.909668 254.0
98666 1 769.200012 232.800003 2 744.821228 232.800003
98637 1 890.0 216.0 2 859.164124 216.0
98537 1 774.0 286.0 2 732.598938 286.0
98471 1 867.0 298.0 2 819.033936 298.0
98661 1 685.0 246.0 2 659.767334 246.0
98540 1 684.0 296.0 2 642.788757 296.0
98158 1 764.0 55.0 2 753.903748 55.0
98650 1 606.0 254.0 2 578.219482 254.0
98434 1 498.0 328.0 2 447.015259 328.0
98585 1 533.0 279.0 2 497.147339 279.0
98549 1 486.0 293.0 2 446.131104 293.0
98484 1 594.0 319.0 2 547.134216 319.0
98590 1 599.0 281.0 2 563.382568 281.0
98698 1 445.200012 236.400009 2 422.989166 236.400009
97559 1 420.000031 190.800003 2 404.116302 190.800003
98527 1 457.200012 298.800018 2 414.954254 298.800018
98566 1 460.0 297.0 2 421.842224 297.0
98174 1 549.600037 178.800003 2 542.850525 178.800003
97027 1 472.800018 44.400002 2 465.08136 44.400002
94932 1 440.400024 109.200005 2 434.448029 109.200005
98175 1 432.000031 102.000008 2 426.235565 102.000008
98500 1 271.0 306.0 2 225.451965 306.0
96531 1 180.0 102.000008 2 173.862671 102.000008
96010 1 156.0 84.0 2 150.488022 84.0
98156 1 165.600006 22.800001 2 160.136887 22.800001
98335 1 157.200012 134.400009 2 151.039627 134.400009
97570 1 794.880005 61.920002 2 784.813049 61.920002
97597 1 263.52002 28.800001 2 257.019867 28.800001
92443 1 283.680023 83.520004 2 276.801392 83.520004
96144 1 256.320007 83.520004 2 249.623932 83.520004
94898 1 271.200012 67.200005 2 265.153809 67.200005
96025 1 312.480011 70.560005 2 306.442474 70.560005
96607 1 393.120026 67.68 2 387.891937 67.68
97043 1 550.800049 88.800003 2 543.455383 88.800003
97056 1 528.480042 53.280003 2 521.614258 53.280003
95531 1 588.960022 41.760002 2 583.492981 41.760002
98447 1 1060.800049 236.400009 2 1010.599243 236.400009
98480 1 1032.0 237.600006 2 984.703796 237.600006
98481 1 1087.200073 201.600006 2 1040.079102 201.600006
98513 1 1061.280029 201.600006 2 1016.693909 201.600006
98390 1 1123.200073 253.200012 2 1065.757812 253.200012
98435 1 1105.200073 211.200012 2 1054.225464 211.200012
98113 1 924.480042 191.520004 2 892.259888 191.520004
98498 1 1005.120056 236.160004 2 959.452759 236.160004
98473 1 925.920044 296.640015 2 878.096008 296.640015
98406 1 1000.0 316.0 2 944.685486 316.0
98422 1 978.000061 306.0 2 925.847351 306.0
98593 1 1103.040039 106.560005 2 1067.593018 106.560005
98512 1 1135.200073 160.800003 2 1090.571655 160.800003
98715 1 944.640015 87.840004 2 923.855652 87.840004
98633 1 829.200012 254.400009 2 797.801331 254.400009
98685 1 814.800049 202.800003 2 791.625061 202.800003
98718 1 779.0 197.0 2 758.360657 197.0
98626 1 891.600037 216.000015 2 859.128845 216.000015
98517 1 774.000061 285.600006 2 730.072021 285.600006
98426 1 858.000061 306.0 2 806.328491 306.0
98130 1 684.0 244.800003 2 659.477966 244.800003
98207 1 636.480042 197.280014 2 626.767761 197.280014
98596 1 715.200012 278.400024 2 680.062744 278.400024
98670 1 904.0 101.0 2 880.060303 101.0
98159 1 742.800049 66.0 2 732.229065 66.0
98654 1 607.200012 253.200012 2 579.952515 253.200012
98610 1 542.400024 268.800018 2 508.682495 268.800018
98464 1 568.800049 320.400024 2 520.08313 320.400024
98586 1 598.800049 280.800018 2 563.025635 280.800018
98645 1 387.600006 250.800003 2 358.858093 250.800003
97580 1 468.000031 187.200012 2 453.150909 187.200012
97698 1 419.040009 190.080002 2 403.07373 190.080002
98636 1 378.0 274.800018 2 346.893768 274.800018
98558 1 459.360016 296.640015 2 420.18454 296.640015
98511 1 426.000031 302.400024 2 381.341553 302.400024
98548 1 482.400024 292.800018 2 442.498138 292.800018
93669 1 548.640015 178.560013 2 542.022522 178.560013
96658 1 342.720001 37.440002 2 336.375488 37.440002
97738 1 472.320007 44.640003 2 464.925171 44.640003
97730 1 413.280029 40.32 2 406.946472 40.32
97582 1 397.440002 180.0 2 382.819397 180.0
98556 1 171.360001 228.960007 2 132.024979 228.960007
98442 1 195.600006 295.200012 2 145.095459 295.200012
98325 1 191.520004 33.120003 2 186.048569 33.120003
92447 1 594.720032 64.800003 2 588.923401 64.800003
98336 1 584.640015 90.720001 2 578.327881 90.720001
88999 1 480.384033 88.128006 2 472.479218 88.128006
96647 1 561.600037 41.472004 2 555.299072 41.472004
98620 1 881.0 215.0 2 848.159607 215.0
97981 1 997.056091 314.496033 2 941.550964 314.496033
98424 1 976.320068 306.720001 2 924.48938 306.720001
98567 1 246.240005 256.320007 2 208.400024 256.320007
98643 1 1021.248108 44.928005 2 992.113708 44.928005
98493 1 404.640015 312.480011 2 358.629456 312.480011
98467 1 928.0 297.0 2 879.584412 297.0
98107 1 964.800049 184.320007 2 930.049255 184.320007
97581 1 336.960022 203.904022 2 321.602081 203.904022
98728 1 1092.0 78.0 2 1072.081421 78.0
98641 1 1048.320068 79.200005 2 1018.735413 79.200005
98606 1 1006.560059 155.520004 2 972.482361 155.520004
98673 1 695.52002 239.040009 2 671.603271 239.040009
98694 1 1117.440063 70.560005 2 1095.08374 70.560005
98457 1 858.240051 305.279999 2 808.548157 305.279999
98520 1 840.960022 286.559998 2 797.24176 286.559998
98577 1 270.720001 253.440002 2 234.476181 253.440002
98542 1 682.559998 295.200012 2 641.784973 295.200012
98059 1 637.806335 304.570435 2 594.150818 304.570435
98598 1 682.800049 279.600006 2 647.950867 279.600006
97075 1 91.584007 148.608017 2 88.656204 148.608017
97616 1 55.296005 143.424011 2 54.130753 143.424011
98475 1 609.119995 315.360016 2 561.39093 315.360016
98581 1 599.040039 280.800018 2 563.008606 280.800018
96127 1 741.600037 67.68 2 731.729919 67.68
98672 1 445.824036 236.736023 2 421.905426 236.736023
96022 1 418.176025 190.080017 2 402.562683 190.080017
98506 1 1134.720093 161.279999 2 1089.729858 161.279999
98550 1 1120.320068 116.640007 2 1080.554199 116.640007
98679 1 767.232056 233.280029 2 743.692505 233.280029
98678 1 813.600037 203.040009 2 790.01886 203.040009
98721 1 828.000061 169.920013 2 807.413208 169.920013
91542 1 432.000031 101.952011 2 426.225403 101.952011
98120 1 684.288086 245.376022 2 659.402832 245.376022
97604 1 665.28009 216.000015 2 648.355591 216.000015
91917 1 530.496033 108.864014 2 523.010681 108.864014
94810 1 501.120026 116.640007 2 493.727448 116.640007
95433 1 309.312042 167.616013 2 295.893829 167.616013
97576 1 658.080017 128.160004 2 651.927917 128.160004
93776 1 630.720032 120.960014 2 623.982605 120.960014
89532 1 155.52002 84.672005 2 150.710999 84.672005
85117 1 124.416016 74.304008 2 119.336067 74.304008
96615 1 88.128006 34.560005 2 85.132088 34.560005
98674 1 879.840027 151.200012 2 856.011414 151.200012
95466 1 772.416077 36.288002 2 762.022278 36.288002
92465 1 273.024017 69.12001 2 266.813721 69.12001
97596 1 289.440002 36.0 2 283.599518 36.0
97769 1 502.848053 53.568005 2 496.082336 53.568005
98027 1 1018.080017 288.0 2 970.251465 288.0
85390 1 257.126434 134.784012 2 250.116592 134.784012
98451 1 154.080002 290.880005 2 104.162537 290.880005
98595 1 269.568024 254.016022 2 234.40712 254.016022
98097 1 378.432037 293.76004 2 339.241699 293.76004
98632 1 827.712097 254.016022 2 796.139587 254.016022
98621 1 881.280029 214.560013 2 848.561157 214.560013
98529 1 428.544037 304.128021 2 386.341644 304.128021
98099 1 233.280029 248.832031 2 196.93399 248.832031
97500 1 772.416077 285.120026 2 730.975159 285.120026
98304 1 391.680023 191.520004 2 377.607025 191.520004
98189 1 1003.968079 110.59201 2 978.444336 110.59201
98476 1 926.400024 296.400024 2 878.69574 296.400024
98489 1 609.638489 315.187256 2 563.167053 315.187256
98106 1 599.616028 281.664032 2 563.514709 281.664032
98686 1 1173.657715 62.208008 2 1150.55249 62.208008
98603 1 532.800049 279.360016 2 498.432556 279.360016
98570 1 487.296051 288.576019 2 449.819092 288.576019
98572 1 205.632019 229.82402 2 168.466919 229.82402
98691 1 758.937683 230.169632 2 736.169861 230.169632
97574 1 718.848083 216.000015 2 701.417236 216.000015
98642 1 1048.896118 79.488007 2 1019.635376 79.488007
98612 1 1007.424072 155.52002 2 973.785461 155.52002
96527 1 599.270508 184.55043 2 594.59845 184.55043
87894 1 549.504089 178.32962 2 542.194031 178.32962
98664 1 941.414551 111.974419 2 916.804443 111.974419
96056 1 55.987209 145.152023 2 54.324867 145.152023
98227 1 742.348877 178.32962 2 726.592102 178.32962
98504 1 1092.096069 181.440018 2 1046.99585 181.440018
98573 1 1119.744141 117.504013 2 1082.760132 117.504013
98541 1 682.560059 295.488037 2 641.580444 295.488037
98561 1 653.184082 288.576019 2 614.321106 288.576019
98708 1 443.750458 238.464035 2 422.644073 238.464035
98695 1 444.960022 236.160004 2 422.701019 236.160004
98510 1 1060.992065 203.904022 2 1016.245422 203.904022
97628 1 673.920105 182.476822 2 665.042236 182.476822
97606 1 657.331299 126.489616 2 652.236633 126.489616
97577 1 767.232056 165.888016 2 750.6875 165.888016
95454 1 308.966431 167.961624 2 295.359253 167.961624
98462 1 1131.840088 190.080017 2 1082.721802 190.080017
93822 1 369.792023 179.712021 2 355.32962 179.712021
97764 1 179.712021 105.408012 2 173.806351 105.408012
97605 1 910.656067 72.576004 2 890.141174 72.576004
95468 1 794.188904 60.134407 2 784.370789 60.134407
96634 1 315.187256 55.987209 2 308.949066 55.987209
94819 1 391.910461 66.355209 2 386.881775 66.355209
93059 1 622.080078 93.312012 2 616.149658 93.312012
97752 1 569.825378 89.579529 2 563.526245 89.579529
98088 1 377.395264 294.451233 2 338.210541 294.451233
98667 1 999.475342 105.753616 2 975.140259 105.753616
98121 1 975.42157 97.044495 2 949.11615 97.044495
98073 1 481.075256 292.377655 2 441.444763 292.377655
98700 1 1119.744141 70.502411 2 1097.714844 70.502411
98727 1 1092.372681 79.626251 2 1072.268921 79.626251
98640 1 1049.241699 78.796814 2 1019.354187 78.796814
98616 1 989.107361 151.372818 2 955.832336 151.372818
98622 1 1026.432129 132.710419 2 993.768066 132.710419
98552 1 320.993317 301.086761 2 281.393463 301.086761
98075 1 311.040039 296.110107 2 272.615997 296.110107
98571 1 327.628845 273.71524 2 290.433838 273.71524
97089 1 52.254726 159.252502 2 50.101372 159.252502
96076 1 54.74305 146.810898 2 54.099075 146.810898
98665 1 445.409332 236.390427 2 421.002197 236.390427
97608 1 468.633667 188.697632 2 453.535492 188.697632
98281 1 736.542847 119.439377 2 727.164612 119.439377
98151 1 756.449402 231.413788 2 733.765076 231.413788
98148 1 694.656128 238.464035 2 671.830444 238.464035
95578 1 599.685181 184.135712 2 594.879028 184.135712
98514 1 1092.787354 180.403229 2 1048.347046 180.403229
98519 1 841.536072 286.848022 2 797.769836 286.848022
97533 1 827.366516 255.052841 2 792.318787 255.052841
98535 1 682.214478 296.524841 2 640.543213 296.524841
98086 1 653.184082 288.230438 2 614.483643 288.230438
82259 1 472.780853 47.278088 2 466.310791 47.278088
97643 1 734.054504 72.161293 2 724.019714 72.161293
98729 1 870.912109 64.281609 2 851.089294 64.281609
84946 1 241.367081 92.067856 2 234.916656 92.067856
84133 1 244.68483 51.840008 2 237.170517 51.840008
93785 1 204.042267 47.278088 2 197.884247 47.278088
98008 1 1103.155396 211.507233 2 1051.86438 211.507233
84945 1 301.086761 114.462738 2 293.856323 114.462738
96057 1 793.77417 59.719688 2 783.816101 59.719688
97593 1 837.734497 163.814423 2 815.952332 163.814423
98126 1 905.748596 102.021133 2 881.195068 102.021133
84670 1 271.226929 79.626251 2 265.178619 79.626251
98329 1 383.201324 99.532814 2 376.478943 99.532814
83737 1 393.154602 67.184647 2 387.303223 67.184647
82712 1 530.012207 106.997772 2 521.897461 106.997772
97655 1 492.687439 79.626251 2 485.195862 79.626251
97618 1 570.240051 89.16481 2 564.1073 89.16481
91582 1 579.778625 59.719688 2 575.12085 59.719688
98445 1 194.918427 296.524841 2 144.585358 296.524841
98516 1 155.52002 265.420837 2 111.185081 265.420837
98591 1 711.936096 278.208038 2 676.447083 278.208038
98010 1 971.136108 305.856018 2 920.098938 305.856018
98530 1 681.799805 296.110107 2 639.939575 296.110107
98652 1 642.81604 252.288025 2 615.493652 252.288025
98502 1 868.921509 298.59845 2 823.532227 298.59845
98154 1 694.241394 236.390427 2 671.093201 236.390427
79515 1 656.916626 125.411354 2 651.785034 125.411354
93712 1 734.552246 111.078629 2 723.440369 111.078629
98450 1 1059.840088 236.160004 2 1009.914673 236.160004
98030 1 1006.276794 235.892776 2 959.753845 235.892776
98733 1 797.257874 155.271194 2 778.661438 155.271194
98001 1 1104.814331 212.004898 2 1052.740356 212.004898
98736 1 853.493896 72.161293 2 835.331177 72.161293
84159 1 243.855392 52.254726 2 237.316437 52.254726
92035 1 310.542389 167.215134 2 296.926666 167.215134
98333 1 794.271912 59.719692 2 784.007019 59.719692
98705 1 910.72522 72.161293 2 889.277771 72.161293
97105 1 412.065887 139.74408 2 406.040497 139.74408
98239 1 662.88855 95.551506 2 656.225891 95.551506
88559 1 510.603363 101.523476 2 504.731171 101.523476
98231 1 504.631378 68.677643 2 498.450439 68.677643
95548 1 391.163971 65.691658 2 385.860168 65.691658
84157 1 337.41626 74.649612 2 331.945221 74.649612
98696 1 838.563965 166.717468 2 816.323669 166.717468
98717 1 868.423828 129.392654 2 847.756348 129.392654
98236 1 256.794678 134.369308 2 249.096161 134.369308
98563 1 246.343719 256.296997 2 208.137604 256.296997
97085 1 223.948837 196.577301 2 216.476334 196.577301
83780 1 600.182922 185.131042 2 595.078613 185.131042
97014 1 964.473022 185.131042 2 929.10437 185.131042
98400 1 1114.767578 253.80867 2 1058.296021 253.80867
98048 1 842.047668 286.65451 2 798.036255 286.65451
98638 1 824.131775 254.405899 2 793.864197 254.405899
86048 1 548.226807 179.159088 2 542.040039 179.159088
96055 1 752.46814 229.323624 2 730.524963 229.323624
98689 1 695.137207 236.48999 2 672.197937 236.48999
97637 1 755.454102 229.920807 2 733.678467 229.920807
98152 1 798.33606 188.35202 2 777.64917 188.35202
98458 1 1103.040039 203.040009 2 1053.437012 203.040009
91934 1 627.056763 200.060959 2 616.206482 200.060959
98732 1 851.005615 71.663628 2 832.388672 71.663628
97652 1 773.967224 96.745903 2 760.710266 96.745903
87613 1 272.321808 78.829994 2 264.796448 78.829994
93148 1 225.740448 71.663635 2 219.255508 71.663635
84203 1 383.400421 139.74408 2 378.796387 139.74408
98128 1 930.631836 119.439377 2 906.346924 119.439377
98712 1 937.599182 77.635597 2 916.642517 77.635597
98701 1 917.294495 82.413177 2 895.495667 82.413177
97635 1 480.7435 197.074982 2 466.754242 197.074982
97668 1 340.402252 164.826355 2 326.470245 164.826355
98332 1 347.568604 85.996361 2 341.289673 85.996361
85410 1 415.649078 175.575897 2 399.773865 175.575897
79547 1 659.30542 121.828178 2 652.51062 121.828178
97124 1 644.972717 85.996361 2 638.240356 85.996361
92054 1 526.727722 107.495445 2 520.142578 107.495445
86101 1 522.547302 68.677643 2 515.042114 68.677643
81743 1 505.228607 68.080452 2 498.886353 68.080452
90486 1 311.736786 89.579544 2 304.831726 89.579544
98687 1 871.907471 161.243164 2 848.897766 161.243164
84956 1 155.271194 134.369308 2 148.368362 134.369308
98583 1 269.568024 255.052841 2 233.568787 255.052841
90464 1 601.974487 182.742264 2 596.173584 182.742264
98565 1 489.701477 289.640503 2 451.524902 289.640503
97724 1 386.983612 193.491806 2 373.99292 193.491806
98103 1 606.154846 280.682556 2 569.701599 280.682556
93732 1 670.054993 168.409531 2 664.877686 168.409531
98731 1 797.257874 149.299225 2 778.536499 149.299225
97505 1 773.452881 286.15683 2 731.317322 286.15683
97976 1 1086.898438 250.822708 2 1035.351562 250.822708
97727 1 354.0 50.400002 2 348.030518 50.400002
97695 1 613.200012 25.200001 2 606.939941 25.200001
97728 1 574.800049 100.800003 2 568.411682 100.800003
97040 1 746.400024 40.800003 2 736.357788 40.800003
98180 1 836.640015 162.720001 2 815.882385 162.720001
97135 1 518.400024 77.760002 2 511.184235 77.760002
94896 1 273.600006 116.640007 2 267.338837 116.640007
97521 1 965.952087 184.896011 2 930.74939 184.896011
98300 1 648.000061 184.896011 2 642.756836 184.896011
92636 1 342.144043 138.240021 2 336.251678 138.240021
90503 1 440.640045 108.864014 2 434.697632 108.864014
97188 1 406.080048 120.960014 2 400.373749 120.960014
96011 1 241.920029 93.312012 2 235.448486 93.312012
97564 1 290.304016 36.288002 2 283.936035 36.288002
90060 1 134.784012 133.056015 2 130.004791 133.056015
97993 1 711.244873 329.702454 2 659.404114 329.702454
97958 1 1024.358521 325.555237 2 965.559631 325.555237
97634 1 541.209656 196.992035 2 531.200134 196.992035
98006 1 858.47052 306.892853 2 808.626221 306.892853
98025 1 866.764893 298.59845 2 818.577698 298.59845
98127 1 682.214478 244.68483 2 658.471863 244.68483
88028 1 178.32962 103.680016 2 172.22934 103.680016
94968 1 379.468842 107.827217 2 373.274414 107.827217
98161 1 315.187256 55.987209 2 308.949066 55.987209
98302 1 528.768066 64.281609 2 521.945129 64.281609
83301 1 503.884857 53.913609 2 496.766937 53.913609
78077 1 593.049683 64.281609 2 587.225342 64.281609
98036 1 607.150146 316.016693 2 559.224609 316.016693
98007 1 569.825378 323.481659 2 520.477356 323.481659
82709 1 592.220215 119.439377 2 586.694336 119.439377
98014 1 497.664062 323.481659 2 447.289246 323.481659
97527 1 544.942139 273.71524 2 510.246979 273.71524
97625 1 467.80423 189.11235 2 452.556549 189.11235
98096 1 651.939941 288.645172 2 613.60968 288.645172
97486 1 865.935486 298.59845 2 818.047241 298.59845
89570 1 430.479431 102.021133 2 425.795746 102.021133
98283 1 475.269196 186.624023 2 460.371613 186.624023
94242 1 766.402649 164.229141 2 750.245056 164.229141
98124 1 940.585083 111.974419 2 915.631409 111.974419
98146 1 813.680725 199.065628 2 790.864441 199.065628
97963 1 1022.699646 325.969971 2 963.964966 325.969971
98206 1 915.701904 204.042267 2 882.551392 204.042267
97558 1 319.500336 301.584442 2 281.293549 301.584442
98081 1 244.850739 256.794678 2 207.628586 256.794678
98311 1 636.014709 185.131042 2 629.668152 185.131042
97980 1 1179.463867 176.173096 2 1125.443604 176.173096
98046 1 1060.024536 203.046951 2 1016.783508 203.046951
97458 1 1176.477905 220.96286 2 1118.576538 220.96286
92558 1 668.860535 217.976868 2 651.717529 217.976868
98312 1 415.051849 143.327255 2 408.384705 143.327255
93787 1 585.252991 92.565521 2 578.396179 92.565521
97660 1 570.323059 89.579536 2 564.250488 89.579536
81166 1 582.266968 59.719692 2 576.770081 59.719692
97525 1 883.85144 214.990891 2 848.476074 214.990891
98009 1 964.473022 304.570435 2 913.43866 304.570435
93825 1 408.482697 85.996361 2 401.404663 85.996361
98153 1 673.638123 240.073166 2 651.344482 240.073166
97651 1 670.054993 214.990891 2 652.540039 214.990891
97641 1 627.056763 200.658173 2 614.928101 200.658173
98034 1 1064.204956 204.241348 2 1015.521851 204.241348
98349 1 168.409531 107.495445 2 162.799606 107.495445
97541 1 942.37677 111.078629 2 917.7146 111.078629
93146 1 619.890442 93.16272 2 613.870056 93.16272
84271 1 605.557678 71.663635 2 597.913696 71.663635
84977 1 154.076813 132.577713 2 146.389023 132.577713
96541 1 322.486359 300.987244 2 282.040314 300.987244
97015 1 601.974487 279.488159 2 567.415771 279.488159
97122 1 483.729523 193.491806 2 469.795319 193.491806
98145 1 816.965393 200.658173 2 794.393433 200.658173
98016 1 963.875854 304.570435 2 913.10199 304.570435
