684
46.1 -14.1 472 0.0205 -0.00176 0.028 0.707 
101242 1 472.800018 126.000008 2 463.210968 126.000008
100642 1 196.800003 45.600002 2 188.956879 45.600002
101243 1 481.200012 98.400002 2 472.073425 98.400002
100190 1 603.600037 46.800003 2 596.684631 46.800003
101262 1 456.000031 75.600006 2 446.741882 75.600006
101353 1 583.200012 92.400002 2 575.818604 92.400002
100651 1 583.200012 67.200005 2 575.906128 67.200005
100652 1 652.800049 67.200005 2 645.965881 67.200005
101270 1 734.400024 200.400009 2 715.587158 200.400009
101331 1 789.600037 38.400002 2 774.024719 38.400002
101273 1 434.400024 253.200012 2 409.901459 253.200012
101252 1 463.200012 156.0 2 454.558655 156.0
98456 1 218.880005 89.280006 2 211.120117 89.280006
101238 1 191.520004 28.800001 2 183.056488 28.800001
99573 1 577.440002 47.52 2 571.137878 47.52
101167 1 249.12001 231.840012 2 220.732635 231.840012
101362 1 584.640015 50.400002 2 577.052979 50.400002
97842 1 600.480042 74.880005 2 593.763489 74.880005
101127 1 298.080017 236.160004 2 267.824188 236.160004
101267 1 652.320007 99.360001 2 644.974792 99.360001
101182 1 187.200012 197.280014 2 158.850571 197.280014
101057 1 1006.560059 191.520004 2 965.249756 191.520004
101097 1 946.080017 164.160004 2 909.110718 164.160004
100639 1 640.800049 220.320007 2 626.664246 220.320007
101110 1 708.480042 273.600006 2 674.308533 273.600006
101363 1 764.640015 99.360001 2 748.926086 99.360001
100067 1 524.160034 191.520004 2 515.654358 191.520004
101274 1 537.119995 177.12001 2 528.654114 177.12001
97921 1 521.280029 125.280006 2 513.916321 125.280006
99493 1 383.040009 96.480003 2 375.702148 96.480003
99572 1 430.560028 73.440002 2 421.37619 73.440002
100044 1 465.120026 46.080002 2 455.650848 46.080002
98457 1 391.680023 105.120003 2 384.77356 105.120003
100133 1 463.680023 155.520004 2 454.636902 155.520004
100041 1 217.728027 36.288002 2 209.881622 36.288002
101255 1 74.880005 84.960007 2 68.41349 84.960007
101220 1 129.600006 165.600006 2 105.996056 165.600006
100675 1 584.064026 89.85601 2 576.686035 89.85601
98383 1 648.000061 105.408012 2 640.71167 105.408012
100601 1 316.22403 235.008026 2 287.326691 235.008026
101144 1 297.216034 236.736023 2 267.827057 236.736023
93805 1 584.064026 50.112003 2 576.639465 50.112003
100712 1 198.720016 65.664009 2 190.794464 65.664009
98516 1 176.256012 51.840004 2 168.960526 51.840004
101263 1 549.504028 76.032005 2 541.700317 76.032005
101180 1 188.35202 196.99202 2 159.740952 196.99202
101284 1 480.384033 32.832005 2 470.757294 32.832005
101249 1 694.656067 193.536011 2 681.985291 193.536011
100536 1 1007.424072 191.808014 2 965.98468 191.808014
101080 1 941.760071 231.552017 2 900.630554 231.552017
98455 1 578.880066 115.776009 2 571.392029 115.776009
101231 1 872.640076 48.384003 2 852.182617 48.384003
101271 1 851.904053 190.080017 2 822.195618 190.080017
100042 1 461.376038 110.59201 2 451.892242 110.59201
99570 1 482.112061 124.416016 2 472.709045 124.416016
101292 1 730.944092 172.800018 2 711.625854 172.800018
101101 1 946.944092 164.160019 2 910.026245 164.160019
98376 1 34.560005 72.576004 2 28.833313 72.576004
99060 1 343.87204 57.024006 2 337.49176 57.024006
100600 1 134.784012 196.992035 2 105.868591 196.992035
100714 1 810.432068 91.584007 2 793.852539 91.584007
101143 1 316.22403 160.70401 2 287.037872 160.70401
101298 1 229.82402 110.59201 2 222.173294 110.59201
100157 1 661.824036 127.872009 2 654.06012 127.872009
100046 1 627.264038 117.504013 2 619.471619 117.504013
101226 1 668.736084 243.648026 2 646.9245 243.648026
97337 1 259.200012 58.752007 2 251.42215 58.752007
97924 1 155.52002 70.848007 2 146.866425 70.848007
101051 1 717.120056 309.312042 2 674.305237 309.312042
98523 1 570.240051 80.870415 2 562.737305 80.870415
98493 1 549.504089 76.723213 2 542.064209 76.723213
96810 1 460.339264 109.900818 2 451.038971 109.900818
101174 1 323.481659 232.243225 2 294.280579 232.243225
101158 1 311.040039 199.065628 2 281.64386 199.065628
101150 1 211.507233 199.065628 2 182.335098 199.065628
100971 1 1154.995361 267.494446 2 1090.002197 267.494446
99992 1 1007.769714 190.771225 2 965.042603 190.771225
95633 1 522.547302 191.103012 2 514.507996 191.103012
101364 1 481.075256 215.654434 2 469.655975 215.654434
95032 1 176.256027 111.974419 2 168.904221 111.974419
101299 1 66.355209 101.606415 2 59.50346 101.606415
90433 1 391.910461 105.753616 2 385.455688 105.753616
95105 1 628.300903 118.195213 2 619.425964 118.195213
101205 1 391.910461 265.420837 2 365.256287 265.420837
101105 1 945.561707 163.814423 2 908.899231 163.814423
101045 1 255.052841 321.408051 2 211.154602 321.408051
99491 1 640.742493 219.801636 2 627.084778 219.801636
100529 1 756.864136 296.524841 2 713.395203 296.524841
99623 1 499.737671 101.606415 2 490.448517 101.606415
100659 1 512.17926 64.281609 2 503.38324 64.281609
100593 1 250.90564 232.243225 2 222.494568 232.243225
101186 1 267.494446 196.992035 2 238.304062 196.992035
101183 1 209.018906 199.065628 2 180.048141 199.065628
99482 1 189.11235 199.065628 2 160.710632 199.065628
100610 1 266.250275 243.855392 2 237.260056 243.855392
98519 1 64.696327 99.532814 2 58.185997 99.532814
84703 1 594.708557 169.20578 2 588.263 169.20578
101041 1 940.585083 231.413788 2 900.137146 231.413788
101201 1 84.60289 174.182419 2 58.897892 174.182419
100141 1 69.672974 243.855392 2 40.477261 243.855392
101230 1 669.358154 243.855392 2 646.630127 243.855392
101212 1 654.428223 258.785309 2 628.789429 258.785309
100521 1 253.80867 320.993317 2 210.768036 320.993317
90399 1 490.199097 49.766407 2 480.358215 49.766407
85058 1 206.530594 77.137932 2 199.543365 77.137932
101209 1 365.783081 223.948837 2 339.973602 223.948837
101061 1 719.124573 316.016693 2 674.030823 316.016693
100034 1 713.053162 275.904999 2 678.100952 275.904999
87269 1 176.670746 111.974419 2 168.388519 111.974419
96332 1 134.369293 82.114571 2 127.488289 82.114571
93820 1 176.670746 52.254726 2 169.537537 52.254726
101054 1 1055.047852 164.229141 2 1011.984863 164.229141
86358 1 459.841614 110.48143 2 449.864471 110.48143
91840 1 430.479431 72.161293 2 421.134094 72.161293
91905 1 614.615112 84.60289 2 607.721619 84.60289
98495 1 549.918823 77.137932 2 543.041382 77.137932
101006 1 1022.699646 311.040039 2 969.19458 311.040039
100180 1 597.196899 170.201126 2 589.238159 170.201126
100014 1 899.378601 214.990891 2 860.846802 214.990891
101046 1 1006.276794 194.088989 2 962.340759 194.088989
100543 1 955.515076 226.93483 2 913.472046 226.93483
101206 1 80.621582 176.173096 2 54.112827 176.173096
101347 1 677.818481 173.187103 2 669.881653 173.187103
100022 1 943.571106 164.229156 2 905.386475 164.229156
101210 1 653.930603 259.78067 2 628.211365 259.78067
100534 1 1054.05249 164.229156 2 1011.703552 164.229156
101072 1 289.640503 304.570435 2 250.45636 304.570435
98394 1 806.21582 95.551506 2 787.121582 95.551506
99080 1 776.355957 74.649612 2 759.433655 74.649612
83619 1 498.659424 98.537491 2 488.477478 98.537491
91877 1 519.56134 71.663628 2 511.442017 71.663628
101196 1 289.640503 152.285217 2 259.680634 152.285217
101211 1 364.290131 220.96286 2 338.702606 220.96286
101030 1 1170.505981 107.495445 2 1123.388794 107.495445
98391 1 644.972656 220.96286 2 629.987061 220.96286
93994 1 173.187103 65.691658 2 165.417389 65.691658
101348 1 641.986694 98.537491 2 635.59729 98.537491
85896 1 212.004898 110.48143 2 203.40799 110.48143
100780 1 570.323059 83.607567 2 562.444763 83.607567
97874 1 552.407166 77.635597 2 544.522827 77.635597
101188 1 244.850739 194.088989 2 216.559189 194.088989
98984 1 886.837402 59.719692 2 863.622742 59.719692
101067 1 853.991577 286.65451 2 813.981689 286.65451
93311 1 627.056763 222.157257 2 612.234131 222.157257
89920 1 523.144531 189.90863 2 514.918335 189.90863
93408 1 498.062256 100.329086 2 487.653992 100.329086
100562 1 945.959961 164.826355 2 908.595093 164.826355
101323 1 913.711304 182.742264 2 876.238892 182.742264
101215 1 652.139038 257.989075 2 627.095337 257.989075
101185 1 286.654541 103.91227 2 258.716675 103.91227
101086 1 290.237701 300.987244 2 247.671875 300.987244
100004 1 1049.872192 107.495445 2 1011.076904 107.495445
97432 1 361.901337 232.906799 2 337.789215 232.906799
96880 1 179.159088 114.661812 2 172.471802 114.661812
91931 1 136.160904 82.413177 2 128.779388 82.413177
80445 1 662.888611 121.828178 2 654.957642 121.828178
99604 1 641.389526 96.745903 2 635.113525 96.745903
101191 1 118.244995 236.48999 2 88.8405 236.48999
95102 1 103.91227 200.658173 2 74.095734 200.658173
95066 1 788.299927 85.996361 2 771.526794 85.996361
92965 1 598.391357 107.495445 2 591.547363 107.495445
83616 1 580.475403 114.661812 2 572.164368 114.661812
100625 1 680.804504 250.822708 2 653.659119 250.822708
101133 1 161.243179 250.822708 2 130.272491 250.822708
92902 1 179.159088 193.491806 2 149.291809 193.491806
101059 1 985.374939 164.826355 2 947.323975 164.826355
100598 1 207.824539 200.658173 2 178.149704 200.658173
84692 1 591.224976 197.074982 2 585.192993 197.074982
98476 1 691.554077 193.491806 2 679.434143 193.491806
100538 1 852.797241 286.654541 2 812.846497 286.654541
101750 1 654.0 269.0 2 625.289429 269.0
101830 1 642.0 248.0 2 620.39801 248.0
101791 1 685.0 253.0 2 658.667664 253.0
101822 1 669.0 244.0 2 645.912598 244.0
101783 1 381.0 247.0 2 354.002563 247.0
101710 1 345.0 251.0 2 315.231018 251.0
101569 1 976.0 216.0 2 936.181824 216.0
101651 1 1098.0 99.0 2 1062.243286 99.0
101607 1 1051.0 138.0 2 1012.83606 138.0
101696 1 952.0 114.0 2 921.639526 114.0
101620 1 886.0 214.0 2 848.621216 214.0
101444 1 856.0 336.0 2 795.958313 336.0
101549 1 859.0 287.0 2 817.917114 287.0
101686 1 657.0 276.0 2 624.971069 276.0
101570 1 725.0 291.0 2 685.207153 291.0
101848 1 726.0 47.0 2 707.088989 47.0
101747 1 78.0 208.0 2 49.236057 208.0
101588 1 967.200012 182.400009 2 928.441711 182.400009
101585 1 996.0 167.0 2 957.120056 167.0
101786 1 685.200012 252.000015 2 658.36499 252.000015
101823 1 669.600037 243.600006 2 646.744141 243.600006
101574 1 711.0 300.0 2 671.298584 300.0
101617 1 706.800049 292.800018 2 669.246582 292.800018
101670 1 708.0 274.0 2 673.394958 274.0
101495 1 206.0 308.0 2 158.529327 308.0
101335 1 642.0 51.600002 2 635.282166 51.600002
100655 1 626.400024 38.400002 2 619.94873 38.400002
101438 1 1088.0 257.0 2 1026.48938 257.0
101542 1 946.0 232.0 2 904.586304 232.0
101480 1 1009.0 244.0 2 958.084778 244.0
101465 1 1022.0 310.0 2 968.952576 310.0
101487 1 996.0 292.0 2 945.883118 292.0
101648 1 1047.600098 42.0 2 1011.804504 42.0
101622 1 1029.0 52.0 2 991.769226 52.0
101628 1 947.0 164.0 2 910.074707 164.0
101653 1 916.0 184.0 2 880.374329 184.0
101613 1 1008.0 141.0 2 970.112488 141.0
101839 1 774.0 189.0 2 754.034912 189.0
101557 1 793.0 289.0 2 752.47467 289.0
101662 1 786.0 273.0 2 750.923584 273.0
101454 1 876.000061 331.200012 2 818.178101 331.200012
101831 1 642.0 247.200012 2 620.753296 247.200012
101727 1 654.0 268.800018 2 624.738281 268.800018
101504 1 717.0 316.0 2 671.487976 316.0
101563 1 726.0 290.400024 2 685.74054 290.400024
101808 1 888.000061 75.600006 2 863.278015 75.600006
101833 1 871.200012 46.800003 2 850.093384 46.800003
101843 1 730.800049 172.800003 2 711.523071 172.800003
101852 1 729.0 134.0 2 710.240356 134.0
101807 1 76.800003 158.400009 2 51.973873 158.400009
101499 1 205.200012 307.200012 2 158.128479 307.200012
101699 1 254.880005 250.560013 2 224.677917 250.560013
101631 1 307.200012 288.0 2 270.448944 288.0
101616 1 964.0 157.0 2 926.207886 157.0
101736 1 300.960022 224.640015 2 271.996704 224.640015
101785 1 290.880005 192.960007 2 263.912354 192.960007
101743 1 103.200005 195.600006 2 74.385178 195.600006
101591 1 527.040039 298.080017 2 488.308167 298.080017
101677 1 296.400024 261.600006 2 262.763275 261.600006
101711 1 268.0 242.0 2 238.269135 242.0
101762 1 223.200012 217.200012 2 194.72728 217.200012
101730 1 198.720001 217.440002 2 169.549057 217.440002
99071 1 601.920044 97.920006 2 594.959351 97.920006
101434 1 1089.600098 256.800018 2 1027.5354 256.800018
101554 1 960.480042 210.240005 2 919.654236 210.240005
101483 1 1009.200012 243.600006 2 958.540955 243.600006
101646 1 1046.880005 41.760002 2 1011.062073 41.760002
101618 1 948.000061 164.400009 2 910.472961 164.400009
101660 1 915.600037 183.600006 2 880.28772 183.600006
101692 1 951.840027 113.760002 2 920.945496 113.760002
101615 1 1008.000061 140.400009 2 970.194885 140.400009
101640 1 995.0 145.0 2 958.874207 145.0
101838 1 774.000061 188.400009 2 754.005798 188.400009
101638 1 885.600037 213.600006 2 849.135742 213.600006
101492 1 765.600037 310.800018 2 716.913696 310.800018
101556 1 856.800049 286.559998 2 816.251526 286.559998
101228 1 871.200012 47.52 2 850.862122 47.52
101827 1 849.600037 153.600006 2 827.609863 153.600006
101851 1 727.200012 123.840004 2 708.418457 123.840004
101799 1 361.200012 223.200012 2 335.608582 223.200012
101825 1 417.600006 254.880005 2 395.027679 254.880005
101358 1 482.400024 99.360001 2 473.688202 99.360001
101684 1 221.76001 247.680008 2 189.310654 247.680008
101581 1 290.880005 302.400024 2 251.697144 302.400024
101757 1 78.0 207.600006 2 49.413521 207.600006
101756 1 134.400009 195.600006 2 105.799614 195.600006
95038 1 133.919998 82.080002 2 126.234329 82.080002
97830 1 175.680008 112.320007 2 167.946625 112.320007
101486 1 996.000061 291.600006 2 945.643921 291.600006
101469 1 1069.0 221.0 2 1016.25 221.0
99571 1 459.360016 70.560005 2 450.416718 70.560005
101506 1 226.080002 313.920013 2 180.735168 313.920013
101678 1 335.232025 283.392029 2 301.621735 283.392029
101650 1 318.0 292.800018 2 282.206268 292.800018
101590 1 976.320068 165.600006 2 937.587402 165.600006
101700 1 326.880005 250.560013 2 296.833618 250.560013
101436 1 1088.640015 256.320007 2 1026.702881 256.320007
101464 1 1020.960022 309.600006 2 967.827637 309.600006
100566 1 898.560059 216.000015 2 861.61676 216.000015
101665 1 914.400024 182.880005 2 879.360962 182.880005
101603 1 1008.000061 139.680008 2 969.72998 139.680008
101645 1 993.0 142.0 2 957.176636 142.0
101793 1 819.072083 207.360016 2 792.909668 207.360016
101602 1 885.600037 213.12001 2 847.282471 213.12001
101652 1 783.600037 272.400024 2 747.903931 272.400024
101826 1 668.160034 243.360016 2 646.129333 243.360016
101269 1 695.52002 194.400009 2 681.96344 194.400009
101690 1 658.080017 276.480011 2 626.872803 276.480011
101854 1 727.488098 103.680008 2 708.908203 103.680008
101850 1 730.080017 171.360001 2 711.207214 171.360001
101500 1 587.520081 324.864044 2 540.476501 324.864044
101801 1 361.440002 223.200012 2 335.909027 223.200012
101761 1 367.200012 269.279999 2 338.701996 269.279999
101658 1 457.920044 286.848022 2 422.54834 286.848022
92950 1 383.616028 96.768005 2 376.04599 96.768005
99008 1 472.320007 125.280006 2 462.464264 125.280006
101596 1 282.240021 299.52002 2 243.662064 299.52002
101701 1 162.432022 252.288025 2 132.387772 252.288025
101812 1 98.49601 176.256012 2 74.193459 176.256012
101439 1 1113.0 261.0 2 1051.671631 261.0
100721 1 635.904053 101.952011 2 628.930115 101.952011
101691 1 316.22403 254.016022 2 285.041748 254.016022
101552 1 980.812927 178.32962 2 939.943604 178.32962
101566 1 967.680115 183.168015 2 927.566956 183.168015
101560 1 857.088074 286.848022 2 816.680115 286.848022
101832 1 420.940857 255.052841 2 399.69809 255.052841
101426 1 1092.096069 257.472015 2 1029.807251 257.472015
101685 1 660.096069 276.480042 2 628.003418 276.480042
101819 1 130.636826 165.888031 2 107.171585 165.888031
101518 1 756.864075 297.216034 2 712.725525 297.216034
101655 1 783.360046 272.160004 2 747.920044 272.160004
101717 1 603.600037 267.600006 2 574.175537 267.600006
101704 1 342.720001 96.480003 2 312.721619 96.480003
101718 1 343.87204 148.608017 2 314.462708 148.608017
100572 1 710.208069 273.024017 2 675.142212 273.024017
101776 1 226.02243 186.624023 2 198.430389 186.624023
101796 1 657.331299 259.200043 2 631.424988 259.200043
101587 1 290.304016 302.400024 2 251.432831 302.400024
101676 1 333.84964 284.083252 2 300.162872 284.083252
101753 1 115.776009 235.008026 2 87.114365 235.008026
101737 1 72.576004 241.920029 2 43.624149 241.920029
101039 1 255.744019 321.40802 2 211.354553 321.40802
101634 1 1012.608093 155.52002 2 975.922668 155.52002
101485 1 998.784119 292.032013 2 948.29071 292.032013
101431 1 1090.713745 257.126434 2 1028.597534 257.126434
101593 1 1080.345703 103.680016 2 1041.64856 103.680016
100695 1 462.412872 155.52002 2 454.09845 155.52002
101522 1 190.771225 290.304047 2 147.016769 290.304047
101528 1 956.400024 226.800003 2 913.652527 226.800003
101719 1 626.227295 265.420837 2 596.824463 265.420837
95101 1 589.248047 196.99202 2 583.096069 196.99202
101800 1 390.66629 266.250275 2 365.089661 266.250275
101749 1 368.064026 269.568024 2 339.31366 269.568024
101774 1 116.121613 236.390427 2 88.314857 236.390427
101773 1 101.606415 196.992035 2 73.711624 196.992035
101707 1 343.388214 99.532814 2 313.51004 99.532814
101835 1 642.81604 247.104019 2 622.16156 247.104019
101636 1 318.240021 293.76001 2 281.629944 293.76001
101577 1 290.304047 302.745636 2 250.90564 302.745636
101752 1 226.437149 186.624023 2 197.751663 186.624023
101540 1 1045.094604 157.593628 2 1003.59613 157.593628
101595 1 1011.916931 155.52002 2 973.264709 155.52002
101611 1 1009.843323 138.931213 2 971.822998 138.931213
101130 1 267.494446 242.611237 2 237.900681 242.611237
101706 1 241.920029 243.648026 2 211.978912 243.648026
101769 1 241.200012 190.800003 2 213.016068 190.800003
96350 1 578.534485 116.121613 2 570.750366 116.121613
101163 1 311.040039 199.065628 2 281.077057 199.065628
101689 1 933.120117 57.231369 2 901.858276 57.231369
101427 1 1092.372681 258.785309 2 1030.09729 258.785309
101626 1 910.72522 184.135712 2 873.652954 184.135712
101491 1 152.285217 304.570435 2 102.965469 304.570435
101537 1 955.929749 226.02243 2 913.210449 226.02243
101520 1 1007.769714 191.600662 2 963.790833 191.600662
101568 1 960.491638 211.507233 2 920.513 211.507233
101521 1 191.600662 291.133484 2 147.79277 291.133484
101661 1 783.820923 271.226929 2 748.672791 271.226929
101551 1 1050.071167 106.997772 2 1009.088989 106.997772
101795 1 432.967743 253.80867 2 407.018768 253.80867
101723 1 627.056702 266.250275 2 597.754333 266.250275
101679 1 333.434937 283.668518 2 299.983093 283.668518
101682 1 295.612457 262.766632 2 262.890289 262.766632
101772 1 116.951057 236.390427 2 89.01059 236.390427
101771 1 102.021133 199.065628 2 74.055763 199.065628
101623 1 284.083252 300.672028 2 246.872803 300.672028
101735 1 342.144043 97.459213 2 313.166595 97.459213
101726 1 343.388214 144.322586 2 314.124207 144.322586
101811 1 360.806458 228.925476 2 336.460571 228.925476
101214 1 129.392654 166.717468 2 104.605095 166.717468
101572 1 1012.248779 164.229156 2 972.482727 164.229156
101597 1 1012.746399 154.275864 2 974.184021 154.275864
101166 1 181.647385 191.600662 2 152.383438 191.600662
101789 1 164.229156 214.990891 2 137.786316 214.990891
101177 1 266.250275 196.577301 2 237.872314 196.577301
101782 1 241.367081 191.600662 2 214.19342 191.600662
101732 1 321.40802 188.35202 2 292.265656 188.35202
101715 1 301.584442 197.074982 2 272.110565 197.074982
89790 1 588.902466 196.992035 2 583.192749 196.992035
101561 1 853.493896 286.15683 2 813.106873 286.15683
101608 1 782.327942 271.724609 2 744.183838 271.724609
101637 1 311.040039 291.133484 2 274.475342 291.133484
101489 1 1104.814331 140.341278 2 1055.278076 140.341278
101509 1 1071.968506 143.327255 2 1026.849854 143.327255
87963 1 125.411354 95.551506 2 117.794289 95.551506
101541 1 1032.652954 129.392654 2 991.232666 129.392654
101555 1 961.487 212.004898 2 920.801147 212.004898
101842 1 730.969055 168.409531 2 711.58197 168.409531
101643 1 692.0 290.0 2 655.972961 290.0
101217 1 391.163971 265.752625 2 364.32312 265.752625
101709 1 343.87204 98.49601 2 314.064941 98.49601
101695 1 119.439384 238.878769 2 88.68486 238.878769
95793 1 132.577713 200.658173 2 104.693924 200.658173
101780 1 101.523476 200.060959 2 74.017036 200.060959
101544 1 1045.094604 155.271194 2 1003.81604 155.271194
101604 1 1006.276794 146.313248 2 968.016479 146.313248
100099 1 122.425369 164.229156 2 99.065819 164.229156
101207 1 98.537491 182.145065 2 72.357124 182.145065
101797 1 223.948837 185.131042 2 198.043045 185.131042
101748 1 320.993317 186.624023 2 292.24176 186.624023
101820 1 671.846497 244.850739 2 648.653137 244.850739
101720 1 329.65271 229.323624 2 300.296356 229.323624
101778 1 290.237701 197.074982 2 262.684296 197.074982
101184 1 268.738617 243.656357 2 237.846634 243.656357
101195 1 262.766632 194.088989 2 234.656891 194.088989
101687 1 240.073166 254.405899 2 208.410721 254.405899
