685
434.4438 -39.58607 184.9369 0.048088361942347446 0.5881800296757765 -0.024975000496345164 0.8069126417937148
100479 1 340.800018 54.000004 2 334.631256 54.000004
100489 1 660.0 106.800003 2 653.094177 106.800003
101104 1 672.0 244.800003 2 647.207825 244.800003
100494 1 480.000031 96.0 2 470.815338 96.0
100579 1 604.800049 43.200001 2 597.15448 43.200001
100496 1 558.0 90.0 2 549.415833 90.0
101214 1 583.200012 64.800003 2 575.663818 64.800003
101191 1 478.800018 28.800001 2 469.057129 28.800001
100956 1 940.800049 182.400009 2 901.425964 182.400009
101108 1 644.400024 249.600006 2 621.879639 249.600006
100850 1 728.400024 327.600006 2 678.447327 327.600006
101222 1 582.0 103.200005 2 575.140808 103.200005
101127 1 126.000008 79.200005 2 117.680412 79.200005
101220 1 496.800018 145.440002 2 487.812775 145.440002
99320 1 463.680023 43.200001 2 454.203125 43.200001
101051 1 162.720001 197.280014 2 132.611343 197.280014
101103 1 672.480042 244.800003 2 647.02356 244.800003
99873 1 626.400024 34.560001 2 618.975098 34.560001
99857 1 174.240005 27.360001 2 166.184052 27.360001
100433 1 72.0 197.280014 2 41.956261 197.280014
101245 1 564.480042 61.920002 2 556.127075 61.920002
100491 1 509.76001 61.920002 2 499.80957 61.920002
101046 1 200.160004 218.880005 2 170.297623 218.880005
101244 1 584.640015 47.52 2 577.030273 47.52
95529 1 603.360046 95.040001 2 595.80188 95.040001
99879 1 583.200012 90.720001 2 575.75415 90.720001
99867 1 601.920044 72.0 2 594.417175 72.0
100864 1 1045.440063 190.080002 2 1000.383179 190.080002
100959 1 1082.880005 28.800001 2 1043.129517 28.800001
100938 1 974.880066 161.279999 2 934.541077 161.279999
100885 1 879.840027 293.76001 2 836.115601 293.76001
101106 1 645.119995 249.12001 2 622.77179 249.12001
100837 1 743.040039 332.640015 2 691.306458 332.640015
101137 1 816.480042 86.400002 2 798.413757 86.400002
100490 1 626.400024 116.640007 2 618.376465 116.640007
101140 1 478.080017 216.000015 2 466.922699 216.000015
101072 1 381.600006 269.279999 2 353.602753 269.279999
98175 1 380.160004 95.040001 2 372.822479 95.040001
99872 1 341.279999 54.720001 2 334.838989 54.720001
98828 1 427.680023 70.560005 2 418.194427 70.560005
98866 1 427.680023 59.040001 2 418.287994 59.040001
99419 1 460.800018 154.080002 2 451.686188 154.080002
101197 1 459.360016 108.000008 2 449.668579 108.000008
101049 1 106.560005 197.280014 2 76.099022 197.280014
99315 1 213.12001 87.840004 2 205.56041 87.840004
97551 1 182.880005 69.120003 2 174.901291 69.120003
99949 1 67.68 83.520004 2 61.044754 83.520004
96011 1 126.720001 79.200005 2 118.542816 79.200005
95425 1 582.33606 103.680008 2 575.713501 103.680008
97728 1 558.144043 89.85601 2 549.391174 89.85601
100852 1 222.912018 333.504028 2 174.921341 333.504028
100982 1 317.952026 288.576019 2 281.358093 288.576019
100973 1 304.128021 285.120026 2 267.250427 285.120026
98257 1 601.344055 72.576004 2 594.628723 72.576004
100022 1 604.800049 43.200005 2 597.171387 43.200005
100787 1 1157.760132 266.11203 2 1087.154419 266.11203
100943 1 974.592102 162.432022 2 934.228882 162.432022
100948 1 940.032104 183.168015 2 901.604736 183.168015
100978 1 798.33606 278.208038 2 761.498352 278.208038
100514 1 672.192078 245.376022 2 648.425781 245.376022
97575 1 698.112061 193.536011 2 685.217041 193.536011
100968 1 717.120056 279.936035 2 679.775818 279.936035
100616 1 770.688049 95.040009 2 753.656433 95.040009
101107 1 884.736084 39.744003 2 862.627808 39.744003
99993 1 663.552063 126.144012 2 656.23938 126.144012
97037 1 627.264038 115.776009 2 619.404541 115.776009
100516 1 736.128052 171.072021 2 715.924683 171.072021
98174 1 523.584045 190.080017 2 514.264709 190.080017
101077 1 373.248047 241.920029 2 344.266968 241.920029
101150 1 438.912048 196.99202 2 429.699036 196.99202
98826 1 480.384033 122.688011 2 470.460449 122.688011
91542 1 380.160034 95.040009 2 373.042358 95.040009
96607 1 340.416046 53.568005 2 333.664337 53.568005
94810 1 458.265656 107.827217 2 448.782745 107.827217
99462 1 463.104034 43.200005 2 453.815735 43.200005
99895 1 461.376038 153.792007 2 451.928009 153.792007
98751 1 470.016052 122.688011 2 460.494263 122.688011
100999 1 247.104019 245.376022 2 215.117325 245.376022
100410 1 278.208038 238.46402 2 247.241852 238.46402
100859 1 214.272018 305.856018 2 165.303314 305.856018
99330 1 207.360016 136.512009 2 200.08812 136.512009
101000 1 298.944031 158.976013 2 267.755402 158.976013
94898 1 169.344009 48.384003 2 161.285507 48.384003
101163 1 169.344009 110.59201 2 161.452118 110.59201
99958 1 636.595276 99.532814 2 629.144958 99.532814
97135 1 481.075256 58.060806 2 471.513977 58.060806
92447 1 582.681702 47.692806 2 575.170105 47.692806
100808 1 1072.051392 323.481659 2 1013.605652 323.481659
93669 1 522.547302 190.771225 2 514.287231 190.771225
100622 1 479.001678 215.654434 2 467.481873 215.654434
96145 1 578.534485 114.048019 2 570.537659 114.048019
100950 1 974.592163 161.740829 2 934.584839 161.740829
99781 1 1045.094604 194.088989 2 997.800171 194.088989
101202 1 736.128113 170.035217 2 715.72168 170.035217
97576 1 661.478516 126.489616 2 655.225647 126.489616
97740 1 362.880066 145.152023 2 354.479309 145.152023
101015 1 298.59845 159.667221 2 267.475861 159.667221
99815 1 717.465698 279.936035 2 680.522461 279.936035
99946 1 816.998535 87.091209 2 800.473816 87.091209
100461 1 661.478516 261.273651 2 635.544922 261.273651
101109 1 644.889709 248.832031 2 622.914795 248.832031
99881 1 642.816101 219.801636 2 627.121948 219.801636
101016 1 87.091209 238.464035 2 56.805885 238.464035
101036 1 72.576012 199.065628 2 42.158066 199.065628
100909 1 265.420837 313.113647 2 222.03421 313.113647
100974 1 317.260834 290.304047 2 281.000366 290.304047
101073 1 373.248047 242.611237 2 343.761047 242.611237
99336 1 348.364838 230.169632 2 322.129425 230.169632
101082 1 344.217651 215.654434 2 317.001953 215.654434
101154 1 138.931213 215.654434 2 109.981178 215.654434
100325 1 221.875229 333.84964 2 174.574219 333.84964
94896 1 170.035217 109.900818 2 162.204849 109.900818
101170 1 128.563217 80.870415 2 120.779373 80.870415
100435 1 226.02243 240.537628 2 194.724991 240.537628
99996 1 495.590485 93.312012 2 486.31601 93.312012
100404 1 277.862427 238.464035 2 246.909515 238.464035
86555 1 455.36261 109.486099 2 445.595612 109.486099
100284 1 1157.06897 266.250275 2 1086.123169 266.250275
100953 1 972.933228 161.740829 2 931.70343 161.740829
100320 1 771.379333 306.063416 2 722.780212 306.063416
99915 1 460.339264 154.275864 2 451.10672 154.275864
98204 1 477.757507 121.927696 2 468.630157 121.927696
90464 1 589.731934 196.577301 2 583.301147 196.577301
101012 1 87.091209 238.878754 2 57.408516 238.878754
101054 1 106.997772 201.553955 2 75.500008 201.553955
100858 1 726.589539 320.993317 2 680.640259 320.993317
100469 1 659.404907 261.273651 2 633.597168 261.273651
101110 1 644.474976 248.832031 2 623.036926 248.832031
101069 1 204.042267 186.624023 2 175.220535 186.624023
100931 1 263.761963 313.528351 2 221.512085 313.528351
100979 1 316.016693 288.645172 2 280.243958 288.645172
100937 1 1045.094604 151.787537 2 1002.967468 151.787537
98738 1 164.229141 199.065628 2 134.232391 199.065628
86554 1 171.694107 111.974419 2 163.867966 111.974419
92465 1 171.694107 49.766407 2 163.622345 49.766407
99306 1 495.175751 97.044495 2 485.761047 97.044495
90009 1 487.710785 47.278088 2 477.813446 47.278088
100413 1 246.343719 246.343719 2 214.808807 246.343719
101039 1 186.624023 199.065628 2 155.986221 199.065628
78077 1 582.266968 47.278088 2 574.851135 47.278088
100895 1 875.888794 293.621796 2 833.175537 293.621796
101031 1 955.515015 49.766407 2 924.174744 49.766407
100810 1 1072.466064 325.969971 2 1014.903076 325.969971
100819 1 1057.536133 251.320358 2 999.749451 251.320358
99832 1 226.93483 241.864746 2 195.196686 241.864746
100438 1 229.920807 232.906799 2 199.109253 232.906799
101183 1 450.883667 122.425369 2 441.033478 122.425369
99814 1 937.599182 182.145065 2 898.455322 182.145065
87894 1 522.547302 191.103012 2 513.745972 191.103012
99966 1 477.757538 122.425369 2 469.26828 122.425369
83792 1 594.210938 167.215134 2 589.774048 167.215134
100911 1 994.332886 212.004898 2 948.775085 212.004898
85390 1 149.299225 134.369308 2 139.838806 134.369308
98807 1 680.804504 173.187103 2 673.575195 173.187103
96021 1 662.88855 125.411354 2 654.511292 125.411354
88028 1 56.733707 98.537491 2 49.957241 98.537491
100478 1 424.009796 256.794678 2 395.952911 256.794678
99291 1 1089.884399 101.523476 2 1046.016724 101.523476
90503 1 391.163971 104.50946 2 382.816895 104.50946
100356 1 262.766632 313.528381 2 221.407623 313.528381
100474 1 659.902588 262.766632 2 632.714783 262.766632
99845 1 104.50946 200.060959 2 75.375381 200.060959
100355 1 256.794678 310.542389 2 217.034668 310.542389
99259 1 964.473022 232.906799 2 915.885986 232.906799
99287 1 922.66925 217.976868 2 883.05481 217.976868
101236 1 770.384033 95.551506 2 753.340088 95.551506
101178 1 519.56134 83.607567 2 510.096008 83.607567
82712 1 495.673431 95.551506 2 485.782684 95.551506
97043 1 519.56134 68.677643 2 510.826843 68.677643
100875 1 1116.758179 140.341278 2 1067.839844 140.341278
100946 1 1045.094604 152.285217 2 1003.66925 152.285217
101206 1 627.056763 223.948837 2 613.194824 223.948837
98172 1 644.972656 220.96286 2 628.608215 220.96286
84670 1 164.229156 59.719692 2 156.417984 59.719692
84946 1 128.397339 80.621582 2 120.609383 80.621582
98304 1 152.285217 223.948837 2 120.922592 223.948837
97752 1 551.809998 75.246811 2 543.67572 75.246811
100453 1 220.96286 194.088989 2 192.041077 194.088989
96527 1 591.224915 194.088989 2 587.05304 194.088989
99267 1 1046.289062 193.491806 2 998.775024 193.491806
97697 1 591.224976 197.074982 2 585.32605 197.074982
100282 1 1164.534058 268.738617 2 1091.501709 268.738617
100918 1 867.129944 293.820892 2 827.983093 293.820892
97180 1 118.244995 93.16272 2 110.8526 93.16272
100963 1 290.237701 297.404083 2 251.753494 297.404083
100887 1 1117.952637 139.74408 2 1068.857422 139.74408
100883 1 1071.371338 121.828178 2 1027.547363 121.828178
92054 1 494.479065 96.745903 2 485.234772 96.745903
101176 1 734.552246 168.409531 2 715.13208 168.409531
101093 1 351.151794 232.906799 2 323.747498 232.906799
92037 1 390.566803 103.91227 2 383.206604 103.91227
99884 1 379.817261 268.738617 2 351.323029 268.738617
98771 1 720.219482 279.488159 2 682.216187 279.488159
97160 1 171.992722 111.078629 2 162.966064 111.078629
99405 1 326.069519 89.579544 2 294.430664 89.579544
98308 1 103.91227 200.658173 2 75.159615 200.658173
100614 1 308.153625 186.325439 2 276.377228 186.325439
101187 1 601.974487 107.495445 2 593.959595 107.495445
82709 1 580.475403 114.661812 2 572.651184 114.661812
101043 1 182.742264 200.658173 2 151.427139 200.658173
100428 1 311.736786 232.906799 2 280.371063 232.906799
96022 1 204.241348 222.157257 2 173.971176 222.157257
86973 1 662.888611 125.411354 2 655.282715 125.411354
97092 1 695.137207 193.491806 2 681.913147 193.491806
101120 1 610.0 77.0 2 603.110168 77.0
100907 1 721.200012 308.400024 2 677.132751 308.400024
100627 1 452.160004 57.600002 2 442.936462 57.600002
98829 1 578.400024 45.600002 2 571.567261 45.600002
99859 1 642.240051 220.320007 2 626.859619 220.320007
100626 1 225.600006 54.000004 2 217.871567 54.000004
100912 1 1018.080017 167.040009 2 975.742859 167.040009
97747 1 494.208038 57.024006 2 485.058167 57.024006
94900 1 565.05603 43.200005 2 556.997864 43.200005
95994 1 509.76004 62.208008 2 499.981659 62.208008
101009 1 866.400024 189.600006 2 836.189026 189.600006
100824 1 783.600037 324.0 2 730.253479 324.0
99311 1 253.200012 56.400002 2 245.107773 56.400002
96531 1 56.160004 93.600006 2 49.460155 93.600006
91505 1 213.580826 87.091209 2 205.693375 87.091209
91575 1 595.123291 66.355209 2 588.133118 66.355209
97764 1 60.134407 99.532814 2 53.287086 99.532814
100390 1 908.928101 216.000015 2 868.480896 216.000015
99346 1 72.576004 198.720016 2 42.263439 198.720016
101248 1 769.305725 114.048019 2 752.376587 114.048019
90499 1 522.547302 70.502411 2 513.471436 70.502411
99374 1 136.85762 126.489616 2 129.363235 126.489616
98347 1 627.056702 116.951057 2 619.463867 116.951057
99959 1 773.867615 72.161293 2 756.4245 72.161293
94238 1 467.80423 102.021133 2 458.50235 102.021133
101205 1 67.392006 82.944008 2 60.256947 82.944008
101173 1 768.890991 114.462738 2 752.34021 114.462738
85374 1 600.182922 104.50946 2 592.555969 104.50946
100970 1 806.21582 281.180206 2 767.473511 281.180206
100376 1 1006.276794 152.285217 2 964.598877 152.285217
101033 1 143.327271 250.822708 2 113.527344 250.822708
95538 1 137.355286 214.990891 2 107.782936 214.990891
90473 1 347.568604 121.828178 2 340.572266 121.828178
94956 1 394.149963 89.579544 2 387.486084 89.579544
101008 1 307.556396 188.117035 2 275.885101 188.117035
96051 1 445.409332 77.137932 2 435.615295 77.137932
98862 1 644.972717 96.745903 2 637.381714 96.745903
101171 1 1015.23468 156.764175 2 973.701233 156.764175
99827 1 278.691895 238.878754 2 246.434219 238.878754
101182 1 326.069519 193.491806 2 296.71283 193.491806
93167 1 597.196899 169.20578 2 589.7276 169.20578
101085 1 349.360199 229.920807 2 323.086578 229.920807
