69
-0.8977462 -0.2734425 49.23239 6.824063176094763e-05 0.06124421034470109 -0.031313575458477454 0.9976314961119043
10721 1 486.0 242.0 2 461.06192 242.0
9250 1 550.0 155.0 2 535.706726 155.0
10372 1 914.0 57.0 2 907.529541 57.0
10456 1 805.0 50.0 2 797.005615 50.0
9157 1 626.400024 42.0 2 608.293945 42.0
10058 1 612.0 52.800003 2 593.985657 52.800003
9556 1 622.800049 28.800001 2 606.025269 28.800001
10056 1 855.0 168.0 2 847.591003 168.0
9959 1 842.400024 160.800003 2 834.948425 160.800003
8680 1 836.0 165.0 2 828.204529 165.0
9551 1 791.0 177.0 2 783.424622 177.0
9141 1 788.0 159.0 2 780.35553 159.0
10502 1 816.0 115.0 2 808.150269 115.0
10400 1 758.400024 126.000008 2 750.741394 126.000008
9553 1 765.0 119.0 2 756.877625 119.0
10455 1 695.0 182.0 2 686.476929 182.0
9557 1 686.0 159.0 2 678.165161 159.0
10393 1 326.400024 37.200001 2 309.804016 37.200001
10055 1 884.0 173.0 2 876.546753 173.0
8731 1 895.0 144.0 2 886.764587 144.0
9655 1 829.0 117.0 2 820.94043 117.0
9965 1 677.0 51.0 2 660.062317 51.0
9963 1 372.0 68.400002 2 357.91861 68.400002
8795 1 710.0 183.0 2 700.772583 183.0
9554 1 739.0 114.0 2 730.477539 114.0
10460 1 713.0 89.0 2 698.177612 89.0
10660 1 1187.0 314.0 2 1145.196899 314.0
10737 1 1220.0 99.0 2 1200.830566 99.0
10585 1 901.0 348.0 2 844.104004 348.0
10616 1 506.0 344.0 2 451.992401 344.0
10679 1 528.0 280.0 2 493.196686 280.0
10632 1 459.0 325.0 2 410.104523 325.0
9565 1 484.0 152.0 2 476.320435 152.0
10720 1 199.0 188.0 2 174.033722 188.0
10723 1 265.200012 242.400009 2 241.201843 242.400009
10682 1 101.0 265.0 2 67.051865 265.0
9988 1 308.400024 152.400009 2 290.047913 152.400009
10280 1 62.0 69.0 2 22.502861 69.0
9964 1 681.0 100.0 2 666.184998 100.0
9577 1 882.000061 141.600006 2 874.386963 141.600006
9961 1 860.400024 139.200012 2 852.518738 139.200012
10508 1 788.400024 158.400009 2 780.788025 158.400009
8682 1 812.400024 127.200005 2 804.507874 127.200005
10468 1 818.400024 26.400002 2 810.235779 26.400002
10388 1 829.200012 116.400002 2 821.299622 116.400002
10402 1 781.200012 102.000008 2 773.339294 102.000008
10754 1 652.0 54.0 2 633.893555 54.0
10466 1 646.800049 26.400002 2 628.693298 26.400002
10378 1 269.0 32.0 2 252.622192 32.0
9569 1 781.200012 60.000004 2 774.596802 60.000004
8785 1 879.600037 169.200012 2 872.478943 169.200012
9975 1 712.800049 88.800003 2 698.504517 88.800003
10395 1 351.600006 38.400002 2 335.397491 38.400002
10067 1 806.400024 70.560005 2 798.458435 70.560005
9688 1 460.800018 126.000008 2 457.045197 126.000008
8311 1 709.200012 162.0 2 701.001526 162.0
10399 1 726.0 138.0 2 717.817749 138.0
9555 1 721.0 144.0 2 712.549316 144.0
9154 1 739.200012 112.800003 2 731.719727 112.800003
10748 1 658.800049 64.800003 2 640.583984 64.800003
10505 1 637.200012 62.400002 2 619.73761 62.400002
9158 1 1156.320068 195.840012 2 1142.902954 195.840012
10073 1 1092.960083 195.840012 2 1082.378418 195.840012
10096 1 1015.0 92.0 2 1002.801636 92.0
10504 1 967.0 162.0 2 957.933899 162.0
10691 1 542.400024 264.0 2 510.047485 264.0
10718 1 486.000031 241.200012 2 460.964752 241.200012
10608 1 508.0 343.0 2 453.420319 343.0
9055 1 528.0 279.600006 2 493.350159 279.600006
10327 1 372.0 254.400009 2 344.951447 254.400009
10729 1 450.0 243.0 2 428.52771 243.0
10241 1 459.600006 324.0 2 411.062897 324.0
10210 1 422.400024 338.400024 2 370.267273 338.400024
10695 1 456.0 269.0 2 425.702362 269.0
9573 1 576.0 87.840004 2 560.705078 87.840004
10408 1 594.0 118.800003 2 576.537659 118.800003
10731 1 258.0 212.0 2 237.168091 212.0
10362 1 282.240021 233.280014 2 262.712738 233.280014
7828 1 298.080017 217.440002 2 279.422424 217.440002
10693 1 207.600006 267.600006 2 176.683044 267.600006
10304 1 99.600006 265.200012 2 66.233063 265.200012
9929 1 120.000008 188.400009 2 94.389397 188.400009
9922 1 134.400009 210.000015 2 108.418297 210.000015
10677 1 174.240005 277.920013 2 138.521103 277.920013
9567 1 300.960022 144.0 2 281.841095 144.0
10753 1 272.400024 142.800003 2 254.270569 142.800003
10283 1 61.920002 69.120003 2 22.618055 69.120003
10396 1 659.52002 133.919998 2 651.290588 133.919998
10413 1 351.360016 38.880001 2 334.904785 38.880001
7393 1 658.080017 156.960007 2 649.486572 156.960007
9570 1 726.0 46.800003 2 712.536255 46.800003
9550 1 751.680054 79.488007 2 744.742371 79.488007
6485 1 835.200012 144.0 2 827.560791 144.0
9661 1 703.200012 110.400002 2 688.586426 110.400002
9665 1 660.960022 93.600006 2 645.036011 93.600006
9597 1 709.920044 162.720001 2 700.806091 162.720001
10415 1 933.120056 83.520004 2 925.944763 83.520004
7744 1 718.560059 142.560013 2 710.580383 142.560013
10072 1 684.0 158.400009 2 675.71759 158.400009
7737 1 761.76001 152.639999 2 753.35144 152.639999
10726 1 1199.52002 246.240005 2 1176.906616 246.240005
9827 1 1186.800049 313.200012 2 1145.227173 313.200012
10416 1 1038.528076 186.624023 2 1028.316162 186.624023
10420 1 1100.160034 135.360001 2 1088.457642 135.360001
10417 1 989.280029 131.040009 2 977.028442 131.040009
10418 1 875.52002 38.880001 2 868.71051 38.880001
9582 1 781.920044 165.600006 2 774.26886 165.600006
8691 1 812.160034 126.720001 2 804.221924 126.720001
9576 1 924.480042 152.639999 2 917.359253 152.639999
9666 1 894.240051 142.560013 2 886.09021 142.560013
9223 1 859.680054 139.680008 2 852.002808 139.680008
10389 1 769.200012 60.000004 2 761.77124 60.000004
10690 1 542.880005 263.52002 2 510.339996 263.52002
7730 1 557.280029 198.720001 2 543.226868 198.720001
10214 1 510.000031 338.400024 2 457.12027 338.400024
10798 1 562.800049 309.600006 2 519.264038 309.600006
10332 1 371.52002 254.880005 2 344.826233 254.880005
8694 1 381.600006 189.600006 2 366.83075 189.600006
9579 1 368.640015 191.520004 2 352.995117 191.520004
10317 1 436.320007 259.200012 2 407.891754 259.200012
10244 1 459.360016 324.0 2 410.267578 324.0
10215 1 421.920013 338.400024 2 369.44281 338.400024
9147 1 450.720032 172.800003 2 441.331451 172.800003
10725 1 223.200012 236.160004 2 200.018524 236.160004
10734 1 283.200012 232.800003 2 262.810699 232.800003
10267 1 235.200012 308.400024 2 191.15567 308.400024
10704 1 77.760002 223.200012 2 50.693832 223.200012
10340 1 144.0 214.560013 2 118.705765 214.560013
9889 1 99.360001 264.960022 2 66.056374 264.960022
10674 1 63.360001 279.360016 2 26.313938 279.360016
10644 1 142.560013 315.360016 2 97.685005 315.360016
10669 1 61.200001 68.400002 2 22.476589 68.400002
8274 1 328.320038 38.016003 2 310.888306 38.016003
10751 1 270.720001 175.680008 2 252.566833 175.680008
8217 1 271.296021 165.888016 2 252.496719 165.888016
10651 1 561.600037 309.600006 2 517.840759 309.600006
10353 1 1200.960083 245.376022 2 1178.9104 245.376022
9691 1 1123.891357 236.390427 2 1106.601074 236.390427
10424 1 1164.672119 53.568005 2 1151.669922 53.568005
10697 1 177.12001 253.440002 2 147.445633 253.440002
10008 1 1100.736084 134.784012 2 1088.13916 134.784012
9830 1 132.480011 316.800018 2 82.344757 316.800018
10665 1 76.723213 282.009644 2 36.810913 282.009644
10680 1 134.784012 269.568024 2 100.019798 269.568024
10345 1 119.520004 188.640015 2 94.036224 188.640015
10334 1 77.76001 222.912018 2 50.744926 222.912018
10426 1 1038.873779 186.624023 2 1028.025269 186.624023
10694 1 248.832031 264.384033 2 218.079651 264.384033
10323 1 437.184052 260.92804 2 408.666779 260.92804
7819 1 584.75531 153.446426 2 577.089661 153.446426
10079 1 593.049683 118.195213 2 576.864075 118.195213
10707 1 559.87207 247.104019 2 533.159363 247.104019
10666 1 506.304047 302.400024 2 466.479156 302.400024
8209 1 544.320068 264.384033 2 511.89151 264.384033
10347 1 283.392029 236.736023 2 259.300659 236.736023
6080 1 549.504028 153.792007 2 535.220703 153.792007
5200 1 451.008057 172.800018 2 441.603302 172.800018
10550 1 292.032013 60.480007 2 275.174255 60.480007
9594 1 780.480042 59.040001 2 773.36731 59.040001
10081 1 924.480103 152.064011 2 917.836792 152.064011
10011 1 870.912109 88.128006 2 862.949036 88.128006
9611 1 768.960083 60.480007 2 761.320129 60.480007
9601 1 763.776062 114.048012 2 755.899292 114.048012
9254 1 834.624084 164.160019 2 827.065491 164.160019
6494 1 835.660889 145.152023 2 827.74469 145.152023
9183 1 709.171326 163.814423 2 700.657166 163.814423
10366 1 271.641632 176.256027 2 252.698715 176.256027
10654 1 317.952026 309.312042 2 274.505585 309.312042
10649 1 561.600037 309.312042 2 517.693054 309.312042
9921 1 80.870415 236.390427 2 55.235432 236.390427
10333 1 76.723213 223.948837 2 50.401756 223.948837
10265 1 235.008026 309.312042 2 190.848541 309.312042
10321 1 437.529663 261.273651 2 409.524933 261.273651
9836 1 79.488007 316.22403 2 33.35397 316.22403
8546 1 456.192078 325.555237 2 408.400726 325.555237
10431 1 1040.11792 186.624023 2 1034.058472 186.624023
10428 1 1165.363403 53.913609 2 1151.402222 53.913609
9672 1 1013.99054 91.238411 2 1002.423706 91.238411
10710 1 559.87207 242.611237 2 533.831116 242.611237
2712 1 369.100861 190.771225 2 352.865356 190.771225
6496 1 557.798462 199.065628 2 544.085754 199.065628
10652 1 555.724854 311.040039 2 512.131958 311.040039
10662 1 508.032074 302.745636 2 467.725525 302.745636
8601 1 511.488037 286.848022 2 475.395782 286.848022
6932 1 549.504089 153.446426 2 534.753906 153.446426
9707 1 499.392059 171.072021 2 493.174042 171.072021
10123 1 551.577698 141.004822 2 537.4151 141.004822
10101 1 997.056091 184.896011 2 987.160706 184.896011
9618 1 958.003357 118.195213 2 946.880554 118.195213
10433 1 943.488159 58.060806 2 936.359741 58.060806
9610 1 752.716919 80.870415 2 745.293152 80.870415
9626 1 868.423828 146.810898 2 860.882507 146.810898
10521 1 319.680023 184.896011 2 302.944855 184.896011
9599 1 300.672028 145.152008 2 281.719452 145.152008
8248 1 607.56488 97.459213 2 590.819275 97.459213
9625 1 700.876892 60.134407 2 683.740967 60.134407
9604 1 638.668884 120.268814 2 631.735901 120.268814
8233 1 161.740829 248.832031 2 133.4207 248.832031
10303 1 1194.393799 292.377655 2 1160.262573 292.377655
10273 1 317.260834 308.966431 2 274.047577 308.966431
10708 1 557.383789 241.367081 2 530.939331 241.367081
10698 1 537.0625 255.052841 2 508.352081 255.052841
6508 1 557.383789 199.065628 2 544.357727 199.065628
9633 1 1012.746399 89.579529 2 1000.861877 89.579529
7 1 450.385986 171.694107 2 440.216858 171.694107
10015 1 555.724854 109.900818 2 541.0578 109.900818
9185 1 497.664062 89.579529 2 489.645142 89.579529
8180 1 512.593994 286.15683 2 475.601501 286.15683
2387 1 549.918823 174.182419 2 535.017578 174.182419
7376 1 497.664062 167.961624 2 491.276947 167.961624
9616 1 552.407104 141.834259 2 536.756714 141.834259
10080 1 1015.23468 144.322586 2 1003.580627 144.322586
9190 1 930.631836 166.717468 2 922.203003 166.717468
10363 1 284.083252 232.243225 2 263.278809 232.243225
6114 1 229.920807 155.271194 2 217.290344 155.271194
9627 1 751.472717 79.626251 2 744.841431 79.626251
10437 1 868.423828 62.208008 2 862.47113 62.208008
9580 1 300.672028 145.152023 2 281.431885 145.152023
7806 1 607.150146 97.044495 2 590.498474 97.044495
9679 1 594.708557 72.161293 2 577.225708 72.161293
10439 1 943.073425 57.231369 2 935.356323 57.231369
8254 1 649.451599 151.787537 2 641.400818 151.787537
10266 1 151.372818 315.187256 2 107.849876 315.187256
10692 1 82.114571 263.761963 2 50.044373 263.761963
9184 1 594.708557 116.951057 2 577.323669 116.951057
10701 1 435.456055 259.200043 2 407.15448 259.200043
10646 1 559.87207 311.040039 2 515.818115 311.040039
10113 1 450.883667 170.201126 2 439.801147 170.201126
10038 1 868.921509 62.705677 2 862.45343 62.705677
10656 1 558.379089 310.542389 2 515.128723 310.542389
10667 1 525.533264 298.59845 2 486.191895 298.59845
8619 1 543.449219 271.724609 2 510.078522 271.724609
8779 1 495.673431 167.215134 2 490.1539 167.215134
5652 1 501.645416 140.341278 2 495.020081 140.341278
10530 1 767.39801 59.719692 2 758.981873 59.719692
10441 1 471.785553 92.565521 2 468.062561 92.565521
10039 1 821.145752 71.663628 2 812.024475 71.663628
8787 1 298.59845 143.327255 2 279.803253 143.327255
10361 1 283.668518 231.413788 2 262.171906 231.413788
10745 1 301.086761 213.995544 2 282.73584 213.995544
9191 1 698.720398 59.719692 2 683.291443 59.719692
9208 1 656.916626 59.719692 2 639.878052 59.719692
9681 1 908.236938 149.299225 2 900.745667 149.299225
8719 1 791.285889 134.369308 2 782.788208 134.369308
10262 1 233.902115 311.040039 2 187.758896 311.040039
10442 1 501.645416 68.677643 2 489.714355 68.677643
10447 1 1152.590088 197.074982 2 1139.66272 197.074982
352 1 548.226807 175.575897 2 534.321411 175.575897
10037 1 874.296326 96.745903 2 867.150574 96.745903
10050 1 397.733154 132.577713 2 393.115173 132.577713
9638 1 795.466309 121.828178 2 788.872986 121.828178
7350 1 609.140869 103.91227 2 590.605225 103.91227
9200 1 609.140869 75.246811 2 590.92804 75.246811
8720 1 680.804504 152.285217 2 672.135132 152.285217
8766 1 791.883118 132.577713 2 783.712891 132.577713
10051 1 662.888611 100.329086 2 648.219666 100.329086
10093 1 745.301758 111.078629 2 738.47699 111.078629
9212 1 311.736786 193.491806 2 295.007202 193.491806
9901 1 161.243164 247.836716 2 134.27356 247.836716
10350 1 429.981781 247.239532 2 407.412537 247.239532
9645 1 1014.040405 89.579544 2 1001.638916 89.579544
10453 1 1153.784424 197.074982 2 1138.890869 197.074982
9973 1 957.0 117.0 2 945.664978 117.0
9954 1 874.0 102.0 2 866.963013 102.0
9502 1 1098.0 258.0 2 1072.577515 258.0
10358 1 1205.0 239.0 2 1183.581177 239.0
9426 1 1220.0 317.0 2 1174.507202 317.0
10156 1 848.0 352.0 2 789.321594 352.0
10159 1 583.0 354.0 2 524.35614 354.0
10157 1 369.0 355.0 2 311.884735 355.0
9912 1 46.0 193.0 2 19.207911 193.0
9552 1 672.0 39.600002 2 655.475281 39.600002
9967 1 781.200012 102.000008 2 773.339294 102.000008
9501 1 1096.800049 256.800018 2 1071.172852 256.800018
9970 1 1156.800049 196.800003 2 1143.143921 196.800003
9802 1 703.200012 350.400024 2 645.809814 350.400024
10118 1 872.640015 184.320007 2 863.261292 184.320007
9991 1 725.76001 47.52 2 712.252808 47.52
8685 1 551.52002 37.440002 2 534.826721 37.440002
9943 1 1134.720093 237.600006 2 1116.925049 237.600006
9520 1 1090.080078 256.320007 2 1063.786987 256.320007
10238 1 1113.119995 324.0 2 1064.638062 324.0
9596 1 672.480042 38.880001 2 655.35321 38.880001
10115 1 505.440033 141.12001 2 493.809235 141.12001
8324 1 682.560059 183.168015 2 673.801208 183.168015
10247 1 1114.560059 324.864044 2 1064.988525 324.864044
10364 1 1085.184082 86.400009 2 1069.911011 86.400009
9622 1 806.976074 70.848007 2 799.075256 70.848007
10200 1 509.76004 338.688019 2 456.87027 338.688019
10220 1 421.63205 338.688019 2 369.071198 338.688019
8687 1 162.432022 247.104019 2 135.338623 247.104019
10301 1 62.208008 279.936035 2 25.998045 279.936035
10116 1 1136.333008 238.464035 2 1117.433716 238.464035
9617 1 995.328125 186.624023 2 985.833862 186.624023
7762 1 937.267334 155.52002 2 930.475037 155.52002
10017 1 887.500916 155.52002 2 879.972656 155.52002
10319 1 437.944397 261.273651 2 410.595398 261.273651
8549 1 455.36261 325.969971 2 407.767944 325.969971
10269 1 1164.533936 318.505005 2 1120.667969 318.505005
9035 1 1181.952148 291.133484 2 1146.880005 291.133484
10284 1 1162.045654 291.133484 2 1123.740967 291.133484
6110 1 584.75531 154.275864 2 576.643433 154.275864
8702 1 492.687439 211.507233 2 480.790802 211.507233
10271 1 316.016693 308.551727 2 273.658997 308.551727
8718 1 823.634033 136.85762 2 814.531189 136.85762
10030 1 871.907471 83.607567 2 864.848145 83.607567
6999 1 373.248077 212.004898 2 357.751373 212.004898
9197 1 928.641174 167.215134 2 919.994812 167.215134
3117 1 555.393127 110.48143 2 540.454529 110.48143
9640 1 752.46814 80.621582 2 744.736694 80.621582
10040 1 1000.30481 185.131042 2 991.056274 185.131042
8730 1 373.248077 59.719692 2 357.773346 59.719692
10024 1 958.501038 212.004898 2 944.593445 212.004898
10053 1 680.804504 150.493622 2 672.854858 150.493622
6538 1 652.139038 150.493622 2 643.998901 150.493622
8764 1 247.239532 150.493622 2 228.060318 150.493622
6963 1 555.393127 107.495445 2 541.18396 107.495445
9680 1 874.296326 179.159088 2 866.015808 179.159088
8727 1 845.630859 146.910446 2 837.936523 146.910446
7831 1 551.809998 143.327271 2 535.956116 143.327271
10090 1 963.875854 211.407715 2 949.5625 211.407715
