734
457.8478 -42.17833 193.0158 0.04116993162905429 0.5798365984231582 -0.027821413823783257 0.8132161611721487
108182 1 644.0 69.0 2 629.157043 69.0
108160 1 544.0 21.0 2 524.332458 21.0
108180 1 615.0 162.0 2 602.125122 162.0
107709 1 225.0 187.0 2 208.856964 187.0
108072 1 411.0 238.0 2 385.440979 238.0
107147 1 379.0 224.0 2 355.487579 224.0
108091 1 374.0 201.0 2 350.033325 201.0
108305 1 818.0 95.0 2 805.453186 95.0
108188 1 177.0 119.0 2 163.079224 119.0
108187 1 790.0 64.0 2 776.557068 64.0
107677 1 585.0 49.0 2 570.013672 49.0
107673 1 630.0 211.200012 2 617.249878 211.200012
106790 1 750.0 79.200005 2 736.600708 79.200005
108179 1 744.0 193.200012 2 732.849121 193.200012
107163 1 889.200012 175.200012 2 876.414001 175.200012
107692 1 325.200012 81.600006 2 308.711548 81.600006
108167 1 326.400024 46.800003 2 307.746216 46.800003
108064 1 330.0 26.400002 2 304.170105 26.400002
107684 1 841.200012 66.0 2 827.358826 66.0
105627 1 822.000061 74.400002 2 809.978577 74.400002
108197 1 144.0 126.000008 2 130.307312 126.000008
106317 1 56.400002 196.800003 2 37.819954 196.800003
105622 1 607.200012 94.800003 2 593.934937 94.800003
108331 1 583.200012 92.400002 2 570.828064 92.400002
108206 1 176.400009 118.800003 2 162.715744 118.800003
108071 1 285.600006 34.800003 2 260.268768 34.800003
107125 1 271.200012 52.800003 2 247.374924 52.800003
107582 1 259.200012 30.000002 2 233.702972 30.000002
108186 1 798.000061 38.400002 2 784.823059 38.400002
108184 1 100.800003 86.400002 2 86.483017 86.400002
108211 1 694.800049 60.000004 2 680.748535 60.000004
106164 1 661.200012 33.600002 2 646.166321 33.600002
107278 1 586.800049 204.000015 2 573.95929 204.000015
106647 1 624.0 24.0 2 609.017395 24.0
107924 1 1128.0 301.200012 2 1071.764893 301.200012
108175 1 990.000061 206.400009 2 970.521729 206.400009
108048 1 1053.600098 192.0 2 1020.861206 192.0
107917 1 1011.600037 321.600006 2 953.721802 321.600006
107686 1 957.600037 124.800003 2 945.123596 124.800003
108076 1 826.800049 236.400009 2 803.217896 236.400009
108191 1 912.000061 192.0 2 898.28125 192.0
106627 1 854.400024 189.600006 2 842.044739 189.600006
107564 1 795.600037 284.400024 2 755.034119 284.400024
107176 1 669.600037 212.400009 2 654.767822 212.400009
105276 1 840.000061 163.200012 2 828.360229 163.200012
107177 1 777.600037 159.600006 2 764.120911 159.600006
106166 1 723.600037 64.800003 2 709.496582 64.800003
107279 1 676.800049 146.400009 2 664.866882 146.400009
103115 1 648.0 132.0 2 635.717041 132.0
107688 1 735.600037 123.600006 2 722.75531 123.600006
108178 1 472.800018 192.0 2 453.290436 192.0
107969 1 508.800018 316.800018 2 460.325745 316.800018
107918 1 591.600037 346.800018 2 534.174133 346.800018
107555 1 579.600037 291.600006 2 538.824646 291.600006
108058 1 344.400024 246.000015 2 318.392212 246.000015
107620 1 342.0 194.400009 2 317.479492 194.400009
108087 1 363.600006 43.200001 2 339.797363 43.200001
105755 1 237.600006 218.880005 2 214.800888 218.880005
107990 1 231.600006 312.0 2 186.521652 312.0
108274 1 152.400009 236.400009 2 130.083664 236.400009
108155 1 208.800003 31.200001 2 187.807739 31.200001
108122 1 270.0 129.600006 2 248.254745 129.600006
106667 1 888.480042 175.680008 2 875.578247 175.680008
108199 1 753.120056 63.360001 2 738.795166 63.360001
108223 1 743.040039 46.080002 2 728.777222 46.080002
102392 1 761.76001 43.200001 2 748.087646 43.200001
107107 1 285.120026 34.560001 2 259.88208 34.560001
107313 1 817.920044 95.040001 2 805.245789 95.040001
108183 1 115.200005 102.240005 2 100.298508 102.240005
107699 1 604.800049 218.880005 2 590.885681 218.880005
107700 1 597.600037 213.12001 2 583.271545 213.12001
108280 1 604.800049 198.720001 2 591.282227 198.720001
108284 1 633.600037 63.360001 2 618.92926 63.360001
107701 1 650.880005 43.200001 2 636.048523 43.200001
107779 1 637.920044 30.240002 2 623.512817 30.240002
107713 1 817.920044 38.880001 2 804.270081 38.880001
107841 1 799.200012 96.480003 2 786.486755 96.480003
108226 1 725.76001 51.840004 2 710.717529 51.840004
102320 1 720.0 37.440002 2 705.969543 37.440002
108049 1 1051.200073 192.960007 2 1018.516846 192.960007
107905 1 947.52002 331.200012 2 887.427307 331.200012
107478 1 1010.880066 321.120026 2 953.057312 321.120026
107528 1 1186.560059 128.160004 2 1137.80603 128.160004
108153 1 1054.080078 110.880005 2 1032.975342 110.880005
108066 1 826.560059 236.160004 2 802.81665 236.160004
108228 1 910.080017 191.520004 2 896.556458 191.520004
107716 1 853.920044 190.080002 2 841.240417 190.080002
107525 1 861.120056 296.640015 2 812.753235 296.640015
107717 1 663.840027 213.12001 2 648.67334 213.12001
106632 1 744.480042 192.960007 2 733.199402 192.960007
107933 1 652.320007 332.640015 2 598.838989 332.640015
108288 1 817.920044 141.12001 2 804.910095 141.12001
103336 1 803.52002 108.000008 2 790.600403 108.000008
107310 1 891.360046 144.0 2 879.424316 144.0
108291 1 643.680054 69.120003 2 628.474426 69.120003
106193 1 499.392059 231.552017 2 478.094635 231.552017
108162 1 472.320007 191.520004 2 452.78891 191.520004
107523 1 508.320007 316.800018 2 459.087982 316.800018
107484 1 590.400024 345.600006 2 533.998047 345.600006
107943 1 574.559998 332.640015 2 521.037903 332.640015
108031 1 609.119995 290.880005 2 569.66095 290.880005
105621 1 342.720001 194.400009 2 318.420166 194.400009
107643 1 432.000031 198.720016 2 409.85434 198.720016
107309 1 552.960022 164.160004 2 540.505066 164.160004
108217 1 613.440002 109.440002 2 600.317261 109.440002
107736 1 328.320007 84.960007 2 310.60495 84.960007
108165 1 325.440002 46.080002 2 306.858978 46.080002
108060 1 300.960022 208.800003 2 276.05423 208.800003
107960 1 272.160004 326.880005 2 222.767441 326.880005
108096 1 158.400009 250.560013 2 134.223434 250.560013
105143 1 105.120003 250.560013 2 82.320457 250.560013
107950 1 133.919998 316.800018 2 85.386711 316.800018
106640 1 172.800003 92.160004 2 158.855316 92.160004
107159 1 187.200012 110.880005 2 173.579788 110.880005
108290 1 95.040001 40.32 2 86.772011 40.32
104086 1 634.176086 62.208008 2 619.464172 62.208008
106191 1 800.064087 105.408012 2 787.908508 105.408012
108293 1 782.784058 96.768005 2 769.167542 96.768005
104653 1 675.648071 51.840004 2 661.086853 51.840004
104759 1 724.032043 65.664009 2 709.621582 65.664009
105743 1 720.57605 36.288002 2 706.057922 36.288002
107683 1 597.888062 212.544022 2 583.648315 212.544022
104855 1 590.976074 51.840004 2 575.996216 51.840004
108047 1 1052.352051 193.536011 2 1019.001404 193.536011
107923 1 1010.880066 321.40802 2 953.380127 321.40802
105343 1 755.136047 162.432022 2 743.459412 162.432022
107333 1 717.120056 126.144012 2 705.434937 126.144012
108077 1 302.400024 209.088013 2 276.245239 209.088013
108092 1 202.176025 259.200012 2 178.729126 259.200012
107936 1 571.968079 333.504028 2 519.779114 333.504028
107028 1 508.032043 317.952026 2 459.337494 317.952026
106648 1 271.296021 129.600006 2 248.893326 129.600006
105115 1 105.408012 254.016022 2 82.799011 254.016022
107199 1 120.960014 188.35202 2 102.061249 188.35202
107987 1 235.008026 314.496033 2 188.844452 314.496033
107967 1 361.152039 323.136017 2 310.417908 323.136017
107521 1 784.512085 317.952026 2 734.237732 317.952026
107565 1 794.880066 285.120026 2 755.936096 285.120026
107986 1 862.272095 297.216034 2 812.900269 297.216034
107955 1 134.784012 317.952026 2 85.421341 317.952026
108230 1 537.408081 222.912018 2 523.541016 222.912018
108166 1 472.780853 192.844833 2 452.587616 192.844833
107973 1 1188.864136 129.600006 2 1140.250977 129.600006
108237 1 910.656067 191.808014 2 897.081726 191.808014
108289 1 656.640076 212.544022 2 643.572144 212.544022
104805 1 194.918427 105.753616 2 181.499634 105.753616
103088 1 58.752007 229.82402 2 40.84164 229.82402
107743 1 238.46402 143.424011 2 223.470718 143.424011
107638 1 362.880066 41.472008 2 338.988861 41.472008
107580 1 343.388214 243.855392 2 317.724487 243.855392
108083 1 342.144043 195.264023 2 318.464783 195.264023
107722 1 127.872009 165.888016 2 110.622345 165.888016
103751 1 171.072021 93.312012 2 157.205643 93.312012
106286 1 787.968079 62.208008 2 774.915039 62.208008
107209 1 603.417664 199.065628 2 591.108337 199.065628
107495 1 1125.964966 298.59845 2 1069.725098 298.59845
107501 1 651.110474 333.84964 2 598.598022 333.84964
107053 1 711.244873 292.377655 2 669.542664 292.377655
108006 1 412.646454 296.524841 2 371.983276 296.524841
106579 1 568.166504 331.776062 2 515.634216 331.776062
107549 1 578.534485 292.377655 2 538.768433 292.377655
107940 1 360.806458 323.481659 2 309.274689 323.481659
105868 1 487.296082 182.476822 2 467.282166 182.476822
108115 1 203.21283 259.200043 2 180.324677 259.200043
108176 1 120.268814 188.697632 2 101.712433 188.697632
107729 1 910.310547 190.771225 2 897.209229 190.771225
106269 1 375.321655 87.091209 2 351.568298 87.091209
107970 1 1188.172974 128.563217 2 1139.24292 128.563217
108089 1 833.587341 236.390427 2 808.093811 236.390427
107742 1 651.110474 213.580826 2 638.152039 213.580826
107991 1 234.316833 313.113647 2 189.334595 313.113647
107975 1 188.697632 317.260834 2 139.438019 317.260834
108253 1 537.0625 223.948837 2 523.243958 223.948837
107532 1 136.85762 317.260834 2 88.768723 317.260834
107829 1 553.651306 163.814423 2 540.656982 163.814423
107849 1 570.240051 111.974419 2 557.713379 111.974419
108337 1 819.072144 143.078415 2 805.735657 143.078415
107579 1 288.230438 265.420837 2 260.021057 265.420837
107845 1 388.177979 156.764175 2 369.044312 156.764175
107739 1 389.836853 143.078415 2 370.417328 143.078415
106832 1 746.496094 194.918427 2 734.251465 194.918427
108334 1 877.132935 159.667221 2 864.631531 159.667221
108239 1 891.648132 145.152023 2 879.398071 145.152023
107811 1 551.577698 223.948837 2 536.277649 223.948837
100490 1 674.334839 52.254726 2 660.172485 52.254726
102313 1 748.569702 78.796814 2 735.056702 78.796814
107787 1 705.024109 51.840008 2 690.458984 51.840008
102814 1 170.035217 93.312012 2 156.242905 93.312012
107725 1 120.268814 68.42881 2 106.56916 68.42881
108078 1 277.862427 43.545605 2 252.738205 43.545605
107738 1 833.587341 45.619205 2 820.21936 45.619205
108249 1 787.96814 60.134407 2 774.660095 60.134407
108044 1 1050.071167 194.088989 2 1017.537964 194.088989
107993 1 233.902115 313.528351 2 189.663239 313.528351
108007 1 194.088989 303.575073 2 152.090378 303.575073
108025 1 604.661865 291.133484 2 565.886902 291.133484
108024 1 582.266968 291.133484 2 540.828247 291.133484
107873 1 1186.928833 236.390427 2 1124.744141 236.390427
105141 1 272.321808 128.994537 2 248.746124 128.994537
102739 1 753.96106 161.740829 2 742.034851 161.740829
108244 1 741.51947 144.322586 2 729.893799 144.322586
106094 1 1174.487183 313.528351 2 1110.467285 313.528351
107502 1 1132.185791 291.133484 2 1076.792725 291.133484
103680 1 649.451599 211.507233 2 637.173096 211.507233
107962 1 868.423828 301.086761 2 817.973755 301.086761
107519 1 360.806458 323.481659 2 309.242554 323.481659
108149 1 442.921021 77.137932 2 423.772278 77.137932
98318 1 622.080078 154.275864 2 608.767761 154.275864
107961 1 482.734161 318.505005 2 435.46106 318.505005
108238 1 534.988892 223.948837 2 519.691956 223.948837
108159 1 475.269196 62.208008 2 458.872833 62.208008
108169 1 390.66629 141.834259 2 368.611755 141.834259
107741 1 908.236938 191.600662 2 894.848999 191.600662
107200 1 134.369293 318.505005 2 84.6521 318.505005
107660 1 104.50946 253.808685 2 82.497139 253.808685
106228 1 57.231369 231.413788 2 39.228764 231.413788
104684 1 156.764175 251.320358 2 133.154465 251.320358
106778 1 121.927696 189.11235 2 101.932808 189.11235
108296 1 744.007812 194.088989 2 732.385315 194.088989
105254 1 194.088989 104.509453 2 180.558823 104.509453
107025 1 276.203552 325.969971 2 225.685776 325.969971
108257 1 637.01001 77.137932 2 623.463867 77.137932
107655 1 462.827576 236.390427 2 440.662567 236.390427
105770 1 432.967743 199.065628 2 411.199036 199.065628
106337 1 841.052307 164.229141 2 828.974182 164.229141
108246 1 890.818665 144.322586 2 879.09552 144.322586
104693 1 701.70636 49.766407 2 688.902222 49.766407
102676 1 617.103455 59.719688 2 602.525269 59.719688
107750 1 325.969971 84.60289 2 309.691742 84.60289
106234 1 288.645172 111.974419 2 267.248047 111.974419
103170 1 801.239136 106.997772 2 788.149719 106.997772
105608 1 793.77417 283.668518 2 755.337646 283.668518
108042 1 1048.080566 194.088989 2 1017.328918 194.088989
108302 1 606.154846 185.131042 2 592.469543 185.131042
108000 1 322.486328 310.542389 2 276.396057 310.542389
107578 1 286.65451 265.752625 2 261.745605 265.752625
107331 1 647.958679 179.159073 2 635.321716 179.159073
104349 1 671.846497 134.369308 2 661.775879 134.369308
107244 1 910.725281 191.103012 2 897.634827 191.103012
107247 1 119.439384 188.117035 2 101.287659 188.117035
107876 1 1182.449829 235.892776 2 1115.74292 235.892776
101151 1 501.645416 182.145065 2 482.297333 182.145065
103301 1 236.48999 218.574081 2 212.894699 218.574081
106241 1 113.467415 164.229156 2 96.235504 164.229156
107770 1 59.719692 155.271194 2 45.595947 155.271194
108269 1 235.892776 176.173096 2 217.886795 176.173096
108068 1 89.579536 262.766632 2 64.661957 262.766632
107791 1 486.715485 229.920807 2 465.317322 229.920807
107339 1 516.575317 206.032928 2 495.980652 206.032928
99870 1 618.098816 59.719692 2 602.467163 59.719692
107302 1 889.823425 173.187103 2 876.86676 173.187103
108258 1 892.809387 149.299225 2 880.213379 149.299225
96021 1 743.510132 77.635597 2 730.428711 77.635597
107965 1 185.131042 316.514374 2 136.253082 316.514374
108121 1 155.271194 259.78067 2 131.362015 259.78067
106290 1 552.407166 223.948837 2 537.909546 223.948837
107297 1 594.210938 212.004898 2 579.823914 212.004898
106780 1 161.243164 128.397339 2 147.87999 128.397339
108298 1 743.510132 194.088989 2 732.486145 194.088989
108130 1 421.023834 223.948837 2 396.500793 223.948837
107246 1 292.626495 113.467415 2 270.466125 113.467415
108082 1 292.626495 56.733707 2 269.510803 56.733707
108107 1 343.388214 194.088989 2 318.578186 194.088989
102820 1 167.215134 92.565521 2 154.14447 92.565521
102759 1 800.243835 107.495445 2 788.554077 107.495445
108271 1 818.15979 80.621582 2 804.88092 80.621582
107764 1 788.299927 59.719692 2 774.886353 59.719692
101758 1 271.724609 128.397339 2 248.872055 128.397339
107558 1 582.266968 292.626495 2 541.409851 292.626495
105084 1 713.65033 292.626495 2 673.432861 292.626495
107568 1 791.285889 283.668549 2 749.672852 283.668549
108136 1 1060.024536 110.48143 2 1038.263916 110.48143
107658 1 103.91227 250.822708 2 85.504898 250.822708
106345 1 390.566803 139.74408 2 371.470947 139.74408
107766 1 766.800842 197.074982 2 753.529846 197.074982
108146 1 487.312714 229.323624 2 466.748596 229.323624
107268 1 519.56134 204.241348 2 501.462158 204.241348
108329 1 756.051331 175.575897 2 745.904541 175.575897
108154 1 372.650879 85.996361 2 349.012268 85.996361
97576 1 745.301758 75.246811 2 731.244141 75.246811
108073 1 85.996361 265.155426 2 61.528416 265.155426
107259 1 114.661812 164.826355 2 97.41571 164.826355
107769 1 93.16272 136.160904 2 78.817123 136.160904
106252 1 881.462708 161.243179 2 869.773071 161.243179
103232 1 842.047668 161.243179 2 830.918701 161.243179
108265 1 232.906799 175.575897 2 217.908951 175.575897
104178 1 605.557678 93.16272 2 590.475891 93.16272
108114 1 458.647247 236.48999 2 436.169312 236.48999
108098 1 419.232239 222.157257 2 396.083252 222.157257
106737 1 555.393127 222.157257 2 539.394043 222.157257
107822 1 591.224976 211.407715 2 576.873413 211.407715
102780 1 802.63269 107.495445 2 789.418091 107.495445
108300 1 820.548584 78.829994 2 808.990784 78.829994
104697 1 376.23407 222.157257 2 352.691925 222.157257
102874 1 343.985443 193.491806 2 318.63559 193.491806
105188 1 168.409531 93.16272 2 153.779205 93.16272
107154 1 154.076813 250.822708 2 131.51741 250.822708
103686 1 476.563141 75.246811 2 455.17572 75.246811
93167 1 619.890442 154.076813 2 606.567932 154.076813
107553 1 584.058594 293.820892 2 544.457092 293.820892
105300 1 641.389526 75.246811 2 630.09021 75.246811
105120 1 791.883118 283.07135 2 749.631165 283.07135
108267 1 967.459045 121.828178 2 955.636963 121.828178
108141 1 1060.621704 111.078629 2 1037.366211 111.078629
106638 1 651.600037 210.000015 2 638.182251 210.000015
107646 1 270.0 129.0 2 247.613876 129.0
106365 1 623.52002 126.720001 2 610.506836 126.720001
107977 1 1187.0 129.0 2 1140.771118 129.0
107939 1 652.0 334.0 2 598.242188 334.0
108126 1 237.600006 230.400009 2 214.311432 230.400009
108156 1 141.0 179.0 2 121.502808 179.0
107136 1 293.76001 57.600002 2 269.804108 57.600002
107347 1 781.920044 96.480003 2 768.176208 96.480003
107827 1 819.072083 95.040009 2 805.866943 95.040009
107999 1 1026.0 277.200012 2 979.365906 277.200012
108129 1 1063.200073 108.000008 2 1041.307373 108.000008
107593 1 625.200012 242.400009 2 602.068665 242.400009
108046 1 667.008057 281.664032 2 630.068054 281.664032
107835 1 839.808105 162.432022 2 828.039246 162.432022
106168 1 432.000031 198.000015 2 409.331116 198.000015
108104 1 371.52002 87.840004 2 347.669647 87.840004
106196 1 390.240021 142.560013 2 370.670868 142.560013
102857 1 603.072083 53.568005 2 587.307556 53.568005
107225 1 711.936096 51.840004 2 698.010132 51.840004
107667 1 624.960022 241.920013 2 600.957642 241.920013
104120 1 839.52002 162.720001 2 827.252197 162.720001
107554 1 578.880066 292.032013 2 538.876343 292.032013
105362 1 606.528076 95.040009 2 593.670654 95.040009
105336 1 376.704041 88.128006 2 352.359222 88.128006
107544 1 190.080002 315.360016 2 143.818024 315.360016
107788 1 958.003357 124.416016 2 944.628357 124.416016
103341 1 238.464035 217.728027 2 216.700089 217.728027
107953 1 527.523926 325.969971 2 478.846161 325.969971
107720 1 551.232056 222.912018 2 537.076111 222.912018
107856 1 574.387268 97.459213 2 562.201233 97.459213
108326 1 95.385612 39.398407 2 87.378136 39.398407
100636 1 599.685181 201.553955 2 586.465942 201.553955
108255 1 853.493896 191.600662 2 840.858643 191.600662
108263 1 740.52417 146.313248 2 728.805237 146.313248
107533 1 320.993317 311.040039 2 276.766083 311.040039
99993 1 746.496094 77.137932 2 733.058411 77.137932
107661 1 497.664062 231.413788 2 475.708282 231.413788
104823 1 818.15979 143.327255 2 804.420044 143.327255
107131 1 343.388214 194.088989 2 318.495392 194.088989
104845 1 129.392654 92.067856 2 116.502083 92.067856
107121 1 290.237701 265.155426 2 264.652374 265.155426
104184 1 562.559509 214.990891 2 546.999634 214.990891
84553 1 161.243179 68.080452 2 148.649658 68.080452
107767 1 907.739319 155.271194 2 896.156616 155.271194
