756
463.5862 -42.70011 195.962 0.042784430373776515 0.5085030405798735 -0.04343688784324552 0.8588989387658529
109611 1 595.0 192.0 2 568.200317 192.0
109447 1 370.0 296.0 2 327.162689 296.0
109458 1 516.0 308.0 2 476.462769 308.0
109527 1 535.0 278.0 2 499.801544 278.0
109515 1 511.0 278.0 2 475.308929 278.0
109639 1 928.0 250.0 2 906.220886 250.0
109564 1 1053.0 275.0 2 1023.373413 275.0
109595 1 657.0 260.0 2 628.354065 260.0
109490 1 434.0 263.0 2 397.371857 263.0
109503 1 427.0 55.0 2 390.738953 55.0
109715 1 783.600037 129.600006 2 766.179077 129.600006
109721 1 738.0 223.200012 2 721.050476 223.200012
109461 1 474.000031 289.200012 2 434.60498 289.200012
109466 1 516.0 307.200012 2 476.278259 307.200012
107677 1 736.800049 22.800001 2 716.495483 22.800001
108754 1 242.400009 67.200005 2 227.541641 67.200005
109699 1 930.000061 44.400002 2 910.781921 44.400002
109546 1 330.0 98.400002 2 296.989105 98.400002
109765 1 732.0 229.200012 2 715.020569 229.200012
109718 1 58.800003 168.0 2 41.96032 168.0
109292 1 1116.0 220.800003 2 1100.019287 220.800003
109641 1 928.800049 249.600006 2 906.973206 249.600006
109221 1 817.200012 241.200012 2 800.503967 241.200012
109664 1 882.000061 243.600006 2 864.681824 243.600006
109605 1 662.400024 254.400009 2 633.814392 254.400009
109384 1 642.0 331.200012 2 591.572388 331.200012
109385 1 764.400024 343.200012 2 709.722046 343.200012
109459 1 758.400024 303.600006 2 719.782837 303.600006
109722 1 783.600037 164.400009 2 766.717651 164.400009
105622 1 760.800049 88.800003 2 743.480347 88.800003
109521 1 541.200012 234.000015 2 505.994598 234.000015
109598 1 616.800049 201.600006 2 588.569763 201.600006
109095 1 616.800049 274.800018 2 584.432861 274.800018
109034 1 433.200012 262.800018 2 396.01712 262.800018
109485 1 423.600006 228.000015 2 386.563812 228.000015
109412 1 462.000031 321.600006 2 416.656281 321.600006
109408 1 420.000031 325.200012 2 371.769806 325.200012
109438 1 441.600006 303.600006 2 398.868195 303.600006
109682 1 598.800049 63.600002 2 578.816711 63.600002
109075 1 240.000015 235.200012 2 207.123627 235.200012
109655 1 193.200012 198.000015 2 171.067001 198.000015
109698 1 950.400024 63.360001 2 932.202393 63.360001
108665 1 758.880005 252.000015 2 739.378662 252.000015
108280 1 756.0 226.080002 2 738.776917 226.080002
106639 1 239.040009 126.720001 2 222.821396 126.720001
108698 1 203.040009 89.280006 2 186.198273 89.280006
109431 1 1111.680054 316.800018 2 1066.421875 316.800018
109589 1 1110.23999 270.720001 2 1080.730469 270.720001
109623 1 977.76001 247.680008 2 954.482178 247.680008
109700 1 1054.080078 231.840012 2 1034.164062 231.840012
109554 1 1051.200073 273.600006 2 1019.329041 273.600006
104120 1 1094.400024 181.440002 2 1076.404785 181.440002
106790 1 964.224121 64.281609 2 944.995789 64.281609
107177 1 996.480042 175.680008 2 978.992188 175.680008
109671 1 881.280029 243.360016 2 863.553284 243.360016
109600 1 658.080017 260.640015 2 629.457581 260.640015
109240 1 715.680054 237.600006 2 698.681519 237.600006
109383 1 764.640015 342.720001 2 710.879639 342.720001
109474 1 699.840027 296.640015 2 662.581116 296.640015
109283 1 839.52002 96.480003 2 823.173096 96.480003
109730 1 879.840027 74.880005 2 865.160034 74.880005
108760 1 688.320007 178.560013 2 672.044434 178.560013
109723 1 709.920044 112.320007 2 692.928284 112.320007
108572 1 511.200012 224.640015 2 475.80484 224.640015
109530 1 603.360046 257.76001 2 569.609009 257.76001
109136 1 616.320007 201.600006 2 588.192993 201.600006
108131 1 555.724854 292.377655 2 518.97644 292.377655
109019 1 372.960022 218.880005 2 335.583191 218.880005
108091 1 423.360016 227.520004 2 386.253021 227.520004
109686 1 597.600037 63.360001 2 577.964722 63.360001
108619 1 601.920044 180.0 2 574.052734 180.0
109507 1 426.240021 53.280003 2 390.004608 53.280003
109616 1 469.440033 142.560013 2 442.999847 142.560013
109657 1 191.520004 198.720001 2 170.672119 198.720001
109467 1 309.600006 266.400024 2 268.989624 266.400024
109398 1 204.480011 336.960022 2 154.72052 336.960022
109504 1 234.720016 299.52002 2 198.890182 299.52002
109057 1 187.200012 308.160004 2 153.518631 308.160004
109587 1 84.960007 289.440002 2 53.084095 289.440002
107172 1 60.480003 53.280003 2 43.594006 53.280003
108170 1 156.960007 164.160004 2 132.324829 164.160004
106681 1 221.184021 84.672005 2 205.072342 84.672005
109566 1 1185.408081 278.208038 2 1155.763428 278.208038
109773 1 960.768066 179.712021 2 944.072083 179.712021
109774 1 984.960083 143.424011 2 968.351501 143.424011
108691 1 188.35202 307.584015 2 153.799255 307.584015
108621 1 599.270508 180.403229 2 572.92627 180.403229
107309 1 689.472046 177.984024 2 672.542725 177.984024
107835 1 1095.552124 181.440018 2 1077.36438 181.440018
106318 1 1071.360107 112.320007 2 1055.337036 112.320007
109464 1 758.592102 304.128021 2 717.376282 304.128021
109477 1 699.840088 297.216034 2 662.453308 297.216034
107804 1 1152.57605 174.528015 2 1135.869629 174.528015
109038 1 513.216064 224.640015 2 477.74115 224.640015
109591 1 663.552063 254.016022 2 634.811401 254.016022
109695 1 103.680008 236.736023 2 83.595467 236.736023
108995 1 325.555237 308.966431 2 284.915222 308.966431
109445 1 369.792023 295.488037 2 327.543457 295.488037
109558 1 240.192017 235.008026 2 207.258682 235.008026
108648 1 191.808014 198.720016 2 170.583328 198.720016
109393 1 639.360046 330.048035 2 587.21991 330.048035
109663 1 883.008057 243.648026 2 862.928528 243.648026
107176 1 846.720093 247.104019 2 827.382202 247.104019
109471 1 309.312042 266.11203 2 269.250916 266.11203
109540 1 603.072083 257.472015 2 569.678406 257.472015
109127 1 601.344055 200.448013 2 573.007629 200.448013
109692 1 1054.080078 231.552017 2 1037.974365 231.552017
109779 1 1029.888062 216.000015 2 1013.103394 216.000015
108104 1 426.81604 51.840004 2 390.241577 51.840004
106196 1 470.016052 141.696014 2 443.271973 141.696014
109634 1 931.39209 250.560028 2 909.907043 250.560028
109111 1 616.896057 274.752014 2 583.878967 274.752014
109395 1 485.568054 321.40802 2 433.56604 321.40802
109325 1 782.784058 164.160019 2 765.794495 164.160019
106365 1 782.784058 129.600006 2 766.108459 129.600006
109102 1 457.920044 228.096024 2 424.218658 228.096024
108095 1 423.360046 226.368027 2 386.397888 226.368027
108331 1 729.216064 86.400009 2 712.555664 86.400009
109231 1 891.648071 36.288002 2 871.494751 36.288002
107825 1 839.808105 96.768005 2 824.059204 96.768005
108564 1 298.944031 77.76001 2 266.441284 77.76001
109690 1 236.736023 162.432022 2 215.795029 162.432022
107279 1 850.176086 157.248016 2 835.175598 157.248016
109734 1 860.544067 136.512009 2 846.764832 136.512009
108682 1 781.056091 228.096024 2 764.474548 228.096024
108177 1 155.52002 164.160019 2 131.448318 164.160019
103758 1 53.568005 243.648026 2 32.483021 243.648026
109790 1 708.480042 243.648026 2 691.258301 243.648026
109733 1 153.792007 34.560005 2 143.861038 34.560005
109425 1 834.624084 312.768036 2 792.394348 312.768036
107716 1 1117.670532 221.875229 2 1100.176758 221.875229
107849 1 709.171326 111.974419 2 693.161011 111.974419
109307 1 1179.87854 97.459213 2 1163.827026 97.459213
109584 1 1181.952148 277.862427 2 1153.805664 277.862427
109735 1 879.206543 74.649612 2 865.181335 74.649612
109076 1 147.225616 288.230438 2 114.094719 288.230438
109741 1 881.280151 242.611237 2 863.736084 242.611237
105276 1 1096.93457 182.476822 2 1080.638672 182.476822
104643 1 1069.977783 111.974419 2 1054.823242 111.974419
108145 1 145.152023 263.347229 2 118.671013 263.347229
108586 1 360.806458 190.771225 2 327.400421 190.771225
107826 1 539.136047 234.316833 2 503.670593 234.316833
109772 1 1030.579346 215.654434 2 1013.343445 215.654434
109565 1 603.417664 259.200043 2 569.675598 259.200043
105755 1 246.758438 246.758438 2 214.563004 246.758438
108216 1 391.910461 327.628845 2 344.505463 327.628845
109000 1 364.953644 302.745636 2 322.409485 302.745636
109099 1 597.196899 273.71524 2 564.477112 273.71524
109636 1 931.046509 250.90564 2 909.828796 250.90564
109800 1 964.224121 201.139221 2 947.64502 201.139221
109423 1 485.222473 321.408051 2 434.570984 321.408051
109141 1 467.80423 141.834259 2 441.156982 141.834259
103115 1 814.924927 136.85762 2 797.073792 136.85762
109647 1 806.630493 39.398407 2 785.064392 39.398407
109677 1 781.747314 49.766407 2 761.230408 49.766407
108721 1 236.390427 161.740829 2 215.592361 161.740829
109479 1 406.425659 279.936035 2 369.499481 279.936035
105125 1 1061.68335 76.723213 2 1044.253296 76.723213
104644 1 1067.904175 58.060806 2 1049.309937 58.060806
104753 1 816.998535 242.611237 2 800.014282 242.611237
107700 1 746.496094 242.611237 2 728.451904 242.611237
105222 1 60.134407 51.840008 2 43.36105 51.840008
108092 1 188.697632 306.892853 2 154.365021 306.892853
109326 1 688.435303 178.32962 2 672.221069 178.32962
109303 1 854.323303 124.416016 2 839.105164 124.416016
107593 1 833.587341 313.113647 2 790.175415 313.113647
109573 1 1049.241699 273.71524 2 1017.295105 273.71524
106168 1 515.082336 226.437149 2 480.363098 226.437149
109518 1 530.012207 223.948837 2 494.770233 223.948837
108818 1 995.328125 176.670746 2 976.449097 176.670746
108060 1 308.551727 238.878754 2 268.436646 238.878754
109559 1 144.322586 288.645172 2 110.730255 288.645172
109257 1 599.685181 62.208008 2 578.881592 62.208008
107310 1 1179.463867 156.764175 2 1163.135498 156.764175
108334 1 1152.092285 174.182419 2 1136.026611 174.182419
109089 1 597.196899 273.71524 2 564.805359 273.71524
109679 1 816.169067 47.278088 2 795.915649 47.278088
109549 1 602.173523 258.785309 2 568.668701 258.785309
109567 1 84.60289 291.133484 2 51.294445 291.133484
109645 1 452.874298 79.626251 2 431.041901 79.626251
109749 1 808.704102 171.694107 2 791.142639 171.694107
109676 1 236.390427 161.740829 2 215.411758 161.740829
109637 1 211.507233 181.647385 2 190.788162 181.647385
108817 1 1109.790894 54.74305 2 1092.38562 54.74305
109314 1 1067.48938 57.231369 2 1049.103516 57.231369
109673 1 701.70636 69.672974 2 685.113831 69.672974
102750 1 59.719688 52.254726 2 43.586048 52.254726
109801 1 962.97998 199.065628 2 946.521912 199.065628
109704 1 102.021133 236.390427 2 83.409325 236.390427
109200 1 59.719688 209.018906 2 38.056767 209.018906
107683 1 746.496094 241.367081 2 728.018127 241.367081
109344 1 756.449402 204.042267 2 739.802795 204.042267
108983 1 442.921021 303.575073 2 400.691956 303.575073
109011 1 517.570618 306.063416 2 479.131012 306.063416
109418 1 485.222473 320.993317 2 437.861206 320.993317
103336 1 1040.11792 104.509453 2 1021.952881 104.509453
107742 1 816.169067 243.855392 2 799.68335 243.855392
109745 1 786.309204 243.855392 2 768.817566 243.855392
109331 1 179.159058 102.021133 2 162.515488 102.021133
108176 1 141.834259 201.553955 2 117.862816 201.553955
104664 1 598.391357 179.159088 2 572.578003 179.159088
106325 1 669.358154 159.252502 2 653.123169 159.252502
109593 1 863.447144 266.250275 2 834.838257 266.250275
105343 1 960.491638 179.159058 2 943.687988 179.159058
108240 1 1142.139038 49.766407 2 1124.003906 49.766407
109609 1 1032.652954 263.761963 2 1006.147583 263.761963
109014 1 376.23407 217.976868 2 337.752441 217.976868
109643 1 453.869659 80.621582 2 431.052399 80.621582
108130 1 495.673431 262.766632 2 459.390472 262.766632
103122 1 516.575317 226.93483 2 481.408997 226.93483
104178 1 758.440063 86.593552 2 740.605286 86.593552
107856 1 716.636292 92.565521 2 700.909912 92.565521
109275 1 752.46814 65.691658 2 735.995056 65.691658
107297 1 746.496155 241.864746 2 727.561768 241.864746
108788 1 758.440063 203.046951 2 739.962585 203.046951
108998 1 364.290131 301.584442 2 320.541748 301.584442
109208 1 235.892776 161.243164 2 215.254517 161.243164
109750 1 232.906799 131.383316 2 217.752335 131.383316
109668 1 1063.010498 86.593552 2 1044.57312 86.593552
103287 1 788.299927 244.850739 2 770.650085 244.850739
108683 1 203.046951 86.593552 2 187.618698 86.593552
106778 1 143.327255 200.060959 2 118.413414 200.060959
107221 1 325.472321 307.556396 2 284.590454 307.556396
108113 1 238.878769 259.78067 2 206.306747 259.78067
109656 1 600.182922 62.705677 2 578.842102 62.705677
108596 1 597.196899 274.710571 2 565.292297 274.710571
108837 1 848.019592 140.341278 2 832.170959 140.341278
109126 1 624.070801 203.046951 2 594.854614 203.046951
102313 1 961.487 62.705677 2 942.584351 62.705677
108337 1 1060.024536 152.285217 2 1043.410156 152.285217
109622 1 1033.150635 262.766632 2 1007.378784 262.766632
109101 1 1107.800293 271.724609 2 1078.459473 271.724609
108099 1 562.559509 286.654541 2 526.843445 286.654541
109685 1 1010.457214 232.906799 2 991.910583 232.906799
107754 1 1028.373169 214.990891 2 1011.985901 214.990891
109810 1 999.707642 204.241348 2 980.899658 204.241348
108991 1 444.314514 304.570435 2 402.182953 304.570435
109487 1 429.981781 261.572266 2 394.642517 261.572266
107847 1 813.382202 136.160904 2 797.226501 136.160904
109523 1 498.062256 265.155426 2 461.194275 265.155426
108302 1 756.051331 204.241348 2 740.189514 204.241348
108745 1 716.636353 93.16272 2 701.957642 93.16272
109274 1 759.634521 85.996361 2 741.714905 85.996361
108792 1 702.303589 68.080452 2 684.63269 68.080452
107845 1 465.813599 161.243179 2 440.710052 161.243179
103170 1 1039.122681 103.91227 2 1020.466675 103.91227
107104 1 365.484528 300.987244 2 320.00827 300.987244
106234 1 322.486359 93.16272 2 289.081909 93.16272
106832 1 945.959961 222.157257 2 929.76062 222.157257
109628 1 920.877686 247.239532 2 899.436462 247.239532
102752 1 788.299927 243.656357 2 771.487366 243.656357
108751 1 813.382202 197.074982 2 797.974548 197.074982
109761 1 107.495445 93.16272 2 93.387039 93.16272
104684 1 143.327271 290.237701 2 109.223625 290.237701
109625 1 143.327271 197.074982 2 117.68235 197.074982
105770 1 515.978149 225.740448 2 481.195099 225.740448
109758 1 756.051331 128.994537 2 738.414429 128.994537
108744 1 666.471802 157.659988 2 652.059204 157.659988
108610 1 666.471802 257.989075 2 639.193115 257.989075
101810 1 996.124512 179.159088 2 977.232727 179.159088
102739 1 963.875854 179.159088 2 947.093384 179.159088
108327 1 1157.367676 179.159088 2 1140.489746 179.159088
109414 1 851.0 317.0 2 806.542664 317.0
109040 1 502.800018 268.800018 2 467.525146 268.800018
109498 1 557.0 291.0 2 521.008301 291.0
109287 1 1011.600037 76.800003 2 992.47876 76.800003
109430 1 835.200012 313.200012 2 790.899719 313.200012
109090 1 457.920013 228.960007 2 425.75531 228.960007
109732 1 383.040009 328.320007 2 336.873322 328.320007
109501 1 435.0 55.0 2 398.610748 55.0
108197 1 210.240005 126.720001 2 193.420975 126.720001
109569 1 1185.119995 277.920013 2 1155.005615 277.920013
109432 1 833.76001 312.480011 2 790.03241 312.480011
109295 1 813.600037 136.800003 2 796.954956 136.800003
109448 1 488.400024 306.0 2 446.274139 306.0
109552 1 149.76001 288.0 2 118.859428 288.0
108815 1 1109.376099 55.296005 2 1092.425659 55.296005
109396 1 786.240051 332.640015 2 735.757568 332.640015
109586 1 1111.104126 271.296021 2 1081.656128 271.296021
109798 1 710.208069 112.320007 2 693.390991 112.320007
108803 1 813.888062 138.240021 2 796.901794 138.240021
109537 1 577.440002 233.280014 2 544.148132 233.280014
108984 1 368.640015 295.200012 2 326.145844 295.200012
108551 1 298.59845 76.723213 2 265.797607 76.723213
109580 1 1109.790894 271.226929 2 1080.718506 271.226929
107785 1 926.208069 131.328018 2 909.85675 131.328018
109469 1 308.966431 267.494446 2 269.568024 267.494446
109100 1 457.850952 228.925476 2 424.68277 228.925476
104355 1 781.332581 49.766407 2 760.805969 49.766407
103124 1 781.747314 163.814423 2 764.783813 163.814423
108640 1 191.600662 199.065628 2 169.715363 199.065628
109782 1 821.145691 199.065628 2 805.06604 199.065628
109794 1 943.073425 221.46051 2 928.331055 221.46051
106703 1 89.579529 97.044495 2 74.694267 97.044495
109155 1 997.816467 261.273651 2 970.5177 261.273651
108246 1 1182.449829 155.271194 2 1162.405518 155.271194
109462 1 579.778625 311.040039 2 536.941895 311.040039
109475 1 474.771545 289.640503 2 434.682312 289.640503
106831 1 751.472717 67.184647 2 734.769409 67.184647
109796 1 1028.373169 78.829994 2 1010.958557 78.829994
106636 1 325.969971 308.551727 2 284.612518 308.551727
109446 1 761.426086 307.556396 2 719.94397 307.556396
109120 1 644.474976 236.390427 2 615.072937 236.390427
107791 1 598.391357 275.904999 2 566.625366 275.904999
108787 1 623.473572 204.241348 2 595.755615 204.241348
105868 1 600.182922 200.060959 2 572.128723 200.060959
109335 1 773.967224 103.91227 2 753.919617 103.91227
108169 1 469.39679 139.74408 2 442.370239 139.74408
103232 1 1100.036743 182.742264 2 1082.485962 182.742264
103680 1 816.965393 243.656357 2 800.769714 243.656357
107331 1 815.173767 200.060959 2 798.855225 200.060959
102759 1 1039.122681 104.50946 2 1020.448364 104.50946
109318 1 1012.248779 89.579536 2 994.011108 89.579536
103341 1 247.836716 244.850739 2 215.393936 244.850739
