772
467.6176 -43.09856 197.2758 0.04680209244965468 0.5870726280744947 -0.030537066062043972 0.8076031086519928
110127 1 888.000061 48.0 2 866.956238 48.0
110036 1 384.0 257.0 2 346.140991 257.0
110220 1 625.0 63.0 2 603.880371 63.0
110227 1 588.0 238.0 2 567.422913 238.0
110145 1 854.0 38.0 2 832.233765 38.0
110254 1 812.400024 110.400002 2 795.070435 110.400002
108670 1 982.800049 168.0 2 963.832336 168.0
109948 1 452.400024 324.0 2 402.766785 324.0
110040 1 382.800018 256.800018 2 345.056824 256.800018
110185 1 564.480042 250.560013 2 543.624695 250.560013
108804 1 952.800049 54.000004 2 932.333374 54.000004
110246 1 684.0 122.400002 2 664.836182 122.400002
109972 1 464.400024 254.400009 2 422.074982 254.400009
109983 1 417.600006 195.840012 2 375.976013 195.840012
110094 1 681.0 260.0 2 657.626526 260.0
110179 1 663.600037 241.200012 2 642.781616 241.200012
110203 1 600.0 225.600006 2 579.115417 225.600006
110257 1 577.200012 210.000015 2 557.2099 210.000015
109292 1 1002.793091 211.507233 2 984.623657 211.507233
110266 1 947.52002 135.360001 2 928.991882 135.360001
110324 1 993.600037 120.960007 2 974.204163 120.960007
110076 1 855.0 253.0 2 828.029541 253.0
110226 1 879.600037 194.400009 2 859.992432 194.400009
110233 1 883.200012 163.200012 2 863.863953 163.200012
110302 1 625.200012 148.800003 2 605.365479 148.800003
110258 1 585.0 61.0 2 566.215881 61.0
110259 1 540.0 172.0 2 520.131958 172.0
110209 1 252.000015 192.960007 2 231.294083 192.960007
108663 1 650.880005 228.960007 2 630.362793 228.960007
110004 1 187.200012 123.600006 2 146.499512 123.600006
110025 1 455.040009 247.680008 2 414.279419 247.680008
110267 1 846.720032 195.840012 2 828.057495 195.840012
109721 1 599.040039 224.640015 2 578.169067 224.640015
110202 1 625.200012 199.200012 2 604.211609 199.200012
110184 1 586.080017 253.440002 2 564.672974 253.440002
109785 1 587.52002 237.600006 2 567.52655 237.600006
110064 1 1173.600098 249.12001 2 1141.878296 249.12001
110196 1 1159.488159 86.400009 2 1138.775024 86.400009
110271 1 954.720032 93.600006 2 935.625183 93.600006
107804 1 1041.119995 159.840012 2 1021.371216 159.840012
109639 1 825.600037 253.200012 2 799.212097 253.200012
110129 1 765.600037 244.800003 2 743.398621 244.800003
110282 1 879.552063 195.264023 2 859.965881 195.264023
109945 1 816.000061 324.0 2 765.503723 324.0
109981 1 855.360046 290.880005 2 815.466064 290.880005
110146 1 853.63208 36.288002 2 831.830627 36.288002
110223 1 882.720032 162.720001 2 863.455627 162.720001
110268 1 842.400024 166.800003 2 823.666687 166.800003
110300 1 665.280029 102.240005 2 645.982971 102.240005
109284 1 633.600037 84.960007 2 613.632568 84.960007
110296 1 626.400024 148.320007 2 605.989624 148.320007
109295 1 685.440002 120.960007 2 665.998901 120.960007
110128 1 514.080017 263.52002 2 492.000397 263.52002
109957 1 514.080017 309.600006 2 467.631714 309.600006
105736 1 554.688049 39.744003 2 535.427246 39.744003
109924 1 136.512009 267.840027 2 84.361282 267.840027
108689 1 622.080078 201.139221 2 601.108032 201.139221
109765 1 592.704041 233.280029 2 572.06781 233.280029
109951 1 628.992065 324.864044 2 579.573547 324.864044
110336 1 806.976074 114.048012 2 787.81488 114.048012
109963 1 1035.072144 295.488037 2 990.901917 295.488037
109937 1 815.616089 323.136017 2 765.435669 323.136017
109772 1 917.568115 207.360016 2 897.780334 207.360016
107177 1 883.353699 163.814423 2 862.905945 163.814423
109773 1 843.264099 167.616013 2 824.85144 167.616013
107162 1 830.880005 252.000015 2 803.829346 252.000015
109723 1 565.05603 91.584007 2 544.221558 91.584007
109221 1 691.200073 243.648026 2 671.241577 243.648026
110275 1 684.288086 203.904022 2 664.725403 203.904022
109302 1 729.216064 167.616013 2 710.951782 167.616013
109955 1 514.944031 309.312042 2 467.721619 309.312042
109735 1 752.716919 51.840008 2 736.374268 51.840008
109943 1 411.264038 324.864044 2 360.304474 324.864044
109966 1 453.600006 272.160004 2 410.003357 272.160004
110011 1 454.46405 247.104019 2 413.728394 247.104019
109139 1 432.000031 205.632019 2 389.983307 205.632019
109611 1 393.120026 194.400009 2 353.419464 194.400009
108671 1 1068.480103 138.240005 2 1049.213379 138.240005
110273 1 877.132935 194.918427 2 857.648132 194.918427
110306 1 627.264038 148.608017 2 607.135376 148.608017
107771 1 927.936096 88.128006 2 908.891174 88.128006
109240 1 573.696045 243.648026 2 553.022766 243.648026
110149 1 599.616028 226.368027 2 578.48291 226.368027
110236 1 623.808044 62.208008 2 602.921631 62.208008
110021 1 193.536011 115.776009 2 152.241699 115.776009
110215 1 644.474976 226.437149 2 624.444275 226.437149
108280 1 620.00647 226.02243 2 599.691956 226.02243
109952 1 630.374512 325.555237 2 580.142639 325.555237
107686 1 1168.128052 108.864014 2 1149.755371 108.864014
107163 1 1059.609741 188.697632 2 1041.265991 188.697632
110180 1 929.664062 228.096024 2 910.103516 228.096024
109700 1 941.760071 224.640015 2 922.471008 224.640015
109779 1 916.531311 207.360031 2 897.420349 207.360031
110055 1 551.577698 294.451233 2 518.246521 294.451233
110243 1 1038.873779 82.944016 2 1020.910767 82.944016
109524 1 255.052841 252.979233 2 196.058105 252.979233
110309 1 825.292908 215.654434 2 807.585938 215.654434
109916 1 91.238411 275.788849 2 32.572937 275.788849
109774 1 866.764893 128.563217 2 848.266541 128.563217
108803 1 684.288086 122.342415 2 664.927429 122.342415
109930 1 136.85762 267.494446 2 82.888916 267.494446
107309 1 539.136047 172.108826 2 519.859741 172.108826
107825 1 713.664062 74.304008 2 694.396729 74.304008
110285 1 751.472717 52.254726 2 736.071167 52.254726
109095 1 410.572845 325.555237 2 359.603119 325.555237
110238 1 1040.947388 159.667221 2 1021.532593 159.667221
104120 1 985.374878 169.20578 2 966.052612 169.20578
110310 1 993.254517 122.342415 2 975.786377 122.342415
109798 1 564.019287 91.238411 2 543.696106 91.238411
110013 1 437.529663 213.580826 2 395.640503 213.580826
108217 1 634.521667 85.017609 2 613.966003 85.017609
110163 1 609.98407 247.104019 2 588.83844 247.104019
109790 1 564.019287 250.90564 2 543.190063 250.90564
106318 1 955.929749 93.312012 2 935.817688 93.312012
109258 1 955.515015 151.787537 2 936.114258 151.787537
110280 1 947.635315 134.784012 2 927.65509 134.784012
106812 1 651.110474 153.446426 2 630.071411 153.446426
110217 1 628.300903 149.299225 2 607.802856 149.299225
110199 1 878.377075 196.577301 2 857.807861 196.577301
109988 1 192.844833 116.121613 2 151.812744 116.121613
108682 1 651.456055 229.82402 2 630.275696 229.82402
109980 1 846.028931 296.524841 2 803.476257 296.524841
110210 1 1040.11792 82.114571 2 1020.199707 82.114571
108818 1 880.865417 164.229141 2 860.797852 164.229141
110061 1 552.407104 293.621796 2 518.513062 293.621796
109311 1 711.659607 74.649612 2 694.169861 74.649612
109692 1 948.050049 226.437149 2 927.880737 226.437149
103115 1 684.288086 121.927696 2 664.679382 121.927696
109326 1 539.965515 171.694107 2 519.466858 171.694107
109111 1 410.572845 325.969971 2 359.579193 325.969971
109537 1 343.388214 263.761963 2 290.291687 263.761963
107849 1 564.848694 92.067856 2 543.691833 92.067856
108331 1 584.75531 59.719688 2 565.744873 59.719688
107854 1 569.825378 67.184647 2 551.132019 67.184647
110190 1 893.307007 231.413788 2 873.506042 231.413788
109634 1 830.103699 253.808685 2 802.591248 253.808685
109327 1 634.521667 84.60289 2 614.436462 84.60289
110333 1 622.080078 62.208008 2 601.855408 62.208008
109046 1 205.286423 261.273651 2 143.542542 261.273651
104643 1 953.026672 92.067856 2 934.674133 92.067856
103336 1 925.655212 83.607567 2 904.768372 83.607567
109266 1 955.929749 151.372818 2 936.669067 151.372818
108288 1 948.050049 136.85762 2 929.176453 136.85762
110138 1 1097.349243 156.764175 2 1074.530396 156.764175
107310 1 1067.48938 139.345947 2 1047.143066 139.345947
109729 1 655.25769 246.758438 2 635.041077 246.758438
103124 1 649.451599 154.275864 2 628.809998 154.275864
110019 1 191.600662 116.951057 2 151.512756 116.951057
110284 1 821.145691 53.913609 2 803.496399 53.913609
105343 1 843.540588 169.20578 2 826.00946 169.20578
107826 1 265.752625 271.724609 2 205.459076 271.724609
109748 1 1015.234741 212.004898 2 994.845337 212.004898
109583 1 1065.99646 271.724609 2 1025.566284 271.724609
108745 1 573.309082 68.080452 2 553.716492 68.080452
109530 1 385.192017 301.584442 2 331.869904 301.584442
110195 1 606.154846 179.159073 2 586.227844 179.159073
107829 1 541.060425 171.992722 2 519.666748 171.992722
109973 1 140.341278 98.537491 2 97.154785 98.537491
109127 1 397.135956 209.018921 2 355.404785 209.018921
109749 1 679.311462 161.740829 2 659.686707 161.740829
107228 1 639.000671 164.229156 2 618.786987 164.229156
108827 1 630.042725 149.299225 2 609.943359 149.299225
109636 1 828.610657 253.80867 2 802.544617 253.80867
109801 1 845.03363 191.103012 2 827.285461 191.103012
106191 1 922.66925 77.635597 2 902.906189 77.635597
107719 1 1089.884277 156.764175 2 1071.156494 156.764175
108258 1 1067.788086 139.74408 2 1047.557251 139.74408
107673 1 659.30542 247.239532 2 639.920532 247.239532
107209 1 619.591797 223.948837 2 598.424072 223.948837
109344 1 621.084778 200.060959 2 600.860779 200.060959
106325 1 516.575317 149.299225 2 496.832855 149.299225
110043 1 555.393127 292.626495 2 520.887573 292.626495
110029 1 758.937683 286.15683 2 721.418945 286.15683
102739 1 845.630859 168.409531 2 828.160583 168.409531
108738 1 865.935547 131.383316 2 846.84729 131.383316
108244 1 824.131775 143.327271 2 805.576721 143.327271
107856 1 570.323059 65.691658 2 551.899414 65.691658
109685 1 895.795349 229.920807 2 875.324341 229.920807
108236 1 916.697266 206.032928 2 897.251709 206.032928
103170 1 928.044067 82.413177 2 905.966553 82.413177
109120 1 465.813599 257.989075 2 421.469574 257.989075
108744 1 519.56134 146.910446 2 500.773193 146.910446
108252 1 501.645416 143.327271 2 483.726196 143.327271
106289 1 652.139038 111.078629 2 629.198547 111.078629
110319 1 616.307251 111.078629 2 595.554626 111.078629
109335 1 637.806335 82.413177 2 616.81366 82.413177
109987 1 435.953735 212.004898 2 394.345154 212.004898
102409 1 630.639954 146.910446 2 610.279053 146.910446
108822 1 1064.204956 186.325439 2 1043.550659 186.325439
108246 1 1065.99646 140.341278 2 1047.05957 140.341278
110161 1 877.879517 229.323624 2 857.942627 229.323624
109810 1 885.045837 197.074982 2 865.749573 197.074982
109745 1 656.916626 247.836716 2 636.056519 247.836716
109926 1 132.577713 265.155426 2 78.198517 265.155426
104664 1 397.733154 175.575897 2 359.768097 175.575897
110051 1 551.809998 293.820892 2 517.555664 293.820892
107742 1 691.554077 247.239532 2 671.769348 247.239532
110140 1 1096.453613 154.076813 2 1077.069336 154.076813
110293 1 1014.040405 211.407715 2 994.322205 211.407715
109982 1 1060.621704 293.820892 2 1017.373474 293.820892
107729 1 1114.369507 211.407715 2 1091.990356 211.407715
109901 1 272.400024 273.600006 2 212.133835 273.600006
107688 1 812.160034 110.880005 2 794.038025 110.880005
110216 1 669.600037 36.0 2 648.714294 36.0
109283 1 712.800049 74.880005 2 693.973999 74.880005
109899 1 257.76001 345.600006 2 197.011551 345.600006
110067 1 1173.312134 248.832031 2 1141.783203 248.832031
108572 1 205.632019 259.200012 2 142.851593 259.200012
110261 1 953.856079 32.832005 2 932.64801 32.832005
110338 1 713.318481 74.649612 2 694.416016 74.649612
109261 1 624.153687 62.208008 2 602.626587 62.208008
110283 1 821.145691 54.74305 2 804.2099 54.74305
107785 1 806.21582 114.462738 2 786.783752 114.462738
109944 1 629.545044 325.969971 2 579.63208 325.969971
109102 1 134.369308 265.752625 2 79.580025 265.752625
109794 1 824.131714 214.990891 2 808.869141 214.990891
110034 1 382.206024 256.794678 2 342.970459 256.794678
108787 1 433.564972 211.407715 2 393.925659 211.407715
106168 1 211.407715 261.572266 2 148.353668 261.572266
105868 1 397.733154 207.824539 2 355.219452 207.824539
110239 1 687.970886 193.491806 2 668.585388 193.491806
108788 1 623.473572 200.658173 2 601.378723 200.658173
110038 1 763.217712 286.654541 2 727.315308 286.654541
108296 1 827.714966 214.990891 2 809.24762 214.990891
