78
15.4 0.172 49.1 0.00733 -0.000147 0.0483 0.706 
11621 1 432.0 76.0 2 412.113464 76.0
11237 1 939.600037 50.400002 2 925.210449 50.400002
11649 1 122.0 36.0 2 103.350243 36.0
11625 1 474.0 42.0 2 454.199341 42.0
9205 1 487.0 26.0 2 466.287811 26.0
10879 1 316.0 111.0 2 312.228973 111.0
10001 1 697.0 51.0 2 688.947449 51.0
10846 1 664.0 24.0 2 656.116821 24.0
9593 1 592.0 165.0 2 583.306396 165.0
10554 1 499.200012 49.200001 2 479.939911 49.200001
11617 1 495.0 33.0 2 474.812927 33.0
10423 1 780.0 61.0 2 772.464966 61.0
10006 1 746.0 85.0 2 738.792664 85.0
11656 1 523.200012 94.800003 2 504.884857 94.800003
11619 1 495.0 67.0 2 474.917023 67.0
10009 1 729.600037 141.600006 2 721.717102 141.600006
10848 1 727.200012 109.200005 2 719.121948 109.200005
10551 1 688.0 116.0 2 679.684692 116.0
10909 1 631.200012 126.000008 2 622.549316 126.000008
9600 1 611.0 113.0 2 602.373901 113.0
11184 1 806.0 63.0 2 799.237854 63.0
9603 1 557.0 160.0 2 547.911133 160.0
9602 1 591.0 144.0 2 582.251038 144.0
11510 1 1144.0 268.0 2 1116.223267 268.0
11337 1 1163.0 345.0 2 1109.959473 345.0
9552 1 985.0 266.0 2 957.64679 266.0
10019 1 1010.0 199.0 2 995.500244 199.0
11547 1 1065.600098 252.000015 2 1042.579468 252.000015
11428 1 1016.0 295.0 2 978.269714 295.0
11492 1 976.0 275.0 2 945.522949 275.0
11346 1 1086.0 337.0 2 1034.463745 337.0
11424 1 1048.0 305.0 2 1009.193176 305.0
11497 1 839.0 261.0 2 808.963989 261.0
10911 1 855.0 190.0 2 844.931824 190.0
11513 1 942.0 264.0 2 914.419312 264.0
11486 1 891.0 270.0 2 859.681335 270.0
11361 1 820.800049 326.400024 2 772.198914 326.400024
11406 1 895.0 319.0 2 853.011902 319.0
11469 1 912.0 280.0 2 879.391663 280.0
11454 1 867.0 286.0 2 832.432068 286.0
11472 1 764.0 263.0 2 731.579834 263.0
11351 1 680.0 340.0 2 629.786987 340.0
11342 1 656.0 340.0 2 603.617004 340.0
11375 1 758.0 330.0 2 712.289673 330.0
11425 1 732.0 295.0 2 693.94751 295.0
9997 1 745.0 43.0 2 738.541016 43.0
11523 1 535.0 235.0 2 509.641113 235.0
11374 1 545.0 317.0 2 499.120697 317.0
11383 1 496.0 314.0 2 451.21347 314.0
11488 1 404.0 252.0 2 373.05777 252.0
11520 1 474.000031 232.800003 2 448.102386 232.800003
11357 1 235.0 324.0 2 185.644028 324.0
11378 1 341.0 315.0 2 295.40921 315.0
11335 1 317.0 332.0 2 263.311829 332.0
11554 1 94.0 240.0 2 71.400993 240.0
11644 1 139.0 196.0 2 120.129189 196.0
11643 1 505.0 105.0 2 486.064514 105.0
7900 1 72.161293 226.437149 2 50.631859 226.437149
11165 1 500.0 50.0 2 480.05835 50.0
10906 1 516.0 39.600002 2 495.753723 39.600002
8734 1 698.0 140.0 2 689.798828 140.0
8744 1 684.0 128.160004 2 675.229736 128.160004
10438 1 700.800049 117.600006 2 692.000061 117.600006
10013 1 550.080017 93.600006 2 532.302856 93.600006
10845 1 627.600037 76.800003 2 619.569702 76.800003
10557 1 660.0 159.600006 2 651.79834 159.600006
10534 1 676.800049 48.960003 2 668.523376 48.960003
10439 1 642.0 61.200001 2 634.338745 61.200001
10851 1 663.600037 24.0 2 655.676392 24.0
10844 1 739.200012 91.200005 2 732.157471 91.200005
8736 1 706.0 167.0 2 698.180725 167.0
11626 1 446.400024 57.600002 2 426.658051 57.600002
11317 1 664.800049 129.600006 2 656.388672 129.600006
8793 1 642.240051 141.12001 2 633.831909 141.12001
10838 1 651.600037 110.400002 2 643.24292 110.400002
11175 1 796.800049 88.800003 2 790.492981 88.800003
10005 1 742.800049 104.400002 2 735.323181 104.400002
10120 1 614.400024 136.800003 2 605.391785 136.800003
9202 1 610.800049 112.800003 2 602.25946 112.800003
8740 1 522.547302 95.385612 2 504.184723 95.385612
11635 1 494.400024 67.200005 2 474.846039 67.200005
8831 1 747.600037 171.600006 2 740.31897 171.600006
10111 1 624.0 172.0 2 615.644409 172.0
11339 1 1162.800049 344.400024 2 1109.963013 344.400024
9551 1 984.000061 266.400024 2 956.273743 266.400024
10453 1 956.160034 200.160004 2 945.173889 200.160004
11358 1 1041.0 329.0 2 991.656494 329.0
11647 1 1132.800049 26.400002 2 1114.10144 26.400002
11557 1 1097.280029 159.840012 2 1074.850708 159.840012
11572 1 1166.400024 102.000008 2 1144.509033 102.000008
11553 1 1101.0 131.0 2 1078.302856 131.0
11530 1 1216.800049 106.800003 2 1192.751831 106.800003
11499 1 838.800049 260.400024 2 808.807129 260.400024
11362 1 816.0 326.0 2 767.885742 326.0
11458 1 804.0 277.0 2 769.770447 277.0
11410 1 894.000061 318.0 2 852.517273 318.0
9119 1 912.000061 279.600006 2 880.089294 279.600006
11456 1 866.400024 284.400024 2 832.105103 284.400024
11504 1 668.0 249.0 2 638.216309 249.0
9196 1 706.800049 193.200012 2 697.761108 193.200012
11468 1 764.400024 262.800018 2 731.389526 262.800018
11343 1 680.400024 339.600006 2 628.347107 339.600006
11341 1 654.0 339.600006 2 601.355652 339.600006
10148 1 879.600037 96.0 2 867.504333 96.0
10520 1 690.0 26.400002 2 681.514282 26.400002
11275 1 552.0 195.600006 2 539.683044 195.600006
11526 1 627.0 233.0 2 602.315063 233.0
11524 1 601.200012 230.400009 2 575.955261 230.400009
11687 1 606.0 188.0 2 596.695557 188.0
11415 1 616.320007 300.960022 2 575.922424 300.960022
11522 1 474.0 233.0 2 448.458221 233.0
11431 1 481.200012 279.600006 2 443.855072 279.600006
11421 1 421.920013 280.800018 2 382.719177 280.800018
11640 1 549.600037 37.200001 2 530.464233 37.200001
10805 1 462.0 81.0 2 442.173279 81.0
9300 1 401.0 153.0 2 385.08017 153.0
11353 1 236.400009 322.800018 2 186.315582 322.800018
11411 1 237.600006 294.0 2 196.316757 294.0
11340 1 316.800018 331.200012 2 263.971436 331.200012
11585 1 69.600006 229.200012 2 48.050179 229.200012
9195 1 291.600006 171.600006 2 280.345642 171.600006
11570 1 82.800003 164.400009 2 60.826008 164.400009
9633 1 635.040039 113.760002 2 626.847351 113.760002
9215 1 610.559998 112.320007 2 601.767212 112.320007
11636 1 454.800018 57.600002 2 435.437714 57.600002
9304 1 704.160034 167.040009 2 696.928406 167.040009
9213 1 578.880005 184.320007 2 569.864441 184.320007
11318 1 591.840027 164.160004 2 583.285339 164.160004
9616 1 597.600037 40.32 2 583.612305 40.32
6564 1 705.600037 146.880005 2 697.491577 146.880005
10122 1 623.52002 77.760002 2 616.06781 77.760002
9630 1 653.76001 167.040009 2 645.321533 167.040009
6574 1 722.880005 154.080002 2 715.677856 154.080002
9875 1 1128.960083 341.279999 2 1075.913086 341.279999
11348 1 1086.0 336.0 2 1034.766113 336.0
11509 1 943.200012 264.0 2 915.309875 264.0
11419 1 986.400024 308.400024 2 946.764954 308.400024
11407 1 938.400024 314.400024 2 896.440491 314.400024
11416 1 1048.800049 304.800018 2 1008.493042 304.800018
11541 1 1121.472046 133.056015 2 1098.224121 133.056015
10473 1 950.400024 141.12001 2 939.748657 141.12001
11496 1 838.080017 260.640015 2 808.038025 260.640015
11170 1 855.360046 188.640015 2 846.705078 188.640015
10858 1 885.600037 191.520004 2 873.727783 191.520004
11403 1 894.240051 318.240021 2 852.0755 318.240021
11470 1 907.200012 272.160004 2 874.683777 272.160004
11501 1 668.400024 248.400009 2 638.457825 248.400009
10528 1 665.28009 188.35202 2 656.272461 188.35202
10170 1 741.600037 187.200012 2 732.756714 187.200012
11345 1 679.680054 339.840027 2 627.871033 339.840027
11444 1 787.680054 286.559998 2 751.865112 286.559998
9537 1 730.800049 294.0 2 693.396851 294.0
10818 1 806.400024 63.360001 2 799.300293 63.360001
9207 1 878.400024 95.040001 2 865.991821 95.040001
11243 1 938.880066 50.400002 2 924.548218 50.400002
10470 1 743.040039 43.200001 2 736.69574 43.200001
9622 1 789.120056 155.520004 2 782.141174 155.520004
11527 1 600.480042 230.400009 2 575.8255 230.400009
11414 1 612.0 300.0 2 571.589355 300.0
8298 1 475.200012 203.040009 2 458.280762 203.040009
11277 1 436.800018 201.600006 2 423.813782 201.600006
11058 1 493.920013 313.920013 2 447.798676 313.920013
11429 1 480.960022 279.360016 2 443.358917 279.360016
10588 1 522.720032 74.880005 2 503.906982 74.880005
10458 1 449.280029 110.880005 2 429.346954 110.880005
10764 1 303.840027 257.76001 2 272.194733 257.76001
10725 1 339.840027 313.920013 2 294.13382 313.920013
11388 1 311.040009 305.279999 2 267.392731 305.279999
11449 1 74.400002 272.400024 2 39.296417 272.400024
11645 1 121.200005 34.800003 2 102.381485 34.800003
11623 1 99.360001 185.76001 2 79.545021 185.76001
11654 1 168.480011 168.480011 2 150.004929 168.480011
8737 1 622.080017 182.880005 2 613.485596 182.880005
8346 1 632.448059 153.792007 2 624.7276 153.792007
11404 1 675.360046 308.160004 2 633.228271 308.160004
11582 1 1100.736084 36.288002 2 1079.126831 36.288002
11544 1 1065.600098 252.000015 2 1042.50647 252.000015
11422 1 1005.696106 309.312042 2 966.72821 309.312042
11401 1 938.304077 314.496033 2 895.960388 314.496033
10131 1 449.280029 110.59201 2 430.064819 110.59201
9542 1 763.776062 262.656036 2 731.91217 262.656036
10734 1 1015.200012 295.200012 2 978.158264 295.200012
11244 1 615.16803 300.672028 2 574.881104 300.672028
11525 1 263.347229 257.126434 2 238.396423 257.126434
11478 1 231.552017 264.384033 2 199.448517 264.384033
10892 1 271.296021 212.544022 2 257.611511 212.544022
11443 1 787.968079 286.848022 2 752.097595 286.848022
11508 1 943.200012 263.52002 2 915.225708 263.52002
11359 1 109.440002 321.120026 2 60.134212 321.120026
8289 1 473.472046 202.176025 2 456.967804 202.176025
11482 1 563.328064 259.200012 2 531.650146 259.200012
10130 1 551.232056 196.99202 2 538.803467 196.99202
7803 1 408.960022 203.040009 2 393.210541 203.040009
11548 1 855.360107 252.288025 2 832.381042 252.288025
11483 1 806.630493 263.347229 2 775.036987 263.347229
9558 1 668.736084 248.832031 2 638.641174 248.832031
11409 1 895.104065 317.952026 2 853.598938 317.952026
11376 1 271.296021 309.312042 2 225.641022 309.312042
11350 1 236.736023 323.136017 2 186.370407 323.136017
10362 1 237.600006 293.76001 2 196.697464 293.76001
11660 1 172.800018 169.344009 2 154.493271 169.344009
11584 1 1164.672119 112.320007 2 1143.105591 112.320007
11355 1 309.600006 325.440002 2 260.039276 325.440002
10380 1 141.12001 277.920013 2 108.061943 277.920013
11567 1 82.944008 145.152008 2 60.789463 145.152008
11408 1 366.336029 292.032013 2 324.652557 292.032013
11540 1 1142.20813 257.472015 2 1118.891479 257.472015
11546 1 1105.920166 229.82402 2 1082.870361 229.82402
11602 1 1160.640015 110.880005 2 1139.901489 110.880005
11555 1 1100.160034 131.040009 2 1077.584229 131.040009
11146 1 79.488007 203.904022 2 58.20755 203.904022
11573 1 1164.960083 102.240005 2 1143.069214 102.240005
7016 1 400.204865 151.372818 2 383.99527 151.372818
10917 1 404.352051 136.512009 2 387.552307 136.512009
9670 1 879.206543 95.385612 2 866.314819 95.385612
11249 1 938.304077 50.112003 2 925.311829 50.112003
11651 1 532.22406 72.576004 2 513.640259 72.576004
10795 1 524.160034 51.840004 2 504.336456 51.840004
8824 1 762.048096 164.160019 2 755.494446 164.160019
10446 1 527.040039 132.480011 2 518.553711 132.480011
8368 1 713.318481 163.814423 2 705.543457 163.814423
11205 1 705.024048 146.88002 2 697.123169 146.88002
9660 1 641.088074 60.480007 2 633.301392 60.480007
9739 1 580.608032 164.160019 2 571.355042 164.160019
9651 1 635.904053 114.048012 2 627.395813 114.048012
11476 1 763.0849 263.347229 2 730.942444 263.347229
10384 1 141.696014 278.208038 2 108.129173 278.208038
10405 1 1069.977783 250.90564 2 1045.762573 250.90564
11521 1 264.384033 257.472015 2 238.551529 257.472015
11604 1 462.412872 116.121613 2 441.731995 116.121613
9279 1 970.444946 238.464035 2 949.272461 238.464035
11368 1 796.262512 327.628845 2 748.735901 327.628845
11451 1 824.256104 281.664032 2 789.200256 281.664032
11438 1 153.446426 277.862427 2 116.894073 277.862427
11104 1 232.243225 263.347229 2 202.112381 263.347229
9219 1 338.688019 219.456024 2 322.709106 219.456024
6576 1 408.499268 201.139221 2 392.443359 201.139221
10860 1 379.468842 203.21283 2 362.414673 203.21283
11545 1 615.859314 228.096039 2 592.774841 228.096039
7836 1 889.574524 153.446426 2 878.953979 153.446426
11398 1 939.340942 315.187256 2 896.786438 315.187256
11511 1 945.216064 264.384033 2 917.564087 264.384033
11480 1 793.1521 262.656036 2 761.45813 262.656036
8717 1 669.358154 248.832031 2 638.707031 248.832031
10070 1 707.097717 192.844833 2 698.295654 192.844833
8318 1 663.552124 188.697632 2 655.201111 188.697632
9511 1 893.721741 319.334442 2 852.936646 319.334442
11418 1 870.912109 304.819244 2 830.971008 304.819244
11465 1 864.691345 284.083252 2 830.6745 284.083252
11581 1 1165.363403 111.974419 2 1143.74353 111.974419
11536 1 1140.480103 257.126434 2 1116.774048 257.126434
11543 1 1107.302612 228.096039 2 1084.192749 228.096039
11597 1 81.216011 164.160019 2 59.995911 164.160019
11592 1 80.870415 145.152023 2 59.486359 145.152023
11096 1 397.440033 264.384033 2 363.328735 264.384033
11539 1 1119.744141 134.369293 2 1096.419312 134.369293
11531 1 1103.155396 130.636826 2 1079.18457 130.636826
5288 1 290.304047 172.108826 2 279.305023 172.108826
11559 1 1197.50415 96.768005 2 1175.143311 96.768005
11589 1 1188.172974 64.281609 2 1166.735962 64.281609
11637 1 138.931213 196.992035 2 119.589325 196.992035
9675 1 738.201721 149.299225 2 730.245056 149.299225
9671 1 678.067322 70.502411 2 670.34137 70.502411
10487 1 806.630493 64.281609 2 799.59906 64.281609
4864 1 705.024109 147.225616 2 697.462219 147.225616
11199 1 216.000015 65.664009 2 199.853821 65.664009
9232 1 579.778625 164.229141 2 570.34668 164.229141
9097 1 494.208038 314.496033 2 446.142334 314.496033
10371 1 226.02243 286.15683 2 189.34288 286.15683
11253 1 549.918823 196.577301 2 538.139771 196.577301
11222 1 987.863159 159.252502 2 981.110718 159.252502
11453 1 151.787537 278.691895 2 117.105095 278.691895
11257 1 455.36261 201.553955 2 438.322327 201.553955
10755 1 397.135956 256.794678 2 363.666351 256.794678
8315 1 1069.977783 251.320358 2 1046.016479 251.320358
11377 1 342.144043 315.187256 2 296.541199 315.187256
9513 1 893.307007 318.505005 2 852.027466 318.505005
3210 1 191.600662 189.11235 2 173.818665 189.11235
11658 1 170.035217 192.844833 2 151.682434 192.844833
9682 1 878.377075 94.556175 2 865.268738 94.556175
10752 1 396.057648 259.200043 2 364.170166 259.200043
9112 1 365.783081 291.133484 2 323.906769 291.133484
7452 1 350.85318 166.717468 2 342.951996 166.717468
10821 1 288.645172 171.694107 2 278.575623 171.694107
11653 1 174.182419 170.035217 2 155.659378 170.035217
11558 1 1137.162354 256.296997 2 1114.748413 256.296997
11566 1 1196.467407 95.385612 2 1174.305298 95.385612
11575 1 1162.045654 99.532814 2 1140.18103 99.532814
11579 1 1154.580688 64.696327 2 1132.938232 64.696327
11591 1 87.091209 231.413788 2 65.70153 231.413788
11609 1 92.067856 196.577301 2 71.582245 196.577301
11533 1 1119.744263 134.369308 2 1095.988892 134.369308
10498 1 827.117737 167.215134 2 818.064636 167.215134
9239 1 793.77417 169.20578 2 785.774353 169.20578
11218 1 811.192444 111.974419 2 803.30603 111.974419
11320 1 694.241394 139.345947 2 685.919861 139.345947
10907 1 664.381531 134.369293 2 655.908508 134.369293
10491 1 736.542847 67.184647 2 731.083984 67.184647
11294 1 619.591797 94.556175 2 612.367554 94.556175
9653 1 507.617371 119.439384 2 496.603546 119.439384
7417 1 603.417664 186.624023 2 594.215759 186.624023
8755 1 337.996857 217.728027 2 323.208435 217.728027
8650 1 492.687439 316.016693 2 445.652161 316.016693
9109 1 646.963318 283.668518 2 608.242737 283.668518
9694 1 877.879456 92.565521 2 864.388062 92.565521
9307 1 534.988892 196.577301 2 521.538879 196.577301
11259 1 594.210938 188.117035 2 584.135193 188.117035
11661 1 169.20578 194.088989 2 151.095978 194.088989
11655 1 174.182419 171.694107 2 155.752274 171.694107
10165 1 289.640503 170.201126 2 278.245789 170.201126
11556 1 1164.533936 101.523476 2 1142.092529 101.523476
11552 1 1098.842285 158.257187 2 1076.13916 158.257187
11534 1 1107.203125 132.577713 2 1083.451172 132.577713
10089 1 731.566223 65.691658 2 726.247498 65.691658
11542 1 1110.786255 226.93483 2 1087.571777 226.93483
11529 1 1100.036743 236.48999 2 1075.96875 236.48999
10743 1 365.484528 275.904999 2 327.238983 275.904999
11297 1 447.897705 111.078629 2 430.468933 111.078629
9247 1 794.271912 170.201126 2 785.350586 170.201126
10497 1 618.098816 92.565521 2 611.587341 92.565521
10579 1 639.000671 59.719692 2 629.898071 59.719692
8778 1 701.70636 173.187103 2 693.5495 173.187103
8779 1 704.692383 146.313248 2 697.145081 146.313248
9727 1 773.369995 152.285217 2 766.132385 152.285217
10547 1 738.135437 150.493622 2 730.503967 150.493622
8774 1 552.407166 152.285217 2 542.969727 152.285217
10569 1 101.523476 188.117035 2 82.00029 188.117035
7080 1 403.10791 137.355286 2 386.311401 137.355286
6209 1 409.079895 101.523476 2 391.011993 101.523476
8322 1 412.065887 200.658173 2 396.913239 200.658173
9107 1 726.589539 293.621796 2 687.864319 293.621796
7825 1 656.916626 247.836716 2 626.618103 247.836716
10142 1 833.089722 214.990891 2 819.201355 214.990891
9942 1 946.557129 262.766632 2 921.325134 262.766632
10500 1 1003.290833 200.658173 2 991.029846 200.658173
9700 1 931.627197 193.491806 2 918.271423 193.491806
11399 1 1067.788086 304.570435 2 1025.435181 304.570435
7077 1 409.079895 200.060959 2 394.349701 200.060959
7883 1 562.559509 193.491806 2 552.806824 193.491806
11646 1 170.201126 194.088989 2 151.390167 194.088989
11562 1 1164.534058 100.329086 2 1142.318359 100.329086
11387 1 388.177979 298.59845 2 344.006775 298.59845
11073 1 418.037842 280.682556 2 379.644073 280.682556
10753 1 391.163971 262.766632 2 357.55127 262.766632
9686 1 698.720398 118.244995 2 691.173157 118.244995
9687 1 666.471802 121.828178 2 659.631348 121.828178
10090 1 692.748413 71.663628 2 683.999207 71.663628
10088 1 741.718567 100.329086 2 734.506714 100.329086
10505 1 1006.276794 200.060959 2 992.223694 200.060959
11230 1 809.799072 114.661812 2 802.155396 114.661812
9255 1 809.799072 125.411354 2 800.812195 125.411354
10835 1 859.963562 188.117035 2 851.0849 188.117035
7427 1 465.813599 89.579544 2 446.9841 89.579544
8321 1 1068.982422 244.850739 2 1047.137207 244.850739
7880 1 591.224976 186.325439 2 581.713135 186.325439
10145 1 616.307251 111.078629 2 609.523499 111.078629
8330 1 562.559509 186.325439 2 552.863464 186.325439
10105 1 551.809998 154.076813 2 542.378052 154.076813
10093 1 523.144531 93.16272 2 507.062256 93.16272
8781 1 655.722229 161.243179 2 647.533264 161.243179
10101 1 236.48999 125.411354 2 233.095245 125.411354
11611 1 107.495445 197.074982 2 87.021286 197.074982
11390 1 367.276093 301.584442 2 323.854584 301.584442
2391 1 400.121918 176.173096 2 383.632538 176.173096
5728 1 408.482697 100.329086 2 390.837555 100.329086
8798 1 462.827606 241.864746 2 433.841827 241.864746
9121 1 644.972717 283.07135 2 606.042908 283.07135
11457 1 863.546753 283.07135 2 829.294678 283.07135
8271 1 791.285889 286.65451 2 755.56842 286.65451
9260 1 881.462708 189.90863 2 870.119751 189.90863
9135 1 979.402954 265.752625 2 951.693176 265.752625
11303 1 606.0 188.0 2 596.695557 188.0
10011 1 682.800049 165.600006 2 674.7948 165.600006
10804 1 438.000031 22.800001 2 417.551086 22.800001
9598 1 540.0 24.0 2 520.513 24.0
9184 1 627.600037 232.800003 2 602.51825 232.800003
10119 1 450.720032 77.760002 2 430.537567 77.760002
11166 1 82.080002 164.160004 2 60.3862 164.160004
10123 1 554.400024 158.400009 2 545.545105 158.400009
9553 1 983.52002 266.400024 2 955.457275 266.400024
10124 1 947.52002 198.720001 2 936.490967 198.720001
9118 1 649.440002 285.120026 2 611.812561 285.120026
9709 1 825.120056 119.520004 2 813.470642 119.520004
11040 1 607.680054 344.160004 2 554.096069 344.160004
11097 1 396.000031 263.52002 2 363.117218 263.52002
10587 1 289.440002 205.920013 2 276.374298 205.920013
9733 1 312.480011 122.400002 2 308.915436 122.400002
8665 1 649.728088 285.120026 2 611.375549 285.120026
7467 1 533.952026 191.808014 2 523.346069 191.808014
8792 1 827.712097 214.272018 2 813.876648 214.272018
11159 1 191.808014 191.808014 2 174.448288 191.808014
7469 1 521.856079 155.52002 2 512.812805 155.52002
8820 1 451.008057 77.76001 2 430.581146 77.76001
11245 1 684.288086 127.872009 2 675.47467 127.872009
7817 1 590.976074 143.424011 2 581.758789 143.424011
9545 1 914.457703 265.420837 2 883.992615 265.420837
11094 1 396.057648 259.200043 2 364.170166 259.200043
11143 1 66.355209 209.433624 2 44.043476 209.433624
3220 1 632.448059 153.446426 2 623.846008 153.446426
11207 1 661.478516 136.85762 2 653.182861 136.85762
11055 1 493.516876 315.187256 2 447.130981 315.187256
10377 1 226.437149 286.15683 2 189.660004 286.15683
10770 1 184.135712 268.738586 2 153.769089 268.738586
8654 1 870.912109 303.575073 2 830.63739 303.575073
9122 1 910.72522 266.250275 2 881.161621 266.250275
11110 1 455.36261 243.855392 2 426.019989 243.855392
6164 1 400.619568 149.299225 2 383.724518 149.299225
11255 1 691.753052 72.161293 2 684.149231 72.161293
8316 1 465.315918 89.579529 2 446.217743 89.579529
9613 1 69.672974 134.369293 2 46.59631 134.369293
8844 1 701.70636 171.694107 2 693.286316 171.694107
9692 1 602.173523 186.624023 2 593.238708 186.624023
8657 1 311.040039 325.969971 2 261.560669 325.969971
11070 1 418.037811 281.180206 2 378.608368 281.180206
8826 1 349.360199 167.215134 2 343.032257 167.215134
8277 1 367.276093 292.626495 2 326.033875 292.626495
9248 1 845.03363 119.439384 2 832.578857 119.439384
7877 1 465.813599 89.579536 2 446.817657 89.579536
9726 1 740.52417 182.145065 2 731.952454 182.145065
4857 1 173.187103 173.187103 2 154.358002 173.187103
8653 1 489.701477 316.514374 2 442.676941 316.514374
9921 1 886.837402 310.542389 2 846.035828 310.542389
8692 1 440.731354 250.822708 2 408.435028 250.822708
10834 1 433.564972 75.246811 2 413.623444 75.246811
11229 1 691.554077 71.663635 2 683.4776 71.663635
9676 1 627.056763 78.829994 2 618.779968 78.829994
8 1 171.992722 171.992722 2 153.269989 171.992722
1555 1 401.316345 175.575897 2 384.041412 175.575897
9137 1 985.374939 265.155426 2 945.324707 265.155426
