782
-33.1 -18.3 512 0.0251 -0.00235 0.0406 0.706 
111414 1 716.0 62.0 2 693.550476 62.0
110864 1 816.0 121.0 2 795.239319 121.0
111424 1 741.0 104.0 2 718.945801 104.0
111332 1 785.0 90.0 2 761.587158 90.0
111480 1 320.0 145.0 2 299.370514 145.0
111344 1 745.0 206.0 2 722.072083 206.0
111588 1 725.0 204.0 2 703.114624 204.0
111235 1 468.0 31.0 2 442.344849 31.0
111380 1 738.0 58.0 2 714.800171 58.0
111077 1 560.0 297.0 2 507.552429 297.0
111390 1 703.0 266.0 2 679.854126 266.0
111429 1 819.0 212.0 2 797.522034 212.0
111233 1 788.0 278.0 2 759.161438 278.0
111542 1 871.0 170.0 2 848.68396 170.0
111265 1 342.0 56.0 2 320.367249 56.0
111353 1 358.0 103.0 2 336.543335 103.0
110998 1 150.0 294.0 2 82.516075 294.0
111127 1 537.600037 273.600006 2 488.313446 273.600006
111351 1 838.800049 256.800018 2 815.418762 256.800018
111140 1 277.200012 154.800003 2 232.016083 154.800003
111422 1 320.400024 145.200012 2 299.972687 145.200012
111090 1 410.400024 265.200012 2 359.782257 265.200012
110857 1 741.600037 103.200005 2 718.748901 103.200005
111485 1 775.200012 127.200005 2 752.914429 127.200005
111469 1 770.400024 238.800003 2 748.044617 238.800003
111234 1 468.000031 31.200001 2 442.520996 31.200001
111327 1 350.400024 110.400002 2 328.68927 110.400002
111308 1 795.600037 254.400009 2 772.2547 254.400009
111081 1 558.0 294.0 2 505.754272 294.0
111156 1 492.000031 200.400009 2 446.008179 200.400009
111338 1 703.200012 266.400024 2 679.931274 266.400024
110842 1 709.200012 248.400009 2 686.345398 248.400009
111577 1 988.800049 247.200012 2 968.995361 247.200012
111616 1 963.600037 109.200005 2 942.789062 109.200005
110850 1 1062.720093 165.600006 2 1039.361572 165.600006
111240 1 796.800049 278.400024 2 769.323181 278.400024
111065 1 912.000061 350.400024 2 854.432129 350.400024
111289 1 669.600037 270.0 2 645.925964 270.0
111262 1 628.800049 276.0 2 604.460083 276.0
111445 1 682.800049 87.600006 2 660.942444 87.600006
110879 1 705.600037 54.000004 2 684.456787 54.000004
110880 1 655.200012 176.400009 2 634.169495 176.400009
110942 1 751.680054 149.76001 2 729.306946 149.76001
111141 1 559.200012 265.200012 2 511.318481 265.200012
111428 1 362.400024 198.000015 2 341.598541 198.000015
110997 1 421.200012 344.400024 2 351.611938 344.400024
111348 1 357.600006 103.200005 2 336.199005 103.200005
111153 1 491.040009 200.160004 2 445.606445 200.160004
110836 1 749.952087 55.296005 2 726.097778 55.296005
110580 1 557.280029 293.76001 2 504.950256 293.76001
111401 1 1140.480103 241.920013 2 1117.577026 241.920013
111477 1 1071.359985 247.680008 2 1048.705688 247.680008
111182 1 1117.440063 302.400024 2 1074.048462 302.400024
111261 1 946.080017 257.76001 2 920.977356 257.76001
111579 1 986.400024 226.080002 2 965.688538 226.080002
110333 1 1055.52002 203.040009 2 1032.5271 203.040009
110804 1 1065.600098 79.200005 2 1041.654785 79.200005
111329 1 838.080017 256.320007 2 814.467957 256.320007
110893 1 817.920044 211.680008 2 795.207581 211.680008
110797 1 681.120056 263.52002 2 658.241211 263.52002
111272 1 627.840027 275.040009 2 604.153442 275.040009
111543 1 794.880005 97.920006 2 773.944031 97.920006
111494 1 889.920044 76.32 2 867.051514 76.32
110877 1 849.600037 66.240005 2 829.012512 66.240005
109331 1 760.320007 79.200005 2 737.707764 79.200005
111537 1 705.600037 54.720001 2 684.361145 54.720001
109425 1 655.200012 175.680008 2 633.645081 175.680008
111536 1 707.040039 125.280006 2 686.084595 125.280006
111117 1 516.960022 203.040009 2 468.644562 203.040009
110622 1 560.160034 264.960022 2 511.766693 264.960022
110995 1 421.920013 344.160004 2 351.508209 344.160004
111273 1 341.279999 56.160004 2 320.154633 56.160004
111238 1 468.000031 30.240002 2 441.811554 30.240002
111378 1 332.640015 154.080002 2 311.279877 154.080002
110501 1 253.440002 280.800018 2 175.654312 280.800018
111350 1 321.120026 175.680008 2 299.79068 175.680008
110619 1 272.160004 122.400002 2 227.100616 122.400002
107322 1 69.12001 65.664009 2 47.85648 65.664009
107845 1 1063.756958 165.888031 2 1040.270752 165.888031
110886 1 1009.1521 171.072021 2 987.336304 171.072021
111598 1 1040.256104 124.416016 2 1018.180237 124.416016
111472 1 1017.792114 60.480007 2 996.494873 60.480007
111154 1 495.936035 181.440018 2 449.834717 181.440018
111142 1 1054.080078 331.776031 2 1001.701172 331.776031
110692 1 1041.984131 274.752014 2 1009.369019 274.752014
110790 1 684.288086 262.656036 2 660.740356 262.656036
110971 1 266.11203 309.312042 2 186.869385 309.312042
111583 1 986.68811 226.368027 2 966.554443 226.368027
111387 1 361.152039 198.720016 2 339.895569 198.720016
110337 1 896.832092 41.472004 2 877.616577 41.472004
111131 1 561.600037 266.11203 2 513.677185 266.11203
111173 1 986.68811 314.496033 2 940.124878 314.496033
111421 1 1161.216064 152.064011 2 1138.321533 152.064011
110344 1 1206.144165 114.048012 2 1183.745483 114.048012
111321 1 355.968048 101.952011 2 334.384338 101.952011
111277 1 342.144043 55.296005 2 320.013458 55.296005
110796 1 706.752075 267.840027 2 683.744873 267.840027
110321 1 692.92804 276.480042 2 669.234863 276.480042
110841 1 1055.808105 203.904022 2 1033.105469 203.904022
110885 1 1016.064087 205.632019 2 994.012268 205.632019
110947 1 753.408081 150.336014 2 730.539368 150.336014
110597 1 516.672058 203.904022 2 468.910156 203.904022
110636 1 273.024017 122.688011 2 227.746292 122.688011
109854 1 820.800049 119.23201 2 797.861389 119.23201
110922 1 827.712097 255.744019 2 805.183716 255.744019
110817 1 781.056091 240.192017 2 757.837708 240.192017
111471 1 831.168091 200.448013 2 809.683289 200.448013
110851 1 762.048096 79.488007 2 738.410645 79.488007
108992 1 682.214478 89.16481 2 660.841492 89.16481
110894 1 1009.843323 172.108826 2 987.728577 172.108826
110342 1 1038.873779 124.416016 2 1016.638611 124.416016
110889 1 1157.06897 80.870415 2 1134.265503 80.870415
111003 1 165.888031 252.979233 2 100.313492 252.979233
111191 1 1148.774536 300.672028 2 1106.161987 300.672028
111580 1 987.033752 226.02243 2 965.238403 226.02243
111137 1 1053.388916 331.776062 2 998.062988 331.776062
111287 1 1200.614624 172.108826 2 1177.67041 172.108826
111493 1 1159.142578 151.372818 2 1137.363403 151.372818
111299 1 354.585663 101.606415 2 333.132202 101.606415
111286 1 342.144043 55.987209 2 320.003265 55.987209
110973 1 267.494446 308.966431 2 188.188721 308.966431
110345 1 895.795349 41.472008 2 877.182678 41.472008
108477 1 850.176147 66.355209 2 829.838257 66.355209
110820 1 360.806458 196.992035 2 339.61084 196.992035
110740 1 667.69928 271.641632 2 645.343872 271.641632
110831 1 752.716919 149.299225 2 730.670898 149.299225
111534 1 707.097717 124.416016 2 686.369446 124.416016
111104 1 433.382446 244.68483 2 384.580353 244.68483
103262 1 748.984436 54.74305 2 725.259338 54.74305
110897 1 705.024109 53.913609 2 685.56604 53.913609
110891 1 1055.462524 203.21283 2 1030.840576 203.21283
109949 1 781.747314 155.52002 2 758.091675 155.52002
110635 1 277.862427 114.048019 2 232.932343 114.048019
111120 1 512.17926 259.200043 2 463.246552 259.200043
110628 1 539.136047 223.948837 2 491.984619 223.948837
111099 1 479.001678 215.654434 2 428.863556 215.654434
111495 1 829.440125 199.065628 2 808.032349 199.065628
110639 1 559.87207 265.420837 2 512.538757 265.420837
110776 1 734.054504 261.273651 2 710.604858 261.273651
109499 1 750.643311 207.360031 2 726.777527 207.360031
111575 1 851.005554 64.696327 2 829.841003 64.696327
111595 1 1077.442749 273.71524 2 1043.857178 273.71524
111008 1 164.229141 253.80867 2 99.610954 253.80867
110982 1 323.481659 308.551727 2 250.177551 308.551727
110970 1 266.250275 308.551727 2 186.916779 308.551727
111236 1 950.538391 276.203552 2 919.109985 276.203552
111232 1 915.701904 276.203552 2 884.882568 276.203552
111444 1 360.806458 199.065628 2 338.032074 199.065628
107975 1 654.428223 176.670746 2 633.535522 176.670746
111279 1 340.899902 54.74305 2 319.44751 54.74305
110353 1 1114.767578 62.208008 2 1091.023438 62.208008
108957 1 1062.512817 166.717468 2 1039.232422 166.717468
111203 1 726.589539 303.575073 2 689.55365 303.575073
108358 1 753.96106 278.691895 2 728.008362 278.691895
111096 1 460.339264 241.367081 2 411.52829 241.367081
111431 1 1149.604004 131.880981 2 1125.703369 131.880981
111571 1 806.21582 54.74305 2 786.336487 54.74305
111539 1 1074.954346 248.832031 2 1052.613525 248.832031
109474 1 1107.302612 218.972198 2 1084.037842 218.972198
107490 1 778.844299 154.275864 2 755.820374 154.275864
109470 1 818.65741 119.439377 2 796.369263 119.439377
111124 1 537.477173 226.437149 2 491.267273 226.437149
111601 1 987.863159 226.437149 2 968.130432 226.437149
111333 1 1055.047852 204.042267 2 1031.781738 204.042267
111021 1 425.502777 288.645172 2 361.450348 288.645172
108994 1 761.426025 79.626251 2 737.79541 79.626251
110626 1 559.87207 266.250275 2 513.146667 266.250275
107320 1 826.122375 258.785309 2 803.542358 258.785309
110336 1 786.309204 261.273651 2 763.088928 261.273651
109976 1 828.610657 199.065628 2 807.737488 199.065628
109244 1 253.80867 283.668518 2 176.844986 283.668518
110806 1 818.65741 263.761963 2 795.679443 263.761963
108505 1 962.97998 109.486099 2 940.636047 109.486099
110300 1 1139.650757 241.367081 2 1118.858032 241.367081
110833 1 743.510132 110.48143 2 720.139404 110.48143
110634 1 277.696564 113.467415 2 232.882996 113.467415
108478 1 328.458313 298.59845 2 253.022934 298.59845
110975 1 268.738617 307.556396 2 189.411758 307.556396
111105 1 528.519287 277.696564 2 477.13504 277.696564
110357 1 919.683228 262.766632 2 894.830017 262.766632
109385 1 653.930603 176.173096 2 634.048706 176.173096
107889 1 633.028748 149.299225 2 612.628296 149.299225
111314 1 1063.010498 167.215134 2 1038.278198 167.215134
111368 1 358.318146 197.074982 2 336.882843 197.074982
111432 1 755.454102 149.299225 2 732.535217 149.299225
111146 1 537.477234 223.948837 2 491.610809 223.948837
110240 1 1009.262756 274.710571 2 977.040588 274.710571
102465 1 779.34198 155.271194 2 755.36969 155.271194
103745 1 818.15979 119.439384 2 796.63739 119.439384
110801 1 1077.94043 247.836716 2 1054.827393 247.836716
109488 1 746.496155 209.018921 2 723.946777 209.018921
109299 1 495.673431 182.145065 2 451.263611 182.145065
108504 1 689.762451 59.719692 2 668.816101 59.719692
110907 1 689.762451 256.794678 2 667.717407 256.794678
107491 1 961.487 110.48143 2 940.703674 110.48143
103790 1 1116.758179 62.705677 2 1093.347046 62.705677
111567 1 943.571106 256.794678 2 917.161377 256.794678
110293 1 1140.646118 241.864746 2 1117.981201 241.864746
111198 1 974.625427 300.987244 2 931.7229 300.987244
109843 1 1010.457214 275.904999 2 977.33313 275.904999
108950 1 1060.621704 168.409531 2 1037.496216 168.409531
108481 1 655.722229 175.575897 2 634.562927 175.575897
109904 1 630.639954 150.493622 2 608.711792 150.493622
111267 1 734.552246 257.989075 2 709.163879 257.989075
109936 1 813.382202 164.826355 2 791.630432 164.826355
102482 1 766.800842 168.409531 2 744.490967 168.409531
108847 1 458.647247 240.073166 2 410.938202 240.073166
110914 1 788.299927 261.572266 2 764.189636 261.572266
111132 1 601.974487 286.654541 2 553.568726 286.654541
110856 1 824.131775 200.658173 2 802.6651 200.658173
111346 1 1078.53772 247.239532 2 1056.028931 247.239532
109443 1 1107.203125 218.574081 2 1085.233521 218.574081
111391 1 1053.455444 204.241348 2 1030.433228 204.241348
108495 1 820.548584 118.244995 2 797.583984 118.244995
107022 1 781.133606 107.495445 2 757.47699 107.495445
110824 1 763.217712 78.829994 2 740.149963 78.829994
111460 1 1014.040405 197.074982 2 992.617981 197.074982
111324 1 358.318176 197.074982 2 336.356781 197.074982
111334 1 734.552246 85.996361 2 713.466797 85.996361
108498 1 684.387695 85.996361 2 662.23999 85.996361
110376 1 1010.457214 175.575897 2 989.645264 175.575897
110959 1 924.460876 68.080452 2 902.265015 68.080452
103370 1 1121.535889 68.080452 2 1097.446289 68.080452
111187 1 1114.369507 304.570435 2 1069.074829 304.570435
111239 1 750.0 277.200012 2 723.74884 277.200012
111292 1 714.240051 243.360016 2 691.142578 243.360016
111457 1 756.0 30.240002 2 734.165649 30.240002
110944 1 850.800049 66.0 2 829.544861 66.0
110384 1 672.192078 32.832005 2 650.988892 32.832005
111288 1 743.040039 109.440002 2 720.269775 109.440002
111163 1 478.656036 273.024017 2 435.67865 273.024017
111268 1 628.992065 276.480042 2 604.569519 276.480042
111326 1 350.784027 117.504013 2 329.558563 117.504013
108868 1 781.920044 154.080002 2 758.504822 154.080002
111305 1 765.504089 146.88002 2 742.106873 146.88002
111600 1 989.107361 145.152023 2 967.043884 145.152023
109353 1 628.300903 275.788849 2 604.354797 275.788849
110829 1 773.452881 238.464035 2 750.561707 238.464035
110211 1 522.547302 218.972198 2 473.46991 218.972198
110976 1 252.979233 282.009644 2 176.216385 282.009644
110669 1 671.846497 319.334442 2 628.880737 319.334442
111530 1 1117.255859 154.275864 2 1095.513062 154.275864
105252 1 706.682983 54.74305 2 684.577515 54.74305
110978 1 254.405899 283.07135 2 182.633713 283.07135
107351 1 1005.281433 276.203552 2 973.62616 276.203552
111500 1 706.682983 124.416016 2 686.122925 124.416016
111578 1 1114.369507 154.076813 2 1093.651367 154.076813
103761 1 69.672974 69.672974 2 49.89415 69.672974
111258 1 734.552185 259.78067 2 709.711182 259.78067
111548 1 827.117737 200.060959 2 806.813904 200.060959
106026 1 1009.262756 176.173096 2 988.370728 176.173096
