788
-75.3 -15.5 508 0.0247 -0.00224 0.044 0.706 
111289 1 737.0 271.0 2 713.315857 271.0
111265 1 403.0 49.0 2 381.368469 49.0
111353 1 419.0 97.0 2 397.485992 97.0
111378 1 394.800018 147.600006 2 373.158447 147.600006
111272 1 694.800049 276.0 2 669.108521 276.0
111395 1 766.800049 216.000015 2 743.498596 216.000015
111588 1 796.800049 200.400009 2 774.823059 200.400009
111103 1 552.960022 220.320007 2 499.056122 220.320007
111344 1 818.400024 204.000015 2 794.598206 204.000015
111390 1 772.800049 266.400024 2 748.524353 266.400024
110842 1 780.000061 248.400009 2 755.682373 248.400009
111577 1 1088.640015 250.560013 2 1067.893311 250.560013
111494 1 979.200012 64.800003 2 954.544983 64.800003
111499 1 934.800049 54.000004 2 911.39917 54.000004
111429 1 898.800049 211.200012 2 875.491882 211.200012
111176 1 808.800049 327.600006 2 761.265015 327.600006
111239 1 825.600037 279.600006 2 797.239258 279.600006
111233 1 869.0 282.0 2 839.026123 282.0
111262 1 694.080017 275.040009 2 668.659363 275.040009
110879 1 776.400024 43.200001 2 754.144409 43.200001
110942 1 825.120056 144.0 2 801.356873 144.0
111433 1 889.200012 163.200012 2 865.186768 163.200012
110864 1 897.120056 112.320007 2 874.42749 112.320007
111445 1 752.400024 79.200005 2 728.904297 79.200005
110880 1 722.400024 171.600006 2 700.109131 171.600006
111273 1 403.200012 49.200001 2 381.553986 49.200001
111422 1 381.600006 138.240005 2 360.493591 138.240005
111330 1 430.560028 128.160004 2 408.355682 128.160004
111156 1 552.960022 195.840012 2 503.906342 195.840012
111090 1 466.560028 264.960022 2 412.435699 264.960022
111370 1 896.400024 259.200012 2 872.903564 259.200012
111308 1 872.640015 256.320007 2 847.824036 256.320007
111361 1 779.040039 247.680008 2 755.160522 247.680008
111329 1 920.160034 259.200012 2 895.657349 259.200012
111516 1 912.384094 198.720016 2 889.643311 198.720016
110850 1 1178.496094 162.432022 2 1154.039551 162.432022
110877 1 934.560059 54.720001 2 911.764832 54.720001
111542 1 954.720032 165.600006 2 931.936218 165.600006
110852 1 921.600037 125.280006 2 896.653931 125.280006
111403 1 846.000061 238.800003 2 822.304871 238.800003
111240 1 877.200012 282.0 2 847.58905 282.0
111537 1 776.160034 43.200001 2 753.80249 43.200001
111596 1 888.480042 162.720001 2 864.586792 162.720001
111136 1 581.76001 200.160004 2 529.291809 200.160004
111428 1 423.600006 192.0 2 402.673615 192.0
110983 1 374.400024 311.040009 2 291.707886 311.040009
110514 1 381.600006 306.720001 2 299.129974 306.720001
110991 1 192.960007 293.76001 2 121.906509 293.76001
110804 1 1183.680054 65.664009 2 1158.035645 65.664009
110797 1 751.680054 262.656036 2 727.791748 262.656036
111608 1 1088.640015 92.160004 2 1065.325439 92.160004
111154 1 556.416077 174.528015 2 507.111267 174.528015
111535 1 955.584106 165.888016 2 933.465271 165.888016
110841 1 1171.584106 202.176025 2 1148.530884 202.176025
110944 1 935.193726 53.913609 2 912.088684 53.913609
110922 1 908.236938 257.126434 2 884.233398 257.126434
110947 1 825.98407 143.424011 2 802.517029 143.424011
111536 1 777.600098 117.504013 2 755.843628 117.504013
110994 1 193.536011 293.76004 2 121.881203 293.76004
111387 1 423.014465 192.844833 2 400.360535 192.844833
111321 1 416.448029 95.040009 2 394.269623 95.040009
111277 1 403.200012 48.960003 2 381.203003 48.960003
109854 1 898.560059 112.320007 2 875.248596 112.320007
110854 1 824.256104 43.200005 2 799.32959 43.200005
111543 1 872.640015 89.280006 2 850.40625 89.280006
109331 1 836.352051 69.12001 2 812.709412 69.12001
111153 1 552.960083 196.99202 2 504.120056 196.99202
111389 1 381.888031 138.240021 2 361.415192 138.240021
110636 1 327.628845 114.048019 2 280.356903 114.048019
109499 1 825.292908 205.286423 2 799.637451 205.286423
108992 1 750.643311 78.796814 2 728.832764 78.796814
110976 1 293.621796 283.668518 2 209.437592 283.668518
111495 1 910.310547 196.992035 2 888.165344 196.992035
110820 1 423.360046 191.808014 2 401.81076 191.808014
111534 1 777.600098 118.195213 2 755.561646 118.195213
111299 1 414.720062 95.385612 2 393.894012 95.385612
111286 1 404.352051 48.384003 2 381.173737 48.384003
110537 1 242.611237 286.15683 2 174.941147 286.15683
110333 1 1169.51062 203.21283 2 1144.719849 203.21283
111252 1 763.914368 278.691895 2 736.813477 278.691895
110743 1 694.656067 276.480042 2 669.00885 276.480042
111086 1 493.516876 242.611237 2 439.280334 242.611237
110897 1 775.526489 43.545605 2 753.590881 43.545605
111120 1 574.802002 258.785309 2 520.745178 258.785309
110628 1 604.661865 223.948837 2 552.106689 223.948837
110635 1 333.504028 103.680008 2 286.312622 103.680008
108868 1 858.47052 149.299225 2 833.233704 149.299225
111469 1 846.720093 238.46402 2 822.970093 238.46402
110639 1 626.227295 267.494446 2 573.28009 267.494446
110790 1 750.643311 263.347229 2 726.470032 263.347229
111472 1 1123.891357 45.619205 2 1100.101807 45.619205
111538 1 955.515015 166.717468 2 932.468445 166.717468
107351 1 1122.730225 283.668549 2 1087.833618 283.668549
107975 1 721.612915 171.694107 2 699.320251 171.694107
111279 1 404.352051 49.766407 2 381.579956 49.766407
109353 1 694.656128 275.788849 2 668.941956 275.788849
111444 1 420.526154 191.600662 2 399.475525 191.600662
110634 1 334.430267 104.50946 2 285.830139 104.50946
108504 1 758.937683 49.766407 2 736.958862 49.766407
111333 1 1169.51062 204.042267 2 1144.581055 204.042267
111124 1 603.168884 223.948837 2 551.768188 223.948837
111017 1 539.965515 323.481659 2 470.377686 323.481659
111430 1 893.307007 159.252502 2 870.113403 159.252502
110831 1 828.610657 144.322586 2 804.356079 144.322586
109470 1 898.28363 111.974419 2 874.761841 111.974419
108994 1 839.061646 68.677643 2 813.666931 68.677643
110626 1 627.056702 268.738586 2 575.147461 268.738586
110829 1 848.517212 238.878754 2 824.287842 238.878754
110954 1 841.881714 192.844833 2 817.912231 192.844833
110776 1 806.21582 261.273651 2 781.123169 261.273651
109244 1 294.451233 284.083252 2 209.484222 284.083252
110402 1 751.472717 79.626251 2 728.305969 79.626251
111314 1 1179.463867 164.229156 2 1154.51001 164.229156
110833 1 818.15979 101.523476 2 793.361206 101.523476
111500 1 776.355957 119.439384 2 753.9729 119.439384
110984 1 370.759735 313.528351 2 288.425995 313.528351
107320 1 907.739319 259.78067 2 884.516907 259.78067
111008 1 209.018921 250.822708 2 140.741516 250.822708
110783 1 806.21582 262.766632 2 781.470581 262.766632
110530 1 188.117035 295.612457 2 116.358002 295.612457
110811 1 1170.505981 203.046951 2 1145.751343 203.046951
107490 1 856.9776 149.299225 2 832.054077 149.299225
111396 1 843.540588 67.184647 2 818.968201 67.184647
110629 1 627.056763 268.738617 2 567.567932 268.738617
109488 1 824.131775 207.824539 2 797.728333 207.824539
110978 1 295.612457 286.65451 2 210.02829 286.65451
111139 1 316.514374 209.018921 2 269.102631 209.018921
111465 1 412.065857 125.411354 2 391.599243 125.411354
111368 1 419.232239 193.491806 2 396.848511 193.491806
110958 1 749.482117 80.621582 2 728.096375 80.621582
110336 1 862.949524 262.766632 2 839.00824 262.766632
103745 1 898.781372 110.48143 2 875.898193 110.48143
110335 1 1114.767578 169.20578 2 1090.786377 169.20578
107491 1 1060.024536 98.537491 2 1037.504639 98.537491
109843 1 1119.744141 283.668518 2 1084.891235 283.668518
111601 1 1086.898438 226.93483 2 1064.287354 226.93483
111230 1 1054.05249 283.668549 2 1019.402344 283.668549
111415 1 412.065887 125.411354 2 391.734833 125.411354
111293 1 426.995789 86.593552 2 407.421356 86.593552
111402 1 802.63269 179.159088 2 780.825378 179.159088
107022 1 856.380432 100.329086 2 832.943665 100.329086
110982 1 372.650879 304.570435 2 290.33606 304.570435
111218 1 859.963562 301.584442 2 822.154053 301.584442
110914 1 867.129944 265.155426 2 842.019409 265.155426
111111 1 480.146332 243.656357 2 425.882385 243.656357
102482 1 842.047668 164.826355 2 818.186218 164.826355
110601 1 601.974487 222.157257 2 551.81366 222.157257
108853 1 555.393127 214.990891 2 502.703064 214.990891
109298 1 558.976318 175.575897 2 510.166626 175.575897
109904 1 698.720398 143.327271 2 677.246582 143.327271
111267 1 806.215881 261.572266 2 781.415039 261.572266
109936 1 895.79541 157.659988 2 872.172974 157.659988
110894 1 1116.758179 170.201126 2 1093.177856 170.201126
108505 1 1060.621704 100.329086 2 1037.894653 100.329086
111232 1 1015.234741 283.668549 2 981.541626 283.668549
108397 1 910.128113 261.572266 2 884.479919 261.572266
111365 1 415.200012 94.800003 2 393.799042 94.800003
111424 1 814.800049 94.800003 2 791.028687 94.800003
110817 1 856.800049 240.480011 2 832.430542 240.480011
111350 1 383.040009 169.920013 2 361.550018 169.920013
111371 1 394.560028 148.320007 2 372.9758 148.320007
111338 1 771.840027 266.400024 2 747.882568 266.400024
111453 1 979.200012 64.800003 2 953.934021 64.800003
111242 1 866.880005 280.800018 2 837.484985 280.800018
111292 1 786.240051 243.648026 2 761.777954 243.648026
111616 1 1062.720093 100.224007 2 1037.865845 100.224007
111600 1 1090.713745 138.931213 2 1067.629761 138.931213
111595 1 1200.614624 282.009644 2 1165.400757 282.009644
110321 1 763.0849 277.862427 2 737.30481 277.862427
110816 1 792.115295 267.494446 2 766.984619 267.494446
111310 1 383.616058 170.035217 2 361.282715 170.035217
111009 1 241.367081 286.15683 2 174.012787 286.15683
108358 1 828.610657 281.180206 2 802.299011 281.180206
111128 1 592.220215 278.691895 2 533.573425 278.691895
109976 1 910.72522 196.577301 2 887.4245 196.577301
107844 1 961.487 268.738617 2 938.422302 268.738617
111432 1 830.103699 143.327255 2 805.590332 143.327255
110409 1 1119.744263 197.074982 2 1096.161499 197.074982
111602 1 901.767334 74.649612 2 878.382629 74.649612
109299 1 558.379089 176.173096 2 509.021393 176.173096
110907 1 761.426086 253.808685 2 737.691833 253.808685
111548 1 910.725281 197.074982 2 886.887329 197.074982
111366 1 831.298157 143.327271 2 806.991638 143.327271
111160 1 687.970886 300.987244 2 640.763367 300.987244
108498 1 752.46814 78.829994 2 729.83783 78.829994
110787 1 816.965393 100.329086 2 793.435059 100.329086
110957 1 956.709473 93.16272 2 933.999878 93.16272
111226 1 1057.038574 283.07135 2 1022.706726 283.07135
