798
470.0932 -43.3869 198.6001 0.03586475434529103 0.4536016177243018 -0.04299145217193754 0.8894442235653657
110711 1 469.200012 97.200005 2 447.357147 97.200005
111470 1 422.0 168.0 2 400.606659 168.0
111395 1 871.0 202.0 2 846.821594 202.0
111154 1 369.0 155.0 2 319.160614 155.0
110648 1 462.0 41.0 2 439.975861 41.0
110784 1 926.0 245.0 2 900.262451 245.0
111471 1 452.400024 142.800003 2 430.99173 142.800003
110866 1 441.0 133.0 2 419.579651 133.0
111487 1 444.0 123.0 2 422.282501 123.0
111098 1 755.0 304.0 2 694.546143 304.0
111317 1 916.800049 261.600006 2 890.685486 261.600006
111115 1 523.0 267.0 2 465.974548 267.0
111450 1 457.0 168.0 2 434.618164 168.0
111346 1 860.0 240.0 2 834.487732 240.0
111215 1 1145.0 302.0 2 1107.244995 302.0
111382 1 1049.0 167.0 2 1025.250122 167.0
111232 1 905.0 289.0 2 874.320435 289.0
111328 1 844.0 272.0 2 818.801575 272.0
111473 1 851.0 113.0 2 828.809021 113.0
111133 1 619.200012 171.600006 2 566.7854 171.600006
111033 1 471.0 354.0 2 389.062531 354.0
111418 1 871.200012 201.600006 2 846.815674 201.600006
111150 1 380.400024 130.800003 2 330.261566 130.800003
111145 1 384.0 108.000008 2 333.738983 108.000008
111157 1 368.400024 154.800003 2 319.025757 154.800003
111324 1 926.400024 259.200012 2 899.300476 259.200012
111307 1 915.600037 228.000015 2 889.479797 228.000015
111253 1 944.640015 95.040001 2 917.242493 95.040001
110715 1 949.200012 73.200005 2 921.97876 73.200005
110726 1 896.400024 206.400009 2 870.458679 206.400009
111114 1 523.200012 266.400024 2 465.981384 266.400024
111097 1 754.800049 303.600006 2 694.231201 303.600006
111446 1 456.000031 169.200012 2 433.294495 169.200012
111460 1 441.600006 165.600006 2 419.574432 165.600006
111241 1 890.400024 261.600006 2 862.493652 261.600006
110227 1 853.200012 252.000015 2 827.303528 252.000015
111176 1 1105.200073 325.200012 2 1059.044312 325.200012
110809 1 984.960022 214.560013 2 960.193787 214.560013
111255 1 1012.0 268.0 2 984.615723 268.0
111178 1 932.400024 326.400024 2 885.652527 326.400024
110616 1 955.200012 291.600006 2 922.227722 291.600006
111227 1 1044.0 296.0 2 1007.975098 296.0
110814 1 975.600037 163.200012 2 949.619568 163.200012
111408 1 1048.800049 166.800003 2 1025.134521 166.800003
110669 1 806.400024 274.800018 2 780.706482 274.800018
110768 1 844.800049 271.200012 2 819.10968 271.200012
111507 1 697.200012 187.200012 2 679.981384 187.200012
111201 1 764.400024 319.200012 2 722.76416 319.200012
110897 1 832.800049 40.800003 2 808.061523 40.800003
111423 1 792.000061 170.400009 2 767.823425 170.400009
111344 1 904.320007 142.560013 2 878.989807 142.560013
111454 1 850.800049 112.800003 2 827.216919 112.800003
111485 1 481.200012 187.200012 2 460.213013 187.200012
111510 1 534.0 136.800003 2 526.018799 136.800003
110654 1 462.000031 40.800003 2 439.942139 40.800003
110803 1 440.640015 132.480011 2 419.575714 132.480011
110378 1 235.200012 292.800018 2 159.591797 292.800018
111265 1 866.880005 259.200012 2 840.255859 259.200012
110742 1 852.480042 252.000015 2 826.806824 252.000015
111269 1 861.120056 246.240005 2 834.786133 246.240005
111481 1 440.640015 164.160004 2 419.323547 164.160004
111135 1 616.800049 194.400009 2 563.762634 194.400009
111089 1 711.360046 298.080017 2 648.245544 298.080017
111222 1 1123.200073 298.944031 2 1086.287964 298.944031
110690 1 956.160034 263.52002 2 929.399475 263.52002
111280 1 925.920044 259.200012 2 899.088196 259.200012
111330 1 997.056091 264.384033 2 970.948914 264.384033
110713 1 1010.880066 267.840027 2 983.883972 267.840027
110879 1 1080.0 56.400002 2 1052.881958 56.400002
111369 1 1173.600098 96.0 2 1147.962036 96.0
111491 1 1140.480103 57.600002 2 1120.077026 57.600002
110816 1 990.720032 106.560005 2 965.022461 106.560005
111368 1 859.680054 221.76001 2 834.596375 221.76001
111183 1 819.360046 329.76001 2 774.152344 329.76001
111184 1 886.800049 325.200012 2 841.674927 325.200012
110622 1 905.76001 288.0 2 874.799438 288.0
110722 1 845.280029 272.160004 2 818.828308 272.160004
111084 1 681.120056 326.880005 2 608.259705 326.880005
111420 1 823.680054 72.0 2 799.755615 72.0
110220 1 905.76001 33.120003 2 879.219849 33.120003
111438 1 835.200012 149.76001 2 811.420898 149.76001
110259 1 790.560059 169.920013 2 767.209534 169.920013
110296 1 905.472107 141.696014 2 880.310364 141.696014
111452 1 851.904053 114.048012 2 828.036926 114.048012
110468 1 522.720032 266.400024 2 465.550079 266.400024
110808 1 480.960022 187.200012 2 459.119904 187.200012
111018 1 347.040009 326.880005 2 248.180618 326.880005
110714 1 489.024048 122.688011 2 466.26889 122.688011
111121 1 580.320007 182.880005 2 523.436401 182.880005
111167 1 408.960022 97.920006 2 361.583862 97.920006
110658 1 462.240021 41.760002 2 440.031555 41.760002
111147 1 383.040009 108.000008 2 333.184143 108.000008
111057 1 250.560013 249.12001 2 176.774658 249.12001
111037 1 187.200012 320.400024 2 108.442902 320.400024
110371 1 234.720016 293.76001 2 158.596756 293.76001
111078 1 276.0 346.800018 2 205.457626 346.800018
111512 1 1142.20813 58.752007 2 1120.018555 58.752007
110852 1 1000.512085 202.176025 2 975.624329 202.176025
110834 1 1080.000122 57.024006 2 1053.130493 57.024006
111483 1 1100.736084 224.640015 2 1081.2229 224.640015
110965 1 1198.080078 236.160004 2 1173.779297 236.160004
111019 1 347.328033 326.592041 2 248.217163 326.592041
111022 1 332.640015 288.0 2 237.953949 288.0
110533 1 620.352051 171.072021 2 567.34259 171.072021
110209 1 480.384033 188.35202 2 458.900055 188.35202
111511 1 533.952026 136.512009 2 526.160522 136.512009
110302 1 906.16333 143.078415 2 881.152344 143.078415
110925 1 850.176147 114.048019 2 827.540771 114.048019
111073 1 190.080017 248.832031 2 117.376503 248.832031
110595 1 954.720032 315.360016 2 912.296082 315.360016
111187 1 931.046509 325.555237 2 884.941284 325.555237
111060 1 257.126434 311.040039 2 182.893448 311.040039
110374 1 233.280029 295.488037 2 156.644455 295.488037
111054 1 172.800018 278.208038 2 97.403748 278.208038
111202 1 1024.704102 317.952026 2 982.987854 317.952026
110732 1 1010.880066 267.839996 2 983.179199 267.839996
111179 1 887.040039 325.440002 2 842.152283 325.440002
110004 1 381.888031 105.408012 2 331.906281 105.408012
110185 1 821.145691 267.494446 2 796.775085 267.494446
111083 1 682.560059 326.592041 2 609.601074 326.592041
111337 1 919.296082 165.888016 2 893.597168 165.888016
110236 1 905.472107 32.832005 2 879.009399 32.832005
110300 1 957.600037 83.520004 2 933.087341 83.520004
109284 1 919.296082 60.480007 2 892.724731 60.480007
111165 1 409.536041 96.768005 2 361.964813 96.768005
110667 1 463.104034 41.472004 2 440.459961 41.472004
111468 1 440.640045 164.160019 2 419.543732 164.160019
111159 1 393.984039 122.688011 2 343.558014 122.688011
110671 1 860.544067 247.104019 2 834.462158 247.104019
110350 1 346.29126 327.628845 2 247.632812 327.628845
110766 1 479.001678 186.624023 2 457.561646 186.624023
111472 1 1192.320068 186.624023 2 1170.229736 186.624023
111397 1 887.500916 182.476822 2 862.327759 182.476822
111478 1 851.005554 114.462738 2 826.851868 114.462738
111068 1 188.697632 248.832031 2 116.793007 248.832031
111070 1 256.296997 311.040039 2 182.848969 311.040039
109295 1 987.033752 107.827217 2 961.949768 107.827217
109283 1 1028.505737 45.619205 2 1003.747803 45.619205
111394 1 989.107361 66.355209 2 965.178772 66.355209
111186 1 931.39209 326.592041 2 885.655762 326.592041
110724 1 945.216064 267.840027 2 918.633301 267.840027
109221 1 995.328125 266.250275 2 969.251526 266.250275
110491 1 580.608093 242.611237 2 524.040649 242.611237
110183 1 822.528076 267.840027 2 796.934387 267.840027
110022 1 381.54245 105.753616 2 331.80423 105.753616
111522 1 897.868896 95.385612 2 871.435608 95.385612
111286 1 889.574524 68.42881 2 863.724426 68.42881
110535 1 616.896057 195.264023 2 563.735596 195.264023
110383 1 250.90564 250.90564 2 176.502747 250.90564
111160 1 601.344055 277.862427 2 551.952332 277.862427
111315 1 914.457703 236.390427 2 888.320862 236.390427
110984 1 974.592163 163.814423 2 949.824585 163.814423
109722 1 941.414551 147.225616 2 914.992432 147.225616
111189 1 875.059326 325.555237 2 831.022217 325.555237
111247 1 883.353699 269.568024 2 857.077698 269.568024
110660 1 462.412872 41.472008 2 440.029938 41.472008
111080 1 682.214478 327.628845 2 609.624329 327.628845
111242 1 943.488159 95.385612 2 915.854492 95.385612
110692 1 441.676849 163.814423 2 419.277466 163.814423
111477 1 418.037811 166.717468 2 396.455688 166.717468
111467 1 452.044861 143.078415 2 430.377197 143.078415
109765 1 860.544128 248.832031 2 834.288818 248.832031
111323 1 1080.345703 55.987209 2 1054.090454 55.987209
111193 1 953.026672 316.016693 2 910.760193 316.016693
111059 1 189.11235 248.832031 2 117.259155 248.832031
111086 1 196.992035 196.992035 2 126.091034 196.992035
111515 1 987.863159 106.997772 2 962.008667 106.997772
111046 1 174.182419 278.691895 2 97.049835 278.691895
111044 1 213.995544 303.575073 2 137.876541 303.575073
106638 1 997.318848 268.738617 2 970.242859 268.738617
110186 1 898.28363 97.044495 2 871.079102 97.044495
111149 1 603.168884 277.696564 2 551.122986 277.696564
110163 1 883.353699 268.738586 2 856.535339 268.738586
111091 1 295.612457 226.93483 2 233.730835 226.93483
111152 1 373.248047 176.670746 2 324.05307 176.670746
107308 1 922.66925 164.229156 2 896.271057 164.229156
110217 1 905.748596 141.834259 2 880.965576 141.834259
108217 1 918.190186 59.719688 2 891.941895 59.719688
111469 1 440.432709 161.740829 2 419.080933 161.740829
111475 1 418.037842 167.215134 2 396.211487 167.215134
108689 1 900.771973 209.018906 2 874.220825 209.018906
110824 1 477.757507 186.624023 2 456.778442 186.624023
111340 1 885.842041 181.647385 2 861.166199 181.647385
109798 1 823.219299 72.576012 2 799.773315 72.576012
110924 1 1050.071167 169.20578 2 1025.549438 169.20578
110747 1 477.757538 188.117035 2 455.682495 188.117035
109917 1 229.920807 295.612457 2 154.299438 295.612457
103115 1 988.95813 107.495445 2 962.919922 107.495445
111285 1 943.571106 268.738617 2 917.675964 268.738617
110630 1 910.725281 289.640503 2 880.269104 289.640503
111125 1 748.884949 286.654541 2 691.805603 286.654541
109790 1 821.145691 266.250275 2 797.240112 266.250275
110474 1 579.281006 241.864746 2 523.719971 241.864746
110013 1 671.846497 223.948837 2 615.930664 223.948837
106812 1 940.585144 149.299225 2 913.233765 149.299225
110649 1 881.462708 268.738617 2 856.785767 268.738617
111239 1 940.585144 95.551506 2 914.709167 95.551506
111257 1 949.543152 68.080452 2 923.331482 68.080452
109327 1 919.683228 59.719692 2 893.650085 59.719692
108280 1 895.795349 238.878769 2 869.103027 238.878769
107278 1 860.958862 248.832031 2 833.619385 248.832031
110358 1 334.430267 289.640503 2 239.469193 289.640503
110531 1 624.070801 173.187103 2 569.707153 173.187103
109326 1 791.285889 170.201126 2 767.564697 170.201126
107849 1 824.131714 71.663628 2 800.038574 71.663628
111380 1 1170.505981 95.551506 2 1148.484741 95.551506
109303 1 1051.066528 89.579536 2 1026.323975 89.579536
111319 1 997.318848 250.822708 2 970.260986 250.822708
110615 1 1124.720825 298.59845 2 1089.1698 298.59845
111373 1 1057.038574 277.696564 2 1031.176025 277.696564
111293 1 945.959961 268.738617 2 919.477356 268.738617
111110 1 558.379089 271.724609 2 500.211365 271.724609
111308 1 942.37677 93.16272 2 915.294556 93.16272
111245 1 949.543091 68.677643 2 923.174988 68.677643
110706 1 469.39679 103.91227 2 447.192505 103.91227
110646 1 924.460876 164.826355 2 898.020813 164.826355
111118 1 580.475403 243.656357 2 523.790527 243.656357
111117 1 702.303589 275.904999 2 643.39978 275.904999
111313 1 931.627197 240.073166 2 905.628235 240.073166
109344 1 902.961792 207.824539 2 875.69342 207.824539
110446 1 523.144531 268.738617 2 465.072052 268.738617
111127 1 623.473572 247.239532 2 567.098389 247.239532
110172 1 883.85144 268.738617 2 856.624939 268.738617
111329 1 833.089722 259.78067 2 807.800598 259.78067
104668 1 895.79541 240.073166 2 870.328796 240.073166
111055 1 189.90863 247.239532 2 117.063683 247.239532
110708 1 476.563141 186.325439 2 454.069733 186.325439
110805 1 486.715485 80.621582 2 467.052124 80.621582
108572 1 333.235901 293.820892 2 238.096695 293.820892
111142 1 370.262085 203.046951 2 319.827911 203.046951
108621 1 623.473572 171.992722 2 570.824707 171.992722
111003 1 979.402954 158.257187 2 952.935425 158.257187
110903 1 992.541321 204.241348 2 966.717834 204.241348
111221 1 1125.716187 298.59845 2 1089.919312 298.59845
111506 1 1074.954468 191.103012 2 1056.639771 191.103012
111447 1 107.0 42.0 2 84.702248 42.0
111107 1 599.0 206.0 2 539.940552 206.0
111434 1 1175.0 201.0 2 1152.172974 201.0
111038 1 188.0 321.0 2 108.775208 321.0
111104 1 598.800049 206.400009 2 539.847473 206.400009
110752 1 924.000061 198.000015 2 897.329773 198.000015
110729 1 477.600006 90.0 2 455.425079 90.0
110481 1 616.320007 221.76001 2 557.799133 221.76001
110203 1 868.320007 237.600006 2 842.629272 237.600006
110687 1 943.200012 148.320007 2 916.693298 148.320007
111305 1 895.680054 205.920013 2 870.275879 205.920013
110737 1 473.76001 87.840004 2 451.758362 87.840004
111079 1 260.640015 273.600006 2 186.529907 273.600006
111494 1 1135.296143 157.248016 2 1115.077759 157.248016
110930 1 1048.896118 167.616013 2 1025.24353 167.616013
110234 1 1014.336121 122.688011 2 986.357361 122.688011
111430 1 1199.232056 236.736023 2 1175.35376 236.736023
109723 1 824.256104 72.576004 2 800.167725 72.576004
111180 1 903.74408 323.136017 2 859.550598 323.136017
110361 1 421.63205 323.136017 2 329.164215 323.136017
110693 1 805.248047 274.752014 2 779.727722 274.752014
111360 1 896.832092 209.088013 2 871.379395 209.088013
108619 1 622.080078 172.108826 2 568.409424 172.108826
111024 1 420.940857 323.481659 2 328.454315 323.481659
111309 1 1013.99054 122.342415 2 985.852783 122.342415
110363 1 418.037811 323.481659 2 325.682465 323.481659
111196 1 873.400452 325.969971 2 830.156616 325.969971
111077 1 654.428223 318.505005 2 581.295654 318.505005
110811 1 980.398193 159.252502 2 955.394592 159.252502
110672 1 485.222473 79.626251 2 466.223724 79.626251
110607 1 1176.477905 301.584442 2 1138.737183 301.584442
110773 1 468.799591 104.50946 2 447.353455 104.50946
111153 1 373.248077 176.173096 2 324.224701 176.173096
111139 1 369.067719 204.241348 2 319.514679 204.241348
110877 1 971.042236 207.824539 2 945.922668 207.824539
109749 1 981.791748 157.659988 2 958.461914 157.659988
107785 1 1171.700439 96.745903 2 1147.694946 96.745903
