106
8.935042381 -0.46923542 56.376800537 0.026193055674360317 0.6881138717119472 -0.019801948277050944 0.7248593699721807
13471 54.531876
13474 30.641634
13971 71.018967
13972 93.155228
13977 39.652428
13478 48.166412
13976 54.800121
13562 43.131683
13743 9.252953
13788 9.746057
13757 9.357388
13973 24.949635
13986 72.228249
13476 29.20677
12554 12.571034
13723 8.821207
13430 17.85564
13781 10.222531
13847 12.511169
13975 27.773245
13974 29.522064
13888 15.064144
13887 14.014392
12975 15.635434
13477 21.471846
13490 50.124474
13496 141.570847
13840 12.647928
13484 57.836811
13760 9.599493
13736 9.146081
13717 8.765476
13733 9.67886
13725 8.921664
13042 30.562292
13777 9.536188
12977 12.193168
12881 9.907538
13487 24.69705
13862 12.954556
13386 12.533876
13794 10.261782
14057 29.522064
12967 12.755037
12988 15.909451
13421 16.097271
13991 21.019175
14004 50.452633
13990 45.071716
13994 334.634216
13467 84.009407
13981 81.154549
13491 39.765659
13565 41.445423
13859 13.009934
13097 36.656155
14078 91.423744
13468 36.133751
13047 32.716793
13969 24.111509
13820 11.835155
12447 8.759706
13731 9.12523
13499 25.071241
13052 29.788382
13306 8.943459
13692 8.579004
12534 10.903669
12932 10.330626
13786 9.940414
12532 12.671249
13053 61.907917
12960 12.240458
13921 17.431698
13954 18.529867
13962 18.941767
13898 14.577839
13479 53.39426
14003 21.413269
13500 42.153324
13522 37.990398
14005 66.343681
13503 40.317581
13568 112.224854
14061 831.045532
13055 36.622013
13738 8.94362
13062 57.009129
13074 118.820763
12027 10.569805
13383 12.324235
13842 12.643572
13939 18.985771
12979 16.335588
13949 19.396004
14002 25.290215
13896 13.338807
13943 19.022398
12983 16.860592
13535 84.107323
13516 42.176003
13515 41.853817
14017 60.458523
13059 131.494873
13539 302.151642
13326 9.638254
13061 31.817629
13312 8.814444
12629 37.575523
13675 8.087512
13531 46.078072
14067 124.55658
13851 13.769785
14024 60.458523
13063 35.49688
13542 91.454025
13530 22.01306
13534 29.482931
13103 29.876537
14030 43.95998
12444 9.24595
13775 10.27426
13710 8.727591
14018 25.447765
13505 109.24012
13908 14.889999
12635 36.388855
12573 12.737767
13902 14.248413
13514 25.7484
14084 30.893421
13536 24.434334
13527 27.969831
14062 94.546387
14065 210.25856
13572 47.225555
12017 9.137465
14041 55.199318
12972 16.432734
13865 12.446149
12572 11.90115
12513 13.615051
12963 13.467939
13884 15.341842
13835 11.99469
13541 66.221222
13533 29.187437
13931 18.073509
13574 49.465958
12583 11.561129
14037 61.559227
13959 19.293287
14052 59.494987
14046 83.111084
13547 26.119297
13575 22.388863
13907 14.196902
13576 31.422127
13370 10.981025
13549 21.761694
12013 8.860274
12438 8.994323
13791 9.639856
13081 37.205437
14048 57.338066
13882 15.009701
12986 17.632818
13456 17.42964
13912 16.954
14196 9.437871
14133 8.599176
14179 9.244585
14154 8.92552
14163 8.990714
14422 18.840271
14204 9.533554
14188 9.355664
14195 9.436192
14181 9.267222
14311 12.838501
14206 9.595218
14164 8.992807
14295 12.64978
13914 15.133884
14281 12.502794
14223 10.096238
14380 16.378609
14414 18.011274
14369 15.447011
14291 12.609001
14156 8.934405
14210 9.747104
14219 9.849648
14261 11.929646
14136 8.627863
14308 12.805233
14217 9.832331
14208 9.636703
14054 96.275131
14335 13.420753
14297 12.679004
14266 12.182746
14255 11.668486
14212 9.776269
14316 12.916322
14348 14.232573
14232 10.426665
14327 13.139597
14323 13.042803
14278 12.457258
14269 12.283207
14359 14.686403
14386 16.56135
14398 17.058662
14412 17.854134
14438 21.347185
14268 12.249549
14431 20.545536
14083 29.8053
14274 12.350536
14200 9.476321
14144 8.759058
14105 7.595144
14134 8.607402
14138 8.687047
14225 10.169753
14215 9.801999
14264 12.084709
14301 12.728231
14314 12.870991
14227 10.281616
14233 10.494946
14253 11.623813
14381 16.406368
12978 16.478319
14437 21.201714
14271 12.288603
14321 13.015347
14267 12.219824
14185 9.295674
13719 8.906802
14169 9.055941
14151 8.894459
14333 13.325148
14306 12.791265
14365 15.015326
14234 10.50227
14428 19.362057
14246 11.21336
14287 12.570026
14240 10.794065
14315 12.883172
14209 9.703107
14220 9.924805
13437 17.74021
14283 12.548638
14254 11.660355
14390 16.680902
14394 16.822224
14440 21.544622
14326 13.090313
14391 16.729111
14432 20.565031
14385 16.519644
14270 12.287106
13765 9.431829
14257 11.711818
14205 9.563779
14199 9.47255
13056 43.338036
14135 8.610362
12861 8.882655
13423 17.766665
13934 18.272858
14127 8.564672
14562 10.39911
14387 16.615301
13880 14.629627
12951 12.271482
14436 20.922358
14395 16.880806
13848 12.111506
14383 16.464989
14377 16.295513
14303 12.746249
14137 8.666743
14237 10.601821
13070 133.695862
14366 15.037123
13098 39.142319
13776 9.486241
14364 14.961146
13049 23.88936
14302 12.745469
14207 9.605875
14222 10.049455
12919 10.580843
13932 16.41519
14372 16.10364
14275 12.37324
14128 8.570435
14373 16.178144
13282 8.80513
14435 20.826359
12588 13.351315
14265 12.149548
14304 12.772882
13073 35.514847
14198 9.469443
14256 11.691742
14318 12.96118
13828 11.968534
14404 17.277458
14361 14.779448
13085 281.086243
14439 21.395664
14168 9.048035
14045 51.992657
14433 20.591473
14252 11.617651
14279 12.460595
13402 12.616328
14167 9.020578
14280 12.498054
14357 14.556918
14245 10.917138
12591 11.615616
14040 51.304165
14068 42.929901
14047 108.290031
14339 13.599306
14347 14.222898
14355 14.469779
14146 8.79381
14190 9.420568
14337 13.530082
12654 33.543232
14263 11.977592
13095 26.119297
13090 49.465958
13965 17.42964
14418 18.517061
14356 14.487771
