110
56.5 -1.07 -10.8 -0.0291 -0.71 0.0176 0.704 
14401 171.035065
13467 90.129997
14395 108.371346
14396 108.489845
13954 75.345207
14096 6.506474
13465 50.075855
13961 770.44635
13024 1041.498901
14064 98.206291
14146 7.21837
14385 19.17421
14403 185.266785
14501 96.362793
14477 36.46785
14407 82.000275
13971 71.97773
14398 26.230751
13461 29.240864
14387 19.879032
14376 19.378719
13466 49.632011
13960 43.162174
13477 43.518616
13478 40.275898
14393 45.200047
14296 11.762628
13458 57.632874
13452 58.727413
13464 18.945835
13549 37.285828
13491 84.739227
14345 15.471663
14417 77.024078
13957 26.009851
13958 23.690035
13969 22.324085
14275 11.433621
14261 10.593124
14502 26.68434
14517 29.277399
14353 15.51199
14375 18.884029
14409 22.165817
13555 93.847733
14413 366.523468
13966 93.842186
13952 20.994783
14475 35.274357
14148 7.378904
14428 71.732986
13474 20.747831
13850 10.262209
13844 10.357697
14234 9.957011
13423 15.388874
14043 27.654167
14430 116.01387
14328 14.853672
14295 15.770842
14382 18.89077
14421 42.043083
13976 18.762337
14505 50.653461
14422 48.564995
14414 62.461456
14313 15.46264
13824 10.212539
13376 11.44362
13032 30.025646
13552 35.574936
14202 9.112004
14434 99.994003
13979 1363.250122
14048 2082.65625
14497 40.20068
13831 9.888262
14047 24.002596
13027 26.8043
14042 20.651106
13079 32.574806
14199 9.661134
14198 9.413523
13455 32.366844
12961 13.871333
14506 87.809326
14349 15.997993
14363 16.885429
14358 18.612041
13409 15.384587
14356 17.015968
12974 17.222492
14311 15.387681
13857 12.016515
14379 18.966434
13509 43.763657
13990 63.010597
14279 12.365815
14386 19.634031
13476 22.804634
14325 14.232693
13038 62.988411
14424 37.122238
13487 41.672806
13502 40.888988
13040 42.747398
13023 39.688332
13526 2559.459473
14383 21.389647
13080 32.777843
13054 264.860016
13500 24.680012
13034 21.818672
14011 80.750008
13984 36.952339
14447 38.363594
14001 57.857361
14291 12.235328
13046 79.074265
13987 23.101898
14264 10.95893
13503 36.921078
13842 12.339886
14512 41.021988
14451 273.589783
12568 10.23068
14487 28.58251
12628 33.822617
12552 9.766176
14456 68.201309
14455 46.908615
13045 30.163639
14357 18.762947
13529 63.762253
13369 9.88476
13879 12.364105
14242 10.544727
14304 13.876032
13921 16.039249
14338 14.856626
13069 112.421555
14314 17.484592
14446 41.080238
14464 81.849129
14453 125.815201
13518 41.02689
13501 24.02062
14018 43.281338
13048 43.763054
14490 53.45134
14486 53.611088
13486 21.595179
13522 62.494038
14049 99.420998
12522 10.307142
14028 50.684589
14454 47.350391
13886 11.311324
13528 54.660023
13407 13.898263
12965 14.203635
12998 15.968543
13923 16.204527
14175 9.054253
13364 9.472826
13047 28.938042
14468 35.114601
14469 28.24729
13521 25.265762
14513 31.125713
13559 41.155453
14460 27.990669
13084 38.704288
14461 40.726658
13563 30.151392
14257 11.039307
14508 64.030365
14033 93.296196
14038 57.832859
14467 126.901398
14495 61.128998
14471 111.823669
12969 14.709776
13001 15.432145
13918 15.86759
14178 9.081134
14337 16.015867
13955 84.514793
13965 47.524746
14404 89.245827
14272 10.832051
13972 85.682541
13959 50.372189
13550 108.528778
13898 12.322759
13919 13.101629
14344 15.46247
14341 16.146019
13059 110.938675
14369 18.903311
12937 9.818625
13826 10.423572
14017 36.100368
14465 104.903503
13932 17.034546
13530 124.181458
14494 70.699524
14035 113.413452
14255 11.008056
14472 37.575413
