112
12.38276 -1.117194 55.92954 0.03477112371171246 0.7143289530468409 -0.01858611520044358 0.6986985559714468
14297 92.858253
14993 17.995962
14181 73.223541
14641 83.776657
14972 14.645621
14180 74.217148
14944 12.112116
14948 12.957027
14957 13.992558
15015 18.973177
15033 20.000942
14961 13.878746
15001 18.789263
14639 37.559963
14642 111.100754
14813 8.281798
14811 8.448924
14817 8.422028
14209 52.067688
14821 8.542272
14664 579.804504
14199 88.94207
14653 83.465027
14866 10.151792
15023 20.14814
14198 72.719582
14593 14.731309
14645 24.07111
14853 9.552018
14908 11.120679
14937 12.206974
14974 15.200378
14912 11.086275
14954 13.265078
14965 13.125731
14783 7.350019
14450 8.515092
14624 18.425346
14943 12.292397
14189 46.469219
14188 38.187794
14899 10.238077
14882 10.63238
13746 35.918022
14890 10.592094
14839 9.075533
13668 50.456642
15029 19.800373
14877 11.313456
14500 9.325321
14984 16.665754
14177 18.160086
14634 18.501308
15021 20.284264
14668 89.812584
14591 14.371859
14184 25.968792
14185 22.702599
14592 14.441511
14909 11.054989
14875 10.704324
14939 12.134104
14102 12.007448
14973 15.300292
14978 11.021392
14636 18.125303
14966 14.550815
15006 18.959129
14911 10.863071
14660 31.406042
13683 39.477402
13684 43.439426
14829 8.579692
14892 10.571507
15036 20.184549
13749 37.320232
14941 12.399269
14880 10.724472
14798 8.107621
14299 95.481827
14661 424.324677
14657 28.070724
15028 20.169643
14183 19.696821
14298 18.170427
14284 31.529663
14501 9.272574
14797 7.979203
14608 15.525415
14750 39.429848
13698 87.445351
14599 14.440066
14854 9.524667
14915 11.420466
14893 10.699454
14094 11.661339
14679 118.620995
14901 11.010842
14967 14.241032
15004 18.128046
14673 38.839699
14659 21.710358
13612 12.714711
14205 45.866726
14683 40.643764
14677 98.417862
14662 52.633045
14463 8.42019
14874 11.19384
13685 19.469687
14178 36.061932
14465 8.812023
14876 10.502843
14048 9.952376
14802 8.121433
14689 556.921509
13700 93.153854
14179 20.419119
14201 23.392056
12789 29.680544
15019 20.077557
14759 26.460287
14507 9.442642
14847 9.299026
13681 27.456692
13601 9.394565
13639 15.11258
14980 28.576914
14987 15.189434
13181 14.486449
13586 10.656468
14586 14.671779
14623 18.224663
14842 8.701893
14033 7.787116
14678 11.965996
13622 13.402857
14955 14.448181
14930 11.324941
14530 11.51722
14224 54.858353
14145 14.246016
14203 18.385389
14891 10.978917
13699 20.17038
14682 40.732143
15009 18.655348
14806 8.236229
14190 51.002941
14502 9.258912
13693 23.377199
14672 40.691425
13708 71.941849
14228 61.438023
14461 8.449539
14089 9.068781
14888 10.655003
14916 8.770224
14631 18.060709
14926 11.390005
14442 8.394693
14085 10.132381
14975 13.363988
14979 14.679265
13255 28.315338
14934 12.477489
14995 18.195417
14220 38.69627
14241 47.614548
14218 22.200689
14236 41.906433
14235 37.784012
15030 20.112978
13236 30.795885
14704 95.500496
14705 252.255157
14143 14.264128
14093 8.847859
14487 8.698301
14917 11.447344
14910 10.691865
14616 16.928328
12803 29.286142
14216 20.001982
15017 18.303986
14243 32.838951
13716 63.873211
14982 15.381755
14706 95.337044
13715 54.404331
14735 74.329216
13725 66.70118
14475 8.770884
14072 8.770048
14164 14.213745
14922 11.312816
14237 44.828938
13262 40.181473
13724 177.082993
13600 9.127328
14290 48.754044
14905 11.310518
14860 9.17929
14887 10.935502
14269 46.847706
15008 17.687878
14698 34.968605
14720 93.40461
14986 14.818006
14988 16.67836
13720 30.058834
13229 30.149639
14244 27.775066
14710 43.82618
14711 57.27084
14739 53.037487
14688 20.279501
14294 37.942387
14752 20.30648
14632 19.476688
14707 34.701881
14845 9.492985
13764 33.425594
14259 58.032379
13176 14.326044
14627 18.828707
14525 11.114411
14585 14.366754
14903 8.372915
14717 40.559132
14725 40.621922
14554 14.181621
13726 39.547226
14722 64.318321
13737 28.944109
14268 52.540722
14724 85.21228
14628 19.317469
14696 34.691975
14638 16.829578
13257 55.146107
14277 95.81897
14740 74.888924
13730 156.323547
15032 19.020319
15002 18.158268
13754 27.702244
14600 15.852616
14726 35.76881
14494 9.202986
13727 32.815662
13239 44.915344
14163 20.398932
14950 14.127557
14099 10.539013
14746 41.002785
14736 58.896816
13619 12.373333
14977 13.541623
13201 14.939991
14992 19.033232
14139 13.432371
14997 19.293463
14886 8.315897
15042 125.400276
14643 98.33709
15046 26.746607
15044 23.657598
15047 29.725214
14186 49.394581
15050 49.267345
15048 39.356289
15056 24.67234
14985 15.696655
14656 88.49707
14649 323.716309
14208 264.694427
15136 105.886597
15066 124.366302
15068 24.511723
14816 8.563436
14550 12.405385
15139 67.394943
15060 57.761578
15061 46.05468
15177 38.19342
15082 24.582748
15067 103.40535
15073 24.141851
15086 30.26557
15089 158.334839
14670 91.196594
15079 57.245026
15160 291.740295
15080 53.031284
15085 33.150192
15101 654.303894
15170 689.544922
15109 130.216736
14206 48.356781
15104 93.666389
15090 64.320274
15111 28.095068
13706 39.893066
12754 8.307476
15103 56.675598
15147 26.986103
13713 48.637905
15115 57.761314
15124 87.480286
14295 77.480835
14835 8.847859
15127 105.273941
15131 88.713432
15132 93.181198
13712 21.962543
14264 55.771881
14272 34.691975
14755 44.747437
15129 26.041317
14270 158.961105
14723 14.818006
15153 29.954473
15022 19.020319
14116 10.453016
15126 25.066887
