123
20.317775726 -1.084298611 56.072780609 0.03139474561083162 0.7164402537319152 -0.010999807224796362 0.6968548895011049
16136 9.979097
16273 16.020777
16309 17.190939
16031 7.480714
16239 15.032175
16254 15.387868
16348 19.089304
16306 17.097082
16249 15.275425
16337 18.469156
16266 15.752474
16276 16.069895
16227 14.438736
16128 9.789562
15997 6.77639
16204 12.317338
16210 12.457686
16171 10.902443
15416 6519.526855
16275 16.041624
16246 15.208315
16018 7.25119
16073 8.11164
16027 7.454526
16115 9.232658
16267 15.862516
16307 17.165182
16293 16.54285
15719 15.316087
15849 76.342529
16288 16.351994
16325 17.694483
16295 16.5996
16321 17.542627
16315 17.37368
16101 8.600365
16104 8.737568
16172 10.946798
15672 12.284502
16017 7.239855
16135 9.965535
16042 7.631299
16228 14.439771
16386 21.007008
16111 8.999192
16064 8.003523
16365 19.924879
16250 15.2803
16297 16.675383
16175 11.142945
16030 7.480414
16301 16.952801
16215 12.857432
16235 14.960256
16200 12.222474
15793 16.975494
16360 19.529476
16260 15.556699
16256 15.47073
16389 21.318464
16133 9.920665
16179 11.317009
16378 20.631044
15757 16.057764
16292 16.536875
16289 16.353237
14881 29.112436
16090 8.396775
15775 16.181805
16294 16.57049
16318 17.487625
16097 8.466303
16127 9.746757
15839 9.830893
16117 9.296144
16105 8.765296
16163 10.710932
16173 10.979486
16134 9.949327
16138 10.03954
16154 10.564631
16020 7.290878
16041 7.570425
15910 26.418564
16062 7.977902
16367 20.049631
15296 31.165125
15727 15.616439
16161 10.687398
16353 19.22838
16058 7.920001
16132 9.91183
14539 312.047913
14054 80.673065
13039 451.316193
13563 86.041283
16333 18.220648
16282 16.224234
15750 15.572665
15800 16.56995
15762 16.188643
16280 16.202354
16265 15.702351
16286 16.334391
16343 18.880407
15749 15.927429
16351 19.173399
15801 16.391968
16245 15.173872
14538 29.294889
15605 8.452267
16109 8.922865
14884 31.356106
16185 11.516551
15728 15.869354
16233 14.949171
16103 8.661117
14894 28.968668
15001 27.622469
16113 9.130872
13490 31.848507
15325 39.891563
16253 15.347904
16119 9.335943
16051 7.747166
16160 10.677828
16187 11.568274
16156 10.592068
16077 8.158486
16035 7.527055
14883 24.860115
15596 7.998573
16261 15.600771
16096 8.43788
13491 28.897217
16120 9.443464
16188 11.569411
15722 15.742066
16329 18.002594
14491 71.775146
13562 29.95829
16065 8.008429
16108 8.911057
16139 10.042485
16358 19.521761
16387 21.251986
16311 17.279856
16131 9.874768
15680 13.170584
14451 14.89454
16362 19.749537
16028 7.472246
15923 18.620201
16347 19.038795
16320 17.502399
16155 10.564666
16319 17.498131
15781 16.695353
16339 18.663353
16338 18.538956
16118 9.318557
13470 15.699274
16322 17.580536
16183 11.409058
16107 8.796673
16162 10.700418
16093 8.402987
15869 30.833418
16089 8.356894
16066 8.011429
16207 12.395699
16164 10.718851
15881 30.631435
14004 36.79784
16190 11.636225
16168 10.849214
15660 11.247293
15879 27.262194
15334 39.381184
15877 22.66407
14895 23.284878
15629 9.887176
15931 30.435728
14887 100.773155
15894 42.404701
16061 7.970647
13568 112.254616
16379 20.7915
16220 13.623595
13995 63.445625
15405 56.093594
16023 7.388812
16364 19.836494
15301 15.310511
16357 19.442862
16243 15.112499
16224 14.119193
14869 11.217173
14860 11.421494
15624 9.513165
15856 9.576666
16165 10.756026
15643 11.131381
15678 13.064156
16197 11.915618
14483 27.819237
16206 12.358451
15235 10.494772
16106 8.771689
15003 40.566128
13062 56.430569
15895 37.877659
13500 34.403648
16231 14.848331
16094 8.409263
14481 32.939201
13565 27.114933
13074 77.400558
14479 36.714439
13515 31.73962
13539 399.096161
13059 107.538132
16359 19.524523
16335 18.423903
16264 15.69487
15717 15.096089
15635 9.887283
16149 10.529
16046 7.679939
16356 19.418335
15406 70.999115
16209 12.44421
16385 21.057144
16034 7.521563
16157 10.654573
15741 15.966234
16317 17.446808
16296 16.643019
16057 7.893713
13483 15.387877
16170 10.88399
16102 8.633644
15403 38.64893
14931 38.328629
13529 39.966888
15626 9.329976
14504 37.850452
15935 40.240166
16361 19.62402
14981 34.62048
14938 37.186153
16349 19.128235
13542 76.635521
16226 14.259804
16354 19.376385
16355 19.404509
16167 10.815262
16388 21.312561
13516 34.732014
16147 10.371848
14874 20.384901
16327 17.795019
15702 14.852404
14880 20.848598
16211 12.653637
16331 18.135891
16238 15.02771
16040 7.562428
16174 11.136789
16078 8.204159
16091 8.399829
14868 12.796343
14017 50.443817
16142 10.173019
16095 8.413496
16114 9.224544
13084 71.196533
16375 20.340727
13090 26.37785
13053 51.118725
15411 35.05151
13991 9.78849
15693 10.420989
15907 32.237446
15412 39.153419
15880 40.556026
14502 30.115002
14960 34.503284
14996 28.973955
15937 34.795437
13531 34.55003
16346 19.008192
16305 17.07303
14954 26.284822
16345 18.985743
15901 18.648144
15903 29.333323
14570 92.813469
15365 85.938812
16312 17.289219
15581 7.449454
13055 21.673178
16384 21.023064
15690 13.173767
16372 20.228241
14438 9.537384
14534 60.098042
15840 37.592094
15850 82.115852
15418 644.868408
15912 31.06967
15666 11.728594
15815 16.891268
14468 38.441162
15687 13.577954
15737 16.011818
15853 16.131416
15427 29.011019
15919 28.663729
15419 662.080994
15182 6.742872
15784 17.732826
15196 7.323334
15621 9.647714
15870 7.53038
15876 30.798424
15592 7.909021
15769 16.061441
14933 81.331253
15685 13.064156
15779 16.532848
15866 30.707722
15292 16.186413
15383 28.717785
15620 9.646174
15887 17.983475
14078 91.173027
15336 16.76045
15585 7.378269
15684 12.957061
15897 23.290087
14925 25.213997
14837 10.342202
15732 15.805877
15899 28.432199
15648 10.774066
14060 14.872868
15215 8.418348
14408 6.755828
15602 7.959532
15618 9.476396
15226 9.702358
14435 9.739219
15651 10.390993
14496 28.545891
15392 83.423355
15554 6.543066
15714 15.138773
14049 84.888763
14943 23.050724
15653 10.915544
15926 48.01672
14464 11.26613
14566 24.488138
15273 12.72781
