125
21.776634216 -1.154261827 55.981639862 0.034790616035036075 0.7142444683503382 -0.009974761155788431 0.6989599105862443
15839 672.101929
14894 750.415833
16164 14.157866
16175 14.599758
16023 7.693766
16194 15.638803
15710 16.232664
16238 17.282043
16270 19.050304
16070 9.070186
16177 14.373387
16294 31.333515
16295 38.459091
16386 38.100952
16160 13.782637
16204 15.868066
16216 16.079477
16150 13.965232
16156 14.030982
16197 15.22852
14878 63.776981
16196 15.445132
16230 16.462641
16227 15.695084
16208 15.930305
13533 94.491516
15752 26.58803
16037 8.29916
16046 8.555924
16045 8.705955
13451 39.108807
15646 14.095679
14398 760.526855
16396 76.756409
14015 79.994194
16146 13.303233
16237 17.430454
15639 13.676116
15692 15.069337
16376 28.644657
15859 61.037922
16030 8.45472
15595 10.803835
14779 28.763834
16090 9.985523
16272 18.940975
15817 21.941256
13462 31.908039
15754 39.781853
16319 88.507561
16073 9.2101
16162 13.697741
13956 1447.792725
15668 14.025179
16084 9.579079
16066 9.187002
14413 61.249279
16144 13.98266
14911 564.747314
14909 29.693382
16397 28.25238
16190 15.467517
13464 36.759922
16044 8.496952
16265 18.470579
15716 16.149971
15730 15.688066
15776 20.087273
16273 19.045904
16246 17.287102
16083 9.061565
15785 42.069542
16043 8.843212
16317 22.54442
15242 30.349611
16068 9.22323
15753 8.139307
15642 13.951732
15335 39.733063
15268 189.462311
14022 1387.072754
16218 16.390541
14796 22.64653
16191 14.846431
13472 30.338303
14910 29.991259
16025 7.768748
13031 85.687172
13962 28.936195
15846 31.770826
16155 13.925931
15647 14.253755
16183 14.953747
13937 13.884064
16249 18.291042
16355 28.324211
16322 26.545904
14394 31.856815
16040 8.386307
15667 14.656785
15696 15.98427
15998 6.907195
14487 70.01432
16226 17.474295
13936 15.916191
14023 68.132523
13951 13.871167
16072 9.02694
15797 115.487434
16135 12.544672
15767 24.573996
16316 39.345558
14491 479.409546
16027 7.986159
16074 9.440828
14800 41.57785
16325 26.765659
13510 153.24144
13486 26.98381
13967 36.178116
15606 11.637099
15670 14.876378
16239 17.836468
16242 17.684479
15558 8.403765
13442 13.921893
14784 14.944316
14490 49.877224
16013 7.366842
16142 12.799238
14474 57.557652
15822 33.561405
15799 44.781673
13500 36.296608
14787 21.077291
16327 26.746269
15583 9.514163
16260 17.253635
16088 9.505383
16077 9.25418
15251 38.891796
16041 8.599526
13502 32.210873
16266 18.571705
16328 29.571283
15803 28.505844
13946 11.764387
13513 67.577835
16378 148.68454
15337 26.254015
14424 46.635765
16331 865.243103
14850 38.44326
13035 21.878407
16148 13.892098
14018 15.42285
15685 13.862271
14810 15.119408
16212 16.107958
13957 57.580353
15792 19.474314
15630 14.906918
13978 43.976116
16116 10.903978
16076 9.099378
14369 8.151124
13034 61.197334
14455 25.312193
14736 8.75599
16061 9.009777
13545 26.328526
14466 41.313026
16102 8.891697
16348 42.150528
16338 31.049463
14469 43.171272
15345 33.871826
15265 26.084749
16370 24.90477
16337 31.010191
15833 21.357273
13440 21.943266
16244 16.819828
16210 15.222269
16264 17.519735
16250 18.054188
14007 34.125942
15808 85.161995
14869 63.519245
15738 16.796259
14472 60.099747
16254 18.646214
15634 13.943039
14010 127.751556
15553 8.262273
14356 8.103928
16139 13.167539
15933 5.984058
13010 90.753448
16120 11.035834
16169 14.644954
15983 6.686497
16012 7.331273
16114 10.936788
16288 20.099449
16019 7.504966
15676 14.704879
15546 7.50102
16374 28.832531
16296 26.301481
16263 18.174587
16085 9.686655
16200 14.97835
15531 7.166805
16026 7.350138
16001 7.102866
15658 13.601548
15218 24.122454
16011 7.399868
16245 18.73115
16075 9.147511
15698 15.30421
16117 10.725405
16015 7.249559
15784 25.603367
14404 28.223812
15721 15.741354
16064 9.058928
16067 9.422204
16371 18.719774
13999 37.426586
16149 13.987211
16339 36.111149
16340 39.353241
14486 35.976833
16069 9.080822
16345 61.72858
13061 70.970551
14395 49.029217
15555 8.299485
15809 32.974606
14493 32.194378
13026 54.208569
16057 8.744535
13992 23.933796
15635 14.188116
15816 24.415825
16082 9.430992
13968 43.975201
14747 10.054785
14774 10.898644
15129 9.066948
