132
26.992607117 -1.486787558 56.02501297 0.03564254581078779 0.7059653263320952 -0.013511548360316834 0.7072199127611236
17311 20.352037
17086 9.833737
17044 8.105531
17094 9.937755
17223 13.403543
17300 19.137169
17019 7.092624
17271 15.671688
17035 7.723224
17089 9.88907
17108 10.300173
17100 10.071364
17018 7.088634
14054 75.470581
17024 7.191749
17127 10.686247
17203 12.780812
17199 12.633742
17143 10.953724
17171 11.377174
15849 69.855659
17227 13.486124
17212 13.033059
17231 13.580314
17225 13.473297
17158 11.124497
17014 6.937682
17285 16.678404
16864 16.864218
17322 20.985416
17295 18.416262
17063 9.289439
16893 34.476685
16894 33.578442
17043 8.099442
17091 9.91426
15842 89.878052
17190 12.278909
17241 13.873326
17073 9.578649
17240 13.837336
17065 9.372403
17109 10.315774
16698 10.39384
17095 9.972091
17170 11.365994
17084 9.821039
17081 9.790847
17214 13.073045
17206 12.879064
17136 10.852403
17038 7.88547
17196 12.5996
17274 16.068918
16759 10.968468
17296 18.9272
17270 15.645258
17037 7.852773
17052 8.634982
17186 12.188838
16897 22.200689
16626 8.539046
17070 9.479239
16486 30.532902
16907 110.394798
16976 43.423683
17314 20.689121
13467 33.935001
17282 16.624979
17068 9.428235
17200 12.656884
17172 11.377353
16901 18.936514
17141 10.92875
17195 12.56325
17162 11.194572
17219 13.37393
17221 13.387951
16814 13.716899
17224 13.430212
16869 16.574318
17323 20.694685
17332 21.341516
16832 14.186975
17184 12.096772
16887 17.996267
17049 8.36472
16737 10.407171
16449 33.39637
13479 33.584126
16898 34.425285
17051 8.575011
14061 2587.619873
16493 71.464958
14887 78.918983
16936 68.084305
16922 22.861244
17210 12.952541
16816 14.443597
17088 9.868937
17115 10.5151
16362 13.59309
17067 9.405717
17155 11.098056
16874 17.001253
17234 13.638328
17177 11.692
17179 11.770847
17232 13.61373
16821 14.182381
17298 18.994461
17042 8.025564
17150 11.015828
17230 13.565287
14896 39.714924
17050 8.441873
17055 9.312818
14004 31.183491
17197 12.624079
13492 31.395172
16667 9.467163
17168 11.299137
17090 9.891236
17288 16.817856
14884 23.719501
16421 77.919121
15750 9.352494
17102 10.091321
17113 10.421792
15296 22.636358
16937 22.382511
17053 8.706564
17188 12.24917
16716 10.704667
16260 9.838131
17066 9.391165
17324 21.130526
17142 10.930906
17169 11.35377
16948 71.880768
16760 11.238693
17304 19.586311
16999 31.57988
17110 10.3585
17194 12.539563
14881 21.986763
17151 11.035748
15406 73.682358
13060 69.491768
17264 15.242356
16970 19.146864
16858 16.472591
17123 10.630067
16365 13.804899
16297 10.622145
16268 9.284128
16791 12.30004
17252 14.722463
15869 23.274551
16987 20.948586
13565 21.972651
15003 31.774561
16392 31.429358
17321 20.868141
17327 21.198387
16399 24.976475
16407 28.455006
16951 397.025085
16904 24.692104
14542 24.979914
13491 23.628506
17085 9.827559
14982 572.486389
17183 12.089106
16857 16.858622
16926 20.423321
17076 9.676538
17121 10.611117
16836 15.028341
13995 53.819649
17174 11.488481
17118 10.571102
17046 8.201955
17083 9.816697
16916 19.544954
13519 30.73135
16415 15.183115
17299 19.082766
17080 9.777895
17166 11.236804
16681 9.866283
17096 10.020525
15964 18.948181
17222 13.394573
15325 35.37812
13529 34.564133
17245 14.231137
13490 25.487141
17239 13.822516
16953 27.568026
17290 17.189903
17318 20.811682
14883 18.171934
17326 21.187847
15422 35.15601
16467 15.969889
16966 22.914577
13999 23.532665
13542 72.344276
17120 10.59591
15769 9.995054
13515 23.515453
17187 12.216039
16285 10.047904
15405 34.005146
13074 80.515541
16775 12.108467
14531 59.054562
14570 69.26815
13091 75.392624
13543 36.637756
16430 29.476156
16436 23.494921
17268 15.483423
17201 12.738457
15427 23.105976
16778 12.799471
15403 31.759623
13562 22.422304
16993 125.254333
17310 20.310766
17098 10.029271
16460 20.276329
16822 13.965908
13500 27.404791
16471 23.126888
15880 35.194588
14049 82.27758
17266 15.297003
14481 22.445051
17145 10.971391
16994 27.150351
15945 22.337042
14025 51.371403
16839 14.957763
16848 15.969507
16745 11.008375
16714 10.654095
16906 99.180305
15850 85.407112
16703 10.308711
15948 31.91638
14534 50.642956
16910 24.327244
16877 16.605959
14445 30.582014
17001 31.123882
13496 89.563034
16295 10.649199
16826 13.464156
16796 13.358393
16867 16.769314
16625 8.501241
16394 33.01524
16944 32.666386
16682 9.883867
16250 9.42024
14538 22.108131
14537 25.444654
16313 10.317577
16228 7.663154
14459 23.143198
16927 19.946095
16878 16.804371
16724 10.974648
15722 9.224553
16414 32.803242
16965 31.774561
16393 24.692104
16423 21.061703
16727 10.703061
16302 10.903398
15926 50.081383
16282 9.565952
16856 15.849925
14067 81.650215
16654 9.19276
16872 16.664049
16385 14.883718
16931 28.163727
16367 13.789042
16675 9.375814
16853 14.907513
16671 9.896074
14483 26.138649
14022 27.234482
16954 36.614304
16805 13.100473
13062 57.25948
15365 90.081413
16746 12.488121
16795 12.747203
16752 10.620324
