14
-0.0181 0.0374 -13 0.00198 0.00314 -0.00658 1 
1947 35.830265
2701 64.003258
2706 37.362724
2710 61.244553
3107 48.630085
3072 20.105431
2722 67.651993
2704 18.411268
3104 14.427435
16 50.258564
2382 64.585876
3004 17.294752
3144 20.308981
3147 21.682114
3035 18.984125
58 21.069599
2002 33.498199
2905 8.276735
2900 7.98083
3113 18.918009
1207 29.106096
2997 16.708311
1960 53.670448
1511 53.35276
1554 63.978752
50 35.853531
3024 17.961857
3013 17.288254
2969 12.40541
2916 9.350295
2909 8.747203
2709 21.026413
2573 8.260316
2927 9.321895
3160 19.526052
1949 19.53269
2651 15.494843
2726 19.813803
162 34.549465
1211 27.443995
3123 20.968161
2334 18.914263
1583 91.527847
1613 18.100712
172 20.782326
168 20.572594
1606 16.187611
2253 8.28411
2570 7.894528
2889 7.25944
2313 12.685703
1568 44.858391
8 20.525414
240 51.224701
3155 21.10861
2918 9.363407
17 19.267939
2389 17.686228
2647 15.082822
1967 60.180626
276 36.02766
1523 18.545183
1587 100.813156
225 28.932766
2021 20.76425
2643 14.842041
1537 17.173353
2351 21.458494
1521 17.943407
1974 35.367874
2563 7.402443
2920 9.392407
2987 15.337617
2998 16.384314
587 50.578819
2779 15.994607
2361 21.606199
353 60.479828
3085 18.862545
3154 18.013447
2921 9.507963
3023 18.449087
2358 21.94482
2739 54.920982
280 19.121668
1538 18.782454
2738 21.156786
2953 10.414417
2928 9.592029
2009 49.583958
3137 43.851601
488 77.815048
340 75.496597
3157 21.60157
1593 135.438171
2685 16.965143
2742 22.428482
3134 25.083424
2782 21.009369
1621 18.909334
2401 19.474733
2013 17.727455
2357 21.514475
112 19.475897
2729 21.592314
1171 7.522672
2887 7.280242
2740 20.417082
2922 9.560237
226 52.603832
665 44.394398
546 28.173723
1570 14.938831
2749 20.767
466 19.725824
1978 15.605425
2012 19.198935
2690 18.577274
2370 61.468651
728 20.603365
2774 21.538338
590 38.258427
492 18.484076
581 17.380575
525 55.591713
337 49.212555
335 28.39279
3101 20.963593
2323 19.436642
2675 16.802481
18 54.038574
2983 14.518527
3115 19.842043
170 21.496487
2258 9.356709
2902 8.164101
2299 12.848541
1958 20.931046
2967 11.925489
1611 16.762142
2571 8.211479
2904 8.633996
2986 14.90942
3010 17.839317
3041 18.649128
2895 7.643268
2572 8.268771
2250 8.195169
2584 9.176168
3084 20.266516
2023 18.531355
3177 34.471817
49 21.186575
2252 8.301416
2784 32.614712
2360 27.749941
279 19.830175
3037 18.80615
2907 8.656559
2695 17.925501
1623 16.281975
484 20.115812
603 26.158463
669 56.611176
2775 32.75198
421 15.996239
483 20.518284
2996 16.271877
