149
39.23007 -2.973413 55.92107 0.03943960969987162 0.6851560226136055 -0.019098916334038228 0.7270770064153395
20301 48.117142
16536 68.67038
19756 66.755875
20302 64.454765
20303 39.511055
19557 11.873055
20148 12.414893
17584 64.735344
20230 17.384405
20231 16.798458
20138 11.916163
20308 12.125183
20139 12.123018
20104 11.352725
15040 55.766003
20064 10.310611
20121 11.576641
20253 16.533581
20115 11.292154
19887 8.002968
20125 11.825671
20185 13.142031
19554 12.480849
20373 26.578348
20369 26.066492
20314 38.728954
19610 13.274942
20100 11.100039
20052 10.666582
19540 11.88643
19578 12.238724
20282 19.162811
18535 91.621613
19749 65.139755
19617 13.676632
20119 12.091526
20316 18.901115
20107 11.856075
19664 26.005484
19932 8.446757
20106 11.15714
20242 16.341179
19609 13.052803
19909 8.443192
20079 10.469422
14689 5226.353027
20324 72.720413
20223 18.087151
20016 10.323679
19992 9.896936
20147 12.222111
19575 12.372676
13750 60.588894
19365 8.162949
18185 65.098358
19697 116.836754
19002 11.75997
20322 12.761677
19993 9.894743
20108 12.016765
14209 26.519629
18611 37.977448
19973 9.179326
20192 13.443233
20318 24.62393
20083 10.406251
20117 11.75973
20203 14.036541
19928 7.972003
20336 39.603092
19726 26.439575
17585 13.288805
20315 11.300992
19984 9.742481
20058 10.225763
20086 11.027608
20146 12.082002
19872 7.922678
19439 9.455779
20053 11.04843
18610 14.173897
19696 48.761341
18985 13.469018
20245 17.468119
20341 32.86385
19890 7.877067
19674 10.64368
20155 12.176007
20130 11.7537
15157 39.531223
19960 9.044516
18863 7.997183
20127 12.229449
15514 177.127441
20342 27.806446
15156 617.405823
20238 18.98844
20321 21.339437
20008 10.330756
18910 10.236607
18538 10.087642
20131 11.852523
20142 12.102737
19536 11.245097
19520 10.673447
20289 19.867401
19038 11.589656
19467 9.691428
19996 9.779001
20067 10.564701
20156 12.160792
20309 10.667711
20298 18.396147
18949 11.405789
19889 7.780551
17588 8.174513
15480 24.524549
13700 68.063141
17606 89.410439
20384 37.100441
19079 14.721234
18446 8.121423
19747 25.637789
20409 37.722065
19964 8.842314
19583 12.859014
20228 17.585112
20349 37.315407
19639 13.910487
15118 110.252953
18103 151.660355
18605 59.826824
18194 75.97261
20335 22.443623
18495 10.383351
20022 10.287757
20128 12.489889
19616 12.577919
18150 15.969146
19953 8.869795
20196 13.780094
20221 16.411583
18137 19.803089
20135 11.838436
17597 11.415762
20093 11.17025
20048 11.052623
19570 13.351961
19466 9.087593
19142 99.628456
18879 8.928271
19018 12.534086
20222 15.837868
20356 36.639763
15175 34.416702
20350 24.220028
19972 9.17727
19646 14.881729
13729 68.726128
19657 16.650415
14735 22.315769
15146 55.836124
18124 66.570419
20258 19.838726
20360 23.26466
20044 10.916894
20089 11.170805
18935 10.07325
19502 10.370588
19607 13.764226
19049 13.136423
19450 9.57367
18575 12.036
17118 25.042074
18991 11.291411
19131 16.395821
19503 10.647391
19588 12.550139
20076 10.945903
20072 10.347808
19920 8.134323
20273 15.390478
20311 46.321087
18130 66.463814
20084 11.346432
20150 11.756518
19934 8.215941
19845 6.372361
20287 18.828371
19518 10.409493
20199 13.514654
20227 16.582499
20240 17.290066
19605 13.594836
19678 38.641167
19763 51.39011
20042 10.475934
20134 10.768785
20371 25.740782
20014 10.257056
19930 8.162949
19733 11.309582
19152 27.986351
19156 56.239155
20310 20.331446
20153 12.072033
20343 58.971748
20030 10.468284
19924 8.112826
19855 7.005959
19954 9.032846
20043 10.354631
19367 7.985376
20333 26.756638
20126 11.589656
19058 13.95003
20013 10.116358
19470 9.636522
20162 14.290032
20070 10.659992
19598 12.907421
18969 11.405789
20352 74.597282
19878 7.939846
19732 54.716545
19956 9.032153
19172 21.010134
18129 17.590666
19854 7.062388
20292 17.150995
20364 55.021633
19153 26.672739
16075 11.455537
19896 7.879863
19418 8.0695
19644 15.229087
17707 66.570419
20358 36.467327
20362 45.483494
20226 19.443575
19998 10.402296
19519 10.641907
20158 12.444009
20212 13.747955
19496 10.480723
17149 15.093685
20137 12.758266
