157
45.5044 -3.40258 56.42297 0.040186196208033785 0.6724210733733188 -0.027203126790778326 0.7385763058822075
21595 390.506042
21503 12.166419
21548 18.156788
21600 20.797947
20994 20.469275
20301 44.387722
21606 30.349249
18130 62.877701
21051 54.888226
21480 13.364972
21529 13.91666
21387 9.533117
21414 10.003496
21596 63.028736
21597 103.967438
21028 65.13575
17584 56.195854
20303 32.942448
21356 8.489112
19756 86.170891
21279 7.085319
21416 10.687389
21288 7.148355
21440 10.417279
13673 75.367569
21478 13.502534
21458 12.427138
16157 56.102512
21607 89.455154
21497 13.871871
21598 17.323025
21542 17.823277
21467 13.046059
21403 9.965738
21623 106.065224
21471 12.937308
21499 12.791214
21613 20.051405
21299 7.620273
13747 60.074162
21553 17.910536
20993 19.024508
19660 37.310474
19060 19.843035
21604 26.475733
19669 33.890083
19725 25.715034
21505 13.735577
20370 71.26445
18179 49.036411
20884 10.633537
20948 13.752429
21540 20.076572
21407 9.760475
21472 12.793256
20373 20.66754
21520 15.661542
21538 17.426292
21483 12.730349
21424 11.135422
21282 7.148805
21314 7.653964
20984 16.630074
21618 8.905041
21325 8.236291
21348 8.693438
16659 26.703304
18611 34.876034
21405 10.153111
20969 14.25577
21528 15.674376
21404 9.862437
15157 33.61488
21579 17.59198
21521 14.998179
20953 14.006262
21422 10.635149
21490 13.124104
21468 11.738361
21639 19.684031
20865 9.084461
21339 7.88158
21531 16.114428
21451 11.827428
21425 10.751883
21566 18.452934
21061 150.588577
21628 65.786263
21629 35.593777
21385 9.259638
21394 9.975163
21434 10.740099
20243 11.046623
21485 12.234762
21365 8.674193
20854 7.490615
20949 12.890141
21380 9.042574
21382 8.895456
21023 29.198376
21507 12.872112
21481 13.225183
21584 19.252663
21583 19.57843
21258 6.900664
20888 11.103858
19167 51.289661
19106 50.842045
20349 29.826859
21539 16.993109
21350 8.362714
19636 8.421124
21346 8.474877
13686 28.353743
21384 9.459836
21512 15.370213
21657 20.925667
20873 9.900866
21634 73.587578
13729 52.509007
21406 9.63432
20940 13.041437
21244 6.981372
20891 10.894718
21301 7.303758
21352 8.163857
21587 19.215696
20962 13.970317
20861 9.011254
21564 18.750231
20341 31.044682
20859 8.33522
20223 10.478527
21460 12.460448
21640 35.722931
21400 10.139144
21430 10.505024
20415 90.340294
21351 8.583788
20409 35.12645
17634 26.492743
15146 47.500927
20967 19.600578
20358 48.891621
13708 29.82868
21396 9.763943
21442 10.937654
20221 10.810347
21649 53.292538
21581 18.999575
14648 450.100586
15039 57.368629
20903 10.684835
15040 52.465622
21537 16.976664
20974 14.985897
20247 10.00586
20885 9.755752
20889 10.188297
21455 12.010514
21575 18.490398
21057 50.092052
21558 17.587425
21586 19.424038
21615 25.779341
17688 50.38298
21661 9.257424
20896 10.212629
19726 20.363297
21002 16.647491
21636 24.072981
21344 8.357451
17644 85.343979
21655 31.326019
21039 9.931945
21479 12.645284
20872 10.265867
21557 18.538794
21532 17.37513
21645 26.846457
21635 35.085789
13700 69.185883
16578 56.165035
21647 68.09964
21572 18.045799
20333 20.649998
21446 10.725876
21638 66.290352
19153 30.422241
13724 67.401382
21646 78.459229
20354 57.734795
18103 71.214104
21026 47.477131
19122 50.393375
21659 35.12645
21648 26.276447
21341 8.309737
