165
52.581718445 -3.285048485 57.809387207 0.028264484476029788 0.6519158138036363 -0.022861653983207993 0.7574194580331292
20291 94.705727
20300 88.355469
20923 48.481201
20885 15.080512
20866 15.141355
18990 64.970474
20933 23.572893
20920 59.603886
20921 59.25515
20929 48.677425
20926 40.553436
20764 12.880389
20829 14.369469
20771 13.168754
20783 13.269817
20804 13.912971
20754 12.8455
20919 17.788912
20916 17.370186
20842 14.783766
20853 14.543983
20725 12.345644
20271 13.412327
20868 14.817434
20800 13.936482
20836 14.227726
20967 61.098412
20912 16.520288
17851 48.776512
14780 48.702068
19056 56.404503
20790 12.992446
20782 13.20898
15755 53.299694
20951 88.800278
20901 16.018999
20270 13.387909
20904 17.463434
20856 14.6054
20727 12.708528
20577 8.410359
20565 8.502687
20701 12.178949
20976 18.49118
20585 9.215534
20908 18.060068
19001 25.480083
20328 28.156109
18375 42.697815
20236 12.223746
16855 48.921562
20797 13.986873
20854 14.517265
20859 14.695104
20637 10.613259
18368 23.555929
20568 8.30639
19672 18.510962
17353 41.586292
20677 12.196555
20228 12.268156
20686 12.389791
18433 61.530594
13533 54.146862
20813 13.746981
20900 17.207884
20956 28.759144
20752 12.591986
16319 59.542408
20780 13.746058
20695 11.868357
20689 12.057528
20612 9.58704
17369 50.733589
20835 14.040328
16901 17.842594
13017 25.368011
20865 15.04015
20907 17.565411
20772 13.00619
20830 13.505047
15797 66.404037
20838 15.626076
20957 23.813032
13046 61.575943
20826 13.955978
19049 13.830984
20745 13.102427
20699 12.245078
20738 12.546575
20314 17.638157
20273 13.122334
20958 21.862768
19698 37.905582
20669 11.949648
20684 11.762186
20906 17.740185
20711 12.516262
19713 46.684452
20220 11.964711
20807 13.268403
20828 14.05929
20814 13.859753
20703 12.322986
20817 13.815051
20823 13.786632
20633 10.816257
20846 14.024374
20283 14.045794
20824 14.685657
20733 12.376419
20808 13.688941
20895 16.528631
20858 14.434371
20636 10.564253
19044 50.416985
19711 54.409924
19027 24.60766
14487 45.749416
20914 18.200529
20871 15.979353
20214 11.8893
20555 8.203767
13466 16.420792
20553 7.75951
20679 11.778838
20802 13.754187
20268 13.218714
19029 47.685345
20740 12.731076
20963 20.058752
20961 21.881601
13957 26.177656
20222 11.152417
