167
53.56153 -4.023164 57.56033 0.033027983866102985 0.6452409710385026 -0.02854565823922036 0.7627308745361763
21597 102.39489
22696 12.898023
22823 62.195332
22824 21.863972
22787 15.329619
22589 11.221286
22594 11.237639
22833 60.103729
22711 13.196284
22614 11.520625
22592 11.189446
22655 12.066625
22632 11.933014
22538 10.810696
22802 16.09972
22827 39.300022
22736 13.580197
22720 13.295379
22728 12.85174
22553 10.546557
22831 16.095678
22704 12.784106
22857 47.869759
22825 42.933674
22793 15.857841
22834 94.689484
22074 11.034564
22149 12.606998
22638 12.00981
22535 10.970953
22563 10.787661
18130 54.889652
22208 26.859514
22740 13.335207
22248 60.573288
22419 7.329073
22391 7.132377
22263 21.569431
21051 48.436085
19756 61.997375
22864 40.070797
15040 46.067039
22794 15.719036
22073 11.466454
22808 16.879393
22846 101.681648
22637 11.566387
22099 11.90178
22650 11.632138
22557 10.908342
22533 10.754669
22657 11.716269
21601 41.755836
22843 22.82324
21674 57.75317
22173 13.170379
22544 10.251358
22434 7.952768
22771 15.487926
21604 19.653051
22581 10.993743
22534 10.719542
22554 10.817823
22441 8.00138
17584 50.61591
22775 15.317583
21581 11.170485
22801 16.170153
22152 12.753898
22669 12.36017
22204 12.202786
22621 11.691086
22773 15.210938
21030 22.804634
22234 28.426853
22022 9.514591
22762 14.451864
22707 13.478095
22229 11.102507
22506 10.440277
22600 11.458134
22821 18.643736
22514 10.5743
22559 10.847321
21598 10.704784
22796 15.70038
22849 22.43593
22697 12.286214
18185 57.564693
22812 16.467506
18179 41.859333
22743 13.512346
19732 42.334305
22536 10.486193
22684 11.43723
22487 10.342549
19097 45.524746
22705 12.492856
22820 17.34864
13700 60.839672
21550 10.541996
22692 12.473176
22776 15.517752
19725 16.852627
18611 26.729269
22631 11.747297
22568 10.903206
22854 39.513512
22803 16.137812
21553 10.401825
22457 8.307789
22057 11.441011
21044 12.91426
22153 11.908057
22524 11.186666
21539 9.109455
21538 9.342206
22818 17.984596
22576 10.920105
22601 11.112128
22856 24.319605
22708 12.506894
20371 12.708247
22618 11.693233
19175 48.207001
22516 11.33064
22663 12.117288
22111 11.823558
22712 13.185844
19696 94.712791
22788 15.341879
22784 15.606575
22265 15.519648
22799 15.785367
21032 20.846424
22237 833.117188
22735 15.332322
20409 26.88715
17688 42.913654
22587 11.483063
22578 10.941199
21566 10.823569
22513 10.688334
22629 11.789543
22660 12.779893
22754 13.170966
22852 50.079411
22068 11.450719
14295 49.066723
13686 23.721363
22183 11.427187
22205 60.598145
19741 58.107254
22122 11.672196
22270 39.608894
22531 10.518048
22551 11.100656
22184 13.631681
22561 10.845843
22651 11.770553
21057 41.746231
22247 27.118523
21555 10.969245
20324 63.318466
22097 11.685691
22699 11.925232
22685 13.517739
22777 15.506308
22751 14.051116
22645 11.788679
22819 17.971107
22722 12.57417
22493 10.094184
22779 14.575027
21636 15.510284
