194
72.293212891 -4.890895844 61.879371643 0.02813109774962606 0.6367229827459263 -0.028564470424395 0.7700497098317132
24455 15.505835
24532 19.463272
24487 17.279387
24486 17.946728
24494 16.459654
24555 24.884079
24459 15.728537
24490 17.955456
24561 154.576904
24383 12.133871
24166 6.407427
24523 19.402464
24531 19.788464
24419 13.785868
24287 8.107207
24214 7.178894
24313 9.12759
23974 16.678755
24539 19.051504
24339 10.455718
24295 8.259897
24348 10.382362
24355 10.310029
24548 18.423475
24524 18.6031
24332 9.697765
23502 669.833252
24556 41.622818
24558 39.15366
23465 80.018387
24251 7.619118
24474 16.525341
24362 10.758564
23936 12.160489
24371 11.02187
24245 7.447742
24272 8.22439
24312 9.230752
24512 20.288637
24483 17.223379
23984 17.513912
24357 11.015943
24290 8.2252
23469 23.655176
24611 22.680988
24518 18.739414
23940 13.24318
23990 18.206112
23896 9.730249
24571 197.435486
24042 36.998951
22238 68.020859
24406 13.107247
23831 7.218334
24433 14.653385
24540 19.532751
24552 21.168282
24352 10.823096
24292 8.236317
24311 9.252028
24361 10.77191
23905 10.130563
23906 9.730443
24331 10.812132
24528 19.073938
21662 37.381638
23941 13.109744
24507 18.407932
24233 7.478186
24393 12.586458
24551 18.664778
24574 39.123264
24572 39.986771
22880 64.822571
23994 152.558502
24567 83.36969
22868 81.219948
24430 14.620634
24415 13.102413
24370 11.373343
24451 14.469902
23881 9.454386
24553 18.508373
24489 18.068932
24541 19.68516
23919 10.834065
23915 10.65191
24580 28.517879
24012 19.405962
23476 19.526203
15842 35.284939
22873 27.756248
24391 12.244034
24466 16.165707
21620 75.433823
22252 62.457771
24586 140.184753
24576 85.423203
24040 69.372955
22895 70.210564
24267 7.519
24382 12.096334
24452 14.660126
24463 15.929307
24365 10.704477
24546 20.224407
24440 14.951757
24205 6.938099
24384 12.479623
23937 12.585984
24535 18.558191
24624 40.747303
24360 10.78347
24297 8.379125
24016 25.65457
24623 48.682652
22906 37.114647
22900 72.149055
21634 84.414803
24630 38.57497
24591 47.321808
24502 19.557777
24585 18.286829
24048 1261.802124
24023 139.576202
24050 24.183271
24588 77.906693
23494 66.156715
24366 10.869453
24441 14.668228
24590 20.126396
23880 10.787683
15372 32.343929
16493 24.780659
24377 11.584518
24349 10.483267
20996 24.352621
18525 43.338924
14967 41.163322
14887 37.657413
22250 19.219128
24517 17.024956
24276 7.981642
24320 9.777044
24594 48.455116
24592 20.201439
22905 60.943314
22885 64.612823
17987 38.955021
24595 20.055077
24501 17.35936
24314 8.684357
24288 8.150187
24615 24.019894
24200 6.904141
24182 6.686751
24226 7.297929
24547 20.230528
24244 7.520053
24446 14.952999
24550 19.522362
23923 10.294067
24543 17.883095
24021 23.706041
17419 24.115675
24319 8.914397
23439 9.738703
23938 12.074047
24344 10.930979
24495 20.526707
19156 74.521118
21038 110.600533
24600 78.201241
22266 70.075745
24604 27.503309
24579 25.809099
24626 65.136086
24608 21.046276
24373 11.928094
24369 10.549383
24425 14.75527
24629 56.7047
24500 19.693645
23918 10.140123
22271 40.31374
23964 15.400687
24510 18.37879
24350 10.354479
22251 784.631042
21647 77.603928
24478 16.877754
24223 7.207753
24345 10.362696
23891 10.276226
24054 28.654028
24460 15.064448
24241 7.581863
20333 22.56958
24628 637.584106
24457 14.960089
24404 13.089476
24515 19.312416
24614 38.865135
24479 17.148066
24304 8.590614
24358 10.590275
23931 12.424269
24480 20.967331
24026 17.980879
24473 16.576698
24028 179.950943
24520 19.163939
24342 10.377645
24351 10.197672
