20
-0.126 -0.0265 -18.4 -0.000101 0.00765 -0.00599 1 
4026 13.235162
4025 13.221218
4042 13.620687
4162 15.720282
4185 15.88144
3958 11.930049
4066 14.073592
4052 13.427073
4124 15.077235
4145 14.743896
4178 16.027994
4063 13.848116
4130 15.54712
4155 15.575301
3742 5.836576
3799 7.507175
3892 10.254288
4206 17.784428
3931 10.458319
3911 10.454634
3870 9.873294
4113 14.635612
4192 16.335505
4001 13.014761
3924 10.212071
3988 12.622724
4132 15.049828
3630 16.397005
4085 14.273426
3628 16.567486
4095 14.544632
3603 15.326734
3570 15.110746
4138 15.275668
3555 14.765117
4118 15.028955
3831 8.244144
3755 6.458969
3955 11.894428
3828 7.977381
3834 8.395298
3850 9.089596
3898 10.315707
3631 15.620473
3107 39.964874
3862 9.9358
3938 10.967928
3813 7.570298
4021 12.841877
4150 15.145525
3776 7.037023
4098 14.013309
4147 14.933491
3620 14.745676
3554 14.600615
4159 15.605732
3488 13.564721
4168 15.671901
3843 8.820671
3778 7.067906
3968 11.903102
3923 10.94761
3825 8.031442
3762 6.623027
3822 7.746174
3992 12.906805
4082 13.661272
4038 14.004933
3809 7.650082
3891 10.413999
3559 15.022093
3579 15.530883
3658 23.18854
4184 16.692873
3606 15.705079
3655 17.907782
3798 7.552686
3363 9.558876
3409 11.174623
16 47.042057
3989 12.344995
3498 14.000966
4053 13.556684
4153 15.697412
3900 10.770849
3746 6.156547
3512 14.00542
3473 12.576138
3582 15.621068
4045 13.68456
2021 15.752025
3777 7.082538
3841 8.632505
3855 9.391463
3965 12.109818
3925 10.77819
3406 10.859615
3904 10.496941
3436 11.707047
3790 7.577389
3845 8.694684
3975 12.445502
3322 7.132833
3780 7.082222
3851 8.948832
1511 44.350056
3913 10.694607
3935 11.063021
3897 10.270658
3901 10.653233
4092 14.175684
3024 12.656765
3013 12.279811
4177 15.82794
3580 14.996222
3506 13.809418
4186 15.153947
2722 52.322529
1207 23.30821
2382 58.676945
3542 14.018568
3482 13.362441
3489 13.920352
4093 14.395888
4068 13.588466
4090 15.016728
3669 51.494713
2385 14.807812
3650 17.161842
3598 15.891376
2721 21.631887
3800 7.518339
3852 9.17837
3766 6.856996
3801 7.355813
1606 11.081951
3971 12.374345
3909 10.64022
3593 16.514296
4088 14.784083
1211 25.150284
3719 31.021553
4029 14.010712
3774 6.954906
4084 14.598483
3982 12.703042
2755 13.561346
4164 16.042694
4167 15.558319
168 15.348479
3168 16.07494
1960 44.123093
240 46.212708
4102 14.661709
4048 14.29951
3369 10.000959
3918 10.018695
3905 10.549554
3881 11.103543
3991 13.547719
488 60.842587
4087 14.01631
3635 15.785072
3865 10.102824
4110 14.653444
3875 10.852304
3589 14.965624
3508 14.436553
4028 13.063807
3829 8.216776
2415 13.863323
3903 11.215885
228 61.212082
3940 11.468877
3857 9.335229
3844 9.175492
3907 10.568868
3691 54.056515
3704 15.618052
4166 15.998194
3868 11.06787
492 14.540019
4011 14.048171
3531 14.677187
4059 13.320004
3519 14.641231
3565 14.700786
4103 14.22814
3977 12.899385
4210 16.111443
2738 16.414383
162 30.253744
3649 17.288324
171 15.896229
3514 13.912978
2967 6.867189
3827 8.187432
3683 34.980354
4163 16.16684
2299 9.547486
2009 39.939613
225 22.827671
2673 11.041437
3984 12.993111
4056 14.321908
3779 7.107636
3853 9.23916
4140 15.391598
3137 39.484642
4015 14.142644
3980 13.062872
4064 14.215017
2742 15.46812
4202 18.096972
2787 14.532433
1540 14.81759
4135 15.008459
2334 14.101408
2023 13.327077
3085 13.409834
3014 13.506296
3610 15.502938
335 24.554802
3688 23.815756
3412 11.889039
3943 11.182761
4221 28.472868
4222 31.822491
4240 30.56391
3367 9.789773
4225 22.850754
3930 11.087437
4228 32.475601
4232 27.955917
17 14.06703
4235 28.628708
3449 12.607399
2776 15.187763
2651 10.130207
4236 41.150387
3578 16.412813
4106 14.282608
