205
77.56843 -5.961148 62.42394 0.03580229602651189 0.6263621974372723 -0.025112152663597575 0.7783045502946656
27331 13.624282
27294 13.263643
27380 13.931514
27119 10.073748
27363 13.899449
27408 14.799477
27463 16.103516
27324 13.492951
27439 15.556718
27474 15.935583
27440 15.337978
27288 13.138884
27121 10.368021
27258 12.760933
27216 11.655539
27231 12.140692
27287 13.291621
27236 11.612376
27166 10.874922
27268 14.060115
27201 11.310246
25798 73.328392
26343 69.048592
27348 14.0371
26977 66.939545
27314 13.323949
27270 12.721671
27266 12.967443
27112 9.795025
27391 14.728413
27386 14.163985
27366 13.866161
27420 15.012344
25260 71.110825
27476 15.977312
27193 11.098521
27470 15.90714
27402 14.941959
26823 13.56738
27345 13.742362
27250 12.06164
27244 12.094053
27261 12.693108
27329 14.178328
27240 9.235062
27567 20.513578
27571 15.979795
26939 34.661488
27090 9.298927
27291 14.435077
27033 7.485348
27170 10.60368
27064 8.600237
27334 14.042113
27517 18.032988
27551 19.223549
27343 13.928702
27165 10.866897
27234 11.389678
27241 11.774208
26856 15.85132
27466 15.765223
26879 14.686242
27487 15.772702
27142 10.416386
27413 14.991425
27317 13.624063
27469 15.919962
24075 66.477028
27437 15.443385
26890 14.725723
26287 13.543045
26889 15.270608
27403 15.1615
27381 14.516403
27304 13.253822
27196 11.004174
27555 18.876436
26861 14.768602
27190 11.109122
27151 10.536128
27228 11.216538
27251 12.497159
25794 12.816955
26836 12.390161
27254 12.257825
27383 13.878337
27301 12.972168
27488 16.011223
26923 21.960985
27049 8.156317
27229 11.550046
27042 8.221617
27209 11.29322
26978 57.383923
27427 15.158034
27512 17.477156
27169 11.176738
27189 10.926183
27223 11.460287
27156 9.996661
27309 13.868145
27509 17.512053
27377 14.579429
27311 13.33686
27388 14.905116
27387 15.171942
27400 14.504615
27398 15.055707
27457 15.570231
27501 17.245996
27473 16.201342
27172 10.763414
27368 14.118879
27205 11.516875
26807 13.075185
27409 14.998976
27341 13.736802
27468 15.242256
26851 13.829553
25259 33.080254
25808 28.908531
27565 24.920212
26944 35.110134
27084 9.38963
27219 11.930968
27037 8.213481
27200 11.335646
26315 13.484212
27354 13.559927
25304 70.179138
22834 71.74028
26354 111.927147
26355 55.527546
26874 15.572063
27539 19.013086
27182 10.825249
27532 18.891796
26771 10.374967
27104 9.559164
27524 18.601164
27152 11.2493
27443 15.398801
27426 15.516585
27449 15.113911
26894 14.562635
27278 13.389666
27547 19.283489
27431 14.691177
27138 10.302686
27111 9.868876
27145 10.253654
26254 11.598696
26774 13.229399
27284 13.39381
25843 31.054779
27566 21.123287
27556 20.478912
26952 34.507034
27087 9.174631
27213 11.547022
27233 11.777528
27458 15.466726
27197 11.543065
26942 191.136093
26982 66.68927
27492 16.083591
27522 17.963228
27131 10.651977
27139 10.586143
27168 10.859955
27310 13.140093
27557 18.821632
27177 11.485182
26225 10.394849
27299 13.477161
26743 9.278662
27249 12.005473
26759 10.843871
27336 13.555968
27282 13.225466
27399 14.400744
24675 61.864796
25824 71.087738
27183 10.79216
27135 10.145648
27508 16.741636
27472 15.496743
26872 14.354267
25781 10.759243
21607 39.136768
27070 8.723746
27195 10.558271
27332 14.379458
27561 19.450603
27035 8.256729
27235 11.473498
27225 12.032362
27173 10.759908
25286 62.039772
22846 65.50396
25809 14.450253
27051 8.272635
27032 7.604945
25810 110.881531
26947 113.010773
27425 15.24933
27276 13.529138
27527 19.147572
27352 13.755553
27515 16.645636
27506 18.394495
27498 17.036192
26911 15.526972
26345 54.183128
24673 70.26339
27419 15.588109
27461 14.996798
26921 16.629791
27410 14.431919
26837 13.387923
27210 11.444979
27158 11.473776
27558 18.408974
27537 18.854017
27280 12.766988
26749 9.286179
27544 18.761684
27434 17.008003
27540 18.97023
26257 11.99255
27534 20.802002
26790 12.182034
27367 13.464099
24701 31.078793
14642 29.943033
26407 29.037817
26766 11.368543
27057 10.430181
26789 11.899242
26736 9.357687
24711 63.068485
27143 11.414015
27385 15.813553
27548 19.983822
25827 141.131912
26834 13.510657
27307 12.289849
27541 18.541325
27432 15.451691
26907 16.828743
27460 15.745794
26713 10.789315
24100 58.518238
27226 12.654119
27120 10.143938
27505 16.710752
27462 15.026706
27417 14.53952
26876 14.255587
27328 13.227939
27297 12.952126
27224 11.381558
27109 9.404984
27187 11.683847
26778 11.407848
17593 17.5874
26372 39.558804
27263 13.346285
27174 10.51993
26328 12.987689
25269 17.869759
27484 15.328482
26330 13.555903
27538 17.797787
27563 22.792521
26373 44.57217
27486 16.024416
27295 14.024374
26776 11.489358
27414 16.202438
26781 10.351745
25753 11.386044
25782 11.567109
25288 30.372547
26882 18.066696
27421 14.574112
26386 83.790474
23459 17.563953
26905 16.435476
27384 14.899341
24703 76.985794
23473 91.754662
26986 112.364861
26987 97.197639
26971 82.219521
26943 38.001652
27302 13.897928
26839 13.851356
27286 13.12083
27208 12.339688
27455 16.08893
27564 20.713737
27415 15.953214
27123 10.526483
27422 16.15712
26322 14.672312
26290 13.650582
26794 13.150352
26920 19.777231
26922 16.461946
27202 11.989357
27212 11.730186
27573 132.401016
27575 39.911999
27576 114.410637
25853 78.311188
27533 19.290592
27315 13.868145
24668 76.079109
27611 28.888672
27574 140.406387
26361 111.927147
27583 63.575844
26243 11.203399
26822 13.412801
26962 37.035851
27609 29.940067
27063 8.70639
27594 62.570702
27497 18.614605
26819 13.486424
27614 13.084297
27000 30.804848
27591 61.131645
27597 87.226135
26832 13.431135
27596 16.700798
26368 25.853231
26723 9.281791
27448 15.813553
26403 185.776276
26866 15.442963
27598 58.515274
24114 33.935905
27389 15.328482
26844 11.899242
26763 10.351745
27599 24.206779
26380 38.001652
27442 16.505705
26385 92.701683
25299 178.795715
27479 15.745794
27325 13.650582
27333 13.390584
