228
92.60904 -6.914272 67.90371 0.035510407144985566 0.5387757084621497 -0.01726643134757849 0.841523390824061
30133 12.231935
30155 14.493971
30287 19.164892
30304 19.329494
29099 107.81749
30335 19.786367
30344 20.208445
30227 18.719608
30216 18.202068
30232 19.263994
30100 9.812321
30124 11.353573
30212 18.080816
30021 7.264242
30243 18.918262
29107 48.226772
29980 53.070728
30371 20.707033
30252 19.008675
30288 19.375704
30314 19.739775
30291 19.404776
30297 19.47315
30336 20.124929
30068 8.709538
29808 10.895503
30067 8.691917
30091 9.480597
30363 20.595013
30089 9.408411
30177 15.960958
30383 21.01215
30189 17.188694
30119 10.887582
29474 17.358862
29583 55.428185
29101 69.83799
30130 11.939655
30254 19.023567
30055 8.334933
26941 68.077736
30219 18.355255
29560 68.599167
30024 7.397271
29102 59.666611
29476 65.936546
28652 56.446621
30236 18.778233
30224 18.656937
30397 21.308039
30401 21.381544
29562 23.966722
29584 24.137217
30358 20.444824
30405 21.49383
30311 19.661572
30365 20.657959
29485 19.662363
30376 20.679993
29887 49.558029
30228 18.727394
30373 20.79141
30347 20.286369
30394 21.238125
30322 19.882362
30396 21.244911
30032 7.785893
30079 8.83062
30148 14.144188
30360 20.532881
30140 12.997925
30038 7.857826
30063 8.647211
30377 20.87339
30157 14.520802
30117 10.781731
30053 8.263531
30102 9.875121
30190 17.252182
30087 9.353738
30052 8.22487
30122 11.094139
30398 21.326591
30093 9.563814
30180 16.288992
30366 20.658228
30081 8.928598
29916 28.800461
30238 18.81345
29962 19.129387
29489 16.961109
30203 17.850368
29129 62.031288
29806 11.803185
29484 19.833303
30337 20.12579
30343 20.198708
29205 54.645912
29886 49.21389
29498 54.770817
27607 51.792496
29103 52.798031
30345 20.221767
30391 21.176788
30355 20.400816
30239 18.845974
30270 19.195076
30299 19.507877
30380 20.976578
30233 18.758539
30237 18.783926
30246 18.947702
30321 19.861685
30217 18.259563
30033 7.787755
30064 8.648365
30050 8.190254
30176 16.173243
25798 57.233158
30202 17.769598
30249 18.969267
30037 7.85404
30135 12.492463
30061 8.6074
30075 8.769678
28664 88.822632
30374 20.794203
30025 7.456743
30101 9.84761
29910 20.900827
30057 8.409563
28665 18.852591
29880 18.867266
30331 19.999777
30223 18.637278
29747 7.998946
30072 8.736594
30044 8.005268
29917 28.173597
28659 19.66824
29486 19.580814
30308 19.626507
28660 20.05324
28733 21.235071
29514 51.058712
29561 55.191162
27580 56.632381
30175 15.767357
28684 21.128101
30276 19.224684
30384 21.025578
30400 21.363487
30329 19.966509
30338 20.127098
30003 4.173019
29774 8.813852
30152 14.450582
29739 7.419919
30065 8.652832
30303 19.584438
29993 60.002636
30200 17.750473
30116 10.556832
30141 13.037407
29512 50.784714
30167 15.276909
30201 17.768753
30045 8.01028
30108 10.240814
30103 9.941664
30085 9.010595
30403 21.424194
30058 8.452592
30051 8.213176
30294 19.445957
30082 8.946033
30370 20.706224
25853 57.231094
30210 18.072454
25792 52.067261
30368 20.680395
28197 19.787169
30260 19.097687
29565 25.490618
29576 50.384182
29850 15.667917
27583 53.522522
26992 64.467201
30393 21.219496
29762 8.749957
29920 15.124566
30207 18.000706
29918 44.576866
29426 10.833039
30137 12.584499
29400 7.914848
29123 17.324762
30121 11.040449
30083 8.976427
29928 31.735418
29149 45.463142
29574 51.082127
28692 72.435883
30362 20.592941
30166 15.203836
30153 14.475188
30095 9.666071
30290 19.40336
30191 17.287373
30015 7.176672
30265 19.172995
29519 18.801584
29144 19.023737
29936 18.456461
29939 31.786848
29441 13.730899
30029 7.662719
30076 8.771156
30080 8.83245
30392 21.177036
27581 19.67659
28196 20.164295
30346 20.273966
30349 20.293728
24075 61.323215
28250 60.993362
30077 8.821952
30278 19.248724
29087 12.38604
29767 8.818602
30173 15.655904
30302 19.575081
30056 8.396648
30048 8.140869
28672 30.577303
30039 7.873895
30059 8.465933
30272 19.210253
30328 19.949589
30404 21.459499
30341 20.192766
30186 16.748581
30128 11.93363
30208 18.048338
30164 14.968552
30168 15.339322
29818 13.764308
30154 14.478918
30350 20.29788
30193 17.355896
29135 18.093052
29537 72.775002
29188 51.789539
26355 48.705803
30174 15.756499
30211 18.075516
25796 47.988052
22834 56.226704
28701 60.581379
28198 66.427658
30229 18.737755
30324 19.905922
29937 19.005318
29522 20.67915
30334 20.069687
30084 9.00279
29783 9.828914
30359 20.694246
30298 19.483128
29580 58.012234
28693 18.487276
29763 9.169113
30046 8.045214
29752 8.381404
30183 16.435116
30195 17.424522
30165 15.093685
30118 10.853546
30105 10.064697
30097 9.755168
29761 8.478902
30109 10.271397
30094 9.564232
29467 17.096565
30132 11.993784
22846 60.972279
30284 19.323685
30388 21.115446
30283 19.312916
30309 19.634336
29526 20.994089
28227 19.800249
30184 16.680485
30263 19.163708
30293 19.434143
25826 51.6707
29871 18.739441
30160 14.681973
29940 25.054722
29543 44.365704
28699 64.330048
30187 16.802593
30402 21.39999
29968 23.77416
27594 53.702221
29073 9.32977
29952 22.047375
30172 15.576791
29990 19.069498
29855 15.173465
30379 20.958818
29814 12.739109
30086 9.247371
30271 19.201403
30066 8.677248
30126 11.773171
29833 14.129506
29536 21.037315
30159 14.673414
29095 13.988105
30188 16.891268
30171 15.509101
29158 76.210594
28729 72.95015
25286 47.211685
30163 14.932218
30198 17.669643
30196 17.439383
30230 18.740969
30310 19.640591
30206 17.976347
29789 10.248082
29784 9.653382
30120 10.965277
26986 69.363487
29175 66.909218
26972 64.328094
29191 56.177956
30251 18.999035
28188 19.528906
30247 18.949001
24711 65.159813
29190 76.293915
26983 132.366516
28204 59.452095
30150 14.407843
30382 20.981775
29541 20.218225
28722 16.350225
30259 19.083509
29870 17.722656
30221 18.467411
30357 20.431831
29983 19.956783
29933 33.822033
28253 48.694599
27598 52.318218
28702 18.734549
30354 20.373913
29769 8.32643
28189 144.647354
29902 22.890251
29906 22.941814
29961 56.142441
29913 19.26965
29115 18.889084
29475 21.176788
29963 19.481245
29890 20.900827
29590 19.615776
29975 20.045296
29116 19.205816
29729 7.131784
29999 57.20171
29836 15.173465
29427 10.546329
27579 62.795624
29815 13.694535
29748 7.667151
28194 19.392864
28674 67.322067
29982 67.802238
29791 9.32977
28237 1495.17749
27573 70.624825
29423 11.040449
29575 19.076817
29120 13.183887
29530 20.512684
29995 62.031288
29398 7.853598
29422 11.289384
29438 16.435116
29736 7.91597
29941 23.571537
26354 82.680389
25810 78.360466
29186 20.147854
26944 20.277819
29146 16.111095
28644 9.653382
29534 19.800249
28718 74.715775
29754 8.130189
29780 8.287635
29162 115.989494
28724 59.327675
29955 26.82604
29193 16.350225
29567 47.211685
29865 15.517069
26952 20.555212
29861 14.690371
29828 22.5693
21623 33.632149
22237 40.725613
29950 51.014412
29539 72.95015
28711 44.942204
28241 59.584869
29160 18.154505
29553 19.14871
29947 36.514297
28716 12.559472
28245 8.496942
