241
101.678878784 -7.116098404 72.56855011 0.0317148171291052 0.522030564415121 -0.02090394657852222 0.8520805626279361
29932 7.868088
30264 15.263001
30237 14.786674
30315 75.750122
30406 48.261959
30031 10.400094
30373 47.692509
30187 13.345885
30238 14.51476
30194 13.534205
30318 40.747826
30134 12.123644
30101 12.067278
30219 14.210882
29723 50.712116
29988 9.396327
30407 68.697868
30376 77.883766
28114 65.14711
25162 64.02713
30030 10.309652
30131 12.343298
30339 21.301569
30311 19.959795
29566 12.401521
30182 13.287658
30324 80.760788
30372 48.624126
30277 16.638506
30108 11.877665
28657 49.12138
29253 42.66597
29585 12.565107
30032 10.628514
28251 44.142723
30226 14.474017
30374 43.70071
28107 40.718822
30257 15.835577
29986 8.824618
29940 7.841107
30047 11.106519
29959 8.160908
29265 52.67627
23502 848.139282
24002 49.644043
30072 11.27111
29139 42.538494
30338 75.267509
30300 20.712572
30212 13.839258
29720 16.55237
30183 13.06794
29964 8.420963
30088 11.956573
30021 10.430148
30160 12.206862
27363 79.477066
30234 14.498191
29223 46.411484
27350 45.865734
27003 59.789082
30146 12.237332
30133 12.164974
30153 12.339017
30258 15.58876
30039 10.795685
29175 43.129047
28129 50.687019
29653 14.767813
30122 12.044132
30120 12.037346
29978 8.695547
29156 41.608639
30322 38.338581
29965 8.498499
29930 7.933656
29813 37.677525
28697 48.973255
29270 51.471336
27472 34.416142
29732 41.951698
29146 41.59174
29742 21.055906
30307 20.301222
29774 77.188866
30229 14.528642
29553 11.901673
30195 13.473984
29626 13.437957
30105 11.858328
29480 10.377743
29501 10.629929
30380 12.178009
30080 12.671868
30116 11.697455
30227 14.497248
29608 13.614554
30151 12.60845
29583 12.910583
30165 12.431712
27348 12.609201
29548 12.07531
30115 12.156904
29098 12.370548
29063 12.21393
29942 7.987656
30285 15.027905
29177 72.973206
29815 38.877033
30351 49.574665
30313 37.871899
26927 41.704006
24557 50.634476
30145 12.237473
29962 8.425195
30352 41.70702
27837 51.183002
27779 44.616329
30224 13.566083
30176 12.789861
30398 73.482834
23465 46.789368
27763 45.327492
28124 12.674479
29453 10.34953
30288 17.125347
29589 13.138645
30147 12.485463
30270 15.952276
29419 8.582649
30171 12.793842
29987 8.709908
30335 36.153397
29934 7.891645
30158 12.213819
30156 12.33393
29969 8.263337
29412 8.373291
27407 43.914379
29796 62.756527
29751 48.277737
29736 22.066299
29709 16.373392
30401 89.465866
26439 47.478909
29020 10.693913
29128 13.767426
30289 17.390617
29194 73.428024
30323 12.575005
29550 11.993472
29793 38.801014
29073 12.239361
29687 15.546396
30346 65.389961
30415 35.848068
29198 85.394478
30090 11.673129
29549 11.998633
29557 12.416968
29975 8.595667
30125 12.61527
30083 11.159694
30298 18.007673
29529 10.362117
29225 37.18528
21647 50.718193
27847 33.888817
27795 50.972645
29237 65.548584
29574 12.66759
29107 12.94464
30358 34.233753
30384 23.385508
29997 10.291029
30304 19.301264
29118 13.445041
29017 10.730004
30388 41.253445
24575 47.245056
30114 12.143327
29097 12.390118
29546 12.266764
30106 12.090933
29613 13.957206
29174 15.281146
29691 14.752322
30097 12.18031
30092 12.033543
30086 11.991112
29428 8.833924
30417 33.200283
30357 43.223873
29825 43.789005
26450 55.305084
29973 8.642771
30096 11.504778
28144 20.194115
29567 12.22321
29427 9.323524
29456 10.860507
30076 11.428503
29200 38.901325
21620 46.783508
29190 249.411591
30062 11.359361
29678 16.034855
28145 13.62491
26456 54.488827
26973 64.913353
29762 44.255783
30378 24.128366
30294 20.035904
30065 11.325466
29766 20.003902
29797 46.660095
25167 53.510796
26445 35.805214
29184 81.594086
29102 12.168593
30139 12.453295
26975 12.672791
30290 17.251549
30164 11.924918
29674 14.918457
29714 16.609369
30128 12.116068
30067 10.939882
30020 10.332434
30198 13.39432
30117 12.077652
30166 12.307538
30022 10.348846
30327 42.790749
30148 12.505268
29769 46.454262
30325 46.321762
27832 57.396633
29646 14.495328
29864 6.349761
30208 13.430752
30202 13.737411
30192 13.594982
29581 12.329332
30330 40.017262
29808 39.489677
29911 7.152026
30299 20.945648
29922 7.644022
30189 13.52645
29595 13.042334
27865 47.146488
30130 12.239691
30044 10.7886
29374 7.558048
28993 10.452061
29623 13.712294
29077 12.446021
30269 15.040809
29966 8.702638
29390 8.308433
29398 8.019989
29952 8.222548
29670 14.7447
29960 8.329161
30309 21.863634
29610 13.622981
29228 70.972534
30089 12.071609
29600 12.954582
28901 8.237267
30081 12.133871
29744 39.163319
30079 10.652991
28919 8.627087
28225 52.667095
28691 41.274895
29124 13.069836
29202 42.222557
27369 10.900773
22900 46.271469
30275 16.532978
30297 19.212963
29957 8.508218
29188 42.611572
30223 14.365511
29759 24.42099
27758 12.577595
30162 12.45484
29559 12.289049
30363 43.252724
30191 11.749438
