243
102.811836243 -7.142142773 73.119308472 0.03396703308439021 0.5191843722689724 -0.01910723172944314 0.8537732380150799
30338 9.178014
30602 13.543312
30708 44.150703
30593 13.385037
30674 18.891079
30710 40.963634
30539 11.846658
30403 10.445107
30070 77.367546
30425 11.075373
29600 47.624191
30699 19.424246
30421 10.738773
30017 13.769904
30546 12.138795
30721 43.425167
30358 9.172257
30639 15.621607
30685 19.475718
30620 14.682855
30597 13.197806
30437 10.827004
30422 10.855638
30611 14.300734
30427 10.909687
30487 11.271714
30726 39.865017
30266 7.264628
30234 6.657118
30728 34.493538
22782 548.882263
30635 15.030769
30253 6.996418
30656 16.488737
30356 8.797264
30732 77.543274
25086 56.734589
30564 12.572602
30531 11.750601
30491 11.182067
30329 9.354687
30477 11.198365
30689 19.734745
26816 40.612572
30815 46.690285
30784 51.891533
29027 47.512657
30574 12.461402
30434 10.883696
30447 10.913836
30648 15.089184
30440 10.928317
30364 9.483122
30618 14.161189
30569 12.44307
28164 43.741348
28976 38.021561
30711 39.108086
30625 14.089346
30515 11.306591
29937 11.191813
30568 12.539216
30286 7.476689
30392 9.999495
30150 38.929943
30785 53.931179
27745 53.518463
29594 45.947708
29499 51.35437
27663 51.103092
29506 453.929443
30821 50.903587
30640 15.075267
30686 19.552959
30000 13.395308
30595 13.73176
30497 11.205415
29910 11.065131
30499 11.176964
30423 10.859388
30337 9.291961
30324 9.26235
30741 43.726891
30533 11.825886
30661 17.049206
30026 14.254187
29950 12.072309
30135 39.644257
28043 49.611851
27681 44.229118
29605 47.31934
28474 43.736225
30470 11.283622
30443 10.836418
27668 45.855465
28984 46.786953
30012 14.419686
30014 14.51355
29989 13.402016
29397 11.288958
29901 11.076756
27394 38.473072
30733 43.243298
30543 11.767973
28991 42.786427
30739 38.008362
30748 39.996593
30272 7.225801
29850 9.976291
30165 39.10664
29078 51.576691
23926 50.922775
28596 45.097324
30786 32.841927
30068 39.935219
29035 49.192921
30255 7.066235
30060 16.53767
28467 44.593769
30754 65.297165
29010 78.999008
26917 60.482708
30696 19.560398
30681 18.985714
30047 15.50502
30675 18.319908
29391 11.181244
30450 10.951745
30577 12.819684
30551 12.514585
30628 14.209102
30360 9.398418
30463 10.826889
30415 10.797787
30433 11.015317
30431 10.856339
28138 61.60611
23383 48.812881
30513 11.525874
30510 11.209564
29904 11.050709
30414 10.963507
30435 10.785837
29465 13.517452
30646 15.612561
30745 46.863262
27695 42.665684
30563 12.050509
30756 40.303505
30641 15.418805
30299 7.354956
30168 39.846008
30596 15.656541
30086 71.985886
30738 40.772682
30707 36.924942
30267 7.291836
27390 35.044254
30166 39.153179
30498 11.146884
30460 11.117172
29889 10.670178
29089 52.773457
30540 12.157032
30351 9.423858
30090 46.881599
27693 42.733444
29072 44.248844
25747 44.133213
26352 58.171131
30672 18.027485
29447 12.670983
30550 12.175353
30057 16.106192
30700 20.796074
30649 15.076573
30589 12.967486
29791 8.988339
30285 7.473081
30279 7.221872
30746 42.611
30257 7.191838
29803 9.35265
30770 41.831482
30101 36.400433
30156 35.225437
30758 39.817524
29003 74.583702
30316 8.693029
29739 7.233887
30018 13.483239
30326 9.506951
26823 46.516197
27327 40.996693
29536 70.957069
28975 48.712902
28983 12.571395
29436 12.115594
29880 10.510958
30043 15.610393
23387 39.863518
29012 52.184074
30642 14.895466
30627 14.33679
29380 11.251946
30454 10.93537
30395 10.149812
29496 14.324266
29425 11.69326
29011 73.104263
30765 45.673733
30521 11.317655
30475 11.011332
30664 18.138195
30161 76.070908
30314 8.247828
30398 9.757446
30430 10.67556
28056 18.745361
30318 8.371375
30400 9.538802
30572 12.314998
30464 10.373267
28927 11.184221
29894 10.823369
30330 9.385338
22821 43.340698
29547 63.393055
30773 180.896759
30629 15.403639
30566 12.459349
30760 21.865101
30662 19.287663
30177 43.901321
29537 14.103662
30039 13.867199
30588 12.903323
29912 10.875709
30481 11.271847
24500 62.979351
30452 10.956313
28478 9.564841
29969 12.516206
29960 12.286802
30037 15.745423
30169 30.365431
30271 7.219426
30176 36.203487
21566 48.141945
29871 9.386903
30111 44.135666
30412 10.980867
30413 9.544609
28997 19.123539
30344 9.407703
30578 13.024738
30393 9.2139
30289 7.747314
27698 11.079703
30453 11.403188
25769 61.738781
22814 37.835567
30461 11.009521
30147 11.186617
27685 10.604202
30388 10.224039
26371 46.169197
26886 64.627945
30095 41.174267
30757 31.291517
30667 18.998524
30105 37.347233
29538 24.016714
30529 11.688703
30493 11.37957
26889 11.314234
30469 11.059683
28063 11.239832
30052 17.086134
29964 12.554047
30438 10.946289
29872 10.117785
29896 10.980204
26361 36.298061
30049 15.74843
30775 56.358448
30288 7.483438
28564 46.909306
30508 11.14183
30317 8.977614
30729 43.089539
30731 44.304417
30449 10.840622
29996 13.384028
30561 12.454436
30136 43.677265
27790 49.360409
30742 74.715332
29990 13.761758
30484 12.209815
29603 50.610664
29923 11.115892
30592 13.25051
27691 43.626553
30680 18.517332
30465 11.227526
29920 11.271905
30138 40.519794
29765 7.999036
30793 22.49873
30752 22.179056
30303 8.1711
30502 11.226736
30632 14.425042
30308 8.48671
30506 11.2663
29959 11.725648
30383 9.579317
26849 63.060658
27268 11.143363
29323 9.51134
30399 10.165536
30555 12.171771
29433 12.244164
27731 51.097336
30813 42.715908
30276 7.44185
27375 59.764885
30375 9.508161
29856 10.1739
29260 7.408216
