26
-0.261 0.0569 -23.7 0.00177 0.0115 -0.00604 1 
4755 41.927322
3173 44.836849
4582 9.301437
4752 26.088179
4603 9.508465
4714 13.003035
4669 11.068922
4632 10.225473
4693 11.184751
4531 9.018344
4569 9.029604
4481 8.687309
4633 10.339508
4757 25.599651
4758 24.975788
4597 9.613201
4708 12.46698
4467 8.612764
4663 10.777321
2710 45.129055
4726 13.524895
4239 51.067745
4761 87.5756
4643 10.467689
4636 10.310665
4446 8.292028
4063 8.727631
4724 13.226836
16 38.723877
4504 8.936274
4736 16.783541
4291 4.809611
2382 51.701832
4743 17.811914
4466 8.506218
4188 10.837338
4709 12.720646
4586 9.300133
4565 8.938619
4651 10.600927
4194 11.51367
4553 9.15454
4771 31.384544
4676 11.475561
1511 38.5215
4729 14.257963
4277 4.591067
4113 9.725562
4574 9.225924
4228 24.922657
4747 18.209141
4526 8.898457
4042 8.55082
4181 11.111591
4626 10.327636
4162 10.324764
3669 45.762276
4530 9.25277
4076 9.148137
1947 25.717012
4728 13.101426
4571 9.043331
4666 10.465652
4519 8.893301
3144 9.914784
340 59.051815
4748 18.376131
3631 10.607551
4184 11.159472
4502 9.26055
3177 25.467821
276 24.924223
4727 12.999973
1960 44.698456
3714 60.038944
4801 22.568056
228 66.991096
4164 10.785833
3606 10.203981
3612 11.078752
747 54.612778
4506 8.899913
3536 9.462363
4546 8.72265
4707 12.968221
3691 49.803288
4711 12.75901
669 52.08477
1568 37.391766
4174 10.744606
3705 9.855142
3688 23.153282
3690 156.964996
4796 10.66979
4779 48.430172
4784 55.001141
4655 10.911591
4193 11.217405
4713 12.822881
4783 43.643192
4477 8.916709
4614 10.023407
4424 8.009065
4332 5.647715
4733 15.148163
4371 6.582623
4730 15.087158
4760 42.190853
4505 9.026254
4716 13.608242
4606 10.0421
4620 10.02026
2706 26.704876
4155 10.268548
2701 55.870514
4756 50.23312
4420 8.143347
4314 5.532658
4679 11.151967
3659 51.872459
4678 11.014734
4447 8.399265
4544 9.165048
4602 9.9412
4270 4.648273
4648 11.379066
4630 10.230395
4436 8.255471
4688 11.763077
4521 9.242549
4604 9.580307
4077 9.115094
4273 4.815001
4096 9.401461
4272 4.696829
4594 9.556172
4455 8.378981
4656 11.020846
4268 4.654541
4287 4.693271
4453 8.394156
4793 40.338326
4673 11.612104
4435 8.310758
4232 26.041744
4772 23.022413
4605 9.492601
4508 8.867386
4734 15.079957
4612 10.145924
4776 198.338928
4721 13.467011
4192 11.819332
4616 10.402739
4464 8.660632
4578 9.279421
4781 56.322456
4554 9.120393
162 24.043631
4786 10.775675
3542 9.234323
3622 10.545139
4723 12.300994
4685 11.217331
17 9.147798
4551 8.910944
4166 10.744551
4422 7.778588
