277
-12.6 -3.44 -148 -0.0238 -0.421 0.0426 0.906 
34210 121.250671
31651 88.963249
34010 15.374493
34083 16.749121
34111 17.598759
33577 16.416632
33944 14.253051
31156 267.020691
34072 16.316595
34153 89.559242
32106 93.51741
32573 78.154083
33513 14.890035
32109 91.297554
34029 15.276643
33997 15.12817
34003 14.305872
33925 14.010032
33941 13.704082
33935 14.13405
33991 15.125719
34085 17.210403
34055 15.60577
34156 20.796211
32117 227.249008
32581 43.827087
31647 43.781761
33860 9.363041
33768 6.421145
33960 14.183489
33984 14.780307
34022 15.177109
32695 17.346083
33540 15.241167
33979 14.793564
34087 17.521475
33640 15.629816
33531 16.721754
33859 9.312708
33834 9.031177
33473 14.254522
34132 18.897404
34130 19.056364
33538 14.71639
34172 15.33321
33564 16.358397
32696 21.331909
34157 35.523788
34043 16.182474
31164 49.173111
34078 16.538683
32105 98.178963
34114 17.240799
33861 9.655007
33485 14.509388
33753 6.243489
34113 17.577858
34177 31.323315
33510 15.090062
32593 14.007127
34056 16.338573
33898 13.132219
33931 14.359769
33501 15.529592
33796 7.573964
34236 43.667652
33800 7.630394
33604 35.67627
34070 16.988541
32568 14.410278
34105 17.719788
32142 70.775169
33909 12.957187
33512 15.154851
34051 16.401665
34047 16.16223
34079 17.204878
33907 13.894644
34137 20.87586
33065 22.187658
33610 14.911083
31157 16.104904
33566 15.842649
33751 6.149751
33068 20.869068
31216 44.287422
33820 8.089773
32185 15.360844
33021 12.55761
33607 30.847347
33730 5.893114
33609 17.908363
32676 34.957249
33526 14.957199
34037 16.060425
33098 80.498184
33901 12.901915
32153 83.24073
34220 109.518967
33836 9.469394
34093 18.522652
34086 17.072742
33978 14.78695
34221 20.407896
34182 36.174198
34148 19.460081
34185 25.341486
33432 10.778674
33435 10.796377
32571 15.036036
31167 15.47366
32684 46.902378
33845 8.734305
33876 10.605265
34061 16.424658
34110 17.805922
31704 82.993767
30566 48.557941
32685 66.663368
32596 13.328588
33504 16.408043
32576 13.582202
33097 30.388391
33912 13.799117
34196 54.106262
33613 17.294893
34103 17.311584
34150 18.846087
33754 6.134737
32129 18.86927
34143 20.661219
33918 13.603618
31669 16.574751
33044 15.280336
32624 17.443766
31715 61.810898
34229 133.769089
32128 14.997895
34206 106.383301
34200 87.070053
32682 19.937891
34190 22.629744
33839 8.839449
33869 9.953484
33663 104.983284
34002 15.781659
33576 16.462042
32666 14.694832
32587 13.262002
33495 16.389303
33833 9.214688
33101 16.837479
34063 17.376698
34048 14.855305
32163 15.121397
29882 15.749524
31721 33.788021
33114 21.676083
28684 54.023865
27438 15.69584
32579 13.76316
33159 31.692257
31691 31.325632
33427 9.985661
33456 13.631536
33629 17.316942
32139 13.449156
33936 14.055991
34115 18.74312
33573 17.607883
33635 46.715363
34092 18.352762
33094 17.826117
33608 19.067408
31162 59.032055
34194 20.21681
34213 17.152431
33530 14.855444
33888 10.889449
31689 83.575974
33492 14.014887
34176 88.57608
33482 14.082893
33149 24.405268
33144 48.340214
33084 21.578886
32962 7.829781
33755 6.279306
32569 14.368607
34045 16.564568
33571 15.976398
33539 15.410049
33841 9.085171
33972 14.363276
34222 14.678188
30555 44.112671
32592 14.907127
33952 14.297787
33961 14.160748
32993 10.683271
33519 15.2206
34134 20.618752
33847 9.316766
33870 9.529727
33913 13.009348
31190 16.664661
