28
-0.321592808 0.037806764 25.33971405 -0.0035938419437283576 -0.012325738938164393 0.00662075123965778 0.9998956576127002
5075 8.93982
5072 9.118821
5078 9.08051
5070 9.058056
5139 11.008399
5169 13.214587
5172 13.370572
5025 8.443501
5185 14.773017
4963 7.392418
5054 8.888956
5117 9.944902
5090 9.240881
3181 47.681763
4967 7.335202
5205 19.784948
5051 8.64541
4811 46.993664
4772 24.456072
4847 3.125688
5115 9.589132
4911 6.877309
5074 9.113508
5175 13.542432
5195 17.714228
4775 41.179474
5156 11.747765
4695 9.493141
5123 9.463237
4555 7.469778
5047 8.779976
5056 8.800498
5116 9.677388
4958 7.398203
4985 7.754782
5098 9.353684
5091 9.192881
4777 23.457426
4778 23.432238
5008 8.233646
4853 3.427577
5145 10.91682
5164 13.298859
4481 6.833687
5081 8.905957
4907 6.777286
5190 16.494926
4733 11.064775
5053 8.68476
4686 9.45692
4712 9.742655
5207 18.924154
3117 46.82663
5166 13.336076
2711 53.058094
5197 17.917408
5182 14.879219
5154 11.948984
4781 89.118073
5118 9.306096
5105 9.359592
4988 7.585222
4504 7.248859
4544 7.382149
4584 7.414641
5030 8.773059
5048 8.738019
4935 7.140961
4960 7.556631
4980 7.598843
5114 9.779047
4745 11.306047
4740 11.498002
4848 3.12963
4868 3.728806
4939 7.210633
4908 6.750018
16 40.150986
5165 12.994493
4622 8.024864
5058 8.938622
4659 8.659818
5046 8.744192
4763 17.120754
4755 14.798425
1551 52.889057
5095 9.625678
4727 10.987998
5170 13.311962
4782 49.987949
5071 9.002049
5093 8.922927
4072 7.139979
4986 7.665325
5069 8.856199
4679 9.247892
5045 8.756931
4580 7.389618
5203 19.389431
5111 9.979176
2702 51.50975
4215 11.120972
4747 11.885256
4302 3.137357
5157 13.329273
5107 9.960205
5179 14.236642
1507 37.700676
5141 11.16972
4887 4.7398
5168 13.141868
2384 55.805698
4728 10.832458
5104 9.390803
5127 9.734625
4925 7.078621
4168 8.794394
4667 9.042494
3647 9.152759
4202 9.67168
1939 23.846434
4791 33.356457
4946 7.228976
5181 13.715685
4643 8.7364
5044 8.928874
5126 9.753038
4767 18.490049
4975 7.514566
5068 9.040012
4196 9.412805
5003 8.132584
3645 8.719104
5138 11.08676
4234 14.601504
4776 45.664864
4242 22.82324
4736 10.832217
4768 17.178741
5082 9.360881
4976 7.469154
4156 8.550104
4753 13.420107
335 61.866302
3704 49.873306
5019 8.169781
4748 13.841264
1952 42.556171
4731 10.398377
4903 6.721823
4874 3.891317
4730 10.610369
4968 7.277615
1565 35.650631
5192 16.785492
5194 19.821695
4248 48.429802
3185 22.823076
4798 46.135654
4170 9.26615
582 33.245998
5162 13.22849
3133 40.54269
4247 55.299786
4913 6.66633
4877 3.804851
5220 24.36533
5228 48.204075
5253 50.68095
5271 53.364643
5231 48.290218
4250 23.387791
5233 21.743439
4662 8.897709
5257 43.414776
3585 7.487087
5237 82.295708
5102 8.971357
4762 18.188017
5120 9.811965
4159 8.395426
4192 9.315563
5243 68.571014
5244 58.302521
4732 11.205464
5264 43.262596
2722 13.812196
741 65.777405
5249 23.685616
4724 10.108019
663 64.170128
