288
127.2756 -10.10087 91.59686 0.014407167911517464 0.39529638024661345 -0.03438008652734875 0.9177969355620372
37210 88.463783
37170 17.739243
32913 383.293243
36062 81.703796
36885 7.40391
37214 38.357338
37200 18.902916
37204 18.746634
37169 17.699736
37158 16.955313
36987 8.170401
34881 85.929512
37150 15.111106
35508 70.39698
36884 7.339505
37152 15.963966
37192 18.977034
36965 7.973727
37172 17.735329
37189 18.510422
36953 8.066845
37062 10.290797
37035 9.761256
37058 10.261214
37026 8.496487
37027 8.763615
37209 34.709801
33944 75.062874
37255 43.630447
34032 36.422356
37107 11.871679
37181 17.424643
37003 8.157071
37184 18.298527
36990 8.248278
37166 17.56048
37177 18.357378
36829 6.973707
37055 10.008257
37008 8.396364
37002 8.403431
36004 33.335358
36888 7.069885
36542 11.628602
37149 15.529497
36882 7.463731
37164 18.588696
36574 44.20649
37118 12.993862
37030 9.110605
36891 7.274942
36963 8.139558
36952 7.846895
37089 10.524568
37013 8.277393
37001 8.708295
37052 9.718336
37075 10.053885
36925 7.851676
36008 32.94125
37020 8.745161
33406 44.650837
37148 15.066665
37225 31.949379
35482 60.725056
34021 42.715046
37198 18.287329
36896 7.379669
36949 7.940459
36956 8.176291
36571 18.717043
37012 8.570209
37142 14.593115
37227 32.981972
36627 33.180855
37082 10.04127
37091 10.010371
37151 14.363472
36556 13.108986
37019 8.465427
37105 12.409446
37117 11.855356
36586 22.127892
37228 98.763809
34437 55.188282
35457 56.973072
36589 32.324173
36046 36.041157
34922 67.556984
37206 18.429811
37037 10.845287
37173 18.221498
37175 18.449141
36395 7.05157
36948 7.980617
37007 8.673409
37092 9.951651
37113 12.634892
37114 11.930553
37168 18.7941
37140 15.546872
36565 14.337753
37121 12.980919
37135 13.36223
35989 9.766826
37197 20.595213
36576 79.007851
37230 71.425568
33964 57.345318
37229 31.177979
36604 62.148155
36597 19.056393
37180 17.990072
37171 18.235287
36923 7.475045
37071 10.519189
36551 11.991259
36978 8.272255
36591 30.513681
37221 31.675657
36611 35.00832
37047 9.941026
36019 13.860555
36027 16.720432
37028 8.8823
34023 36.846737
32957 120.361252
37057 10.20841
36530 10.166586
34882 92.852821
34464 94.741051
36631 128.892517
37126 11.917935
37112 12.816748
37131 14.022306
37203 19.949102
34475 43.236233
33453 61.945362
34018 91.116776
37237 28.427744
37106 11.542299
37165 17.894712
36940 7.855436
36476 7.699587
36031 39.637699
37241 28.588493
32319 44.713722
33963 39.283245
34487 4731.757812
37120 11.855412
37122 12.44948
35487 9.938194
36527 9.498082
37145 14.324687
35484 74.58326
37194 18.656443
36526 10.423161
37084 10.357418
36592 32.901909
34921 90.231178
37045 9.746708
36614 33.408142
37038 9.790754
37250 20.562002
36024 41.174
36958 7.807562
35497 94.741051
36562 14.403545
37196 17.584867
36053 61.945362
36066 63.065041
37176 17.314133
36994 8.620745
37239 28.549099
37235 25.538391
36557 12.017834
37160 17.830246
36537 12.44948
36529 10.263851
