3
-0.03106702 -0.06341853 2.888054 0.0004571760790779763 0.0010978361808663228 0.0014381110293392617 0.9999982587896941
1185 20.098495
1032 8.112761
1164 16.895674
1177 19.254093
1116 13.979282
1138 15.605233
58 31.183798
954 6.891572
981 7.493293
1099 12.063037
1093 11.751895
1198 21.138475
1132 15.232612
1103 12.375515
986 7.571061
8 72.72541
1147 15.999131
37 27.839239
1173 18.880939
1191 20.601294
1125 14.686743
52 28.609295
27 26.347752
42 28.120573
1175 19.121494
1176 19.216684
41 28.753675
1029 8.092763
935 6.402107
928 6.341889
923 6.295356
889 5.481327
866 4.831689
886 5.049022
90 20.002958
907 5.984853
941 6.507141
1078 9.556733
1169 18.278643
1094 11.894607
29 11.561549
1148 16.205456
1137 15.586196
1124 14.564531
1168 18.24498
32 27.645439
135 27.600079
1089 11.08674
1085 10.280734
1014 7.998553
1160 16.58721
1100 12.115906
60 29.443356
112 31.254862
136 28.3999
1181 19.674486
1172 18.84866
357 29.087765
1057 8.966737
152 29.488888
910 6.018702
1017 8.028121
852 4.670385
898 5.79678
918 6.244684
936 6.410049
920 6.260476
863 4.80655
906 5.950223
938 6.436206
991 7.616224
28 9.654696
130 15.180429
1081 9.701839
160 29.395378
225 36.398762
1134 15.376912
1068 9.217139
1121 14.410442
1060 9.000697
16 60.840546
31 28.126863
140 27.357094
245 32.07056
105 11.248119
1082 9.931767
1084 10.238416
948 6.741105
924 6.321769
258 16.268366
1128 14.7716
1028 8.091142
1033 8.130229
352 28.585405
1183 19.913507
171 33.701229
499 32.5779
284 30.074923
845 4.567166
849 4.6304
1107 12.850895
1071 9.245401
1127 14.763383
1076 9.443292
973 7.313609
1018 8.030779
1009 7.971885
118 14.322098
1098 12.017652
227 15.118876
905 5.943401
1027 8.085449
119 8.148622
988 7.590151
1030 8.104476
128 9.499745
890 5.489297
1144 15.90003
899 5.800598
91 6.350673
859 4.783276
1145 15.918784
226 60.823936
1049 8.45691
1083 10.011768
927 6.339512
893 5.581551
1088 11.029212
1197 20.985138
343 18.707642
1069 9.221516
1170 18.447613
354 29.036556
1024 8.062733
350 72.925018
351 83.003532
224 20.453054
17 30.546413
353 29.220882
478 32.259144
596 31.450996
1038 8.222335
1077 9.461308
857 4.737816
1090 11.29582
1086 10.451889
972 7.304748
1005 7.914882
342 11.349869
1087 10.889851
369 14.550506
888 5.402161
1139 15.651611
336 58.813354
129 11.813
884 5.001531
257 8.057836
897 5.785109
940 6.457504
1022 8.060691
92 5.992122
933 6.373845
1080 9.654799
334 64.123466
1119 14.282849
419 24.546591
329 8.693714
1043 8.296265
1074 9.306086
1061 9.036475
569 20.110525
1195 20.857758
482 31.515854
435 29.913059
987 7.58925
946 6.646763
337 86.828369
163 43.912251
240 68.638466
491 31.100483
581 32.843792
1142 15.771076
388 33.343761
278 27.842169
332 35.3354
290 32.314137
378 30.102011
412 11.402267
931 6.367753
874 4.878299
879 4.956542
1163 16.810978
533 14.215543
374 15.655161
961 7.11903
949 6.750512
1110 13.273188
418 58.49102
234 9.015281
1193 20.696573
318 6.228843
1131 14.978827
424 15.319828
1149 16.075865
479 9.484605
1037 8.215708
1196 20.899702
563 29.871759
577 30.079979
543 30.536352
246 31.611006
945 6.643111
1045 8.343597
1055 8.79504
1001 7.811221
1052 8.570318
666 88.723351
275 44.503136
481 29.660789
578 28.39336
579 30.307749
650 29.815235
490 29.616314
585 29.323841
493 30.55957
594 26.334476
600 37.868511
371 15.489929
1047 8.364572
1106 12.680041
1075 9.325481
1056 8.922526
1092 11.699971
208 5.973396
647 37.155472
903 5.921868
929 6.362126
1166 18.066618
464 31.382294
1072 9.25393
989 7.59789
1025 8.071272
726 43.799274
790 30.51412
576 28.587463
659 28.555517
1048 8.389437
331 20.357714
591 29.841436
587 46.495762
796 77.108253
648 30.321064
602 31.036413
583 80.761307
674 30.081831
678 26.281506
462 15.677859
680 40.395039
731 32.587933
1006 7.954208
1011 7.979218
1104 12.562864
1188 20.474058
1122 14.486846
335 15.283573
1102 12.355565
904 5.901855
11 5.0222
939 6.438961
914 6.127392
1129 14.959744
1044 8.323642
1165 17.627533
701 25.789131
900 5.825187
911 6.067927
656 6.340654
934 6.387244
1019 8.044669
325 9.361736
1046 8.358698
1111 13.352298
564 30.697924
1003 7.837708
985 7.56757
621 8.051621
586 71.011024
746 125.185196
1171 18.598032
723 28.832727
717 28.757385
660 29.040541
682 33.394611
1201 21.53067
531 63.010597
743 106.45285
744 29.984602
805 57.83997
722 29.62723
806 26.566338
562 14.9541
463 26.238012
756 13.962346
1042 8.288357
518 10.172327
821 22.247026
657 30.150318
427 13.902781
825 59.316036
740 35.893864
1105 12.573075
460 5.03085
896 5.782222
451 6.421627
556 6.423627
320 6.25269
7 94.100845
45 50.054935
18 74.890251
53 28.569136
164 46.545177
148 29.52179
93 6.224935
108 7.650429
117 15.30777
26 27.889675
379 33.124428
238 7.692415
360 7.313609
228 82.027809
99 7.544018
209 6.179983
333 14.282849
268 9.232846
15 20.866598
348 9.325481
256 14.496903
220 7.59687
338 7.393905
205 5.042431
495 30.979782
496 27.652782
328 7.745182
319 4.699043
299 4.824399
461 6.362126
454 14.104912
593 26.031603
380 46.316021
270 4.972408
394 7.906225
623 61.969543
532 21.01848
431 4.650135
617 34.141541
526 9.485129
616 70.690079
742 32.359093
718 27.183882
664 26.619238
681 33.887371
459 16.239315
545 15.886068
361 6.305633
538 4.807183
584 47.213615
792 27.61232
707 5.398501
789 45.949036
727 31.321306
690 18.959242
774 29.613207
761 29.879278
780 29.344913
795 108.450935
561 8.248481
665 43.64994
750 26.27536
628 15.369803
820 35.809353
624 21.076942
691 9.162267
570 4.977967
828 5.910678
700 6.176797
