32
-0.353 -0.0119 -28.6 0.000702 0.0138 -0.00461 1 
5191 61.8657
5604 30.614082
4753 47.855328
5607 18.716713
5558 18.489296
5583 19.363474
5600 20.380911
5448 7.468045
5482 9.900896
5568 19.171604
5235 46.976978
4755 35.284939
5608 41.271812
4752 20.129013
5197 51.65683
5590 20.071939
5565 19.729319
5557 18.759344
5602 20.102694
5198 20.35556
5473 8.613022
5351 6.081986
5398 6.56537
5393 6.417557
5483 9.897023
5541 14.933069
5520 12.017788
5603 20.273481
2382 49.88271
2701 48.490456
5519 11.689988
5474 8.722122
5611 45.396675
4761 72.604836
6 62.219707
5621 32.957237
5551 18.770157
5214 43.105625
5490 10.127687
5392 6.435097
4760 36.479057
5502 10.104609
3109 45.506474
5484 9.599961
5165 12.238759
5412 6.541327
5623 28.582575
3659 48.587666
7 46.491337
5620 41.652851
5636 49.398422
5238 42.085716
5210 27.536823
5199 19.536055
4758 20.476204
4757 21.019175
5097 6.475944
5136 8.768553
5508 10.750099
5194 28.343933
5144 9.987966
16 35.268185
5494 9.922819
5164 11.294916
5460 7.745654
5489 9.752485
5498 9.90624
5175 14.268391
5171 13.64284
5343 5.9278
5635 29.788311
5617 45.875011
5667 50.417782
5571 19.053619
5094 6.437582
5170 13.270345
5070 5.905967
5542 14.549848
4765 16.901384
5630 75.241646
1967 47.450878
4669 5.859594
5637 41.481838
5599 20.404356
5627 20.367313
1947 20.324808
1511 34.563568
5212 28.681335
5487 10.05797
5145 9.758083
5162 11.449005
4769 17.158087
4693 6.439751
5083 5.946685
5069 5.937777
5560 18.614769
5250 20.344475
4776 212.034821
5650 41.823215
5227 44.269203
4771 32.519508
5492 9.955176
2009 39.737789
353 47.925758
5154 10.141273
340 58.977226
5222 107.923775
5091 6.306191
747 48.722431
3690 136.26358
5655 52.989685
3177 18.064512
5656 55.751316
5649 45.070919
3691 44.730728
5159 10.953833
5245 36.561916
2721 11.204674
1960 35.496582
4748 13.330742
5453 7.706736
5525 12.287973
5606 48.630268
5595 19.087584
5591 19.408335
5570 19.156626
5237 43.558468
5661 20.168522
5445 7.50982
5346 5.886542
5152 10.058321
5466 7.863012
5446 7.437649
5461 7.731282
5613 33.926296
5240 20.901077
5573 19.340179
5475 8.824863
5451 7.597829
5150 10.211924
5443 7.482565
5624 7.766391
5220 88.403442
5442 7.453844
4714 7.829004
4677 6.058889
5201 19.663277
5450 7.571896
5645 65.468842
3719 21.812675
5499 9.932287
4663 5.90128
5177 14.977449
5648 210.011703
5497 8.932755
4237 57.662968
5410 6.374094
5396 6.313954
4232 19.70385
5574 19.19438
276 19.879593
5458 7.192555
4736 11.896322
5507 11.62973
