323
149.7073 -11.88352 114.8427 0.028426080845171838 0.39210948439646104 -0.021163152838213753 0.9192356776888458
41713 6.657398
41962 14.152478
42196 57.302364
42049 15.429745
42024 15.523593
42065 15.732686
41963 14.466202
42097 16.318628
42060 15.883963
42150 40.431046
42091 16.216423
42140 19.041508
41455 43.860992
42159 235.447495
42147 49.704273
41870 12.770512
41910 13.402221
41942 14.124022
41913 13.267911
41926 13.866063
41899 13.174419
41969 15.177998
40342 50.218819
42041 15.514301
39749 44.602226
37210 52.118114
38430 57.721672
42043 14.717259
42032 15.831215
41966 14.569444
41981 15.893703
42045 14.79222
42082 16.192337
42099 15.997931
42132 17.377745
41652 5.685345
41684 5.915022
41838 11.404468
40338 42.614143
40923 45.517891
40918 42.979149
41749 9.089088
41735 7.801093
42059 15.364002
42102 15.946968
41886 13.788328
41874 12.777303
41914 13.752138
41422 13.49111
41865 12.486114
41414 13.856997
37254 45.800564
41559 47.967026
41987 14.414375
42114 16.122385
42095 15.754545
42044 15.919224
41466 40.830357
41888 13.550693
40351 39.426907
41658 5.701435
41701 6.172084
41692 5.928552
41675 5.922481
41729 7.426836
34881 46.269112
39147 40.919025
42156 47.757072
42145 18.483025
42186 39.128811
41757 9.73889
41745 8.826924
41782 10.057524
39212 47.227486
36623 46.169197
41525 61.040268
42197 40.550068
41923 14.323605
42039 15.636782
41996 14.95336
41809 11.182751
41429 13.21344
41454 14.338595
41938 13.875933
41863 13.202719
41875 12.870789
41967 15.039179
41393 13.015361
40869 13.823318
41354 11.870992
41754 9.032989
41246 6.230078
41961 16.257839
42157 16.692654
41789 11.119073
42161 49.309811
41484 45.207127
41725 7.608626
41210 5.699378
41490 213.733383
41676 5.90015
41394 13.097954
41432 13.840178
40870 13.021306
35508 50.440212
39213 47.472519
41439 14.381892
42018 15.574155
41421 13.580169
41904 13.92571
39748 51.218918
41482 48.041786
41894 13.478063
42017 14.314273
42133 16.086281
41993 15.161527
41427 13.272779
41985 13.895838
41716 7.376941
41706 6.583619
41461 17.104843
40892 28.170347
42170 42.612717
41312 9.917465
41777 10.570073
41856 12.328386
40340 38.282646
39193 39.511669
40341 41.86982
41242 6.072767
41660 5.973172
35484 41.245941
42146 19.17531
33415 47.606339
41848 11.895169
34879 45.235466
41373 13.079036
39150 15.375805
40350 14.097542
42035 16.037994
41882 13.266286
37263 44.325447
42090 16.155323
42172 45.127773
33944 50.394577
41955 13.811295
42031 15.31544
42001 14.433583
40389 14.752116
41877 13.039778
37848 44.925671
42111 16.537153
41247 6.13019
40384 507.433197
42101 15.014226
41489 29.303677
41917 13.721686
41702 6.18295
41700 6.140202
42048 16.252159
41948 14.534545
39753 43.643642
37836 46.376568
34909 44.323898
41924 13.732866
41999 14.448444
39156 14.930735
42036 14.856652
41876 12.720763
41485 13.782569
41648 5.621894
39755 13.698597
41950 15.036767
42015 14.993292
40930 40.43877
38479 38.709949
41536 39.31316
40806 5.855364
41972 14.881337
41900 12.897505
41884 13.146563
41728 7.601245
41303 10.108574
41736 7.685153
41791 10.483908
35513 37.622162
41552 40.063465
42173 44.558723
42007 15.200706
42105 15.492329
41868 14.169437
41703 6.02675
41662 5.883591
40333 5.989923
39210 45.097965
39168 22.10309
41859 18.707834
41964 14.90683
41234 5.830183
41680 6.032126
40940 45.791313
39179 49.12252
36634 60.548454
33942 38.553192
41237 6.165378
40936 15.927689
41982 13.86349
32928 37.266243
42199 45.09124
37882 36.786541
41469 18.628914
41646 5.657506
41209 5.737475
41873 12.953713
41989 14.947939
42030 16.360968
41468 5.881117
41220 5.897668
42004 14.993548
41399 14.763534
41494 14.066516
38475 13.550668
41554 41.904358
41775 10.06753
40366 25.209291
42056 15.489363
41794 9.939252
38485 40.456802
40901 63.882847
42175 50.095211
42073 15.251966
41986 14.30414
42184 40.46196
42182 42.891045
40919 56.459671
42019 14.633352
42181 167.110153
41843 11.522089
42151 38.198132
40954 51.150841
40860 43.94355
42117 16.585249
42155 41.76133
42063 15.565985
41434 13.44843
40343 40.471245
39785 43.860992
41558 42.983368
41998 14.819008
41755 9.060532
42008 16.935959
41750 9.158817
34882 40.76038
41690 6.061422
41956 14.314273
41878 13.062278
41997 15.71678
39776 39.171051
41500 51.043526
40913 182.095062
42106 15.949592
41669 6.136102
42120 15.528358
41893 13.732866
41682 5.948758
40812 6.014665
40371 13.886728
42179 14.681964
41947 13.369862
