324
150.3763 -11.92783 115.4384 0.028669447676927622 0.39463655936314845 -0.021411226821515694 0.9181402987288565
42196 56.589481
42019 13.869243
42182 36.182446
42147 47.398811
42049 14.465741
42076 14.432419
41455 44.927895
42149 39.975189
42024 13.981344
40860 42.466522
39750 43.332714
42060 14.707033
39749 43.386005
40351 45.310349
41524 42.07679
40920 38.831863
42140 17.971361
40338 43.180958
40923 45.672417
40918 39.744129
41860 11.691979
38430 52.552025
42102 15.269131
41913 12.350657
42065 14.810678
41962 13.223015
41926 12.667805
41969 13.756976
42034 14.053129
42041 14.735581
41966 13.40348
41684 5.002686
41843 10.679714
39147 41.682106
39785 41.292343
41490 253.777435
42184 38.757439
41745 8.012875
41749 8.193848
42044 13.952605
41757 8.850003
41551 51.437984
41559 47.571743
40390 37.822048
42050 14.487275
41942 13.16919
42059 14.534029
41870 11.6178
41914 12.418285
42038 13.810672
41484 42.961559
34881 46.956829
40343 40.866356
41998 14.174798
42045 13.816028
41838 10.400984
42161 51.297531
41874 11.918335
42157 16.013121
42186 39.665802
41558 37.038013
41454 13.3034
41429 12.32521
42091 15.223884
41981 13.87955
42028 14.195887
39212 46.447468
37263 40.443146
41938 13.381533
41482 49.515522
41961 14.879498
41461 17.137758
42145 17.294422
41552 37.415337
39193 44.474148
41421 12.203578
41394 11.771126
41692 5.010596
42146 18.565678
41951 12.962979
42018 14.546131
33415 48.856445
42035 14.748844
42039 14.713321
41923 13.420959
42023 14.260381
33944 45.963669
42090 14.730744
42043 14.155318
41985 13.3898
41400 13.243892
35513 38.21859
35484 39.482311
41479 32.004368
41373 12.878861
41554 38.114674
41789 9.86472
41818 10.258081
37848 45.422493
35508 39.362389
42031 14.097549
42048 13.935902
39150 14.43278
40384 1979.432373
34879 36.291214
37836 43.40617
41431 13.002156
41956 13.502003
40389 14.060068
42079 14.880735
42072 14.71073
40930 35.876015
38479 40.139946
41424 12.916394
41702 5.223112
42106 14.544748
41300 9.453984
41806 10.167188
41354 10.696463
42109 15.475631
41480 14.736437
41682 5.139469
39168 20.140535
40366 24.601606
37839 43.729298
41893 12.880931
41469 16.597799
39755 13.543977
36634 42.112789
41536 37.633312
42030 15.887857
42052 14.586126
41242 5.31912
41700 5.223056
39156 14.150767
42036 14.618278
32928 33.113026
42199 38.177921
37882 42.559021
42016 14.440247
41915 12.194128
41900 12.125394
41950 12.88831
41494 13.689619
41947 12.7162
38485 41.26524
41963 13.25392
42124 15.741637
42151 37.261433
42159 153.337662
42097 14.85607
42117 15.422718
42155 41.498779
40342 45.455658
41940 13.31467
41910 12.040085
41865 11.826049
41434 12.425316
41755 8.222005
41658 5.027902
41675 5.002067
41422 12.784151
39748 57.290474
41996 13.820516
36623 40.151623
39213 46.459362
41875 11.804773
41414 12.345176
41432 13.083017
41676 5.004586
41246 5.238987
41955 13.1615
42012 13.414508
40870 12.019923
41959 13.153376
41993 13.855194
39776 38.114674
41791 9.412895
40892 27.426214
42053 14.880735
41876 12.121721
41794 9.217661
42007 14.077415
41669 5.290708
40901 442.695129
42126 16.890415
41541 35.063801
41468 5.171977
41872 11.782603
42037 14.355371
42004 13.113927
41247 5.19169
40371 12.843799
41972 13.314007
42179 14.284424
42111 16.209677
41303 9.444408
