342
164.10899353 -12.27148819 126.114852905 0.026428082519069446 0.4688521029593808 -0.024568968207114777 0.8825393066635443
42799 160.707077
42376 138.907532
44613 20.245783
44170 657.419922
43682 133.260986
42395 123.953598
44614 20.606375
44563 15.518585
43696 43.229462
42390 557.704102
42377 531.248962
43692 32.514011
44178 28.550961
42803 23.558857
42806 27.880308
44605 19.236652
42801 20.757191
44526 14.498819
44185 18.22508
44547 13.951333
43723 43.173618
44279 214.752579
44189 777.521606
42836 521.519287
43265 467.084869
42394 195.31308
42827 43.639744
44277 27.599718
44163 20.606073
43703 33.071293
39557 407.026398
44627 20.624712
42378 22.822912
44278 21.229073
44641 23.025377
42386 22.154991
43258 23.766598
43277 27.737698
42891 21.56262
44691 23.910679
43323 23.165359
44569 15.415811
44126 14.483079
44602 19.25853
44630 19.506828
44013 10.471443
44096 13.627937
44188 21.470392
43694 24.245504
44462 8.224412
41918 247.467621
44732 411.617218
41891 111.625137
42375 30.20496
43241 15.306839
44471 8.857459
44179 25.420412
44628 31.577209
43353 225.265854
42387 21.433832
42814 22.469114
42383 20.496395
42930 20.288378
44646 24.623358
44219 27.517075
43705 18.719913
44531 14.287557
43247 25.979097
43623 12.516422
44643 19.369972
43693 21.803164
44004 8.971488
42893 30.203236
43734 3775.278809
44204 19.65798
44214 22.913502
44603 18.668236
44218 58.584915
41911 27.402781
44488 10.840687
44652 231.845596
44542 13.664888
44272 23.610538
41341 21.289963
43702 23.124277
44193 29.781395
44657 58.795929
44581 16.436775
43298 218.026398
41932 158.362488
43263 25.40465
42855 39.264301
43731 26.737146
44478 9.765215
44663 19.214184
44229 32.375591
44283 135.571198
42443 282.348541
43329 21.912447
42923 25.85202
44307 19.972445
44257 90.558022
43774 221.370712
44700 24.077591
43281 21.208086
42388 11.777025
42441 20.175837
43209 10.53515
43598 12.419336
44469 9.17833
44005 8.987093
44250 21.641287
43743 572.8479
43211 10.42459
44671 41.77232
43710 27.098125
44578 15.726005
44702 22.5168
41395 29.113436
42477 25.668362
38967 23.887249
44747 241.445587
38933 23.248987
41342 21.065859
44701 22.304522
44714 53.016674
43283 25.20739
43328 18.778927
42811 19.858704
44135 15.520406
43308 44.869167
37673 24.030256
43806 343.485626
43302 21.166801
44675 40.587132
44010 8.857101
38372 22.378271
42416 32.343105
44721 24.285006
43341 6268.52832
30973 29.998413
44683 24.726091
42507 21.301247
36394 22.046343
34087 24.323936
38968 21.259563
39545 20.927874
42465 119.911232
39534 21.183359
37622 22.591379
41917 19.728735
44666 56.051506
40064 23.075706
43738 47.443081
43307 25.331478
42833 19.254969
44160 21.766468
43700 29.071451
44577 16.171965
44592 17.278963
44495 11.616391
44638 29.881037
44166 22.746147
44161 28.933821
44434 7.560366
44239 20.199511
44167 20.782972
44199 22.811516
44431 7.699279
44300 23.051289
44466 8.933559
44203 16.898056
43722 24.290951
44650 616.985901
44155 16.272629
44180 30.607368
44212 23.265768
43716 22.102783
44455 8.664633
42415 32.303123
43586 10.694489
43726 25.859022
41887 22.995901
44447 8.299366
41896 330.850769
44144 15.833169
44656 22.529861
44713 19.955185
44100 14.384523
44586 17.254173
44256 26.488268
44387 6.600371
44222 24.676895
44015 9.992806
42834 26.659134
42906 318.888123
44452 9.225677
44708 24.285028
44607 18.553528
44512 13.120552
44261 26.245659
43362 22.080532
44481 10.561819
44470 8.991897
44003 8.874139
44718 43.498943
44679 47.822529
43275 60.784344
44460 8.570937
44322 282.260712
42823 20.019291
44094 14.149199
44141 16.709873
42913 20.740715
44290 22.085678
43745 28.99658
44473 8.892258
44266 185.023865
43303 20.822977
42853 20.653559
43269 20.02169
42854 42.034733
