356
25.2 -2.41 -218 -0.0323 -0.494 0.0157 0.869 
42325 130.171356
45283 16.848356
42306 936.719116
45292 16.81543
41816 634.811462
43158 737.68811
41792 150.993195
40907 359.123352
45294 17.369093
45289 16.923208
45088 11.198839
45033 10.290902
45251 15.054823
44061 31.167419
45326 31.105587
44083 29.355562
43143 578.167969
45322 33.233295
45205 13.903786
43212 520.237488
45267 16.83741
45284 16.642452
45130 11.620888
45114 11.387435
44508 11.096809
44906 9.207704
43578 38.535175
45231 15.111501
45207 13.826722
45323 27.769236
42678 28.352476
44707 28.274961
43277 2193.443604
45279 17.106848
44665 30.985073
45288 17.647348
45327 15.297786
44944 9.43025
40958 575.965454
42782 301.763947
44181 208.731155
45286 16.743887
44659 16.959728
45067 11.033739
45137 11.742035
45091 10.817676
45001 10.124711
45306 18.849554
44938 9.285826
44168 53.022427
42330 2031.356079
45336 28.191484
45192 13.361386
44392 9.491963
45337 16.631838
45388 36.416924
44525 10.832605
44548 11.676579
45321 18.742844
45273 16.982315
44933 9.600019
45262 17.239067
45243 15.453345
45072 10.805486
45203 14.327175
44581 11.402225
44687 497.572388
45342 29.12826
44097 29.883286
45250 14.894889
43626 38.363827
42724 228.19632
45197 13.687746
44712 35.403763
42709 29.356241
43663 121.021896
45053 10.704205
45107 10.846325
41893 128.402542
41845 168.99585
44063 17.337061
45093 11.164226
44946 9.398104
45133 12.28717
45011 10.320251
44649 13.651081
44388 9.476091
45259 16.334663
44959 9.573786
45032 10.489371
44986 10.215706
41833 54.324741
43284 13626.650391
45372 260.374725
42342 801.770081
45276 17.736492
44709 9.559241
45311 16.915611
45048 10.955059
45142 11.554029
45100 10.920555
45193 13.07651
45356 261.156433
45352 27.477127
44114 35.104893
45035 10.453076
45290 17.152409
42726 38.278721
45126 11.140594
45179 12.924761
43241 180.552139
41901 53.305065
44164 58.791573
45301 18.03747
45146 11.555406
41365 9.243144
45123 11.217421
45077 11.129362
44613 12.055011
45134 11.432129
45000 10.336003
45261 15.266781
45190 14.004594
40911 17.675716
44127 33.620399
43638 33.890266
45363 30.707127
42250 15.345141
45227 15.108175
45236 15.072207
40377 523.540222
45021 10.521316
42223 53.897766
45204 14.331137
45042 10.726334
44675 31.26779
40337 126.145119
44864 8.267565
44106 28.974749
39683 149.296295
43255 38.550381
44073 17.567743
44971 9.774922
45317 19.09697
45016 10.217649
41877 125.395317
45300 16.267355
45028 10.601031
41400 345.65451
45171 12.064894
39066 193.23288
44716 34.487545
45316 17.67557
45097 10.985165
44602 11.398966
44462 10.135818
45108 11.194249
44353 8.287213
41815 17.920189
45302 17.411194
43667 242.191498
44705 134.380554
45376 234.907486
45003 10.782888
42693 9.181004
44734 18.867336
45046 10.487275
40956 15.13623
45196 14.707596
41797 9.270404
45139 12.852299
45260 16.040749
44082 11.991575
44402 9.523152
42232 15.144587
42689 13.261365
