365
179.5573 -14.31261 135.5048 0.024459554657869118 0.5020843906766449 -0.021203532883413055 0.8642125924898705
47253 220.854858
47804 138.088913
48180 10.848868
44158 496.444305
44524 378.315094
42729 279.736511
48232 15.99223
48103 9.709777
45017 329.905396
44079 142.064941
42722 165.559097
48094 9.50724
32913 219.200485
48175 10.545437
47681 9.734068
48279 22.744192
43632 109.099358
44160 315.121796
48186 11.122091
47747 370.37149
42769 169.523712
44525 130.640015
48127 10.01002
48122 9.895905
48052 9.557064
48181 11.174771
48250 22.320396
47795 18.300716
47791 21.154461
48220 14.559255
46516 22.89739
48297 798.342834
44540 48.453083
48282 22.062389
48187 10.940094
48003 7.906973
48215 12.531044
48253 22.957823
48194 11.626334
42775 453.929443
48292 274.595428
47992 7.766382
48126 10.114829
48020 7.93939
46563 22.188744
48148 11.11552
47750 40.214935
47749 25.802282
48252 29.267481
43660 567.219177
44539 23.977537
43313 296.716003
48219 15.037318
44641 125.040985
41490 155.40918
47677 9.83762
48077 8.812201
48206 11.675887
48006 7.797074
48151 10.102977
47648 9.233747
48049 9.522096
48112 10.092451
47711 11.307497
48229 14.734488
48142 10.776411
48301 24.019348
46551 237.846237
44181 973.481384
48005 8.010298
48264 29.723543
48059 8.86889
48042 8.618201
42743 118.563408
48044 8.633697
48189 11.144226
45456 30.290401
47685 10.042962
44176 165.425385
44616 113.958923
48274 150.379944
47716 10.6323
48207 11.984323
48028 8.395981
48167 10.785856
48085 9.319022
48258 21.142487
48256 21.407204
48217 13.172837
43659 31.418161
48047 8.383621
48082 8.552851
47800 25.388702
43287 158.520615
44204 104.983284
44184 419.143158
47669 10.107805
48023 8.27259
47777 48.228237
48068 8.909975
48196 11.599607
47130 9.798036
47169 10.409897
47672 9.740847
48074 9.118334
48078 9.282248
48029 8.739326
41471 414.140686
48268 21.483032
47709 9.847938
46562 20.502317
47773 21.595472
48174 10.07666
48036 9.024913
48169 10.968828
48000 8.023901
48290 164.755829
45994 263.891418
43292 147.554764
44581 29.952072
48062 9.018818
48203 12.438798
48054 8.697826
46570 31.742636
45149 135.814758
46603 276.592865
48205 12.33387
47156 9.805109
48158 9.791117
48140 10.492361
47728 11.637136
47106 8.238899
48017 8.336451
48153 10.284052
47734 14.997417
48149 10.22974
48235 19.39097
45961 19.517921
47216 22.646368
48018 7.715322
48170 10.732166
47991 8.854075
47964 7.225874
47793 117.791443
47957 7.062718
47666 9.388818
48179 10.588819
48066 9.255616
48281 23.407879
48053 8.508292
48069 9.410306
48143 10.06609
47094 8.187604
47988 7.743085
47197 39.94627
45491 159.580292
48166 10.968828
48227 15.732161
48118 9.346208
47199 20.032995
48216 12.56069
48014 8.014744
48209 12.270817
48043 8.763597
43750 182.87645
43280 27253.300781
48081 9.118334
48013 8.291672
47191 25.893503
46557 263.891418
48046 8.35008
47702 10.869477
48092 9.433084
48272 137.780304
47673 9.800062
48055 9.421984
48269 190.211441
46548 38.762882
48222 17.585793
48010 8.159335
48276 177.236206
47771 20.009197
48061 8.330122
48110 10.190606
48212 12.348026
47757 34.330643
48056 8.065971
48064 8.826029
48097 9.390943
48090 9.741653
48165 10.552674
48048 9.390033
