380
50.5 -4.87 -231 -0.0328 -0.542 0.0288 0.839 
48335 16.254353
47869 180.981827
48374 110.615944
48120 9.716477
42306 760.936951
48382 66.02636
48378 9.640273
48254 13.087075
41792 139.273132
47873 27.751215
47871 25.170172
48121 9.777623
48351 16.242285
48340 16.016775
48108 9.425595
41816 362.216583
41427 144.840363
48389 27.556122
46881 24.165094
48295 14.259396
47881 24.560001
48384 23.705732
43574 118.227875
48465 344.903534
48288 14.923634
48392 28.009127
48395 25.770449
47754 13.50453
47339 11.133333
47326 12.221093
48300 14.870403
47768 14.114573
47375 13.822598
47733 13.160702
47407 30.310064
45891 112.066414
48323 16.09111
48089 9.339523
48332 16.79002
48174 11.310276
48409 53.975647
47684 11.203685
47892 24.197348
48404 24.342703
47882 25.271494
47932 25.234638
47933 27.454021
48394 27.268806
48124 10.339693
48092 9.563743
48231 12.053855
48143 10.802181
48152 10.726347
47648 11.103606
48237 12.812945
48212 11.999484
47773 13.743469
48396 33.178425
48299 14.544415
47895 35.546455
48356 17.31888
42782 272.357666
44181 1109.561279
48411 336.442657
47896 102.239098
47909 166.431274
48191 11.394753
48337 16.522142
41819 110.961945
48408 93.159325
48412 22.638638
47891 27.52799
47941 26.057667
47732 12.149705
47962 424.79306
48276 14.434381
47645 10.721494
40963 640.251953
48128 10.123691
47787 13.922549
47626 9.20194
47268 10.064857
43692 864.418579
48355 17.168291
48414 31.903711
48235 12.938995
47743 12.974964
47422 28.423737
48352 17.369871
39107 236.720184
46889 25.052942
48123 10.466886
46890 23.968531
47351 12.44009
48081 8.912007
48341 18.600266
45890 31.115341
48239 12.058152
45326 14.429565
46872 10.055971
47469 15.660151
47886 13.454171
47945 38.829964
48398 68.769295
47858 16.37335
45934 144.190811
47433 119.541023
42679 35.413242
47428 137.299194
47944 25.191141
48331 15.399431
47352 12.212749
47911 27.146637
47423 26.227772
48102 9.779747
48150 11.106091
46883 12.068195
48126 10.267216
48188 11.166871
47728 12.863299
48246 14.040793
47432 14.007343
48219 13.398417
41400 277.075623
48370 16.312508
41893 149.725754
47714 12.216273
48223 12.507436
46358 10.146369
47912 88.447769
46383 37.741344
47922 23.450798
47789 16.820707
45940 13.624779
45335 14.281484
45331 14.548947
48452 143.568146
47663 10.222116
47913 65.733826
48441 41.125202
48353 16.362038
48196 11.525623
47346 12.306572
46403 142.03952
47270 10.023344
48251 13.208471
48192 11.048391
48407 90.499947
41845 148.039795
48427 24.980282
46425 17.126503
44665 15.466425
46412 91.330383
42334 124.432098
40942 129.341461
48218 12.01722
47721 12.88831
47725 11.863052
48247 13.147963
40907 332.810211
48367 17.309721
47401 25.061026
48229 11.957884
47780 13.774474
48255 13.8958
48357 16.736385
48112 9.37257
48273 15.036927
48325 16.423532
47321 10.78271
44737 156.840942
42235 37.319904
48234 11.919697
47424 26.317778
47635 9.45366
47365 12.351428
47828 15.705235
47975 76.222488
48453 436.427429
47753 12.835244
48248 13.05055
43255 18.268967
47435 141.566116
47643 10.563874
46923 122.636955
46874 11.211568
47361 12.071614
47451 60.972866
47385 14.448108
