386
193.47416687 -14.49733448 142.354812622 0.03462139032598901 0.5625413788109376 -0.03426690425721437 0.8253328635950538
43681 431.929993
49017 99.496552
49564 248.406647
49958 102.789368
46361 167.125549
41880 214.129791
49961 19.966785
49959 79.08165
49887 12.980707
49563 123.739838
49059 128.171875
49473 98.931526
48938 58.594646
49963 20.579945
49810 9.601892
49965 51.48365
42390 441.06543
42799 112.328087
42376 103.240593
49536 95.029579
44297 89.438774
41369 122.485565
49476 20.740318
49742 8.231576
49811 9.509063
49934 18.930473
49833 10.275876
49982 72.717079
49973 70.370461
49900 13.03001
49466 13.926366
49861 11.17486
42836 559.226685
49981 19.158081
49844 10.403267
49787 9.17153
43682 96.759979
41351 94.603432
48948 50.883194
49921 18.812796
49987 19.703117
49993 19.760778
49971 20.444807
49952 19.023573
49794 9.582779
49775 9.012411
49846 10.849522
49850 11.143747
48418 25.807945
49885 12.49529
42395 95.280533
49835 9.95428
49768 8.556749
42377 391.638031
48956 33.053562
49951 18.581528
49018 113.38105
49771 8.990783
49888 12.821988
48966 53.117786
48988 93.86438
49940 19.65769
50043 21.03054
49741 8.452222
49819 9.636865
49829 9.891088
49353 9.049762
49430 10.615583
50005 70.076134
49467 14.219569
49471 16.11768
48968 114.654396
44317 370.544373
41918 265.263855
44732 291.271912
49508 149.482559
45772 86.101952
42918 131.447235
49433 11.605718
49984 21.223787
47982 127.182251
49919 18.350992
49515 20.408356
49497 22.503294
49944 19.223469
43334 2090.197266
49363 9.743089
49896 14.091879
49827 9.860737
48424 24.969894
49874 12.067668
49328 8.339689
48387 9.51308
42494 115.939728
30994 239.858688
49970 19.39784
49914 18.340603
49495 18.760231
48800 9.055208
50014 22.016359
48963 20.824514
50011 20.684202
50052 19.313173
49938 19.124748
49755 8.612648
49769 8.544941
49985 19.425077
49941 21.138388
49788 9.149698
49822 9.5745
47468 311.948273
49517 65.483688
49866 11.547214
49950 18.048601
49816 9.957729
46924 28.020805
50017 67.061844
41891 141.138199
44284 394.558167
45775 224.172379
43698 30.490532
47450 111.47718
49854 11.044683
49335 9.127197
50032 54.083679
50037 138.913605
48000 102.17411
49920 19.490543
49024 9.677975
48898 11.50197
48808 9.459836
46362 9.798973
49351 9.576969
49843 10.332139
48932 12.826533
49042 14.158064
50022 146.872192
48986 65.595985
49550 33.059757
49510 103.734749
47448 114.555115
49039 42.354637
46393 30.340332
44704 92.142105
48461 119.310799
49949 20.21364
50033 20.681828
49905 15.932324
47950 8.985274
49717 7.876403
47961 273.495514
49053 82.231766
49783 9.156837
49979 19.756411
49726 7.828193
49493 19.053814
48416 20.457304
49709 7.73519
49472 76.923309
49539 100.366997
49864 11.169946
47953 20.493006
49947 19.36405
49814 9.54425
48352 8.250357
48372 8.655462
49995 64.17791
49880 12.355012
49744 7.937618
48431 19.837223
50047 19.928944
49901 14.342887
49749 9.2571
49777 8.794114
48815 9.762231
50064 65.200623
49498 36.199566
49740 8.044246
50002 18.732752
48811 9.614656
47960 8.888978
49438 12.66065
49824 9.854799
49832 9.51053
49820 9.986442
48457 130.377151
49530 78.000481
50010 21.757444
50051 21.375299
49758 9.29228
48396 9.282703
49923 18.171785
50027 69.50927
48917 11.294705
44314 360.735046
49006 27.539928
48458 24.004366
48483 12.345644
50069 68.810463
46952 86.427155
49782 8.903135
