389
195.649490356 -14.68265152 143.177764893 0.030290701718969214 0.5722690855373287 -0.031567383169485944 0.8188980812332343
50605 362.195923
43681 527.30072
50491 18.191652
46361 297.271606
49965 47.168026
50600 393.153503
47961 419.641754
50607 69.15876
50620 76.686417
50679 101.745186
49053 112.741913
49566 115.051163
49473 95.504807
49535 97.698616
49059 120.491432
50549 18.431683
50557 19.082191
50538 19.089914
50537 18.725391
50561 18.947786
50352 16.255175
50250 8.28598
42390 640.704163
50682 103.287193
49982 73.251419
49973 69.93644
42836 2841.171875
50678 681.734802
50357 16.077686
50626 304.38208
41369 136.812576
47472 1382.843872
49536 128.961884
50478 18.274691
42799 116.109322
42376 123.804977
50609 167.945496
48938 50.503193
50536 18.986444
50527 19.085432
48946 18.747961
50464 18.383272
50162 6.981679
50263 8.562547
50501 18.525354
50687 29.887506
50309 10.373348
50243 7.836685
50303 10.410857
50734 2162.812988
49861 9.29088
50704 75.125038
50618 71.917404
50688 63.681046
48956 32.009533
49998 136.783112
49983 337.551514
50322 11.481682
48937 111.020142
50454 18.814348
50504 19.241287
50482 18.974993
50686 91.596504
50555 19.093523
50542 18.662571
50558 18.616358
49934 16.5026
50270 8.482696
50317 11.3184
50272 8.767796
50614 685.451111
50259 8.383533
50257 8.206365
49811 7.495504
50159 7.06436
44732 407.863007
45772 93.881027
50354 16.316338
50497 18.460081
32698 171.677811
50732 109.836266
50637 87.447762
48949 76.799568
50587 19.833845
50418 17.386749
50572 18.814634
50193 7.380233
49964 7.389319
50285 8.594114
48948 54.307552
48418 24.524738
47457 31.449282
49900 11.032565
50336 13.996552
43265 366.438873
50689 31.359821
41918 195.193008
42394 171.51088
49930 17.341322
50567 18.835758
49018 139.966919
50693 123.814629
50638 11.441754
42494 113.795547
50481 18.27663
50463 18.457626
50556 19.354334
49547 79.103317
50421 17.15658
50344 15.187618
50340 15.11445
48424 23.507618
50236 8.223178
49892 10.666529
50005 90.896347
48457 164.252945
50318 10.946006
49466 11.686836
50488 19.102772
49449 9.933818
48966 59.567539
50540 18.445604
48965 27.965399
50197 7.383142
50474 17.815075
50568 18.612947
50027 73.40638
49864 9.131462
50506 18.447842
50698 75.033607
48986 70.918236
50298 10.634892
50265 8.282376
50591 20.142324
50664 887.493896
50596 20.824411
49471 15.123846
50312 10.996256
50198 7.591177
43806 1637.658081
49880 10.265859
50284 9.656736
50694 184.713715
41891 126.681145
50665 789.459717
50663 75.584663
49510 118.212463
50670 64.971802
49020 29.593885
49336 6.329347
50622 158.005875
47451 127.365921
50579 19.317175
30994 425.604492
50713 29.162909
48994 18.123493
50668 68.291527
50701 81.169075
49530 79.303864
49039 38.981087
48000 93.558746
50657 55.852821
50495 18.10586
46924 24.89608
50666 23.609837
49878 11.362877
44314 641.25415
49888 11.017921
49032 72.914131
46956 124.59935
45775 220.947083
48461 114.796379
50525 17.828732
50475 18.9937
50069 180.944443
44704 81.114639
49034 162.541763
50677 875.743896
49883 11.338763
50712 76.283836
50032 53.810986
50055 82.192383
50510 18.634912
50320 11.428555
48805 7.434879
50341 13.784207
49959 113.496559
50323 11.400281
50204 7.432208
50183 7.234931
50168 7.03195
41880 385.118042
50462 18.562613
50547 18.144442
50276 9.18386
50623 19.819445
50165 7.104646
42377 345.184753
50685 137.484985
46978 98.137993
50493 18.087061
50518 18.643024
49810 7.383889
50516 17.864681
50469 18.558149
48968 123.191307
42918 115.683105
50645 70.92141
50413 18.243626
50496 19.065691
50508 18.170095
50428 17.990774
49846 8.592056
50245 7.845661
50333 14.136096
41351 93.156593
50305 10.62618
50494 18.423006
50532 19.162376
49437 9.009867
50646 320.077576
49885 10.022561
50296 9.702514
47473 11781.111328
50153 6.836417
49496 20.055996
50692 157.365662
50423 17.957697
50252 8.225712
49787 6.985136
50447 18.006128
50550 19.183058
50507 18.780231
50304 10.001825
50335 14.170733
49874 9.915212
48387 7.354564
50674 224.469543
49849 8.309868
44284 376.185974
47468 700.035156
49562 162.885742
44738 89.995872
45767 111.514381
50673 49.001976
50293 9.265029
47965 9.108769
49871 9.798437
48458 22.902182
47448 120.331604
50584 18.91839
43698 34.596901
49468 13.696942
49453 11.409119
50671 309.394806
48808 7.093598
