39
-0.638193846 0.04551864 33.870544434 -0.002715881572846951 -0.020220354361366082 0.003831920349901159 0.9997845156048453
6057 41.147854
6391 14.581387
6464 41.326202
6468 29.890461
6476 31.677948
6111 83.33577
5601 41.152386
6430 16.089521
6409 14.905378
6466 26.875202
6434 15.580785
6478 46.775925
5188 57.12709
5599 23.863504
6529 39.152454
6377 14.061719
5594 14.364382
6531 28.721682
6397 13.750047
6363 13.059836
6300 8.479536
6360 13.625481
6314 9.896144
5550 12.793095
6114 41.19323
2696 42.078186
6336 11.053931
4755 30.157478
6446 17.031075
6534 37.432652
6060 45.074917
6494 30.920536
6075 40.830883
6365 13.433621
6190 4.801821
6256 6.977667
5608 26.749311
6312 9.834364
5956 12.696305
6389 14.180544
3108 43.938686
6440 17.893854
6059 41.942001
5610 33.253311
6069 19.757187
4760 31.271793
6477 34.922737
6270 7.434953
6491 12.062166
6080 46.332241
5617 39.515358
7 59.244095
6537 22.995609
6480 54.092663
6352 12.024615
5857 4.775764
6091 21.968128
6067 17.539356
1548 41.53896
6499 20.281282
6119 30.4928
6285 7.83508
5939 11.19609
6319 10.270359
6310 9.611804
6342 10.880922
6014 15.180429
6419 14.355581
5988 14.985543
5584 14.623395
5620 23.806158
5630 24.470726
6004 15.303279
6101 39.112183
2377 40.582981
6090 16.311502
6087 26.211748
6294 8.287408
6496 37.304996
5531 9.510487
6508 42.283707
5631 35.094612
6073 37.879578
4752 16.351194
5633 38.630825
6432 15.245485
6383 14.578675
5206 26.434015
6447 17.891359
6318 10.12052
6301 9.101138
5937 11.262194
5637 76.738319
6321 10.371612
18 37.661098
6555 24.852282
6131 10.311988
5533 9.944777
6055 39.152695
6326 9.978408
6354 12.899752
5200 27.48807
6102 43.703266
1508 31.489676
5649 32.687744
3712 41.880039
6135 64.882179
6125 66.199821
6109 31.278801
6309 9.272131
16 31.700089
6331 9.809282
5935 10.158129
4765 11.431177
6126 34.618027
6353 12.521136
6551 46.289349
5539 11.822215
3124 32.509933
667 52.141224
6378 15.839171
5494 4.615772
6863 15.12972
6420 15.125972
6820 13.830848
6825 14.092082
6795 12.919909
6839 14.558153
6897 17.617752
6787 12.715602
6703 8.926841
6728 10.200228
6860 15.006047
6761 11.494849
6845 14.675034
6775 12.278434
6797 12.934937
6804 13.15232
6824 14.017795
6874 15.440625
6829 14.236083
6895 17.225529
6871 15.318304
6786 12.681624
6853 14.828836
6869 15.235024
6837 14.553749
6585 4.609978
6586 4.617843
6621 5.707687
6614 5.353384
6800 13.066608
6641 7.299577
6647 7.470804
6790 12.755678
6876 15.520482
6652 7.636016
6749 10.869486
6684 8.182192
6715 9.610102
6762 11.541103
6827 14.181557
6878 15.583289
6890 16.505646
6902 18.759289
6683 8.172388
6772 12.131368
6755 11.144177
6896 17.526989
6767 11.697104
6768 11.736717
6753 11.085102
6834 14.357626
6821 13.868304
6826 14.158853
6814 13.410074
6620 5.688574
6613 5.344572
6650 7.604749
6617 5.429989
6532 28.505844
6760 11.388003
6886 16.177197
6646 7.46686
6649 7.592601
6721 9.94129
6299 8.22618
6710 9.46559
6066 41.085022
6906 19.94622
6693 8.586491
6769 11.926587
6750 10.906806
6765 11.627577
6851 14.809828
6830 14.245888
6673 7.886944
6758 11.361573
6763 11.567659
6665 7.749842
6675 7.940196
6594 4.763798
6689 8.460927
6770 12.054175
6630 6.713083
6657 7.699223
6574 2.785601
6901 18.628094
5928 10.283232
6351 12.207631
6842 14.580717
6907 21.513638
6655 7.684734
6771 12.11267
6625 6.457504
6905 19.432093
6887 16.221395
6716 9.61035
6714 9.590826
6806 13.199672
6733 10.262889
6739 10.287563
6133 74.47567
6840 14.562627
6366 13.205793
6875 15.808415
6854 14.867896
6809 13.24035
6844 14.657825
6083 21.962315
6819 13.757285
6843 14.621526
6812 13.263207
6898 17.959925
6870 15.274529
6741 10.457095
6813 13.3399
6805 13.196545
6712 9.54949
5940 11.142378
1956 37.304996
6864 15.163971
6811 13.254971
6740 10.38671
6341 11.33343
6778 12.402793
6836 14.459137
6852 14.818109
6862 15.056537
6724 10.167058
6866 15.18071
6904 19.026958
6132 30.045963
6706 9.016711
6759 11.379066
6900 18.245077
5586 14.739002
5237 38.649399
6802 13.13078
6694 8.592695
6796 12.929116
6756 11.19881
6835 14.397325
6734 10.266606
6855 14.878321
487 41.366047
5973 15.662237
6598 4.804644
6879 15.686573
6822 13.924503
6903 18.95248
6725 10.175725
6861 15.020281
6726 10.178237
6764 11.623685
6856 14.893344
6859 14.988753
6596 4.781033
