392
197.839614868 -14.845032692 144.043869019 0.026381424287110898 0.5791976175274459 -0.024703399750717378 0.814385585790828
50900 8.282568
51002 14.36378
51123 17.848864
51106 16.486961
51112 16.720757
50858 7.621869
51076 16.068573
51100 16.405266
50996 14.112094
50960 10.8606
51009 14.589092
50961 10.887279
51092 16.254375
50588 24.574947
50895 8.205601
50885 8.003503
48874 120.466858
47426 531.827393
49912 70.119469
50867 7.771258
42336 493.128754
51105 16.472141
50929 8.928504
50700 132.536423
50017 130.440079
47413 233.516678
50869 7.840038
50034 92.375336
50612 50.267715
49918 61.427029
51093 16.266428
51074 16.041985
51114 16.778679
50597 98.555336
49919 92.768723
51068 15.948425
50703 65.856537
50678 74.030251
49917 131.9841
48867 82.210472
51082 16.138155
51056 15.793641
51069 15.964875
51052 15.762381
51014 14.654544
50994 14.087236
50856 7.612188
50850 7.438781
51010 14.59959
51018 14.732231
51101 16.427271
50842 7.241358
50345 13.370318
51025 15.048811
48955 211.727295
50592 252.526001
51043 15.61248
50624 117.363647
48878 49.970245
50839 7.19273
50832 7.033657
49448 111.554535
50615 62.247765
50874 7.933249
50848 7.338237
50919 8.738632
42786 1635.338379
50673 78.398201
50865 7.734738
50951 10.127121
50923 8.834975
50944 9.45485
50928 8.903135
50986 13.171048
50877 7.947195
50704 69.711487
50909 8.47043
49383 94.957817
51040 15.562075
51090 16.240702
50478 15.901443
46925 94.383377
50053 100.95179
51062 15.869305
50482 16.360653
51038 15.516538
51059 15.854308
51048 15.69926
50793 5.805233
50854 7.581985
50959 10.849781
50860 7.633565
50982 12.535447
51020 14.467537
50871 7.897572
51022 14.979993
50912 8.508902
50340 11.32973
47897 305.619965
50623 213.177307
50988 13.70994
50809 6.632005
50883 7.994127
50920 8.747553
51000 14.309116
50980 12.421407
50992 13.921451
50706 142.694656
51055 15.792158
50787 5.449453
50352 14.41247
50927 8.887161
50949 10.032117
50868 7.825256
50917 8.719008
51046 15.639651
51088 16.20499
50447 16.065809
51047 15.650391
50899 8.261429
50936 9.234155
49925 67.154045
43629 95.120682
42322 112.174301
50631 102.23745
50890 8.076562
49393 81.697487
51049 15.705089
51102 16.442865
44245 115.334312
51050 15.729316
51098 16.370991
51051 15.761603
51073 16.03853
50786 5.447406
50372 14.767108
51007 14.564665
50851 7.548942
50366 14.074154
50630 49.48851
50861 7.644537
50873 7.92613
50985 12.804755
50989 13.804592
50285 7.446774
51016 14.674016
50794 5.808987
50466 15.665686
50904 8.354332
50315 8.878451
50711 71.68602
51027 15.127107
50870 7.846882
48967 112.296303
50898 8.235596
50652 114.524124
47910 104.492661
50650 76.84697
50682 118.06411
50527 16.927397
49943 16.905096
51064 15.890143
49926 26.541355
51001 14.363699
51011 14.607348
50998 14.181398
51110 16.582888
49394 52.745403
48361 20.528631
48930 26.957233
50298 7.921359
50293 7.894312
50338 11.648601
50328 9.292504
50310 8.733092
49939 69.599167
43213 293.005676
41854 561.799438
42341 72.769577
42340 194.012192
50837 7.173787
50931 8.983272
50907 8.388118
51004 14.455018
51125 19.126865
50449 15.638014
50798 5.850848
51085 16.170431
50312 8.418705
42438 109.644714
51028 15.290768
50908 8.431477
47903 102.712059
49405 91.250328
50688 101.565369
51087 16.193817
51061 15.861927
49409 45.558712
50640 44.175888
50046 28.836067
51012 14.61187
50556 16.532331
50327 9.295082
43283 422.545837
48445 12475.479492
50690 63.826984
49418 66.881729
50710 77.735031
49973 465.868378
47415 450.371918
50957 10.60106
50878 7.948711
50984 12.688169
50651 130.794739
50462 15.870544
50790 5.773023
49988 64.04715
50050 140.415695
49459 79.105293
48904 160.595306
50933 8.997044
50319 8.794182
49969 42.21582
50410 15.739393
51067 15.924004
49431 112.053558
48369 21.570311
51006 14.533347
50498 16.714249
50541 16.007509
50577 17.799009
50314 8.842855
50323 8.832782
50891 8.102167
50897 8.226719
50952 10.210782
50913 8.516336
49457 25.237646
44688 82.703003
48912 98.286858
50324 9.456195
50003 130.486328
44256 112.016991
47921 85.487602
50001 66.753769
47392 117.260704
51115 17.229292
49999 65.151123
48959 29.721457
50654 65.460068
50669 86.617546
50715 86.373665
39494 335.890991
49437 609.933655
51042 15.593377
51029 15.32918
50492 15.59524
51066 15.919398
50536 16.753435
50954 10.315725
50978 12.010741
50339 11.446271
50888 8.034543
50947 9.936141
50671 137.26506
50337 11.652405
49812 9.011836
50910 8.474596
50958 10.817584
45740 246.449539
49991 121.006332
50797 5.845677
50601 147.803757
50598 95.968849
50371 14.603352
50607 27.881777
48432 106.459099
50277 7.546313
50045 714.48877
50600 220.486771
49937 142.86319
50723 65.360344
50496 16.025227
50188 5.381783
50550 17.523445
50504 15.874727
50191 5.469684
41300 76.255898
50484 16.187592
50564 17.28326
50153 4.969408
50287 7.638321
44679 1094.170532
44680 317.373993
50038 122.214462
50238 6.464439
50509 16.86305
50422 14.80316
50657 87.93335
50152 5.015932
50279 7.800191
50288 7.543723
50472 15.938963
50309 8.668329
50269 7.193893
50499 17.239117
50431 15.51199
50653 28.474016
49994 2832.301025
49804 8.578759
49796 8.429568
43752 485.531128
50156 5.014125
50303 8.744987
50435 15.685846
44260 332.548798
50662 49.77206
50467 15.83454
41823 116.430794
46882 20.358889
49985 18.867868
49474 609.933655
44240 131.748596
50326 9.376583
50698 67.809486
49990 87.353027
