414
217.063323975 -16.552312851 149.524414062 0.04019224823721515 0.6184635415672997 -0.02421322290920284 0.7844113402864726
56680 108.914101
56218 67.645508
56668 50.780651
56670 52.858681
54969 78.864098
56678 50.948513
55689 47.180115
56679 111.601593
54561 421.452118
56568 10.217428
55852 49.751392
55030 169.112869
56425 109.799232
55681 57.319695
54848 46.619671
55784 49.684826
56393 75.650848
55377 76.601776
56223 28.927362
53497 424.63681
56671 127.262543
56767 22.19231
55786 58.1147
56427 49.248051
54434 76.832092
54855 51.198269
56579 10.157804
56124 9.743029
56770 31.558691
53471 862.188599
55776 107.338173
56366 40.403004
56549 9.75558
56509 8.081655
51729 490.405762
51539 85.46344
56363 89.820518
56699 205.460678
56391 84.392365
55399 163.028442
55290 74.276176
55476 72.00425
56239 30.143593
52621 46.827667
53683 119.368835
52483 44.950478
52224 87.174042
54410 65.959488
55690 48.772766
56806 44.632008
56123 9.621809
53472 40.179314
56653 18.655073
56226 9.870026
53488 518.368896
56714 419.586304
56814 316.962128
56190 14.45805
55274 25.061842
56572 9.608699
52980 44.793835
54163 80.604965
45717 351.694427
52985 117.113647
53493 92.424408
56511 8.340013
55282 316.707214
51130 83.26297
55940 88.189194
55294 52.863079
54623 121.73008
56540 9.735142
53491 99.037994
56398 41.520218
56784 24.078093
50601 91.980606
53598 84.976799
52247 44.570919
52047 85.815704
56780 53.483978
54844 49.551647
56818 48.907433
56597 10.171162
56119 9.973643
55654 9.957502
56571 10.054992
56375 1149.740845
56713 121.169693
56728 108.131447
56662 19.533051
56643 14.994036
56171 10.667603
56599 10.409936
55683 27.350317
51999 44.355633
52015 105.872467
53496 55.305565
56733 81.232933
56696 239.145065
50034 81.631584
56776 80.791618
50700 119.917877
56074 7.545585
50017 156.519577
54441 49.576214
55332 187.942673
56710 132.767807
51686 125.39006
53947 46.695778
41285 111.920738
55639 9.96358
56400 345.316162
56547 9.715206
56578 9.724483
56136 9.783891
55677 7.521678
53456 10.631579
56198 15.050345
53961 69.874878
42323 370.684967
51245 82.396088
52016 52.619961
53927 17.87323
56533 9.705546
56541 9.817593
48877 55.668228
46925 76.722557
53117 94.752007
56638 14.697349
52989 56.262573
54466 477.696442
55480 351.606812
52528 30.927425
55826 42.009426
53123 34.522419
53521 128.730515
55836 54.123325
55491 77.405273
56603 10.268433
42750 92.403564
55638 9.803436
41854 491.753967
51160 100.020386
56575 10.171325
56636 14.365583
53624 76.17083
39494 173.348587
56109 10.19052
56646 14.951951
53942 28.17016
52645 62.809597
53024 45.728333
52076 72.675468
53714 53.505836
52541 182.220474
52626 115.663345
56722 20.140184
54878 23.312489
56290 51.512257
53026 51.571247
50612 30.550823
54811 10.936128
55279 8.866352
56159 10.048866
56113 9.507596
53665 54.103954
51187 69.559517
55009 45.782894
55338 109.347343
56439 92.873192
51243 81.75692
55234 10.552464
56639 15.108949
55794 118.249886
54508 251.073242
52657 48.392895
55754 294.050415
52549 89.215736
56582 9.949156
55082 82.195038
53143 43.754761
44232 226.818802
56631 12.853027
56629 12.537068
56758 39.866772
50618 61.518078
56343 17.937147
55831 25.549797
48878 27.751274
55825 88.277466
53672 450.260162
52216 15.359208
56378 103.170143
54483 111.807922
51569 19.841515
56311 54.859066
55334 47.179939
52679 154.439209
52106 38.102554
49459 53.770885
56044 7.52134
54809 10.262126
56359 26.012728
54169 66.113319
55766 380.924957
46915 66.531013
54164 80.182068
50715 89.704735
56580 9.965926
51242 84.000519
54012 93.000374
56596 10.237657
56661 19.772997
56592 10.046593
55787 121.449242
56545 9.597095
55383 30.702377
56523 8.661708
54393 201.389709
56253 136.002747
54863 53.907372
56148 10.653983
54521 6159.087402
55804 100.060966
56493 7.609641
56130 10.015882
54406 46.433201
55250 12.906504
55387 75.821571
51545 48.007824
51246 100.981491
54531 100.702042
53014 51.612743
56127 9.889177
56206 19.354797
53594 36.14064
56102 9.064903
56084 8.211713
51571 41.88446
56480 7.631129
56542 9.810798
52642 128.847412
56567 9.63261
56274 10.116828
56215 102.768372
56438 68.199112
56497 7.233558
55633 8.493242
55736 86.282417
54979 51.210655
56598 10.438702
53511 38.835423
56111 10.100783
56615 10.824517
55859 158.394089
56496 7.358666
53630 81.631851
53229 52.098873
54817 11.945141
56616 9.847648
53899 7.223624
51144 308.87561
55738 97.734703
53506 1507.959839
55757 16116.799805
56538 9.888931
56611 9.549375
56160 10.066596
56659 19.048933
56282 27.038616
50678 58.819347
51250 87.750473
55868 67.08168
55935 48.885406
56521 9.081387
52039 134.406158
51702 103.146683
50043 90.373718
51259 47.289742
56635 14.254954
56315 96.899513
55637 9.685961
51200 71.941032
54949 54.12125
51217 106.102661
56565 9.699439
56640 15.159518
56432 99.510384
47903 80.789558
55914 17.100191
52191 57.286858
50650 58.314301
56067 7.505366
56608 9.988398
56524 9.366348
