420
221.6448 -18.03413 150.3821 0.03844981018974953 0.6203663097445713 -0.02666515010673951 0.7829152084357922
58624 46.253101
57354 39.176006
56312 351.762634
58237 314.98111
55275 376.900452
54783 247.123322
55468 82.751228
58630 35.587296
58214 17.263367
52497 151.630707
58550 10.206474
52872 77.833168
53959 99.498108
58222 103.181458
57816 210.070755
55746 208.669418
57359 96.757774
58231 42.396206
57981 720.937683
54361 446.241669
58354 49.367699
57908 42.697529
58638 42.559021
58626 45.490501
58168 8.235216
58563 12.083973
58588 14.350942
58576 12.675017
57008 445.209198
56229 117.023003
58586 14.26791
53337 757.984985
58320 40.303249
58322 101.784126
58618 121.590515
58661 109.635254
56170 167.070587
58212 15.809006
54344 23.737413
57356 67.331345
52879 39.957207
54912 39.610626
58266 490.235382
57378 23.826481
57831 51.211071
58207 13.263734
56587 132.410675
53470 43.760792
58651 8.971792
55441 68.135811
53838 85.803528
53370 66.003021
58610 17.355659
55739 436.367432
58519 8.303675
56519 23.44595
56517 46.498825
52612 662.875854
58264 91.128868
57357 99.063873
53469 173.877853
58674 455.541382
56556 179.637863
53032 76.015816
53111 68.153358
58591 15.273335
58206 13.52223
58594 16.374975
53119 103.286354
57912 15.901882
58665 91.386902
56523 46.035648
58236 11.669504
58513 8.488218
57348 12.504665
57360 36.652348
58532 8.821272
58572 12.163762
57408 380.9021
57829 162.3423
54477 501.38327
58247 19.996155
58385 38.585522
58530 8.805638
58613 18.024567
58656 72.411102
57812 14.015367
58198 12.668847
58810 44.685085
57557 40.7136
58751 293.107117
58754 317.358124
51458 83.325928
58396 109.150459
57867 162.192505
58756 110.438232
58672 79.502815
58283 62.869919
58329 79.239044
56174 39.604942
55374 24.306572
53960 63.024826
54574 40.752926
58812 66.557861
58208 13.28378
58676 94.563988
51473 46.034313
56535 45.935741
56618 151.823532
52928 80.065804
42769 107.985718
57401 94.636566
56282 192.020416
58607 19.195366
56145 12.664299
58614 19.080528
58781 24.56012
55370 42.446369
55780 442.232666
54351 426.662567
57887 106.166306
58682 147.58905
56138 17.577396
58169 8.429193
58203 13.597617
58175 8.816826
58507 7.880445
58265 36.487232
52918 37.50827
42775 218.16124
58233 41.764214
52925 80.261627
57844 438.174103
56157 68.46788
53574 70.601852
51577 141.124084
58223 58.809269
57838 100.824959
52484 69.655518
55838 317.808838
53087 44.785622
58666 154.91629
55772 46.751472
51583 97.927628
56616 206.82753
58342 274.153809
58549 9.901128
42722 70.180305
52940 85.306717
52551 23.975817
52439 95.179855
55300 75.867325
55410 106.846916
52946 62.04644
58648 97.28624
58570 12.214746
53559 224.477478
54984 128.795792
58699 100.720413
54944 83.619034
58537 9.708782
54057 133.967346
58604 17.194418
54937 28.066381
57874 41.90588
58180 9.072518
57388 20.861458
58415 35.9907
58784 38.870132
56561 38.45723
58593 16.113077
53897 42.144371
58795 139.406128
42767 77.451775
56201 292.304321
54861 49.316704
51537 45.30938
55416 203.612717
56941 106.811417
52052 62.930668
54528 64.759109
56570 608.23938
46584 400.632111
50409 85.84877
57863 140.882996
58186 9.152191
58582 14.491391
52068 123.85463
57495 87.913261
58709 89.745941
48823 97.818634
58697 87.516907
49770 95.093796
57335 9.131279
58194 11.274031
56328 27.934397
50317 24.979324
53354 12.852833
56204 49.546814
56938 41.067619
58311 121.471016
56151 17.066181
56916 39.649826
58611 19.640713
53036 81.47892
55864 478.380219
53945 353.741791
51475 68.73468
43632 78.751625
56529 23.808613
53388 31.912209
58512 7.408486
58574 13.596285
55830 19.501976
54938 79.703514
55316 63.277138
58575 16.728273
58403 85.859215
54954 253.757156
54410 58.018593
53435 93.703705
52515 77.733124
53433 116.42012
58765 28.194988
55385 19.723925
49822 72.405319
58693 26.218513
57412 25.020712
58378 31.894096
53113 25.569088
58809 60.292908
44641 69.751495
58343 94.959946
58379 74.643753
57791 9.392658
52532 171.875305
57352 13.077399
54969 157.784042
49846 85.979248
58543 9.871943
49781 23.883835
53507 88.308464
53545 79.612831
58714 119.184273
58551 10.167977
56609 13.985532
56950 43.144577
58705 44.563568
55363 2592.902832
52464 46.30555
58376 26.246906
58313 23.996021
41490 194.738068
54444 94.993324
58597 18.605389
58720 21.12912
57499 44.79747
52478 95.338829
58211 16.444649
52069 54.314053
56230 79.50692
50348 84.929634
52171 91.380989
48798 71.668213
54031 44.270439
58757 55.814529
58870 8.041933
59042 21.111067
58972 12.685272
58871 8.095205
59022 17.239653
58999 16.132584
59025 17.503773
58627 35.13364
58942 10.782317
57481 40.193935
59020 17.150532
59041 21.03735
58622 44.403866
58930 10.402756
59037 20.224472
59043 21.208511
58962 11.861767
58913 9.581305
58896 8.855817
58935 10.565017
58885 8.521468
58245 32.652447
58877 8.358505
58887 8.584471
57006 98.447235
58865 7.825839
51462 122.011337
58868 7.890644
58899 9.04855
56968 43.242268
57910 41.369282
51530 56.143188
58953 11.552063
58939 10.640968
56273 126.164543
59021 17.201078
58980 13.478302
59036 20.223248
58950 11.83698
58606 17.080275
58883 8.477159
58914 9.655518
58528 8.666329
58892 8.769884
58918 9.959361
58874 8.234186
58977 13.263734
58734 42.900314
59039 20.584532
58961 11.84747
55378 115.984734
58845 5.209033
59026 17.643255
58888 8.616662
58799 118.152527
59023 17.315998
58884 8.504247
58663 96.857025
58903 9.298118
59007 16.713127
58979 13.416421
58601 18.309475
58599 16.343283
58890 8.713386
58927 10.345218
58886 8.552467
59044 21.544331
58921 10.023392
58937 10.578112
59034 19.511024
58882 8.469103
54358 51.930153
58658 17001.388672
59032 18.66781
58998 16.125088
58964 12.04283
58904 9.338133
58365 85.597076
58905 9.381043
59013 16.993246
59003 16.457861
59014 16.994883
53981 54.712299
58881 8.465665
58947 11.308765
57778 8.523962
58934 10.54169
58775 8.041653
58952 11.549269
59015 17.01239
58179 9.37657
57952 49.937431
58304 438.174103
49332 84.893158
58956 11.597091
59029 18.006372
58856 7.118345
40926 423.970551
47793 71.146278
51466 23.869381
52079 195.051361
58975 12.924209
58864 7.713525
56975 13.441939
58547 11.125141
59017 17.060587
58364 71.276451
58936 10.574078
53560 41.843334
59011 16.904219
58919 9.989207
58907 9.44047
59012 16.992973
58990 14.5764
56275 143.918747
56226 608.23938
58394 40.483402
57811 13.846735
58901 9.116753
53081 123.957535
58976 13.0375
58534 9.259848
58957 11.652919
59033 18.978678
57478 78.404976
58906 9.385494
58721 77.695557
51507 42.348282
52489 68.785309
52167 69.517639
58349 345.518158
58944 11.134329
52973 113.357773
51524 172.366333
49771 25.028158
59040 20.786203
59038 20.24814
58312 149.141998
59024 17.469368
55475 68.846832
58717 26.246906
53383 24.979324
51516 180.863266
52937 32.122231
53513 80.366508
49820 44.79747
55411 64.211334
55004 34.711319
58933 10.461109
59005 16.638506
