44
-0.825736642 0.057460327 37.372692108 -0.0037283822850839345 -0.02340025234011037 -0.0005644260824838979 0.9997190649273189
7279 23.351711
6055 38.589859
7169 11.4436
7368 63.125225
7148 11.10281
7272 34.298935
7267 20.128916
7275 20.559273
6829 11.015904
7202 13.238528
6052 34.521667
7218 13.741388
7252 19.367077
7213 13.537408
5188 54.678379
6111 88.22657
7299 157.369553
6464 37.959057
7176 11.94486
7062 7.364612
7190 12.93437
7070 7.620044
7363 27.271677
6955 26.69713
7212 13.585544
6053 37.011997
6918 36.729939
5603 32.30896
7361 21.050776
7346 20.384705
7296 27.927423
7348 37.901283
7284 39.494099
5611 27.99147
7268 18.310162
6975 37.947945
6466 22.413441
6890 12.37126
7174 11.636508
7228 15.587306
7352 73.040779
6114 38.758385
7094 8.613103
7292 21.808443
7207 13.77854
7194 12.467764
7 57.757374
5608 23.937946
7106 8.855329
6896 13.916508
5619 20.19068
7354 67.858757
7353 47.313347
6902 15.465144
6761 8.0159
6974 20.378098
7154 11.28491
6772 8.586816
7269 19.815077
7137 10.679965
6886 12.746282
5617 32.916321
6075 34.737904
6563 36.33815
6120 43.655342
5613 36.852722
7310 55.188763
6916 53.320728
6790 9.197994
6473 42.306385
5637 66.552277
7287 28.455515
6119 28.975014
7323 35.310055
6762 8.033951
6351 8.483342
4760 29.01725
7109 9.154104
6875 12.51805
5620 20.618887
6101 35.582508
7317 36.752686
7225 14.43351
6446 14.065518
7198 12.694173
6060 38.580364
7105 9.304603
5237 38.433254
6526 38.041149
6354 8.919531
6957 19.733303
6921 21.659151
7257 18.841835
6508 36.319859
7329 36.530998
6807 11.640062
7216 15.079984
6440 14.093615
6546 28.577686
7110 8.990095
6073 31.547716
7214 14.215622
6945 11.65479
6893 12.696838
6551 39.644009
6132 25.039902
6125 64.69445
1508 29.015858
6906 14.701721
6961 33.18198
6976 40.654171
6813 9.551328
7276 39.334103
7107 9.135667
7298 39.017494
6827 10.664074
6728 6.603185
7124 9.743328
7057 7.145595
7294 24.102768
7263 21.920805
7223 15.317749
6066 37.429234
7205 13.659157
7040 6.640702
7122 9.844991
7112 8.757312
6443 15.209226
6434 12.785136
6755 7.695897
7056 6.95833
7113 9.169093
6931 18.918009
5193 38.788452
6489 18.924099
7080 8.074354
6516 61.552662
7078 8.011358
5630 20.940502
6814 9.707951
7325 37.88184
6767 8.366489
7170 12.240128
6537 19.662058
7074 8.051054
7355 22.48642
7315 69.182114
7130 10.632095
7180 11.77244
6090 13.771711
7120 9.432127
6555 21.017019
6952 20.490541
1956 32.521503
7357 36.191208
6087 23.244093
5206 20.226936
7100 8.823098
6799 9.688695
