473
269.1826 -22.2424 156.3491 0.03374025246481273 0.705878734029285 -0.03288992805128888 0.7067637942351077
67022 91.730141
66587 97.295929
67010 20.358368
67024 38.955021
66893 9.900001
61782 184.991516
61378 234.119339
67106 79.36879
65444 127.209
67046 75.981705
66171 132.052719
66923 11.51462
67017 20.760855
66813 7.453861
66809 7.43737
66951 14.853082
66894 10.000628
67019 22.305422
66967 15.914435
66994 18.851009
66682 43.937469
66983 17.015398
66247 166.065674
66866 8.6814
65778 601.313293
66610 375.757446
67047 258.930817
66580 27.052122
65762 42.413479
66870 8.987703
65451 159.472092
67057 157.287704
67002 19.142939
65075 20.941746
66958 15.498776
66992 17.94574
61781 42.223679
66924 11.847603
66829 7.74233
66881 9.547437
66847 8.383793
66830 7.64129
66915 11.318946
66505 10.189326
66973 16.412941
66613 42.3699
67036 40.779228
66980 18.286013
66858 8.687613
65758 29.496284
67150 269.017303
65510 395.615173
65757 28.912907
66701 377.38205
67052 76.283836
66623 241.58107
67065 200.94281
67011 20.501093
65842 27.060825
66959 15.496185
66605 18.372488
67116 33.966583
65772 65.634628
65483 20.687943
66434 7.514949
66848 8.382553
66947 14.46299
66601 23.15345
65888 29.926523
65486 18.921843
66553 15.260837
65774 39.406845
64393 43.699207
65761 27.614422
66182 32.83437
66464 8.639117
55881 339.536896
62672 39.764912
61349 45.334934
56134 122.836235
66184 81.754814
60504 123.509987
67141 102.152748
67072 391.348389
65864 198.400894
54331 311.672668
65777 74.569687
66946 14.06925
66792 6.620018
66261 876.076172
66209 667.790405
67118 388.404114
67073 247.727066
66837 7.935808
64673 26.72016
66265 161.520554
67147 448.653625
65484 19.931883
66922 11.496066
66542 13.114604
66919 11.560855
67076 579.13031
66913 10.949895
67117 24.058672
66899 10.015424
66935 12.381414
65518 27.97587
66170 34.897022
64314 28.006964
60458 171.288818
66266 1085.519775
65775 31.596378
67075 247.948334
66634 363.892731
66191 22.8057
59525 98.475861
66259 185.732803
66575 17.586184
67157 40.975796
65847 43.762753
66960 15.7098
67079 169.523712
66618 67.384216
67081 31.353552
65783 78.868996
66075 7.735643
67086 145.144943
66988 19.171228
67014 20.748508
66636 19.070444
66069 7.556002
66827 7.671662
66163 13.96425
66917 11.420959
66765 6.121173
66745 5.797781
66383 6.235473
66168 15.470042
66930 12.280012
66936 12.658745
67013 20.548428
66193 25.138746
66516 11.35607
66637 28.632967
66573 16.158836
66100 8.689633
66510 10.712975
66633 26.730562
66638 122.726433
62725 118.442879
66294 118.60881
67085 32.368992
65779 353.963623
66228 308.006653
66640 91.220177
66639 32.138489
65521 109.266434
65884 24.913759
66891 10.168987
66653 105.436508
66626 71.680756
65155 435.037109
66690 289.551941
66642 46.810062
63981 37.849323
62218 29.838352
65807 79.000969
65447 309.515442
66219 242.640335
64680 26.940536
65705 7.683517
66644 75.359962
66986 17.532965
66643 142.421814
65723 10.54204
66511 10.621354
66895 10.128462
66918 11.393929
66818 7.611677
66875 8.949979
67092 236.900131
67082 508.057404
64722 29.371109
66468 8.822017
66564 16.385666
65877 27.848335
61302 34.122276
66968 15.208643
64687 49.043983
66284 38.50153
66291 39.788582
66650 26.645039
63536 40.527294
65157 42.07233
67093 155.26857
58682 109.524628
65159 114.449814
66975 17.167456
66233 87.221939
66234 256.685699
65080 19.834389
63940 31.004438
56556 105.233818
58683 132.512924
66964 16.051554
66926 11.152447
66155 12.601444
66885 9.844167
66035 6.122229
66102 8.604954
66956 15.641365
66576 18.454529
66508 10.9242
66124 10.400967
59060 39.480591
67099 383.985657
66937 12.541092
66987 18.964281
66220 27.221815
66663 63.490826
64369 39.874531
66495 10.143849
66697 38.538216
57816 69.801903
66965 17.238436
65887 136.500839
65826 58.956417
66146 12.118102
66543 12.464912
65886 28.363747
65722 11.059909
67015 20.897295
66877 9.605319
66907 10.556868
66904 10.526749
67001 19.795311
65067 41.629913
66761 6.103264
66909 10.726093
66823 7.669948
66874 9.381799
65756 44.489105
65787 39.921661
65763 39.468323
66593 26.954773
66169 29.350882
62673 43.805016
66718 81.300018
66790 6.763297
66754 6.00853
66824 7.704099
66445 7.621773
66892 10.449335
66981 17.945765
66982 17.982761
65874 269.017303
66840 7.849725
66808 7.550935
66789 5.955771
66451 7.705866
66920 12.317673
64394 43.235348
66603 31.986797
65859 178.24115
66581 273.530853
65512 29.016157
66591 876.076172
66067 7.62266
65724 11.555343
66914 11.054296
66430 7.664708
66427 7.346974
66431 7.684995
66763 6.122229
66774 6.326144
66882 10.091569
66952 15.086675
63921 47.31934
66094 8.33332
66816 6.895954
66871 9.46126
65664 5.893825
63538 149.732819
66884 11.569407
66054 7.375795
66974 17.489504
63933 30.434561
66723 22.339792
65800 39.833508
66722 28.07029
67007 19.759031
66541 12.996208
66868 8.953749
65716 9.091014
66659 166.662796
66753 6.031748
65072 11.464115
66887 9.313691
66852 10.79847
66654 44.034664
66467 8.232729
66241 87.221939
66811 7.605699
66041 5.8138
66566 17.374083
66921 11.541271
66120 10.095387
66507 10.409986
66939 20.143827
65852 23.938589
61819 41.83424
66661 29.984602
66501 10.035573
59087 54.411789
66906 10.632523
61308 30.560526
66512 10.971368
64390 420.642487
66249 70.643677
67016 20.244009
66671 27.059126
66672 29.084766
54536 170.034378
54354 38.896202
66440 7.772123
66433 7.624958
