481
275.8616 -22.87783 156.3361 0.03982118231196093 0.7030334311537422 -0.028438198559379818 0.7094713080753665
62251 223.254196
67794 9.737396
67018 76.000801
67951 20.3904
67510 66.022064
67935 18.593077
67934 18.075207
67902 13.367139
67754 8.062052
67777 9.063286
67758 8.276347
63990 274.547913
67493 474.315613
67495 306.771606
67494 150.021118
67153 65.63887
67502 37.443359
67941 18.20512
66171 129.096909
67899 13.574798
67492 33.427135
67024 33.84222
67442 13.228793
67885 13.481078
67913 13.738177
67104 37.149822
67832 11.148247
67910 13.578601
67107 35.374573
67742 7.880782
67736 7.888938
67788 9.377539
67761 8.355464
67919 15.199724
67714 7.163652
67879 12.851714
67798 9.482678
67708 7.078484
67847 11.427732
67819 10.37367
67845 11.641403
67028 40.14299
64678 216.890747
67854 11.482336
67033 358.188965
67500 20.965357
67036 34.82019
67898 13.713315
65451 141.381729
67717 7.292946
67697 7.018239
67749 7.987033
67784 9.195676
67782 9.489013
67373 8.418873
67920 15.491818
67101 21.80002
67826 11.020167
67880 11.192912
67399 10.507118
67807 10.35188
67496 34.340019
66682 33.644802
67945 19.89373
66711 60.819859
67506 32.739059
67825 11.185381
67398 10.38176
65859 183.840042
67612 341.564148
65135 243.454315
67846 11.425284
65778 712.28479
67047 253.007706
67947 20.290182
67775 9.149831
67800 9.661144
67853 11.69452
60971 298.965118
67113 36.277115
66251 35.728458
67017 13.53634
67900 13.375613
67020 13.821065
62673 33.756588
67403 11.063445
67774 8.908094
67297 5.166498
67692 6.933296
67740 7.82689
67673 5.191436
67682 5.883052
67796 9.622582
67413 13.163389
67516 8.930871
67719 7.255614
67435 13.200248
67402 10.812886
67829 11.352192
64393 38.60358
67789 9.443005
67841 11.687342
67927 16.962831
67518 32.751133
67817 10.547083
65762 35.371223
56134 161.643906
65773 37.588978
66216 375.274445
67613 181.118622
65510 773.637817
67878 12.941836
67417 11.3368
67722 7.430897
67063 67.607697
67508 234.387238
66701 414.844116
67065 278.358521
67960 21.713596
64308 70.833397
65759 63.129227
67836 10.903452
67745 7.750551
67681 5.90021
67779 9.405053
67671 5.1811
67787 9.20723
65757 22.491299
65487 23.754795
67926 17.690491
67809 10.175318
67851 12.295182
67696 6.909013
67757 8.018318
66182 29.269167
67711 7.063472
67512 184.825958
66261 576.868042
67861 12.278327
67956 20.189299
67484 15.38073
67072 8621.885742
67073 265.951294
67961 20.315067
58658 21.385607
67541 41.002254
67954 24.272566
67040 24.307781
67965 21.12891
67936 17.583942
65761 21.12701
60504 93.444473
66247 164.944122
67477 15.228411
65888 21.289642
66981 10.779992
66618 55.696304
54331 357.12384
68082 739.578247
66613 32.983685
67889 13.331666
67451 13.416818
67001 12.605097
66184 59.005177
67366 7.774169
67674 5.21235
67677 5.91993
67780 9.252366
67743 7.827595
67792 9.535498
67814 10.309192
66994 11.48026
67892 12.383733
67886 12.848476
67603 206.697937
67734 7.808565
67752 7.970121
66983 11.025477
67537 17.368713
66603 23.876829
63921 34.122093
67938 17.972075
65512 23.083193
65772 58.323406
67964 20.170156
67922 16.043829
67147 916.242554
62672 36.359165
67559 21.299109
67813 10.383126
66980 11.256424
67931 19.381796
67019 15.960276
67762 8.663119
66992 11.552904
65521 166.035278
65075 13.776477
67449 13.448131
67906 13.684943
67849 11.59063
67655 4.769179
66640 64.801399
66211 41.798302
67363 7.754678
67365 7.854133
67799 9.718596
67785 9.300868
67822 11.407822
64687 38.685425
63981 35.215668
67781 9.475696
67859 12.408682
67967 17.87499
67093 397.285889
67389 9.520326
66653 134.882935
66626 72.735405
66638 161.460999
67092 319.708954
66162 7.506305
67369 8.166313
67881 13.074128
66708 64.276649
59525 113.374977
67821 10.536006
67888 12.039548
67914 13.253311
66177 13.684943
67055 23.184813
67939 16.151028
66191 15.574002
63933 20.521532
67116 37.807407
67672 5.159723
67728 7.724039
67415 11.360031
67766 8.828971
67097 61.597446
67598 73.555183
63940 21.670645
67312 5.278188
67848 10.865218
66654 39.923416
67857 11.85634
67815 10.6006
67569 80.21347
67824 10.658561
65486 11.616349
66294 147.719513
67075 896.214966
67010 13.790539
67818 10.75742
67805 18.481384
65887 124.264084
56570 281.372681
58683 98.153168
66233 82.845695
67741 7.940998
67713 7.914463
67572 43.772102
66639 23.262529
67523 192.071228
59539 28.137457
67332 5.865776
67587 25.465063
67085 28.458576
67933 15.80216
67943 22.005888
67314 5.151452
67470 13.389123
67790 9.695869
67982 385.53894
67970 68.432831
67942 20.158083
67977 55.396027
67498 358.606171
67976 35.10994
68061 376.945221
67971 409.078217
67999 34.917458
67991 34.973999
67893 13.539486
68010 88.079712
68007 75.540604
67573 432.562592
67046 75.507599
67978 21.602966
68020 34.117142
67396 9.784554
67443 13.266463
68012 21.892164
68067 42.002758
55881 306.408936
68021 10.051044
64394 38.07856
68073 46.199093
68033 32.243584
68087 37.523674
68028 65.091682
50886 301.477417
68031 68.419556
67039 21.3284
67988 380.99353
67786 9.512496
68039 37.723408
66722 23.712704
62725 116.97126
68042 43.671104
68040 24.942139
68032 66.032539
67830 10.805949
67438 12.671287
68036 56.606632
67930 17.87499
58682 91.876137
68076 22.845503
67388 9.252784
66697 30.655243
67564 115.952698
67011 12.913485
67866 12.290898
66988 11.659722
68107 89.889503
67016 13.790539
66989 11.735671
68047 68.559914
64364 110.938438
65137 24.634819
68053 32.617725
