483
154 -6.15 -281 -0.0399 -0.702 0.0221 0.711 
68124 19.744347
67600 50.256973
68139 20.646238
67856 7.123719
67145 63.09465
67853 7.087043
67876 7.441187
67879 7.502448
68056 13.622909
68068 15.84518
67940 8.921047
67970 10.022933
67992 10.414474
67126 551.791687
67955 9.628725
67526 11.634781
67836 6.375957
68130 19.861996
67511 11.438158
67524 11.821423
67599 243.571045
67720 33.426605
67623 76.11924
68023 11.784084
66354 100.237083
63956 125.118599
66665 31.893616
67800 5.566998
67891 7.732647
67812 5.727404
67832 6.249354
67913 8.03132
68057 13.296938
68073 15.779817
68072 15.670044
67950 9.366446
67140 33.975853
67612 18.326385
67141 30.521013
67857 7.159779
68007 11.017013
67613 29.10463
67956 9.59029
67974 9.971764
66668 35.868114
65489 337.748993
68119 19.985952
56312 500.958038
66673 339.142487
67916 8.295289
67633 21.974209
68037 11.990308
68043 13.17434
67628 32.198784
67973 10.513329
67880 7.52052
67407 6.382211
67867 7.386638
67829 6.112058
67897 7.989958
67981 9.934105
67873 7.185995
67860 7.314856
67910 8.139036
67472 9.322429
68052 12.188558
67928 8.447657
67132 34.70961
67656 18.00775
67455 8.009054
67888 7.777487
67953 9.705176
67971 10.020766
66751 142.876862
65381 32.938175
68117 19.190666
67947 9.089706
66687 416.968872
67920 8.25543
67081 11.77279
67042 9.108736
63194 50.993931
67648 206.370453
68059 14.195109
68099 19.028185
66644 11.746308
67083 11.5052
65453 31.323778
66740 19.5903
68143 20.896538
68136 19.234089
67803 5.218626
67875 7.336499
67426 7.396945
67006 6.055902
67401 6.163296
67831 6.228312
67453 7.84506
67900 7.768805
67912 8.190392
67989 10.004378
68050 12.224905
68079 16.773743
67866 7.395714
67154 30.152109
67878 7.701165
67476 9.522938
67489 9.774598
64793 118.916443
65446 33.688713
52589 184.365799
67729 378.55191
67968 9.993153
67990 10.617632
68148 21.604187
64003 52.578789
66348 33.556793
65130 182.747513
58730 88.754356
66659 11.944208
68126 18.74572
67810 5.755749
67805 5.617826
67985 10.380843
67446 7.748991
67055 10.225827
67883 7.359934
67437 7.68241
67579 15.634511
67874 7.645476
67478 9.526867
67919 8.361284
64411 33.083355
66704 8572.418945
65808 21.439621
67182 31.555084
67226 16.371513
67521 12.062648
59753 188.932434
66759 206.713074
68118 19.039394
67527 11.608873
64794 239.532974
67730 353.741791
67975 10.629212
68098 18.993267
67669 29.990974
64010 54.155807
65063 34.143375
66707 35.786652
67948 9.110174
67557 13.885863
65077 68.77227
66789 175.657516
67954 9.511755
67582 16.692259
68055 12.413995
67688 72.418121
67801 5.549542
59731 107.461693
63240 18.810022
68131 20.552685
65885 178.737839
67077 10.875387
67095 11.724923
67523 11.607791
68105 18.072788
67151 7.296742
68054 12.060127
67402 6.193745
67008 6.201287
67893 7.992613
67909 8.274773
67903 7.917066
67926 8.002407
67892 7.938908
68075 16.15637
66615 7.655357
67046 9.578067
67197 31.344189
64780 19.87418
67818 6.056266
67408 6.332585
65085 159.17627
68108 18.491234
67700 44.155769
67694 21.36701
68116 19.180407
67668 22.121262
67176 406.280945
67690 208.775757
66271 223.757675
66655 12.109748
68009 11.378005
67561 13.699469
66254 57.248898
67468 9.234927
67057 9.917136
68085 17.963787
55204 108.541763
54040 177.201584
67809 5.722738
68083 16.623348
66681 20.515965
63244 20.355886
68018 11.38441
66661 13.821065
64387 158.994934
67447 8.260703
66284 25.694431
66620 9.162068
66623 9.510166
67877 7.343703
67470 9.244513
68004 10.491113
67815 5.94946
67837 6.515265
65060 20.202675
66716 333.039307
64352 10.290197
67460 8.880903
68087 17.521015
67707 139.015488
67701 30.360277
65084 104.806549
60566 109.056259
65116 178.466568
66651 12.075895
65907 34.451618
68049 12.004656
67826 6.179809
66769 64.863625
66766 20.27717
67248 28.528641
67835 6.098915
67244 66.161194
67213 294.084473
67188 417.850311
67488 10.186801
52654 30.4827
67438 7.710769
67752 20.367052
63585 25.87077
67822 6.113059
66273 20.789948
67641 445.850037
42330 221.276215
66697 22.196577
67714 45.318596
67719 29.707205
68088 16.888529
52545 160.1922
59330 97.806961
66640 10.675046
65811 14.580014
67799 5.379075
65785 5.878047
63565 231.161957
68155 176.733063
68160 69.970345
53845 342.95694
68279 221.258865
68244 62.538044
68154 32.74387
68175 32.497208
67621 40.774254
67634 23.628988
68183 178.712677
68153 19.816994
68190 32.87508
67761 63.319729
68187 25.929028
68179 11.500532
67774 123.200867
67776 90.796272
67563 13.704702
68106 19.522301
68267 42.708298
68206 81.910889
68194 152.901978
65499 331.706268
68198 21.166016
67537 11.972425
61924 32.293926
67194 247.186447
68209 20.164072
68271 44.299934
68216 79.290001
67934 8.690543
67927 8.682873
66631 10.038909
68255 158.488968
68218 45.22113
65797 12.165976
67202 261.02359
67573 15.533922
68149 18.733719
66732 1577.742432
67494 10.065559
67498 10.011555
68258 65.655663
65433 79.762085
67406 6.330313
67929 8.825232
67949 10.18222
67507 10.982345
54022 337.219879
67914 8.826709
65058 10.279399
