493
284.6753 -23.6696 156.6761 0.03175615468635509 0.6874102803761825 -0.029866889382304217 0.7249597381864042
68559 233.66275
67980 256.348907
69393 10.61466
69430 12.076642
69252 6.519955
69402 11.139309
69290 8.174324
69246 6.520042
69282 7.958734
69535 17.937248
69532 17.247589
68663 196.945618
69314 8.389054
69069 29.696159
69511 16.188498
68567 58.937813
69158 88.620583
69501 15.222405
68560 60.49942
68662 57.854332
69342 8.862998
69367 9.42384
69369 9.842183
69072 24.554232
68555 46.860149
68948 10.012455
69394 10.766905
69512 16.031616
69201 4.356675
69383 10.175237
69293 7.695108
69327 11.208877
69302 8.417802
69446 13.105361
69528 17.42725
69540 17.012823
69019 15.182135
69064 220.659164
60971 462.441772
54331 309.613556
68572 130.262146
65444 102.895973
69467 13.768092
68565 59.616474
68650 222.407745
67033 255.182251
67524 59.927464
69313 8.221994
69361 9.861871
69370 9.818837
69483 14.721567
69502 15.415548
67510 61.101646
68569 63.619797
69443 12.497528
69429 12.388033
69412 11.466516
69205 4.50384
69207 4.609406
69243 6.120052
69307 8.501549
69551 12.553761
69292 7.755152
68927 8.636497
69062 24.622784
68972 12.249572
69081 26.496834
68911 8.424659
69351 9.107926
69448 13.074976
69138 23.285006
69546 22.19231
65859 202.584747
65451 143.52272
68060 367.414154
67602 304.996124
66273 161.876724
68580 323.378357
68061 355.743347
69140 45.785206
69455 12.871695
69334 8.757822
69457 13.054594
69033 14.914927
69341 8.737784
69354 9.807691
69441 12.114427
69415 11.427084
69373 9.866575
69091 31.017614
69208 4.494863
69200 4.249079
68839 4.576729
69231 6.139929
69285 8.178914
69316 8.300537
69438 12.780864
69287 7.851375
69032 14.973494
69522 16.812157
69433 12.467714
69079 24.052374
69301 8.523058
69345 9.046694
68629 30.04575
69426 12.755704
69090 27.040689
67506 23.198832
69148 14.710218
69547 21.616425
69421 11.838614
69014 14.875593
69296 8.459327
66171 153.056763
68595 192.634964
69534 18.222727
69260 6.77878
69329 8.726036
69464 13.219822
68607 60.720409
69281 7.947557
69413 11.284228
69459 12.543718
69235 6.016609
68442 7.964563
69299 8.238358
69321 8.298823
67990 13.926557
69262 7.517943
69306 8.408611
69398 10.58639
69425 11.883187
69093 24.441999
69312 8.794261
69322 8.199953
68884 7.026606
69527 14.936617
68489 11.455346
69454 13.229317
67492 24.113111
69311 8.663729
60458 114.924149
69153 210.349106
68508 12.536598
66216 198.785965
69174 194.532257
68086 215.591064
64721 46.671242
56134 116.177299
68010 100.939751
67079 109.913261
67531 26.361971
68604 78.899864
64671 44.076385
69529 15.484622
69331 8.646337
69280 7.791138
69028 14.204619
69020 15.119777
69476 15.114523
65453 18.148979
69365 9.604433
69277 7.831553
69203 4.396613
68841 4.659155
69234 6.078877
69286 8.149324
69272 7.648952
69259 6.692961
68023 25.76198
65773 33.615948
67552 186.158203
65485 12.785535
69468 12.901121
69111 23.603868
68953 10.400805
69447 13.239384
66682 23.89282
68574 14.97964
68515 13.319236
69018 13.656726
63538 188.949295
69332 8.745775
69417 11.48136
69338 8.547276
68456 9.755168
69347 8.991521
69340 9.179777
67047 420.963165
68989 12.505822
69432 12.757651
69510 12.570337
68585 24.255043
69100 23.940788
69120 196.722916
69440 12.626225
48848 201.223785
68582 64.063148
67512 218.238083
68988 12.15017
68492 11.60567
65519 71.342117
68897 8.216789
68470 10.444437
68637 66.19706
60504 74.02076
56541 125.340866
68611 72.153564
56272 64.210358
68612 81.232933
69294 8.057766
69198 4.407599
69213 4.578405
69344 8.712178
68471 10.801593
65777 77.527184
45994 285.650879
66234 264.017578
67140 12.842292
68910 7.775273
68651 231.432602
69507 15.691089
68457 9.818625
69397 11.512563
69310 8.824533
69357 9.148749
69399 10.823078
69544 20.456415
68073 36.780895
69494 14.31516
67518 23.16029
69537 20.066484
65490 12.12019
65758 13.086236
69122 117.628883
69115 5629.449707
68526 12.781327
67116 33.394787
67093 252.49588
69337 8.799964
69531 15.905546
65745 48.340214
69114 88.077271
59525 94.194366
69343 9.091431
69403 9.234887
68032 56.938713
69070 338.622528
69159 8.983412
69355 10.634909
69499 15.540186
69518 19.928833
69439 10.552551
69068 27.706957
68556 8.481246
69239 6.08441
68832 4.518596
69048 16.328321
67953 11.795204
68473 10.484903
69126 20.701195
67546 310.074677
69128 91.933998
66717 225.054276
69129 53.472042
67092 329.28952
66182 21.862354
69131 23.267004
69451 12.790905
68640 15.61763
68926 9.511626
69165 23.725351
69500 15.522066
69492 15.887489
68600 58.417435
66233 93.76078
58683 109.294647
69125 197.983353
68455 9.824839
69469 13.255607
69330 8.495034
68905 8.411713
69178 55.043331
55948 403.842468
69130 126.4478
67100 264.815826
68516 13.247442
69475 14.45355
69465 13.651669
69166 59.786831
69509 16.099781
69513 16.48756
69350 8.808534
69377 10.289081
66184 61.241894
68969 12.812351
68042 38.375999
58682 87.334702
66653 104.411911
69437 12.212397
68391 4.406571
68385 4.557303
69561 60.36599
69619 40.052597
69555 317.491028
69556 17.558004
69559 27.212423
67106 64.691154
69169 110.590904
69565 21.268286
69567 24.885933
69579 252.646576
69655 43.834198
69584 26.009317
66583 35.782818
69569 412.057953
67613 190.734222
69629 103.518715
69654 253.909348
69580 11.675511
69590 66.356682
69589 57.426739
69150 64.975792
69573 29.521379
69588 661.835205
69665 23.540298
69592 226.551743
68028 58.056652
69628 49.009727
68444 8.311097
68913 8.199953
69601 156.09491
69594 170.319427
66221 366.841064
69603 70.164215
67559 231.432602
58746 98.550751
69610 244.039078
69609 210.918533
69635 193.3535
68628 48.709911
68903 8.745775
69017 14.218424
68645 185.00769
68932 9.604433
69633 39.634609
69613 34.624256
