509
295.316040039 -23.427156448 157.696273804 0.03074394059447224 0.6730837786366205 -0.0372854725963745 0.7379856574393824
71479 11.341152
71576 14.948502
71414 8.696512
71630 17.197584
71461 10.24944
71469 10.540706
70331 179.460175
68731 58.220333
70244 8953.146484
71476 10.835988
71477 11.083905
71221 1215.125732
71604 16.052589
71488 11.800241
71509 12.456141
71620 16.663218
71613 16.205229
71442 9.376957
71400 8.198153
71562 14.587417
71569 14.662902
71387 7.9471
71483 11.573434
70725 94.376358
71669 20.808853
71527 13.459703
68829 200.988129
70726 429.113312
71407 8.492492
71421 8.911819
71455 10.019425
71170 14.499846
71536 13.85638
71405 8.373059
70737 215.876892
71623 16.784872
71376 7.554483
71478 11.297791
70226 34.301899
71378 7.614995
71099 10.282578
71567 14.62774
70689 15.922137
68727 53.932213
71523 13.374705
71540 14.058667
71572 14.829597
71633 17.494467
71169 14.487143
71175 14.344232
71189 15.733758
70992 7.631978
71654 19.158995
70223 43.370594
71538 13.914557
71397 8.168477
71502 12.270402
71386 7.942905
71489 11.802351
71645 18.365395
71618 16.489958
71622 16.72823
71606 16.104313
71638 17.726343
71471 10.624197
71579 15.006597
64174 209.772354
70805 144.495956
65341 136.842056
70334 187.189194
71229 254.739502
71239 303.443909
71282 413.776367
71374 7.459191
70728 488.707367
69723 57.110649
71447 9.491893
71534 13.721997
71619 16.634888
71561 14.568707
71584 15.165945
69245 37.193451
71490 11.814016
71500 12.266438
71521 13.295837
71434 9.113209
71408 8.569329
71424 8.967104
71172 14.620802
71546 14.210278
71390 7.981101
71391 7.981191
71681 21.493212
71678 21.233757
71673 20.955015
71552 14.409592
71377 7.57814
71496 12.177057
71215 17.665735
71399 8.194926
71048 8.606857
71679 21.236385
71197 16.258879
67739 82.166855
71244 56.27354
70771 25.084513
71537 13.857212
71650 18.901903
71152 13.416195
71373 7.416899
71498 12.208476
71372 7.401964
70981 7.390523
71475 10.782262
71528 13.513295
53494 393.555573
66039 164.837082
70764 47.696808
71231 121.031128
68270 426.304535
70769 394.460114
69306 37.094158
71061 8.774174
61154 1017.447815
70247 58.195923
71147 13.045181
71248 70.946564
71190 15.318304
71512 12.538022
71393 8.010974
69813 35.152798
71157 13.720693
71568 14.644506
71195 16.750248
71134 11.978287
71027 7.932962
68182 526.666565
71677 21.201643
71130 11.702914
70800 66.881027
71629 17.176884
71156 13.95492
71246 47.63884
71428 9.030535
71639 17.773327
70237 39.187004
71511 12.526002
71403 8.297251
71287 12.684309
71680 21.457262
71594 15.712035
59865 211.062256
62892 104.394745
70242 15.098619
70251 322.139771
70741 198.664688
71250 55.692883
70225 33.862705
71495 12.099936
71670 20.832575
71463 10.269629
71507 12.426445
71401 8.210811
71591 15.596034
71118 11.263093
71213 17.509228
71293 38.786083
71467 10.486444
71437 9.148117
71115 11.69383
70264 265.602264
71418 8.797392
71532 13.671096
71259 59.069942
71661 20.10174
71564 14.598248
69265 42.531086
71637 17.657139
71556 14.122686
71607 16.113037
71402 8.211841
70632 8.4629
55341 143.698105
71672 20.927046
71530 13.641228
71608 16.125128
71558 14.536425
71174 14.422388
71499 12.218853
71458 10.140556
71313 42.756535
71531 13.651464
68762 57.57383
71459 10.156439
71255 67.13842
70766 53.51384
71449 9.680639
70233 9.230695
66413 42.569153
71252 29.448408
71598 15.880169
71272 21.636162
71049 8.409652
71119 11.756681
71159 13.270899
71539 14.015103
71649 18.793879
66888 47.696808
71199 16.364088
69730 14.795753
71148 13.235038
70265 285.176239
69798 18.0508
70750 153.958511
71052 9.103435
71200 17.287996
71497 12.194614
71109 10.81008
71501 12.267042
58809 72.757904
71657 19.794817
71609 16.154602
71273 27.110708
71675 21.131863
71464 10.281019
69754 215.025284
66862 319.964691
71653 19.139015
64857 39.719021
71094 9.613763
70809 47.709438
71480 11.350315
67198 19.809515
71581 15.034541
71415 8.768528
71524 13.390111
69229 14.78974
71153 13.363313
71656 19.594288
71267 43.240059
71194 16.839844
70182 8.580701
71138 12.180514
69286 185.958527
71297 11.533546
66398 69.131653
70283 49.586666
70681 15.12381
70656 11.136697
71473 10.728293
71316 495.920898
65931 37.92075
67669 14.613518
71482 11.513555
71315 51.380962
71625 16.915522
68201 54.824844
71265 54.347755
71294 72.535378
71636 17.611399
71585 15.19845
71599 15.944165
70206 11.603634
71301 46.267426
71582 15.110314
66890 164.076813
69294 193.024368
71278 36.05497
68810 113.237495
55156 865.302063
70662 12.052162
58851 74.648148
66070 86.016808
71640 17.84049
71275 27.313084
71165 13.852118
71575 14.936652
71614 16.213835
71549 14.332285
65645 97.562019
70284 74.215408
68165 13.589993
70706 17.017519
71453 9.892459
71091 9.784163
71446 9.481787
71586 15.287363
71270 40.31374
71184 16.732107
71411 8.641654
71470 10.589255
70186 8.577033
71318 202.927872
71526 13.442351
71171 15.109451
71281 59.227379
66763 380.924957
69726 58.358513
71233 59.320194
70730 21.179367
71139 12.592548
65664 289.558563
66410 107.28196
71177 14.928716
70699 16.412771
71207 16.274548
70973 7.002691
71251 43.072586
70299 40.640381
71062 8.813228
71192 16.196714
65630 424.509064
66055 421.410156
70674 13.984424
71102 10.251639
69236 16.726686
71253 45.047096
67712 397.584381
71243 39.064781
70688 15.391541
70986 7.245481
70200 10.311494
68139 33.243649
71001 7.615009
71266 48.756008
71210 17.404942
69697 7.901739
70612 7.935282
69258 17.610422
69736 38.352242
71090 10.686638
71176 14.795753
71277 96.78653
70622 8.16329
69695 8.832868
71335 120.333885
71070 9.037083
71149 12.883552
71140 12.144175
71146 13.589993
57990 135.311188
67683 15.280355
69280 73.101318
70660 10.207569
69749 34.128693
69248 14.379214
