511
296.301391602 -23.514518738 157.796783447 0.031415280708976104 0.6720712210743663 -0.03870060318963788 0.7388068876603308
71493 10.984425
68722 35.31673
71576 14.145968
71682 47.992043
71687 34.632565
71686 53.210705
71562 13.591068
71668 20.236977
71688 41.647388
71397 7.111728
70725 93.926857
71691 26.222303
68223 320.190552
66763 363.21106
68148 269.148438
70334 175.453659
70728 228.607086
70726 409.665436
71221 869.158691
71320 272.170898
71684 34.730492
71587 14.301877
65341 118.421898
71604 14.922997
71281 57.501621
71178 13.747151
71557 13.550755
71630 15.836091
71702 36.253918
71569 13.115891
71654 17.885059
71703 41.208202
71506 11.693034
71483 10.366837
71622 15.762425
71764 38.771877
71706 26.347752
71650 17.794247
71638 16.09001
70722 58.723068
71527 12.666902
70805 125.767853
70787 58.327156
71229 249.887604
70660 10.275415
71099 9.486215
68731 52.916275
71170 13.085241
71722 61.629131
71442 8.29517
71243 35.784634
71714 35.423119
71534 12.917412
71538 12.750684
71715 42.072609
70223 46.774204
71139 11.433421
71048 7.573657
67739 89.727554
71716 107.810173
71244 60.394119
70771 25.633236
71253 58.608707
69769 68.038345
71152 12.698616
71717 27.321075
53494 440.820465
66039 175.521561
71231 140.325714
71284 124.310303
65630 265.835754
68270 254.519974
70769 307.969299
71500 11.246142
71398 7.327487
71698 56.96553
61154 3989.018555
71250 52.839878
71177 13.690874
70247 52.586189
71528 12.243998
71172 13.366716
71443 8.361735
68174 67.430008
71038 7.573585
71062 7.820191
71661 18.692579
70235 50.317505
71150 12.443502
71726 35.665047
71529 12.618397
71645 18.036753
59865 225.337799
70264 224.533051
71723 37.080402
70800 46.096134
70251 325.266693
70651 9.653955
71256 449.411713
71670 20.735569
71536 13.048485
70691 13.240737
71729 61.871124
69306 35.040485
69813 36.186775
70766 51.470295
71145 11.846592
71521 12.016242
70196 10.098147
71445 8.266726
71639 16.981976
71134 11.069452
71287 11.380676
71591 13.653899
71156 13.485171
71257 991.958008
71531 12.631851
70237 40.107243
69730 14.23578
69236 16.696209
70242 13.868804
71733 37.375587
71680 21.098511
71608 15.656503
55341 106.159203
66862 221.035522
71098 9.673538
71737 29.928638
71255 75.18708
69800 47.505547
71219 17.738523
71499 11.543212
70681 14.428402
71118 10.718508
70700 14.491011
71161 14.85197
71581 14.021974
71607 15.938803
71643 18.297447
71259 56.273045
58809 76.131104
71770 37.413136
67260 214.759842
71746 24.256618
71159 12.341349
71732 55.552807
71598 15.066182
71787 128.346741
71464 9.050621
71752 176.362473
70741 135.523453
68762 53.636562
71738 56.826614
71109 10.127735
71748 34.072475
70809 52.093529
71294 67.4216
71115 11.070003
71532 12.539186
71267 32.613373
71741 45.594044
71153 13.773727
71144 10.400286
71609 15.180973
66890 198.574615
71199 15.320521
71273 27.217964
71774 49.559963
69323 45.548176
69248 13.16208
71100 9.275084
71052 7.918746
68810 208.999084
70750 322.61438
71649 18.699186
71271 33.591228
64857 36.655624
68772 63.112679
71315 96.754822
70687 14.626527
71264 33.522247
71148 12.155519
69798 16.086668
68201 51.907761
67198 18.487572
65931 32.254311
71415 8.307875
71194 14.192366
69297 232.269608
71278 42.676151
71756 34.180866
71519 11.978682
66070 92.625282
71140 11.268709
71138 11.367026
71301 42.221153
66888 54.670849
70290 51.641182
71314 49.891624
69229 13.318803
71586 14.6932
70307 19.287134
71549 13.112072
71275 20.323248
71763 38.725296
70656 10.418962
65645 174.590164
70284 70.703461
71108 10.266332
71318 145.232925
71297 10.373721
71188 14.87521
71524 12.339287
71479 10.551548
71387 6.854371
71694 76.301941
71567 13.54959
71633 15.627854
71391 6.699477
71169 13.375783
71386 6.922473
71227 35.789173
69245 35.074841
71175 13.60942
71424 7.744114
71393 7.028836
71405 7.355885
71679 20.08597
71239 387.5271
71054 7.715782
71408 7.564301
71437 8.248535
71399 7.18889
71248 72.782295
70225 32.412445
71174 13.458306
71512 11.363686
71252 23.649448
71046 7.749416
71428 7.890202
71130 10.907153
71530 13.106956
71200 16.129532
71672 21.036165
69702 7.576006
71564 13.570591
69265 40.716473
71313 43.730129
71585 14.272817
71497 11.653196
71485 11.080598
70283 47.902618
69286 197.878464
65954 39.827263
71277 93.117317
68765 73.470932
71771 13.67401
71758 24.071886
71270 33.353569
71582 16.373371
71599 13.891817
69794 44.280319
71470 9.523438
70186 7.822422
68191 14.257067
58851 120.204041
71526 12.719932
