602
368.639678955 -31.142589569 164.028427124 0.05112237894177156 0.6329003490949852 -0.02906851969189171 0.7719965489882075
86088 123.161438
85253 110.535072
86193 242.154556
86091 54.759953
86913 118.605484
85675 109.68544
85332 121.381622
85254 149.484314
86917 137.710098
87028 122.778046
86489 121.308578
85672 220.158066
80195 145.722855
85668 136.032974
86479 21.255152
86871 13.812827
86576 121.618752
87025 132.352722
86935 34.059498
83364 110.471619
86098 131.971756
86575 178.22113
83890 111.794144
86249 136.170074
84269 133.822662
86932 132.217697
85679 198.674026
86499 41.213284
85696 83.825317
86902 20.858852
86775 9.334063
86867 14.123237
86192 35.616238
86893 17.432798
86735 7.693589
85684 127.543716
84272 255.559677
82149 182.261002
86508 126.387398
86925 195.870361
87110 180.786026
87107 144.316971
86123 142.756409
87040 114.257271
85272 121.895401
71809 113.300125
86203 110.407272
86257 163.592819
81071 164.74086
85685 153.101044
86713 6.383193
86730 7.416297
86740 7.652331
86894 16.668423
86938 126.647034
81063 124.659279
80191 122.870697
86103 121.90242
77304 119.089279
79168 230.461426
85695 133.160385
82728 174.150848
85817 103.806824
86518 171.419449
86519 113.099342
67675 229.700714
86909 177.105209
86947 22.872484
84777 140.310211
80170 120.823868
84778 72.984528
85829 126.275558
86714 6.373672
86448 14.058854
86828 11.897694
85313 211.836777
86635 204.489716
86968 103.434822
86139 119.853516
86532 103.955521
84891 176.038559
83300 200.331863
86510 98.705467
84258 41.506378
86960 205.83197
87108 32.196335
86969 182.136841
86472 19.668392
86781 9.548693
84801 82.105766
86608 36.220627
82672 21.030521
85769 21.565989
86136 149.364761
83807 263.109619
83294 51.833927
85727 134.255554
85715 229.312927
86961 23.807184
85214 8.670554
86875 13.900165
86975 32.638012
86883 17.028517
86743 7.852392
86977 87.539986
86971 190.652618
86075 16.747686
87098 53.496819
86970 257.077972
86976 201.26683
86578 123.069542
86529 148.856186
86979 150.761978
86978 216.071564
82749 115.58519
85286 80.37999
85741 129.166504
86157 91.59848
84266 21.205254
77837 158.613678
86620 133.163177
85304 16.950832
78666 52.166927
76896 137.20575
86843 14.118526
86444 13.990293
75382 36.691101
86543 129.804153
86993 121.958023
86535 106.616837
86997 155.441513
86999 138.947052
86995 120.666588
86992 220.526978
85814 117.209305
87067 27.074932
78212 109.053452
85291 119.094864
86596 153.200775
85292 145.756302
87068 140.658295
86210 168.381927
87100 78.605392
86534 24.556986
86807 11.729071
86804 11.709681
86990 283.226959
87075 100.354301
86179 87.37075
86476 15.78009
85746 95.196976
86558 142.126953
86641 127.541794
86617 227.175842
87004 142.070511
86127 17.936741
84768 19.103546
84873 60.643864
85296 125.432472
85755 100.205444
86553 142.377106
85316 175.160858
79699 45.272552
65341 53.284489
76477 42.983078
86178 131.013321
86131 117.57988
78734 40.322701
69832 331.797272
87012 167.212479
86844 12.804729
86834 12.882205
85257 14.977767
86805 11.061363
81707 231.962051
85754 103.375885
55341 65.1772
85766 53.874443
85783 26.083677
85321 151.389175
74437 144.909775
85765 138.353683
84359 225.367783
82755 181.544525
83799 19.063517
77409 41.564789
86536 25.894453
84899 100.313087
81103 132.099411
87006 164.687454
86991 299.939484
86548 118.114616
86817 11.480504
87020 198.916733
85761 30.338158
86832 11.925445
84753 13.955994
86811 11.646688
86539 33.595139
85620 10.328878
84759 116.092346
84267 161.202774
84861 34.522419
86485 33.269863
86199 116.846428
86087 106.775948
86565 33.269863
84349 127.835144
84833 126.161407
86733 7.986119
86717 6.670798
86826 11.193089
86729 7.954198
86886 16.354353
86814 12.034414
86488 333.273102
85647 13.887625
85693 176.575806
86117 122.237991
85681 58.676945
85334 72.984528
86116 115.592552
79232 113.300125
86736 7.560824
86685 5.414123
86718 6.64991
86569 24.820759
86344 6.706199
84259 160.171997
86106 144.695145
85791 121.895401
86517 191.268509
86507 111.526619
79713 110.716232
86715 6.324796
86820 10.640397
86760 9.517428
86412 12.346277
86513 33.138428
84772 156.941727
85777 153.378403
86755 9.259813
86359 7.637715
86758 8.517633
86786 10.07371
85348 139.172394
86156 133.172943
84763 12.752041
86451 17.094666
84278 36.188011
86258 208.916565
84869 144.61441
86852 13.242228
86732 7.602064
83880 129.758392
84334 76.784248
86773 9.090003
86054 13.073415
85828 41.68895
84353 95.635696
78177 41.981655
85287 63.457672
86818 12.361133
86830 10.39232
86845 14.075464
84726 9.103774
86769 9.224302
84847 127.74321
83893 144.847809
81712 174.78479
82229 34.71056
85705 88.470566
86171 41.498508
86162 41.216759
52119 103.825493
86545 77.88472
85300 110.806076
83839 90.908058
86516 8.082339
86812 11.470658
85265 15.348442
85315 17.107147
84819 83.09314
86184 106.376167
84822 127.800407
86643 207.40004
84831 115.436005
85764 52.526161
86624 157.976395
86256 136.459778
86540 141.544022
85629 11.470037
86885 17.149374
78266 39.982994
86792 11.934601
85213 8.651217
