605
369.4767 -32.56385 164.2602 0.04897022247358498 0.6201932060456468 -0.03292884760993296 0.7822263070753829
85806 116.441467
87212 18.13773
84621 135.974716
87180 15.612254
87192 16.824585
87213 18.263765
86233 44.614136
85123 229.283951
87207 18.048697
86243 128.76445
86447 124.486984
86870 122.093445
85131 116.547256
86358 110.924141
87219 18.573633
84980 127.745132
87198 17.051197
87205 17.854385
87097 11.17784
87165 14.346759
87125 11.793495
83555 103.108994
86945 100.467827
84545 98.52552
87110 11.424746
87250 21.381039
87091 11.069211
85414 135.191635
85069 127.886635
82652 62.456543
80399 116.011749
86873 110.39959
87243 20.896469
84990 115.988441
86740 18.457533
85906 133.22464
84625 119.141785
87230 19.895226
83086 108.084511
86677 12.0281
87148 13.045697
87170 14.587048
87171 14.626729
86938 155.226822
85002 73.859756
84987 52.288921
86411 117.662674
87041 10.185878
87208 18.06559
86999 6.973246
87075 10.772074
87034 9.884991
87030 9.648974
87092 11.069848
87095 11.111378
86753 53.036156
86924 52.179787
87203 17.494129
87167 14.483772
86238 18.70293
87046 10.285463
83143 197.629044
87201 17.164463
87067 10.679975
87017 8.0195
81410 142.980606
82002 114.542198
85813 106.280914
86770 417.359406
67033 299.128845
87193 16.891403
71621 105.438255
87154 13.80493
85420 47.010712
76968 71.387833
86773 163.811218
85078 357.143921
85127 105.752571
86239 119.801506
85417 34.363247
85437 109.775505
85522 100.571259
85820 39.785343
87248 21.33062
84991 119.417374
87066 10.678905
87061 10.687227
86577 8.625927
87221 18.73571
87146 13.041732
87107 11.366437
87089 11.040727
86668 11.017854
87204 17.667503
86869 43.196232
87137 12.303616
85901 32.131008
85067 31.827915
86714 18.779371
86216 15.075696
87072 10.740625
87123 11.792642
86743 18.409294
87187 16.624327
78899 136.808151
71983 195.253021
82573 121.451271
86871 136.543396
84973 111.457619
86354 107.881599
84999 187.095428
86267 18.035191
87119 11.641425
86806 88.52298
87093 11.070003
87035 9.945039
80876 142.660187
83662 132.092545
85832 110.958061
86237 228.751205
82015 88.30632
86297 120.797432
86433 239.194611
86818 171.204529
81993 119.184273
85907 120.507439
86412 116.936798
79919 113.194099
85585 152.773224
87247 21.183182
87064 10.579662
87063 10.573866
87200 17.147661
87163 14.266532
87047 10.28598
87245 21.09676
86691 13.746981
87153 13.780602
86708 14.138016
86196 10.944289
87088 11.034338
87081 10.899617
86657 11.099084
83183 33.092663
86260 29.556692
86815 79.417923
87040 10.156366
87223 18.922575
87057 10.499596
86604 10.039603
85525 119.3321
86962 111.322792
80347 118.782974
85024 156.066132
76978 156.726746
85429 121.854469
76198 333.500641
86246 105.535515
86429 130.171356
87210 18.089806
87202 17.362944
87138 12.281722
87018 8.059067
87128 12.036784
87094 11.091805
84180 129.528122
85847 100.855583
86288 480.1073
87038 10.01732
87021 8.481892
86723 17.298828
86614 10.39186
87045 10.227021
86581 9.357977
87186 16.576546
86674 11.495557
87042 10.187668
87008 7.487331
86816 127.856377
86281 33.255924
87076 10.796116
87104 11.303995
87102 11.275473
86687 13.217723
87083 10.918189
87182 15.811879
87105 11.308504
87127 11.887447
87039 10.115023
86302 652.689819
87166 14.480865
87238 20.498877
86307 228.808899
87071 10.737865
86634 10.481035
86220 18.095552
86830 267.402985
85452 219.826523
85478 133.196686
86309 193.450699
84047 17.843447
83551 35.21645
85038 131.763641
87234 20.117088
86929 118.226768
86266 101.178589
84651 81.315628
85460 167.20697
86312 85.238014
85913 32.212177
77953 251.237152
87233 20.004974
85586 155.005157
78913 115.043869
87218 18.453806
85777 11.844686
87051 10.37941
87055 10.456019
87026 9.431189
87178 15.475961
87133 12.2081
87085 11.016449
87129 12.048663
87189 16.763868
86207 11.436983
87121 11.743484
87143 12.938626
69661 512.568481
87023 9.064984
86886 155.970306
86299 84.200447
87048 10.30501
87087 11.028091
86306 28.080532
86671 11.249824
86706 14.865599
85857 95.077599
86310 201.938889
86695 13.718973
87150 13.708015
86839 102.832237
86311 135.331375
86838 205.087418
86840 121.257622
85072 134.497253
87235 20.160263
83150 53.518913
78859 97.966904
86719 17.815813
87229 19.59193
87215 18.342636
85042 118.43515
84582 92.6726
86442 145.365906
86819 26.030748
77444 45.068199
86381 115.111649
85085 182.432495
85588 133.999161
83678 37.571186
87033 9.797885
86667 12.263056
87043 10.215439
85771 10.443011
87115 11.520082
87134 12.216556
84984 14.165391
86323 117.857582
85971 104.193474
86848 109.116699
81441 102.460564
80883 55.844963
81451 93.279747
87239 20.679857
87246 21.148613
87056 10.487769
87199 17.13036
86325 145.120071
86334 152.688736
87184 16.347279
85495 28.608845
86837 47.083912
86422 110.218513
77450 119.749542
80370 139.889832
83152 118.850784
86321 186.678787
87151 13.72802
86831 28.256907
87244 20.973459
85511 149.808762
86899 47.184322
87242 20.882862
83124 61.451698
81947 127.216652
76998 34.11916
80979 34.2794
87124 11.792748
86825 59.030956
87052 10.404128
85789 14.485788
86611 10.775711
84953 11.024588
87065 10.613525
86600 9.76049
87144 12.939971
85774 11.763651
86189 11.292154
85392 13.7812
86689 15.215858
86702 14.337073
87191 16.807173
85470 97.932159
84614 111.787254
87225 18.996733
87240 20.757666
85397 14.007436
56134 46.110863
76679 52.663162
84951 10.979525
87106 11.334684
84153 108.22728
84591 143.435181
85514 120.831909
85057 106.485878
86864 64.814629
86279 73.303001
85551 92.259239
84596 87.74865
85088 117.0532
73385 134.900131
84129 93.072617
85931 130.674957
66266 88.295883
86923 122.999214
87237 20.434427
77481 52.543766
86892 101.050591
82024 174.124588
86336 124.659279
86861 142.012527
86348 167.891098
86866 152.043457
85764 11.019364
86847 26.1721
87190 16.788933
87112 11.465046
87069 10.724554
86717 17.6898
86867 148.39267
86519 5.793406
85979 116.011749
79424 121.451271
86587 9.45723
86609 10.88986
86448 101.323082
82643 93.601494
83563 39.223557
85821 93.377136
86927 71.387833
86252 291.733582
83091 113.88739
86540 7.032791
86738 19.730543
86954 175.402771
76979 103.738136
86619 10.634018
86219 14.328307
86263 71.310867
77952 270.818604
86949 126.186478
81972 120.601273
85834 142.257492
86287 141.540085
86956 161.410721
86817 323.666809
86582 9.209399
86648 11.069963
86124 7.760657
86308 119.261497
86721 16.763868
86301 139.751282
84100 88.867386
86380 108.333443
85859 124.369957
86696 13.783324
85080 251.237152
86686 13.539919
86223 14.584636
84656 31.607388
86569 8.086308
86722 17.6898
86123 7.938854
85874 130.580902
84608 103.116531
86807 131.223145
43660 254.88266
86190 10.724554
86704 14.787914
86884 13.929574
86829 97.966904
85797 15.475961
81447 112.419563
86744 18.223982
84629 144.275986
86630 12.263056
86140 9.676359
86676 15.54476
86647 10.977911
86218 13.72802
86856 176.376556
86327 162.828308
86399 251.14772
86636 10.841112
84589 108.926247
86331 87.655388
86909 134.900131
84598 160.91478
86893 34.11916
86679 10.404128
86382 18.035191
86230 14.668999
86652 10.768712
85892 90.99176
85975 125.766609
84557 11.670126
86664 11.292154
84969 16.898146
85505 92.141434
83645 187.313431
85946 139.192993
82583 121.116539
74235 87.555672
83626 116.975571
84131 92.6726
85885 86.576805
86903 47.215195
86193 12.444503
86711 22.609739
66171 55.794914
84064 13.987072
86635 10.732946
