623
386.983093262 -33.15322876 169.023742676 0.040394034477776126 0.5910135633705922 -0.0334479830339765 0.8049549815496281
92126 62.001007
86645 104.014267
91134 96.541527
88997 97.55452
91997 25.901213
88104 92.140099
90992 147.445984
92123 224.761536
92001 96.997948
92187 107.808342
91505 90.867737
91624 114.128922
91466 16.695463
92128 105.1763
92016 208.118866
92000 93.891441
91427 14.878591
88524 98.651031
92005 114.250069
87121 99.874474
90666 102.585121
85675 88.269493
84262 86.777344
90089 80.760277
91140 25.274311
84894 104.632126
79633 115.612541
91921 15.807942
91934 18.611004
91994 17.426245
90995 32.40781
92031 84.308327
91099 74.695564
91876 10.881631
85253 87.076622
87451 171.392838
91007 177.824356
90462 200.423538
86486 105.191978
91858 9.814702
92021 121.069199
91709 152.262207
89084 23.078558
84261 96.339401
92024 27.988941
89578 138.492493
91882 12.091037
91936 17.136833
90056 21.88575
91829 8.301579
91721 61.891022
91926 16.14142
92030 24.543413
89938 30.794092
86905 33.721451
91849 9.166208
91826 8.496679
91825 8.490431
91947 17.916903
91391 10.795487
91872 10.757365
91832 8.932265
92169 101.344109
89446 63.039997
85817 109.986557
86575 114.241852
87546 108.835701
92165 148.842239
90506 139.674438
87955 222.232605
91538 186.40889
81071 130.182022
91817 8.317912
91559 68.449059
91560 61.847622
92045 21.154179
89950 80.280396
91824 8.684
91927 16.407343
91700 35.123535
91821 8.466636
91823 8.412437
88514 17.066732
91432 15.322296
89087 26.298103
92047 52.092461
81084 134.617004
91683 34.375713
87610 35.196152
91892 14.129082
92148 24.161554
89966 58.794296
77304 109.418945
87596 107.954964
87647 88.907204
92070 107.93203
91535 103.703407
88558 101.931374
86199 97.995636
91853 10.103721
91024 21.644829
89989 104.513512
91100 118.457794
91137 104.184067
91571 150.53949
89460 25.292986
89492 112.625931
91582 497.117126
89029 113.001472
90464 19.410353
91670 18.157438
91819 8.31422
87973 261.969879
90526 147.295486
91895 13.123128
91460 15.911366
90057 24.556511
90579 16.406157
89937 18.122925
91555 100.607109
91557 35.998657
90053 31.657181
91487 16.454193
91457 15.122514
90130 57.54435
85684 85.087822
86117 94.92942
91060 136.684479
92041 114.995949
92140 28.737669
83302 110.314247
86139 95.619133
91842 9.067492
90492 18.623722
88003 201.671936
89536 162.742233
88545 110.225204
91062 331.379547
91591 69.29763
91969 17.242508
90099 92.172195
90942 8.288446
91880 12.382906
92088 116.524803
91645 76.621185
90080 34.824394
89557 19.306368
91116 18.4809
91949 18.606478
90591 9.174399
91861 10.582519
82682 97.812988
91886 12.355751
83364 104.62178
92063 163.010132
89000 123.743454
91647 62.839123
87055 121.016129
89157 93.569771
79713 129.653076
91813 8.16008
91465 15.419966
91420 11.762387
90597 67.48806
91807 7.73099
92180 24.475395
91822 8.344901
91965 17.601294
92091 23.753662
91924 17.38707
91879 10.939387
91205 140.442093
90977 14.991451
87965 56.034687
90551 15.161925
92105 92.270638
85741 85.068443
91601 21.065685
92156 25.871559
91081 99.844635
92103 73.91478
81642 57.657734
83851 69.1791
87513 28.680817
87940 49.256645
78666 30.549353
81615 36.129948
91384 9.691893
91415 12.459165
91939 17.404894
91378 9.239751
89520 83.35984
91073 55.850857
91076 103.653473
91365 8.301991
91970 17.876701
87098 35.952389
88673 69.343788
87579 90.058418
90555 258.557831
89534 71.290054
88575 22.634745
91377 9.30435
91413 10.918194
89549 135.261841
91961 17.361448
91952 18.359713
89068 107.752541
90565 91.572395
85296 88.247414
85755 92.706421
86178 110.067581
91595 105.982025
91854 10.764732
89568 126.990219
89565 27.708832
90152 40.762737
84353 66.641678
86982 61.96682
86225 75.19487
87944 22.853468
92109 29.037153
85804 137.538589
85292 103.87899
91193 26.813807
88633 53.616974
65341 32.132473
76921 38.170349
87075 108.925316
87542 69.730812
92205 121.35495
89999 16.562323
91942 18.486147
87989 47.936249
85746 70.465729
80619 71.377403
89138 21.549301
92009 64.778923
91989 95.397194
92013 133.555969
90453 107.147095
90110 105.246895
87626 102.013252
91171 94.871277
87553 95.755394
91448 15.820624
91510 62.46207
82724 110.981331
92164 112.005135
90498 116.65538
91530 60.550186
91993 18.883354
91917 15.938963
91550 97.523064
92051 83.053467
88142 123.991119
86919 93.910187
92038 205.370758
90994 24.05784
91666 24.685961
83371 43.394306
91916 16.490858
85272 117.526566
85313 130.804169
83293 128.399933
86532 115.716835
91386 9.924495
86960 190.08902
92043 20.153225
91966 18.686859
91475 16.563898
86578 101.931374
85740 84.40358
84869 120.959656
89511 97.628769
87502 99.0774
91643 203.251007
91064 62.184368
90605 71.675499
92224 90.846283
91379 9.075371
91828 8.473063
91578 69.127136
91385 9.756157
88147 154.888901
68822 227.834015
87068 130.389191
86099 27.639181
82755 146.938461
92083 9.933025
78212 95.172722
88012 21.799871
86148 146.307053
91188 16.168053
91619 65.3106
89547 191.559891
84802 97.240059
