629
389.8585 -34.93537 170.4198 0.03444670251820056 0.5858313077908647 -0.041986849678980594 0.8086112835916295
92379 19.453939
89920 97.224426
86945 97.438507
91839 28.658424
92343 18.858566
91306 97.040932
91846 116.007507
89815 93.985939
92152 8.348467
91485 169.926315
92265 12.301947
91861 151.064148
92318 16.743711
92302 14.511411
92301 14.64927
92256 12.099377
92316 16.450741
92339 18.55369
92330 16.557291
90769 31.041723
92183 10.399885
92086 5.919489
91985 99.356438
92286 12.635647
89830 88.198997
85131 109.230728
92293 13.498903
91309 110.579346
90445 112.654907
84980 114.32206
91849 21.841486
86358 102.27285
83562 102.180687
92131 7.497327
91895 155.957855
83555 90.885941
85103 132.416199
92312 15.94865
92314 15.62251
91783 15.104635
92208 10.481381
92233 11.392621
91829 18.020731
92142 7.999077
92232 12.589152
91990 56.867199
89826 60.602192
92241 11.829769
92340 18.463436
92259 12.494356
92245 11.782751
92252 11.865668
92275 12.682714
92230 11.597298
92123 7.439099
92200 10.285664
84050 113.170898
91860 120.671173
84545 102.598381
89952 178.097427
92132 7.791876
86231 115.616753
83552 121.7015
79424 102.441139
82651 89.560509
88790 116.844276
88899 108.473167
85452 141.31723
91303 17.510918
91280 14.837603
92317 16.32513
92134 7.932784
91852 10.678439
92190 10.627327
92253 10.409867
92324 16.432096
92143 7.857534
92118 7.193745
92151 8.203756
91874 19.644783
91840 18.491825
90340 58.123745
90880 19.779465
91909 23.262869
92249 11.806564
91274 13.606474
91825 16.798147
91747 12.470384
92246 11.689095
90878 51.953945
91838 83.978294
92148 8.383273
91725 11.356354
91856 35.848976
92367 20.097954
92120 7.227708
92199 10.697381
88769 103.845016
85899 102.322289
88316 91.29493
91892 124.995453
88924 98.665596
91906 102.955193
89819 203.267273
86769 133.805038
89969 162.116425
91353 230.189911
91473 179.103333
87300 123.655502
83091 92.497108
82583 94.042313
92155 8.33056
91191 7.468168
92180 10.060684
92304 15.672403
91663 7.861406
92226 11.861479
92261 12.373694
90800 57.047031
91356 213.561768
92087 9.014158
91315 18.777843
92375 19.773859
89863 162.6521
90938 28.180475
67033 157.652817
92236 11.720314
91249 12.819723
92124 7.430082
91236 11.404714
92144 8.046269
92278 11.926083
92342 17.835529
91421 45.4804
78899 100.105927
86447 93.826927
91920 118.878593
85423 80.89196
91335 56.495834
92206 11.942883
91708 10.636922
90332 25.891602
84987 33.981125
91427 119.183159
73372 119.685219
89434 60.979012
92165 9.456166
91724 11.822677
91242 11.555868
92189 10.078588
92219 9.951542
92248 11.807574
92212 10.881127
92255 11.227983
92176 10.621008
91938 58.96244
92308 15.805975
92282 13.079823
92305 15.323849
92309 16.162251
92372 20.091118
92357 18.978933
92207 10.846826
92288 18.683163
90331 21.847179
85848 97.470665
88816 127.777267
92353 19.755157
91884 53.472042
90831 177.452896
92332 18.122925
92267 12.649214
91650 7.985331
87272 160.069046
91202 9.845174
91937 97.455711
92237 12.955917
85437 93.788132
84075 79.471596
91830 18.123856
82643 109.305939
86962 76.996056
91914 30.883053
88446 92.865723
85024 96.788002
91905 159.130402
92377 21.200933
92336 21.339437
92171 10.003835
87291 176.997223
87880 145.614243
92320 17.20779
92325 17.956472
92266 12.296253
92285 14.081332
86297 93.775665
92362 20.04751
86288 130.653458
92368 20.378229
89450 56.769588
91345 18.811583
91940 31.041267
86883 115.713669
92327 16.948118
86233 30.61401
91498 132.205307
86310 127.640495
92157 9.097305
91746 13.560275
87970 315.113953
87448 99.224472
79919 91.266724
85038 94.190178
87875 90.519936
91440 116.231529
82015 102.236626
77450 97.589005
88488 54.215282
89466 87.954056
91929 31.164515
92344 20.189171
89294 48.848553
81993 97.237823
81947 92.52137
90849 57.103718
92168 9.85815
91887 37.247009
90710 10.803854
91246 11.442589
92195 10.999627
92345 18.124166
91959 95.328453
89348 91.362579
85478 158.299316
92371 21.696783
90858 57.193981
92028 71.677116
90851 834.197937
87317 4646.921875
41471 1599.098267
91395 266.622681
86830 144.148254
91520 202.118866
91257 12.841604
92172 10.070523
92163 10.309502
90385 163.969315
91205 9.859282
88491 102.49736
86377 26.263407
87284 47.833336
91910 12.264406
85115 91.989265
76204 101.639336
86312 47.520123
84112 80.661797
92170 10.672059
92196 10.885483
91199 10.02374
91931 19.370916
91942 50.430996
90717 11.413877
92231 11.490138
92218 11.480904
91966 59.746891
90393 54.26532
92224 11.338895
92341 18.65765
91946 14.735821
87361 17.644136
87936 19.140169
91798 15.994607
91939 18.590029
91977 39.476295
87464 122.303322
85047 106.737358
90834 14.042625
91442 45.10405
89446 49.183777
92182 10.402671
88863 149.541077
85055 89.895866
85504 109.703438
87332 99.857979
85931 87.921173
91469 98.074333
91444 135.360229
92306 15.833524
86753 29.314095
80398 30.512362
85961 20.133863
92055 9.275666
91390 90.308174
85878 55.39941
85551 74.261414
69661 178.078064
85880 107.434425
86861 87.708656
90704 10.560862
92045 23.846388
86895 74.912338
92169 10.191707
87304 58.315907
92272 12.408051
92280 12.967532
91404 27.019287
90965 17.626995
92388 26.849066
91451 100.509972
92383 181.015366
92555 406.602905
92402 196.549377
90487 110.940613
92407 26.164928
92416 67.818535
92481 50.013538
92417 21.317444
87419 91.132462
87841 111.665375
91478 312.947571
92513 26.46867
85139 115.616753
78831 108.863686
92536 98.589005
91668 8.395288
92410 53.848404
92406 28.697927
92412 13.333121
92405 81.900856
92532 68.599167
92385 142.587311
90376 174.612976
89447 104.963326
92307 15.944085
92538 63.775059
90696 9.014158
85831 117.310532
85127 100.311501
85832 112.144585
80347 127.725861
84568 96.834496
85909 171.52478
82653 96.255432
90961 246.986343
92563 111.63102
90372 173.39711
91657 7.791876
88399 17.597099
84608 103.447464
83556 57.799957
90905 125.785294
91428 69.619003
91297 15.895314
91948 25.348669
91673 9.208692
90727 10.841261
91685 10.048885
88833 104.677834
92160 9.097305
85138 127.512985
91379 29.048445
85538 95.140633
91687 10.299076
90381 59.286133
91689 10.206146
86900 834.197937
92460 93.066483
92500 31.540195
87435 67.818901
91961 25.192289
85470 261.511353
91514 71.677116
91688 10.386871
91684 10.198655
86837 24.319792
92463 65.626488
84596 105.725281
87342 96.698463
89396 29.149788
92173 9.941563
88303 10.309502
