648
42.4 -14.6 -442 -0.0456 -0.587 0.0343 0.808 
92250 192.293716
94391 76.993256
93790 75.826103
94568 83.026321
92566 90.679581
92569 83.088242
93161 109.99704
93250 85.271782
92573 149.442978
93324 83.400345
94389 81.873398
92080 93.046028
94494 71.030884
92671 41.843887
94393 42.237442
93794 97.398903
94390 72.008331
94420 150.97435
94229 10.19443
94296 12.140669
85139 99.238426
93191 144.479507
94202 9.061644
85468 82.508499
94554 75.735214
86664 66.688568
90151 74.904381
89133 76.789818
93791 90.021393
94238 10.668303
94327 13.267987
93766 13.992496
94345 13.719478
94412 36.983437
94394 26.48081
94413 21.120476
87990 76.319595
89997 87.470642
93914 73.93544
92567 83.399796
84212 93.256462
91653 95.466759
93935 84.994148
81755 140.293152
92111 270.11731
86005 75.03006
89662 93.449287
94351 13.831842
94421 273.834595
94317 12.877882
94346 13.579878
93717 11.765962
92215 217.866974
91076 44.945705
84307 72.269356
92604 52.264393
91561 45.054131
93711 11.711192
94404 13.407782
85485 69.70192
91059 128.810165
86002 84.65168
85595 77.272461
94273 11.931461
84643 81.660194
94163 8.427856
93258 13.947227
93847 255.01828
94275 11.470161
93740 12.616091
92581 21.247187
84745 82.426033
92127 187.489029
92564 21.84374
93881 56.416031
93260 87.825111
93678 10.464298
93684 10.268897
89695 92.750427
84207 76.609169
93899 108.579811
92579 26.267263
87991 47.136864
92640 46.732037
90636 71.228081
93081 8.521743
81745 97.941223
85469 83.477638
94198 9.184118
94228 9.399119
94392 11.949918
93925 178.631622
94467 131.104614
93203 24.42531
85090 86.76638
93880 22.384207
93226 88.067497
86623 105.329819
94151 8.278699
93858 43.777233
94511 58.916489
94468 51.547802
93884 75.558586
94514 53.90966
87080 85.055908
84657 75.617065
85089 133.985016
84688 79.674515
93265 25.053684
92120 45.373158
93160 14.428156
93722 11.95525
93201 13.58784
84747 74.442055
82801 45.205036
83873 51.330708
87230 78.43306
92677 71.630119
94504 15.166796
94319 12.89839
94290 12.248745
94331 13.598782
93840 408.66687
82361 80.179031
93906 386.848358
94456 33.13065
94465 39.789581
92711 33.816448
91579 40.677608
93110 10.283698
92075 9.919456
94476 49.512047
84230 87.273491
90066 81.018906
90663 28.06905
87079 41.95752
93256 11.744462
89670 84.137413
94286 11.439281
94280 11.438178
93291 11.916929
92100 12.155193
81248 58.357174
94210 10.050615
93763 12.175411
93238 91.338921
94517 88.198997
93862 126.206543
92683 52.14267
94373 12.785522
93911 76.550987
91177 90.151115
87123 90.451927
80717 108.415749
88130 71.078194
93115 11.449294
93859 11.94985
93868 40.010578
94543 47.365932
93870 120.297981
85029 80.17144
92580 12.054622
81211 90.049477
93733 12.468253
94336 13.49417
92197 13.680167
93649 9.116413
94105 7.153871
94358 14.299204
90204 112.263542
94347 13.106442
93155 12.639973
94322 13.5486
93171 74.838173
91190 91.265411
94402 514.640381
94083 6.941778
94103 7.109196
94357 13.909588
86636 74.551956
94249 10.834842
91046 24.360842
94430 34.828403
84365 97.740341
94122 7.374439
93206 162.327774
89696 106.993637
94167 8.284716
94287 12.076021
82362 81.017876
91058 87.814178
93775 13.887807
94248 10.521516
91584 114.056145
94189 9.317354
88542 182.708069
94090 7.136609
87091 91.682465
93596 7.533618
93648 8.436288
85061 85.252892
93778 15.133073
91050 12.372128
93679 10.635978
94195 8.58171
94234 10.545839
94472 90.082054
92625 89.552299
94188 9.111991
80175 78.501907
94157 8.438272
86156 52.138657
94457 20.532614
94181 9.37333
85622 93.684349
94236 10.619329
93635 8.0467
94289 11.378412
94301 12.406306
93120 12.220623
94356 13.840857
92607 11.541649
93222 32.781399
93239 93.353119
86573 95.826202
84761 108.831039
89543 10.368156
84726 113.253654
94546 48.434605
94343 13.45534
91568 11.924829
93121 11.221573
94259 11.794985
84348 126.132591
93886 75.094833
93328 114.239281
93114 11.462191
94148 8.686732
