71
-0.8084309 -0.2860922 49.7497 0.001036245626312071 0.07769226595179092 -0.033181536546958934 0.9964245197899643
10817 10.773609
8801 26.249836
10595 55.972946
10092 58.949303
9235 53.930721
9782 56.360447
10104 24.605038
10606 48.711033
9784 50.079411
10123 21.201147
9673 46.84425
10520 50.885231
8371 101.377274
10674 27.345547
10237 52.863079
10205 53.959137
9679 22.528584
10102 62.128395
10107 45.758976
10117 27.963305
10193 48.267094
10696 47.934078
10530 21.458639
9246 34.028835
9247 25.526484
10771 7.400368
10534 23.758551
8443 54.68309
10883 20.833771
10610 25.743912
7133 43.162468
8859 46.637821
9843 50.115772
8858 48.78101
9700 28.400028
9684 21.929285
10541 22.604931
9685 22.153173
10967 57.565739
10613 51.650948
9829 47.021156
10639 24.200321
9257 50.953011
9367 48.410606
10885 21.386225
8456 42.736897
7486 46.875717
10986 52.692005
6243 50.943199
9790 21.526291
9696 57.653019
9714 28.183226
10899 58.949303
9703 52.915501
10889 29.133072
7951 25.953827
10928 8.359572
10477 15.248396
8369 25.295856
10853 15.040488
10941 37.116272
10459 12.051087
8864 22.154102
10933 27.416565
8802 37.436626
10863 18.18626
10076 14.12363
10560 53.136009
10244 22.060934
9697 20.413801
10555 23.213715
9798 25.393169
9351 53.863934
9844 45.548908
9710 51.999893
9855 56.136238
9395 56.502373
7932 22.935268
8866 47.524746
7934 45.26965
9722 50.915016
3295 48.050144
10217 40.832985
10567 24.864008
10564 37.475178
10200 50.417782
10562 60.795986
9298 48.954376
9349 54.550617
10199 50.111816
10137 29.671738
9368 42.99472
9182 13.904577
7990 27.693182
10829 11.397733
10819 10.720742
10500 16.220131
10988 24.242311
10963 35.775158
10417 7.942995
10448 9.886729
10395 7.282754
10679 21.74329
10550 22.211718
5859 41.197105
10068 14.253596
10830 11.639947
10815 10.136225
9852 19.966949
6688 42.985989
7580 40.224873
9805 43.296078
8017 19.998705
10515 20.201727
10700 45.650749
7555 45.561001
8804 49.832211
9275 23.462107
10112 39.777119
10561 37.724079
10568 29.710749
10145 40.88662
9278 33.484596
10908 53.909203
10651 49.495838
10909 52.581181
9731 58.381851
9736 50.862
10842 13.904456
10789 8.372335
10804 9.102554
8343 11.423866
9148 10.393544
9354 24.164267
10468 13.340782
8826 33.112423
10398 7.388382
6730 27.056761
8392 58.305199
10138 21.989428
10509 17.913012
10652 16.025446
10831 11.552111
7935 21.984518
9796 20.653172
10563 19.775476
11006 21.318106
10074 13.694857
10792 8.179433
8691 10.325318
8825 28.087736
10683 24.604895
10473 12.751298
10570 32.893471
9291 28.423546
9302 28.916166
7950 12.77819
10626 22.503513
7567 24.411367
5392 25.592222
9729 35.520111
10787 8.537714
10800 9.123047
10911 40.991138
10513 19.872221
10577 56.215752
10949 20.19145
8901 55.236771
8836 23.10232
9274 52.133091
9390 24.227558
4988 47.992405
10565 25.849863
7505 47.834419
10486 14.572661
8359 13.212319
10952 31.838926
10510 17.489744
10915 28.838947
10220 36.87455
9397 37.978355
10218 29.708803
10572 31.237488
10953 39.040043
10153 26.035658
4949 24.285889
2382 26.020296
5336 24.760656
5808 27.466549
10918 41.260212
10790 8.258597
10805 9.702611
8326 9.978
7572 59.451263
7 39.024208
10581 51.864834
9250 23.10648
10702 21.103735
10227 21.79785
3883 24.538101
5796 20.271572
10169 52.830097
8877 21.787603
10160 24.356825
9315 45.826012
8896 54.737766
5339 25.214296
8375 13.281509
10426 8.336227
9772 29.913692
10806 9.452401
7905 10.201129
10587 41.137192
9757 36.221661
8833 27.150293
10669 46.276192
10178 46.878487
7063 20.093296
10176 60.261726
10579 62.088303
10514 21.895145
9766 105.404129
7560 21.805561
10182 21.477364
10585 142.952438
9749 53.209476
10670 43.820736
9759 55.35088
9842 51.32407
9777 20.589169
9320 23.967581
8419 49.151417
7970 47.247868
5814 18.697176
4962 26.906746
8754 13.800688
8850 54.211117
2755 24.364956
7513 15.841582
9760 28.904188
5854 54.817154
7127 38.653633
5374 46.430317
6754 28.483725
10177 64.791481
9762 47.882389
9763 53.938969
8335 10.837338
8853 40.703686
10228 55.304119
10236 23.672283
8009 24.323051
9820 44.191566
9779 51.435482
9332 55.517349
8886 60.643864
10170 34.603405
10231 16.137915
10867 21.642836
11246 21.145584
11143 9.374818
8792 52.925648
9683 28.400028
11249 21.291641
9689 28.979906
11048 6.795869
11069 7.181777
11216 17.711164
11212 17.406469
11119 8.404354
11106 8.31051
11140 9.048937
11116 8.381248
11134 8.919844
11092 8.057203
11135 8.942517
11111 8.348324
11153 10.408195
11074 7.391267
11132 8.685884
11161 11.326304
11191 14.170588
11230 20.011484
8797 21.963417
11239 20.858288
11240 20.886915
11228 19.955608
11086 7.852948
10109 38.254509
11226 19.6381
11105 8.30852
11096 8.061786
11190 14.168315
11194 13.941776
11158 10.959779
11125 8.464796
11150 10.068304
10971 44.154232
10785 8.122503
11192 14.192698
11127 8.485904
11155 10.650332
8803 22.570784
9793 23.721096
9713 28.182976
9712 20.760567
11238 20.780287
10689 50.088493
10870 20.773691
11231 20.099577
11218 18.091532
11201 15.501311
11136 8.971462
11152 10.38778
9267 22.914577
10542 48.122608
11180 12.930999
11157 10.875872
11095 8.167941
11104 8.303468
11141 9.159537
11225 19.539753
11142 9.287197
10837 13.507136
11208 16.336376
11160 11.241014
11233 20.283258
9835 58.10247
8890 47.524746
11087 7.910115
11252 21.460451
11081 7.738532
11019 4.47764
11200 15.122117
10851 15.290253
9353 27.412659
11118 8.387381
11100 8.230467
11202 15.513278
11178 12.695861
11195 14.335471
11217 17.998817
11219 18.261875
11237 20.62875
11223 18.857588
10276 31.751762
8446 21.928755
10903 21.516006
9312 45.773159
11164 11.637185
10781 7.991356
11172 12.21892
8385 13.632721
11102 8.250815
11182 13.153805
10569 35.342087
11204 15.580154
11124 8.458031
11112 8.35905
11197 14.504848
10155 39.040043
11236 20.592659
9728 32.980602
10574 40.969978
10950 21.105156
9735 48.5494
11007 49.578148
10214 23.547586
10065 14.572661
11120 8.413176
11177 12.685728
11198 14.632981
11211 16.941425
10411 8.018941
11145 9.702611
9739 33.020988
11123 8.45203
11126 8.466534
8832 21.956051
11243 21.018131
10159 52.830097
10629 51.228008
10162 54.50005
9819 43.228874
10795 8.445887
11209 16.427462
8018 42.804886
11168 12.488237
11121 8.414979
11232 20.1047
11247 21.228149
8845 41.48143
10872 17.805548
11207 16.322927
10586 53.209476
9767 56.711281
11078 7.551702
11183 13.183893
10661 15.196396
8707 10.361897
11056 7.024373
8358 12.425886
10983 26.58828
9336 41.351097
11250 21.298889
10235 27.210529
10843 14.230914
8880 25.573463
9325 44.191566
9386 45.498322
11229 19.983648
8786 13.800688
7150 51.684158
10808 9.452401
11186 13.721523
9136 10.410499
9385 43.672756
