720
32.1 -9.93 -495 -0.0457 -0.578 0.0239 0.815 
101334 22.059248
106764 20.465677
106726 19.327023
106545 7.53453
106573 7.780909
106748 20.230883
106730 19.707184
105182 33.878876
105748 32.046848
104663 32.105179
106562 7.85802
106486 5.965753
106510 6.45137
106482 6.071124
106631 10.632327
106582 8.445398
106637 10.371679
106707 14.296468
106583 8.356949
106668 11.976762
105305 20.612595
105179 34.075768
106888 22.175106
103285 34.788002
106743 20.186539
105197 44.276981
106268 30.959845
106244 26.148014
105746 30.649916
106733 20.703186
106227 36.102627
106230 32.862404
105736 20.325817
103156 32.862148
106766 20.994331
106746 19.60433
106756 20.162855
102898 31.823448
104834 31.172316
106567 7.776854
106088 7.478124
106508 6.461506
106484 6.032321
106140 10.576632
106603 9.178782
106514 6.654872
106538 6.950858
106531 6.640932
105094 7.099515
106128 10.284031
106157 10.817381
106702 13.937829
106197 13.648793
106708 15.021773
106699 14.315935
106646 11.081014
106636 11.738795
102666 33.20966
106236 21.984404
106640 11.274741
106181 12.713183
105318 20.951281
106260 35.171001
106261 21.116648
104672 22.4464
106408 27.914871
106367 34.659405
103788 33.90868
106254 34.332405
105366 23.850464
103143 32.262257
106271 33.774719
103641 33.691216
106462 34.119343
104907 31.063286
104313 36.567078
106407 34.810837
106291 31.170919
100229 31.568733
106404 20.027973
103292 30.935713
102657 31.995541
103795 32.338905
106292 19.783562
106220 19.419018
106750 20.231657
105363 31.712831
105774 29.579411
105396 33.713215
104840 34.452927
106483 5.951651
106620 10.683936
106137 10.455442
106578 8.503154
106536 7.203129
106506 6.35649
106130 10.005198
106697 13.969502
106517 6.668598
106113 8.65071
105973 39.15197
104667 22.835676
106571 7.769423
106542 7.288167
105713 13.156162
106365 20.543875
106574 7.708251
106676 12.028397
104920 31.228886
103646 21.827072
106411 24.900131
105864 20.454834
104703 22.175493
106263 25.178156
103846 29.659647
106269 32.645393
103634 31.169256
104228 34.352837
106737 19.634882
102174 34.062241
106754 20.885025
104317 19.766195
106732 20.40062
101409 31.466892
105791 32.029552
106275 32.02515
102327 31.637781
106552 7.419789
106485 5.885522
106509 6.426819
106619 10.579803
106634 11.676779
106694 13.6534
105165 15.115242
106662 11.553514
105121 8.34296
106298 35.348385
105776 40.222069
101749 32.86113
104833 31.989214
102909 32.562195
103874 21.416481
106569 7.868663
106170 10.964282
105702 12.184442
104241 20.991451
106700 13.577497
103132 10.96915
106259 24.233616
103629 20.452724
105781 19.824789
104922 25.589643
104221 21.741949
106550 7.302488
106373 14.290081
106266 26.290632
103207 31.384621
105981 28.421764
103139 30.454851
101750 33.683842
106594 8.777862
106734 21.161827
105409 20.657019
101933 31.559475
104421 31.836212
105417 31.386639
101339 31.857775
103881 20.917532
101403 19.796299
102332 32.914677
106511 6.450138
106104 7.628714
105128 9.028531
106168 11.19162
105622 6.845577
105657 8.331357
106706 13.415231
106625 10.545892
106630 11.536114
102659 12.692854
106632 10.803541
106544 6.961092
106549 7.305573
106092 7.382164
106719 16.024714
106664 11.535338
106161 11.332025
103379 34.489792
102214 26.393063
102190 34.995007
104614 7.869307
104923 24.040627
103882 36.212982
101815 34.885998
104679 15.344326
103718 34.808929
106652 11.794898
106722 18.473965
106302 24.907846
102211 21.298103
102213 27.118696
106309 33.995316
104232 33.030739
101752 33.164974
103378 32.730202
97223 34.109997
101351 29.815096
105954 36.503174
105618 6.22085
104613 7.644187
105115 8.350245
106683 11.367795
100198 25.825157
106132 10.688307
100145 32.27866
104809 24.857634
104348 31.683361
104153 13.12466
105693 11.69536
102382 31.22282
106672 11.378158
104828 13.233232
105382 28.246222
106592 8.587745
106124 10.699094
106142 10.580402
101350 20.965773
101364 24.914932
102725 32.928982
102244 33.102669
105931 35.140396
106349 27.67547
101837 32.39851
100124 19.295868
101780 19.033859
101461 32.010178
98890 31.918304
103716 35.328716
106718 20.251755
106495 6.327456
106087 7.740962
105967 25.932098
106610 9.793125
106164 11.402972
106585 8.95744
106611 10.323354
104758 28.289068
102275 26.578251
105346 21.161192
103310 20.252047
102873 34.715115
106715 18.952509
104343 22.760292
106654 11.189836
106185 12.655503
106332 28.466421
102746 19.029182
100208 20.566463
104240 21.30584
106716 17.202721
105904 26.976473
84630 32.612576
102261 32.053402
105267 38.08313
101372 36.774609
104849 27.826704
102941 30.087141
103758 27.719536
98413 20.054159
103335 30.731052
92569 33.123047
95117 31.559475
103917 31.88689
102344 31.791582
102434 30.001743
106724 16.66501
105834 36.978699
106586 7.535853
105160 11.742203
106647 11.492748
105129 10.133844
106690 13.916355
105810 27.457285
106612 9.735194
104637 11.6211
106705 13.595695
106193 11.726774
98974 20.021185
106607 9.535193
101472 21.368088
102886 29.30995
102233 13.610848
101436 25.50193
102286 39.622982
106596 8.900415
105672 10.491218
105645 7.582004
106759 17.723894
100130 22.786633
106444 21.336927
96233 33.719124
100859 30.077486
105908 30.953657
103860 30.746975
102268 29.73259
106214 19.286022
102274 27.534256
105633 7.467237
102253 28.587721
83323 35.580765
105288 42.639469
100762 20.222895
105970 25.495993
84745 32.842773
105911 33.005974
106190 13.324252
104117 6.337635
106771 27.469164
106773 35.195175
106776 31.444494
106779 10.66617
106769 48.427032
106777 32.949005
106882 35.926964
106430 32.783768
106918 37.528332
106884 32.548512
106778 31.063894
106797 35.704956
106780 33.842941
106923 12.518285
106928 12.357933
102170 33.081974
105755 30.567036
106811 36.774918
106801 30.78993
106791 31.860491
106795 35.374573
106906 23.610012
106903 33.327789
105869 39.152935
106885 35.02029
106940 36.393757
106817 24.756796
106111 8.406212
102835 22.405571
106810 30.980425
103828 30.271088
106919 31.521946
106830 29.732225
106834 33.75246
106835 26.047781
106417 29.16197
106825 30.315844
106379 33.883934
103888 30.67005
106117 9.448252
102405 21.239511
105455 35.4245
101827 34.489792
106331 28.97303
106851 31.906597
104734 21.264688
106938 29.533598
106901 24.979717
106844 25.971979
106131 10.484825
106931 21.12701
96683 23.154253
103945 33.98399
106353 33.377762
106673 13.055648
100211 20.279211
103893 32.170563
106861 26.254286
106860 26.918167
106862 36.606075
103932 28.453604
106344 31.386522
106868 35.421093
