724
457.803161621 -40.074989319 192.792358398 0.04240042431466685 0.5818991960260548 -0.02180623918942485 0.8118620680969033
107639 19.042877
107649 19.731617
107164 30.657797
106612 32.190624
107674 33.782627
107619 18.108919
107682 35.605854
107136 18.219851
105573 32.530502
107671 20.015947
106609 29.85988
107689 31.446091
106244 24.3913
107697 33.188484
105779 33.124599
107325 31.056297
105710 30.314983
107624 18.761339
106081 31.277069
106091 19.044563
107389 6.068791
107380 5.905138
107362 5.515425
107489 9.097044
107479 9.315003
107457 9.059084
107680 31.735973
107508 9.749341
107106 12.96989
107568 13.053447
107152 36.505272
107704 28.13353
107491 9.868614
104024 34.729733
107694 36.406693
107310 30.213152
107796 33.832664
107169 34.139702
107420 6.861258
107509 9.697069
107651 19.277796
107537 11.059042
107656 19.543873
106240 19.571762
107154 24.173845
105584 30.923548
107658 18.763653
107762 25.912336
102566 32.341724
102562 23.999252
107182 30.842365
105146 30.188877
106646 32.321377
105833 31.951872
106096 17.831873
103241 32.550678
106643 32.826984
107599 18.133612
104014 19.089792
107705 30.375017
106248 28.857689
102995 29.778324
107386 6.115996
107359 5.568844
107018 9.115654
107023 9.212192
107495 9.270074
107464 9.119974
106547 9.18291
107040 9.48098
107554 11.030103
107702 32.15118
106969 6.749157
106592 12.965096
107578 13.079097
107681 28.007952
107514 9.759786
107410 7.112126
104005 32.575893
106655 35.253204
102999 35.21645
105817 34.833561
107546 11.216331
107407 7.134596
105595 20.750273
107548 12.278778
107044 9.650147
107530 10.650517
107194 26.276447
107135 18.733194
106104 21.189827
107186 22.420563
107550 12.397817
103019 30.207977
106667 30.328331
107120 17.517221
106126 18.762363
101749 30.502981
107612 17.973015
107331 29.790478
106757 33.768253
107809 30.994904
107657 18.653593
105586 18.536413
107620 18.948975
106290 29.10463
105611 29.706163
103560 30.544504
107378 5.892611
106952 6.061353
107399 6.222947
107490 8.751019
107473 9.415833
107008 9.12456
107714 35.222309
106673 36.87648
107692 33.02142
106019 7.183588
106974 6.944116
106564 9.345451
107558 12.079307
107587 13.198657
107816 35.772335
106551 9.881468
107519 10.468784
107414 7.078267
106654 32.188503
105785 29.829521
104003 30.802607
104567 30.050726
103008 31.086096
107557 12.195615
107327 21.1992
107580 12.809767
107616 17.983856
107629 19.378305
107821 33.80061
107787 31.0161
107647 18.89822
105076 19.367033
105284 19.961834
107438 7.330063
105554 9.99081
107725 27.698271
103589 27.557287
102563 26.137493
107555 12.165729
106662 10.017508
104691 33.988445
106739 31.471455
107766 26.588558
104550 20.603333
102225 33.303757
103023 26.277929
102561 32.521339
101782 31.876646
104599 29.462343
103507 28.965364
107499 9.628637
106989 7.684149
107082 10.591092
107565 12.938995
107047 9.939594
107068 10.3677
107369 5.885424
107377 6.044575
106017 6.73267
106689 24.171442
106963 6.43079
100591 30.968149
106170 32.541172
107037 9.796872
106065 10.333181
102272 20.311676
102753 31.925205
107715 33.966038
107476 9.155873
102617 24.814528
106153 18.377779
106135 30.765297
103605 31.847069
106811 34.791004
102212 32.656643
107104 12.491038
107636 19.908184
105283 23.37322
103006 20.168747
107728 33.687328
107553 11.934342
102590 28.383589
107615 18.191118
105115 31.718693
105160 18.217421
105821 33.257492
107436 7.272408
102234 34.769855
107071 10.44035
107427 7.231857
107430 7.238865
107373 5.88188
107388 6.064329
106965 6.419413
107732 29.632553
106569 9.966066
106305 35.865276
107668 20.072542
107791 28.690666
107633 18.711115
102644 24.912201
107038 9.973565
106174 23.086634
107670 19.058281
107235 31.079554
107225 23.62701
107608 15.674802
103076 19.919535
107226 27.904566
106304 25.71545
106761 20.524187
106589 12.821198
107726 38.120625
107445 8.269702
107767 33.264633
107794 22.73617
104159 12.350915
106276 30.40185
104582 30.20672
107748 45.944881
99874 28.233976
103782 30.496681
105686 47.893768
98810 17.789709
97622 31.126019
107409 6.842958
106987 7.692834
107083 12.754525
107290 20.083843
100541 23.361977
104080 18.237028
100549 18.315866
103227 35.407909
106561 9.204433
107494 8.644515
107753 28.155485
107057 9.643575
107505 10.131678
107492 8.444315
97612 22.20166
107650 21.219957
102662 25.055538
102661 25.473196
107236 34.93494
106227 33.849617
102213 30.866991
107653 19.005943
102640 18.089651
104527 10.548309
107569 11.966114
104629 31.926008
98302 28.416677
97699 29.092762
98336 30.043901
107738 23.589159
107241 38.695679
95416 30.561115
106309 19.533411
106553 8.891169
107475 9.208198
105191 24.135107
107039 9.857737
101762 22.346632
106728 28.387585
107478 9.34178
92915 28.458065
107818 32.489723
107145 18.177475
97632 28.908136
107743 30.421875
106716 36.879261
96032 20.656178
107307 27.17539
85047 32.785713
106549 8.871796
107804 31.291672
104128 35.372406
106722 24.544456
107640 18.788345
97166 34.65794
104648 33.722076
105026 11.728291
107792 22.991613
105513 9.956629
104626 34.606895
104523 9.241809
107441 7.517182
107435 7.504097
107300 23.196798
107780 24.208658
106237 31.034441
107146 18.409374
107423 7.147655
107486 9.327399
107529 10.857935
107696 32.99448
107156 25.778923
107309 33.01112
107483 9.160866
106788 22.312359
106298 28.420746
104724 29.230164
106993 7.795409
105509 7.713738
107644 21.507133
106648 29.857809
107603 18.154789
107721 30.345551
105268 33.84222
103079 29.820993
107665 22.143093
101753 27.976364
106541 9.302994
100468 20.698799
107641 19.065247
104280 34.148884
107216 24.849377
107087 11.297297
106701 28.778124
107459 9.234161
107617 23.879389
107249 30.486469
101723 29.788801
107523 10.325373
104115 25.875355
104654 33.038944
106769 32.661808
103650 32.263981
103100 21.546011
87012 31.780764
107500 9.456089
