750
464.986907959 -41.262836456 195.24180603 0.04312983880682034 0.4942743149192251 -0.03763250702899493 0.8674194562207728
110534 11.962096
110082 12.312586
110504 10.954986
110607 14.929243
109670 12.355072
110098 13.039227
110491 10.604814
110505 10.981205
109789 26.734671
109781 27.030041
110476 9.725183
110691 18.741959
110417 6.648796
110492 10.468422
110445 8.035303
110471 9.37102
110526 12.092292
110540 12.562802
110423 6.939639
110451 8.408154
110118 13.519481
110117 13.652241
110680 19.729685
110574 13.826918
109218 12.0991
110258 23.340509
109304 26.324377
110255 26.172155
110655 21.412546
110681 19.239508
110488 10.428947
110251 24.565155
110499 10.191403
110161 13.743976
110455 9.105628
110322 24.062035
109289 20.272316
110264 28.769176
110252 23.793537
109787 26.918495
110699 20.68774
110497 10.784624
110513 11.550161
110435 7.909145
110506 10.969245
110589 13.358927
110653 18.10453
110572 13.497396
110686 20.581678
110220 17.559958
108226 26.152376
110282 23.261974
110727 21.185797
110385 24.699404
109373 22.888313
109288 24.031801
109913 23.302481
110284 26.774406
107896 17.882744
110677 19.913164
110668 18.374216
107189 26.348188
109375 24.070608
109399 24.695946
108774 21.08177
108783 23.517544
109776 24.181337
110618 14.832473
110520 11.958965
110690 20.505098
108798 20.394854
110367 24.041901
108892 25.03931
108832 26.124563
110608 15.390031
109228 12.187949
110119 12.510085
110458 8.510088
110441 8.010186
110107 12.793043
108886 13.451535
110683 21.531582
109659 12.067382
110433 7.430964
110066 11.270029
109294 16.267021
110650 18.014673
110602 14.323209
110427 7.192288
109657 12.493975
110705 21.990875
108775 20.370384
105908 24.638834
110675 19.833427
109877 27.293362
110418 7.071779
110459 8.88076
109752 16.366661
110437 8.402631
110436 8.115969
110486 10.631721
106829 25.39459
110516 11.56594
110704 19.948664
110250 18.145763
110544 14.275488
110444 7.810611
109701 12.745028
110605 14.163416
110289 20.324011
108221 11.157101
110660 17.996267
110670 19.249832
109306 23.049406
110603 14.854323
109788 17.941315
110627 15.413416
110622 15.052182
106394 25.022623
110694 21.793886
110639 15.98921
110533 12.325515
107935 23.679081
104229 24.747726
110718 20.565931
108224 24.660172
110703 19.825006
103844 25.435392
104688 24.937731
110489 10.31249
110493 10.584458
110071 10.288747
109883 25.644106
110348 49.856079
110277 22.6366
110659 19.115595
108411 25.114275
110597 13.235189
110336 24.394253
110432 7.504881
110685 20.27005
110111 12.806175
110624 14.732744
110720 21.691521
109433 27.10845
109645 11.590079
107766 13.690697
110439 7.991476
110612 14.788793
106911 18.26198
106709 14.33252
108752 12.338592
108767 19.48247
110074 11.515204
110063 11.066684
109748 16.597473
109867 21.55435
110621 15.801334
110152 13.572274
109403 15.492764
110529 11.83452
104669 25.224113
110696 19.841446
110672 19.601955
107866 22.092247
105662 23.238096
108308 22.444098
106834 17.84029
110523 12.098731
108831 10.963799
110687 21.354364
110598 14.567864
106679 13.185063
109320 24.53886
109934 23.669371
110701 21.093044
110620 15.559815
109435 25.716597
110625 15.046618
110462 9.280445
110067 10.891606
108259 24.915129
107183 12.32133
104252 21.341087
109926 22.5695
108917 19.371153
110522 11.015369
103378 23.47286
107339 23.604088
110527 12.065948
110440 7.983168
110453 9.174829
108257 18.277802
110197 15.99352
110160 13.667212
110629 15.282617
108826 25.904436
105897 21.214251
107806 18.968119
110692 20.078636
110671 19.539692
109886 24.756409
109287 22.059708
110310 28.070507
109689 13.344883
110235 19.325846
109933 25.310476
110531 11.885701
107765 13.47876
106898 24.162199
110616 15.019819
107802 23.443396
105871 13.887654
109842 21.419769
110576 13.792051
110538 12.663542
110224 14.887382
107790 14.650993
106682 14.487176
110058 9.223016
109217 12.771662
104306 20.570662
109428 25.275217
109854 19.784456
110514 11.908838
110054 8.565289
109887 24.801273
107821 18.702848
109843 33.570053
106315 27.017277
98866 25.323851
108907 20.374632
110661 24.532579
108906 23.872791
106222 13.225328
106915 18.501806
108704 10.793643
109890 23.404772
110174 13.480992
104330 23.878536
110490 10.176834
108721 11.694068
104322 19.439417
109839 21.184278
109863 26.736921
109385 13.640583
110615 15.089693
110663 19.763367
106220 13.118844
104300 24.655481
110553 15.183296
110664 18.566818
109370 24.018484
110307 18.679712
109398 18.032757
110654 25.44927
103881 24.989401
109353 23.406584
102792 25.011597
110402 24.660938
108938 25.021549
109896 24.349539
110606 14.233171
103392 13.193145
110646 17.272535
110688 20.492064
104281 12.073691
109219 12.760241
110635 15.026394
110363 29.509169
110700 21.713179
110223 15.714873
109362 23.983967
104299 23.920452
99837 21.629383
110734 21.058489
110752 24.656342
110745 24.14456
108782 21.009995
108891 24.634342
110815 24.191839
110755 22.459101
110833 25.720137
109281 20.812229
110582 14.457598
110767 21.54985
109226 12.269312
110757 22.819057
110760 23.291882
110580 14.201848
109925 23.709494
108800 21.091223
110454 8.740172
110828 22.020388
110835 24.445244
110189 13.214368
110844 24.812515
110776 26.388758
110806 21.315298
110778 27.407215
106238 24.418453
110357 17.786831
104250 23.642405
106888 21.039442
109895 25.265362
105286 27.615202
110697 19.114588
102287 24.868877
