755
-59.7 -19.7 -503 -0.045 -0.501 0.0418 0.863 
109248 19.068954
109130 12.480788
109015 9.272172
109024 9.354723
108828 22.53306
109035 10.013813
109092 11.410001
109216 17.964245
109143 12.76745
109176 13.846893
109289 27.603378
109065 10.899364
108631 10.719222
109080 11.064939
109256 20.279179
108704 12.251511
109300 22.940323
109042 9.791917
109252 19.594833
109275 20.308817
109295 23.689802
109155 12.727988
109219 17.95825
109141 12.67312
109240 19.457041
109184 14.197696
108960 7.392029
108961 7.424396
109036 9.841771
109265 19.53191
109301 22.97053
109098 11.326779
108201 11.217649
109058 10.572343
109060 10.668339
108984 8.493504
109014 9.308831
108685 11.829461
109150 12.652452
109274 21.46125
109267 19.666748
108390 22.813728
109308 23.223394
109006 9.006557
109169 13.234611
109198 17.470449
109276 22.651943
109134 12.125021
107286 20.80759
109287 22.625147
109379 22.714008
108891 21.968584
109358 23.545099
109247 19.675766
109353 30.344101
108963 7.993076
108959 7.613064
106461 24.412165
109312 28.100662
107799 22.642492
102170 22.727423
109302 23.889225
109108 11.913933
108180 11.231696
108635 10.664763
108158 10.986154
107698 10.7244
109031 9.812261
109264 19.919691
109218 17.80168
109084 11.025124
107780 12.078634
109234 18.777414
109043 9.941438
105318 12.368043
108974 8.085375
109081 11.13611
107692 11.887303
109167 12.796498
106777 24.282173
107294 22.179138
108253 16.431479
102657 20.157879
109146 12.416786
109364 23.543789
106927 23.028675
109132 11.628985
108245 14.626258
108444 24.530708
106780 22.219255
108413 24.633863
109040 9.862453
109053 10.583964
107287 23.793358
109171 13.513813
108338 23.884373
108999 9.002969
109271 19.540159
108609 9.767779
109022 9.433647
109239 21.503912
109047 10.192908
109159 12.267661
109118 11.666031
108737 14.200522
109268 22.878004
109357 24.194235
107249 10.895429
107376 14.997293
108720 12.122174
106917 22.837523
108432 22.788757
108451 23.723667
108656 11.36124
104920 23.744869
107420 24.860893
108836 18.732117
108193 12.221799
107803 19.06426
106797 28.129044
108303 22.809467
108254 15.874581
106239 22.447035
109315 39.862202
109000 8.927857
109318 28.856901
106446 18.969776
109164 13.910289
108686 13.133122
109323 19.397129
108133 10.093373
104198 22.364103
108629 10.598636
108414 11.325486
108187 11.391579
108273 18.796576
109144 12.088505
108614 9.263549
109316 11.831775
107259 12.175225
108159 10.92859
109213 17.275625
109215 17.599367
102666 25.155365
109227 18.970797
109254 20.09824
107822 19.328493
108901 24.683825
109055 10.804213
108853 21.879868
104676 23.201162
109224 18.752733
106269 20.767714
108388 22.348972
106260 24.565916
108918 24.856319
107672 9.903599
109153 12.607248
106795 24.346926
109262 23.265596
109095 11.377434
109154 12.066819
107250 11.773063
108862 19.519602
108458 22.32275
108698 12.004111
108349 23.282061
109406 21.866758
103143 19.945908
109257 19.025362
109128 11.785375
109147 12.449425
109223 18.398119
109329 23.572193
107425 23.602421
109193 14.781357
109200 14.699306
109253 19.510035
109214 18.842897
107448 24.680588
106462 22.906395
109397 23.331934
109382 25.853836
102332 23.261101
109281 21.321507
108804 18.51586
108798 18.595303
107300 22.415577
108921 23.367823
109002 8.582806
108625 10.248769
109326 24.234587
103207 20.300005
106263 15.489693
103370 14.983634
109174 13.911447
108937 23.427483
109187 14.488333
104240 12.944258
101350 10.349535
109221 17.803875
107900 11.082909
103874 11.275582
104258 24.207701
107833 24.235882
107852 20.354582
107358 21.93148
108817 20.208864
108905 24.818771
108613 9.612313
101773 22.687389
106834 22.281315
108128 9.315686
102677 22.868118
109231 18.509142
109244 22.386179
103718 22.807339
103641 21.94702
109139 12.486175
104922 16.610052
105863 9.73509
106259 15.128963
109387 25.212296
101768 23.234356
102909 20.742138
108931 24.166796
109197 15.092752
108710 13.545321
107721 12.330996
109263 22.664555
108363 20.90032
109389 22.102705
107932 19.52931
103297 25.234888
107335 21.950054
108605 9.119234
109062 10.424358
107904 21.192938
107441 34.31942
109100 11.103004
107414 25.40719
104739 23.97962
108442 24.071247
101815 22.497694
109013 9.691113
106305 14.939797
108910 22.647337
108447 20.799004
105319 12.303306
106940 24.837944
109377 23.418756
107386 24.473131
109343 28.338747
109336 25.111073
109341 24.813643
107224 12.006546
109201 15.808375
101436 15.172449
108608 10.515061
109340 22.268188
108367 25.642551
108430 24.309643
109057 10.596663
108272 14.831053
103680 16.028845
108876 23.11973
95117 20.956467
107393 22.741014
109251 19.975019
109025 9.571852
109094 11.286675
108202 12.11549
108953 7.020839
109101 11.475053
105734 16.93195
109156 12.066132
109008 8.925549
106773 20.473299
109105 11.532237
108627 10.452887
107910 24.604406
109258 19.67729
108957 7.615786
108996 8.849115
109158 12.739511
109004 8.968193
108465 23.829967
107814 20.102949
108989 8.640163
107402 23.015821
109212 18.293598
109097 11.455883
108708 11.831775
108140 9.903506
106380 21.985012
107699 10.803142
107718 12.519032
107797 25.864183
109075 11.088173
107229 10.734035
108596 9.303559
109082 10.707844
108868 21.670496
108589 8.010732
108203 10.802237
108812 20.845295
109093 11.207571
109096 11.07937
108178 10.905851
109112 11.543375
101892 12.369584
108753 13.741745
109059 11.134046
109235 17.785713
106407 22.281862
107269 11.417653
108721 12.572157
109066 10.791259
100725 11.094808
109020 9.448112
103825 11.327103
109203 16.660912
108874 20.56633
108733 14.016526
96683 11.312644
108240 14.948607
