768
469.491271973 -41.334228516 197.660720825 0.04558133977268578 0.598021872891476 -0.02821412255783868 0.7996850281805891
110159 21.230846
110722 20.247171
110740 21.014793
110728 21.376144
110799 20.575993
110662 19.861437
110679 20.337046
110471 10.592342
110710 20.604301
110766 21.369024
110625 19.7208
110684 20.077906
110734 21.88658
107163 19.427931
110315 7.090363
110630 19.137804
110688 19.946785
110691 18.329241
110863 23.378147
110803 21.802864
110751 21.122866
110413 9.432323
110752 21.010065
109118 25.434259
110750 20.887465
110390 8.618996
110689 20.664177
110304 6.791391
110418 9.867126
110700 20.557076
106612 19.051105
110144 19.67223
110468 10.709505
110800 21.782822
110818 10.263544
110808 19.970371
110147 20.035082
110573 19.042763
109647 19.496767
110673 20.92284
110681 20.653559
108629 21.268108
110614 19.547602
110566 18.579475
110397 9.173597
110744 20.927597
110694 21.794483
110617 18.697535
110813 22.84985
110804 20.912848
110464 10.50472
110814 21.363417
110602 19.254793
110228 18.543016
110805 21.765425
110790 21.530087
110756 20.9196
110816 25.878941
110229 20.720818
110160 21.119844
110291 6.763254
110484 11.184731
109984 10.656773
109119 21.302069
110207 20.032175
110557 16.68614
110480 10.646892
110654 19.43129
110355 8.043049
110341 7.433042
110705 20.244072
110440 10.290097
110095 18.467411
110674 19.012033
110380 8.482464
110609 21.393501
110209 20.750204
110151 19.204422
110612 20.045708
110763 15.980761
110527 12.754833
110503 12.159942
110494 11.311042
110724 21.434736
110508 11.718864
110178 21.332125
110491 11.212736
110613 19.56356
110616 20.716221
110743 22.065226
110570 20.43581
110796 21.044043
108215 21.307787
110822 21.943001
107681 15.652894
110824 23.607775
110780 20.851318
110136 20.493254
110474 10.556394
110702 20.201244
110212 21.019314
110072 18.936119
110383 8.467448
110328 7.377978
110475 11.315234
110410 9.569969
110847 22.774372
107169 20.541914
109614 24.514324
110742 20.522263
109107 21.432421
109113 19.708437
110429 10.609428
109927 8.835252
110472 11.109618
108621 19.732567
110584 19.980818
109865 7.326625
110306 6.983482
109891 7.542812
110318 7.113981
110338 7.612311
110610 18.769115
110443 10.280459
109650 20.710342
110089 19.253683
108762 18.789539
110670 18.238743
110356 7.935926
110488 11.469872
109929 9.987322
110592 21.359823
110757 21.052904
110730 25.465879
110516 12.487623
110505 11.668989
110506 12.210307
110490 12.000868
109424 9.152309
110478 11.128201
110396 8.778517
106738 20.80316
110333 7.363239
110384 8.316082
107692 19.78347
109611 22.818893
109563 18.257568
109602 19.941492
109264 22.339243
107674 21.182053
110748 19.399351
110354 7.220734
110330 7.728467
108752 20.980494
108774 21.211025
106829 22.297041
110495 11.046239
110321 7.28276
110292 6.699781
109260 21.511049
109913 8.475133
110545 15.951535
110831 22.784914
105062 20.044695
110459 10.375161
110121 20.616543
109689 22.09663
107782 20.953701
109616 20.828817
110589 21.778711
108773 21.158689
109982 10.348029
110635 20.144913
108716 19.361998
110486 11.629773
108155 21.384855
109426 9.281862
109866 7.3486
110499 11.541376
107696 20.467295
109230 22.22789
109886 7.652499
108222 20.079683
110189 24.966949
109623 20.797642
110463 10.040754
110368 8.047754
109991 11.989402
110432 9.998219
104558 21.373123
109023 8.300163
110289 6.696441
109197 20.596615
110723 21.577566
110193 22.757151
108766 20.16404
110234 19.995903
102564 19.066664
110767 19.528246
109677 20.978483
110713 20.821169
110535 13.295333
106807 20.852825
108138 20.020554
109259 20.878948
109696 19.798706
102999 21.246902
110575 19.57152
110442 10.245825
110140 19.154949
110248 20.641205
106742 21.565329
110469 10.361187
110538 14.471329
109607 19.82708
109970 11.862964
110336 7.626777
110332 7.635671
110665 21.370893
108730 21.392708
110746 21.325821
110834 23.670431
110595 19.323362
109904 8.090801
110668 20.817482
110370 8.572535
110626 19.734146
110312 7.001081
108287 10.723902
110721 20.796824
104025 20.222347
108787 19.74754
108292 22.266548
110119 19.313473
109232 21.255934
110198 23.557154
109659 21.061213
103008 19.795805
110195 20.426474
106655 21.328686
110586 20.471766
110093 18.569696
109701 19.437208
109918 9.181768
109971 11.943377
108679 18.709433
110517 12.674739
105817 22.625309
110197 23.618399
109968 11.832282
107672 8.428511
110360 7.921476
110714 21.871239
109447 8.163756
110747 21.199022
110842 22.537218
109633 22.201
108764 20.418461
110711 20.596148
107820 20.885334
110141 17.713041
108252 21.194778
110364 7.68277
109969 10.515061
109476 8.179834
110532 12.909381
110581 18.516104
110542 15.704846
110131 19.275425
110199 22.890541
110115 20.897226
110779 19.200474
107821 22.101244
109250 22.886333
108249 19.193741
110686 21.755581
110453 10.100313
107235 18.214678
109612 19.393871
110843 23.275745
109972 11.701761
109995 12.68251
110732 21.250101
110524 13.154119
107223 20.028194
107680 19.349903
110375 7.904954
109053 10.33077
110637 20.093597
108236 22.136532
108148 9.871744
107798 20.181984
105296 20.294603
110454 10.711908
110205 21.02697
110465 10.310288
110574 19.712032
104005 21.701454
110224 21.428587
110605 19.42383
110862 23.056435
110762 26.498491
100591 19.353029
109174 20.118298
108188 21.480198
103119 22.320868
110114 19.958321
110477 11.20163
109050 9.591471
102635 23.157082
109638 22.490362
109989 11.781483
110128 22.525946
110204 13.216292
107702 19.910385
110786 19.754667
110554 15.557557
110789 20.689493
110590 19.234497
110173 20.22183
110263 6.305302
110622 18.885151
110277 6.444901
110272 6.505267
110388 8.634125
110737 20.637516
110658 19.912695
108639 20.957159
110631 19.542128
110270 6.538087
110447 10.218513
110282 6.486402
109978 9.993656
110430 10.199941
110720 21.029757
109832 7.044216
110106 19.034828
109935 10.306415
110708 22.247669
110738 20.489021
109956 10.658937
110434 10.22913
110313 7.116239
107682 21.386944
110299 7.075971
110435 10.065511
108593 10.147732
110441 10.251721
110361 8.038394
110302 6.811049
110671 19.77272
110725 20.802683
110298 7.119502
109930 9.979693
110186 21.389574
110181 21.053463
110130 20.754137
110727 20.020742
109691 20.281574
110644 19.716331
110577 18.429302
110331 7.698066
105146 18.458124
110314 7.284987
110233 20.332163
110648 19.719576
110768 21.208582
110511 12.24558
110460 12.157742
110218 19.441492
109209 22.621681
109964 9.963315
110320 6.81617
110683 19.617533
110325 7.36322
110335 7.407773
110701 21.407999
108157 20.537794
104024 21.598997
110343 8.026298
109890 8.297626
110409 10.094931
110426 10.281109
110455 10.143812
110736 20.327671
110696 19.686625
104629 20.392561
108175 9.613761
107704 15.295538
110771 21.562546
108767 20.057358
110225 20.333986
110086 19.818356
110869 21.386295
109238 20.853785
110401 9.888123
110348 7.916475
110439 10.437964
109067 9.477839
109670 22.598978
110091 21.167929
110638 19.752808
108284 20.84119
101078 10.740562
108695 20.431074
110446 10.335553
110547 14.290451
110148 19.951674
