77
-0.283537924 0.071021438 51.347545624 0.003055661043116426 0.1375339930760848 -0.03400223401076011 0.9899085370711855
11100 20.491037
10809 105.48555
9934 60.621864
9644 50.622768
9944 59.094131
9651 25.335825
9544 45.739529
11097 53.816456
11119 55.610699
10362 62.906353
10778 48.170433
9533 47.673531
8667 44.604107
10045 50.567944
8669 49.76894
8749 49.132023
9541 47.187477
10048 46.661808
9491 14.137701
9958 26.173882
10842 36.669491
9121 43.5634
9937 46.250912
11239 41.413258
9236 23.912975
9943 55.355705
9950 49.403419
10740 19.520771
10459 47.809929
10784 49.656853
10739 19.457218
10379 49.506641
9539 21.787754
6479 49.383057
10057 49.040577
9947 48.46381
10059 45.276428
9490 14.441873
11053 16.630836
11213 31.851063
9050 12.151448
9117 15.939163
9130 50.327477
9475 10.674938
11187 28.59918
10999 9.415721
10496 20.161831
9560 20.308298
9552 52.773239
10712 15.225965
10406 57.141998
10058 19.49593
11101 18.189419
9241 51.21933
6488 51.706882
9147 42.966499
8300 39.297832
10062 43.309658
11255 44.065834
8673 21.714367
10526 20.970032
9572 50.07309
9582 50.322689
8218 16.919127
10063 35.743946
11218 29.925676
10408 31.257324
10500 38.172871
10791 31.2701
10110 44.666855
9049 10.481762
10403 53.069843
11129 56.356445
9141 32.829361
9653 32.882229
10405 33.204102
8211 22.575478
7715 42.043083
10974 7.454894
11036 12.470139
11032 11.875688
7720 24.871944
10662 8.888119
9952 22.693714
9672 91.526527
9587 17.651125
10752 62.045231
8723 21.823771
9027 8.930701
8601 10.566265
8594 10.600255
10308 10.996408
9481 12.196446
7382 35.111107
8221 24.309643
8726 29.824337
11224 30.452368
10093 40.174484
10068 31.896179
11031 11.979767
9499 13.268791
10525 46.495419
10710 16.238214
10069 21.057163
9129 37.831848
7384 43.533237
8751 19.92091
9599 46.180614
7727 49.919964
9589 49.091
7734 44.127079
8757 55.2262
6487 51.499306
10010 43.707329
9448 9.390797
9484 12.929748
11029 12.514917
10793 22.993652
6489 24.774954
8243 49.110363
6924 23.727568
10835 22.588968
8229 17.750572
10343 15.997186
5211 34.65411
9660 31.788401
11077 17.677519
6928 40.957031
9611 49.061794
11133 25.01741
7758 44.210953
10836 47.268269
7330 42.929607
10424 52.281174
8294 49.813057
9615 49.588604
8307 50.473488
10989 8.539063
9158 24.772007
9040 10.051841
7822 24.021847
10707 13.419419
9450 9.489013
8584 9.761511
9053 12.86197
11045 13.74399
11232 22.781195
11228 32.219696
7370 54.128632
6084 23.232824
9622 29.361805
8200 9.659748
9592 42.352097
9173 46.934269
11230 49.74321
9621 56.479755
8240 20.086098
11201 59.860096
9614 21.918385
10428 61.601627
8706 49.289143
11157 38.518112
8768 17.132919
11264 55.219479
9633 43.751293
8587 8.123106
11005 10.228273
9037 10.396011
7 37.788399
10769 46.813858
7769 13.970148
7741 13.410896
11233 41.334003
10690 11.65786
10484 114.802605
1551 24.045134
8239 16.029896
9182 31.450996
10435 47.118153
10019 51.628689
10027 63.88092
9181 42.393944
9607 34.066078
9666 56.180939
10510 20.014866
7798 20.608112
6956 22.908171
10517 43.493282
8707 43.676361
9665 46.536652
8704 51.979038
10692 12.31489
9857 9.424875
8205 10.9165
9066 14.038031
9878 12.560938
10444 31.482182
10727 18.008383
11175 55.41851
8238 10.892447
8699 13.567315
8621 12.088182
7334 26.488487
8715 46.46888
3117 23.026463
7342 20.381662
9627 52.312614
11171 40.565609
9628 58.673691
10031 23.010483
9189 40.09306
8711 48.349419
10489 51.064053
7801 43.317638
8255 43.725685
10310 10.885235
9213 23.947651
2384 23.794828
10807 23.242008
9635 33.560162
9052 10.49878
9068 14.35834
10438 28.99221
8774 41.446236
8666 42.862961
9131 48.007645
10364 54.76326
9581 56.21426
9454 9.36773
11047 14.503522
9205 48.587292
10704 12.603496
9974 54.280163
10299 9.592149
10815 20.698395
10973 7.408933
11042 14.115262
9995 35.896702
11227 24.172407
10414 29.0849
10689 12.40547
10337 14.39812
8653 13.263609
11144 36.54435
11231 84.686119
9433 8.608316
11052 14.209738
10802 31.525164
10359 18.629173
10799 18.680187
9166 21.567673
11145 54.635098
8208 16.764277
10516 50.655884
10312 11.062876
10991 8.820683
9045 10.357587
8247 43.76215
10723 18.655148
11050 14.823574
6482 9.192541
2702 22.029402
11164 62.085873
9667 46.102158
9567 17.77487
10800 19.22814
11039 13.327098
2711 16.886839
11206 19.143486
8743 46.258663
8714 49.492367
