777
471.268188477 -42.016525269 197.733947754 0.04198211935079078 0.5616722029385541 -0.03343653859471941 0.8256172454520142
112027 19.172821
111910 19.26823
111789 17.822563
112011 19.041279
111778 17.847961
111801 18.077883
111935 18.580563
111785 17.999226
111764 17.921959
111908 18.201624
111786 17.401556
111907 18.020987
111509 6.471977
111507 6.617154
111936 18.663626
111898 18.624542
111790 18.930416
111707 16.626524
111250 16.682787
111760 18.495434
111742 18.311771
110733 19.591206
111590 8.669282
111560 8.470589
111304 18.124838
111869 18.330776
111301 17.671585
112005 18.611769
111547 8.328593
111593 8.931311
111495 6.587211
111277 17.562302
111308 17.642569
112034 18.933069
111878 17.662394
111655 10.207507
112050 19.634821
111310 17.968006
111884 18.426041
112062 18.253529
111719 17.321951
111966 18.598196
111516 6.821186
111976 18.868935
111320 18.986794
111838 18.728415
111688 15.499589
111763 18.705381
111635 10.65036
111754 18.072712
111096 8.592649
111122 8.991654
110322 17.479876
111762 17.419266
111795 18.259668
111948 18.296497
111794 17.872978
111251 16.204857
111745 17.76577
111933 18.455709
111771 17.922871
111920 19.227566
111926 19.128523
111317 18.540743
111747 17.631105
111924 17.548227
111318 20.050772
111293 17.094666
111846 17.692461
111510 6.819384
112069 20.714262
112046 20.591272
112070 19.873806
111988 19.681925
110747 18.554287
111577 8.734509
111702 16.569473
111520 7.769765
111554 8.400335
111775 18.613787
111576 8.83143
111757 17.722336
111567 8.989447
109399 17.943279
110728 19.029867
111835 17.990404
111819 18.106028
111523 7.524557
111607 8.923642
112040 19.873434
111325 17.538872
111690 15.004416
111432 5.376989
111326 18.214102
111917 17.841692
111859 19.011122
111319 18.17235
112074 19.924316
112036 19.157722
111258 18.770823
111253 18.854033
109375 20.22209
109430 18.977091
111063 7.431556
111582 8.629912
111508 6.709199
111992 18.552715
111675 12.942318
111331 21.285217
111749 18.392445
111289 16.930359
111164 12.058661
111573 8.867605
111572 8.910982
111558 8.31849
111093 8.555712
110745 17.863626
110252 19.136593
110258 17.070679
109913 17.195116
109921 18.635529
112102 20.090101
111525 7.66124
111083 8.229581
111585 8.113039
112056 19.483845
111623 9.589653
111826 19.513184
111174 13.668065
111048 6.527462
111480 6.467779
108783 18.784594
112079 20.119318
112084 21.457335
111866 18.014341
109798 15.583481
111571 8.741291
111126 10.255016
110730 16.730873
110793 18.968019
108832 18.512581
110662 12.718047
111634 10.949257
111735 18.286198
111569 8.856156
104229 18.208723
105907 19.194496
111977 18.263607
111998 18.074282
108944 17.29162
109738 8.497811
110796 18.408947
111346 17.832123
110367 18.181091
111336 17.444292
111583 8.816545
110821 8.793968
110989 5.770215
109930 19.824295
111605 9.15862
108257 13.40965
112049 19.329994
111989 19.31365
110760 18.650471
110827 18.520302
111736 17.363132
111493 6.48396
111556 8.22266
111648 10.477075
111930 18.497158
111617 11.018352
110769 17.811016
112032 18.86899
111615 8.809456
111407 17.804125
111532 8.395648
111834 18.179321
111890 18.753222
106144 17.768106
111959 17.881132
111358 19.431021
111266 16.87327
111360 18.380598
110977 5.458088
111514 7.106753
111604 8.576262
111652 10.407069
111993 18.925564
111698 15.976579
111492 6.563898
106898 19.528545
112009 19.327169
109904 19.212267
111876 20.023994
111812 17.82509
111755 17.503967
111733 18.235704
110800 19.161076
108917 17.964701
111995 20.819052
104669 17.885967
110393 18.273331
109879 17.864681
104250 17.445923
111896 18.0408
108410 17.826666
111521 7.831461
111769 18.210186
109776 17.457529
111245 17.318407
110844 17.49119
110540 5.497026
109752 8.930733
109403 8.748752
111927 19.894915
111640 9.53336
111169 13.229785
109933 18.201208
111151 10.435014
111447 5.756353
111718 18.110933
109926 19.21151
111978 19.238401
109934 17.725403
112020 18.511286
111257 18.190779
111940 19.804171
103378 17.41296
110183 7.97705
110622 8.126199
111231 17.200565
111045 6.377219
109701 5.502907
110632 8.641787
108414 19.562656
104300 17.760105
106204 20.053493
111599 9.66663
110670 14.053285
111639 10.240777
107802 19.078293
111278 18.865515
111291 16.456711
111877 18.82346
111723 17.911798
111844 18.231779
111743 17.839186
111549 7.52429
111670 12.580847
111810 18.150536
111823 17.811565
111758 17.847208
111598 9.115287
112093 18.68895
109773 18.269388
111429 5.384611
110788 17.450716
111283 17.196188
112024 20.584532
108769 19.165703
111586 8.950452
112018 19.388838
111960 18.393003
111353 17.611887
110789 18.480202
111211 16.256216
111511 7.008549
109320 19.411182
111406 18.911587
111881 19.276127
111721 18.659569
110655 12.084455
111787 18.41984
110765 18.687794
111200 16.583235
111818 18.222544
109433 19.528366
111646 9.8106
112006 18.799219
112035 20.564665
111446 5.714017
112092 18.825581
107925 18.10582
111262 17.484207
109886 19.061514
