785
469.3867 -43.30684 198.0824 0.04299638926693494 0.5043496040306638 -0.03752368625844372 0.8616117225256958
112026 17.380384
112013 17.92067
111961 16.923365
111834 16.493042
111909 16.729992
111759 9.497358
111832 15.447424
112103 18.6653
112053 18.403425
111408 16.924673
111686 7.439879
111894 16.512213
111684 7.497487
112000 16.866682
111978 17.43153
112032 18.079683
111878 16.436306
111882 16.46102
111724 8.194731
111804 14.637046
111855 16.58003
111964 16.151398
111850 16.183422
111691 7.288351
112106 18.105356
112090 18.247286
112061 17.660133
112030 16.698536
111671 7.311108
111795 13.329735
112045 17.907707
112074 17.698427
111439 17.595881
112122 19.365482
111354 18.210133
111176 8.14636
112031 18.031143
112006 17.703979
111922 16.876722
110819 15.826934
111732 8.371717
111895 17.02564
110854 16.224937
111506 17.372753
111866 16.230453
111947 17.09729
112044 17.822388
111364 16.579945
111681 7.442251
109823 18.623545
111667 7.141216
111644 6.270168
111689 7.670467
111720 8.167521
111940 16.441542
111995 17.742489
111861 16.682611
111351 16.278259
112139 17.118353
111865 16.203493
111941 16.723427
111661 6.491667
111737 8.047156
111198 7.551743
111777 11.549185
111791 11.641649
112151 20.204138
111957 16.866951
112091 17.571487
111378 16.463665
111901 15.872944
111484 17.471746
111802 14.083831
112120 19.320936
111757 9.495895
111810 15.318969
111851 15.796618
112057 17.438353
111376 16.589516
111460 16.956717
111996 16.978388
111507 18.261875
112017 18.050442
112143 18.760452
111702 7.738943
111613 5.491094
111807 14.757259
111608 5.613857
111586 4.652917
112048 18.223589
112043 18.33906
111139 7.657494
111431 16.541075
111343 16.102087
111203 10.078323
111852 16.515476
109828 16.552198
112115 18.680758
112142 17.079769
111979 17.097889
111788 11.405635
112068 18.281116
111753 8.54616
111712 7.928575
111856 15.398838
110857 15.77425
112100 17.870766
110876 17.638647
111994 16.703808
112108 18.78187
111374 16.209448
111891 16.492527
111413 16.594719
111505 17.183624
110335 14.199887
111707 7.834055
111799 13.355527
112112 19.30537
112076 18.06888
110822 15.936243
109824 16.4743
111954 17.364676
111422 16.790508
111518 17.478912
111989 17.88093
112059 18.568068
112146 18.751865
112023 17.971361
111172 7.720134
111639 6.042544
111678 7.426749
111324 18.14242
112071 17.421822
111321 18.270149
111629 5.774157
111612 5.619218
112097 17.287901
111771 10.701113
111480 17.703314
112110 17.827217
110858 16.894819
111711 7.977962
112127 18.5196
110860 17.928841
111533 20.475874
111934 16.727745
111591 4.645602
111153 7.690216
112039 17.031942
112016 17.712547
111779 11.362003
111798 13.436037
111959 16.915701
112113 18.479126
111648 6.577941
112105 18.051519
111380 18.567877
111042 5.874692
111611 5.644382
111618 5.844511
111990 17.593346
112083 18.916882
110871 16.750999
111993 16.418329
111143 8.394455
111424 16.463196
110865 17.504595
111841 15.972239
111844 15.705313
110892 16.608652
110873 16.423256
111308 15.423299
111967 16.499105
111607 5.327414
111476 17.715908
110143 5.855693
111824 15.710908
111154 8.346195
110677 8.307645
110924 16.89028
110891 15.899055
110868 16.234978
109942 16.106457
111987 17.624744
112101 18.499044
111379 16.913065
112040 17.359739
111701 7.30908
111774 11.321711
111255 11.26525
111627 5.870012
111977 17.24218
111760 9.834867
111534 17.357178
111330 16.533667
111573 18.128098
110881 18.029224
112117 17.090618
111617 5.669086
111705 7.906717
111693 7.345555
110877 17.081606
112038 17.194883
112041 17.780396
110856 15.701546
112033 18.020372
111965 17.623497
109351 16.319006
111982 16.575184
111899 16.713919
110675 8.366511
111645 6.296174
111642 6.000289
111181 7.804842
107418 17.903353
111592 4.798292
108846 14.259131
111879 16.5991
109428 15.79371
111108 7.584227
112096 18.212221
111706 7.561617
111615 5.554136
111603 5.603614
109466 17.365532
111862 16.651506
110884 16.420452
107270 16.219883
111924 16.790863
111145 8.310564
111395 16.377764
111569 17.339924
111318 17.727406
112034 17.01704
107970 15.543694
111350 16.106783
111540 16.879997
111185 9.123118
110906 17.604027
111708 7.842173
111860 15.8735
109465 16.282225
104142 15.918146
111839 16.008478
111621 5.856032
110115 4.764853
110192 8.098492
110936 17.042273
111846 16.524029
111535 16.936817
111503 17.563517
111792 12.276237
110712 11.066646
111546 17.923679
110887 16.61891
111182 7.712614
110342 15.578855
111598 4.935694
111399 16.647448
111975 16.011667
111787 12.251794
112042 17.866817
111900 16.424913
111948 16.213173
111126 8.460239
110772 16.706356
112007 17.003119
110907 16.717571
108960 17.735453
108307 10.956847
110242 12.008902
111338 16.430777
112129 18.919361
111713 7.89443
111326 18.595064
111930 18.135916
111284 17.664579
111319 16.732813
110939 16.656748
110379 15.362962
111718 7.975041
111156 7.489444
110364 18.137573
111825 15.43282
112149 18.80267
108927 18.132809
111784 10.624553
111827 15.794221
111407 17.038111
110234 11.58192
111692 7.568205
111991 15.79096
111416 15.903275
111571 16.457861
111868 16.770996
111735 8.563733
111624 5.804204
109863 16.124249
103906 17.380171
111641 6.249007
111703 7.664366
112058 18.506592
112094 19.230391
104172 16.211765
107486 16.57181
111353 17.589958
111279 19.771397
98797 16.290579
111620 5.673139
110523 4.786869
111349 20.779945
112022 18.236202
109777 8.164077
111123 7.667313
110380 7.739574
110327 16.910116
111983 16.627222
107323 16.023304
108476 17.324644
109422 16.925169
103773 17.948858
111742 8.731921
111864 16.138836
111775 11.196643
111151 8.317678
111892 16.144417
112133 20.881695
111972 17.572994
111600 5.260716
111295 17.89267
111286 17.557907
111320 16.194361
111161 7.670467
111885 16.350351
111662 6.491667
110769 13.165846
111675 7.213299
111697 7.59479
110814 15.903515
111715 7.768672
110653 7.707461
111911 16.436859
111931 16.001177
112148 9.997054
111833 15.610834
110298 16.268251
111974 15.997025
111590 4.651147
112010 15.696034
111776 11.499907
111710 7.680124
111744 7.982625
111187 7.330723
111281 15.051112
109921 17.208117
111822 15.022697
110933 16.710972
111597 5.826024
111606 5.295681
111630 5.755212
111230 9.226567
104453 17.917477
111044 5.872783
110800 16.438307
111242 9.996535
111698 7.541993
108324 4.700799
107413 16.944408
111687 7.513508
108888 15.985628
110322 15.978227
111514 16.873047
111341 16.677616
112095 18.988781
112009 16.621956
110589 5.974079
106912 17.262007
111781 11.592999
