87
0.965237 -0.4147601 53.4728 0.011208921653533323 0.30549600938670796 -0.037856379515656416 0.9513745018940375
12198 16.604656
9235 44.978016
10688 43.565193
9257 42.349834
9246 32.810871
11790 45.013569
10092 56.417534
12392 58.340553
11945 48.446247
8365 43.379929
9673 41.670208
12391 48.854191
9827 54.67226
9784 43.00724
11413 43.879784
12390 55.454323
10096 42.37838
10636 31.929539
11333 42.624157
10102 49.471352
11876 46.761459
12128 12.520914
12225 16.812157
12187 15.616708
12052 9.068709
12066 9.452823
9689 26.954945
12256 17.54944
12230 16.704466
12109 10.631953
12415 44.548252
11781 40.13855
9366 43.552494
11778 40.081417
12289 17.050201
12276 16.772448
10562 56.961826
10100 37.076508
12393 30.6954
12348 66.580887
12355 54.105339
10519 50.690254
9245 39.891815
10107 38.789284
12337 40.412647
11269 44.892162
9367 39.431316
12341 43.141647
12350 50.443417
9682 36.703827
9341 45.949703
7132 47.122173
10929 49.548557
10193 40.424225
11414 38.799118
9850 40.964165
10967 51.460491
11278 52.65836
8366 45.658298
12086 10.263901
12137 12.650701
12172 16.174189
12232 17.106087
11672 16.171923
12416 18.305727
12346 24.738375
12164 15.286333
11544 9.448575
12039 8.935018
12145 14.218582
11275 36.441166
10547 32.329601
12025 8.022786
12012 7.592493
11633 13.164371
12356 17.141273
12349 29.379059
11265 47.819649
10110 29.501902
12068 9.227761
12092 10.141435
11784 34.831268
11539 7.510438
11777 40.347042
11549 7.312998
12481 35.512363
11785 17.969713
12255 15.586613
12212 14.865547
8866 38.248402
10613 44.901844
10198 36.341579
10618 50.51384
11791 68.836014
9722 45.769035
11335 43.817257
8425 41.711266
10696 44.573109
10560 53.271973
10641 43.471992
8445 38.562321
10700 36.806263
8869 39.379841
6243 46.050838
12324 20.008883
12097 11.372767
11684 17.35618
12180 16.258921
12245 16.804815
12224 16.689978
12402 28.248295
12161 15.38019
12051 8.91645
11551 9.256992
12017 7.888487
12078 9.524252
11635 12.951742
11698 17.493839
11212 17.108761
10894 32.958862
11848 26.020296
11542 7.541111
12093 10.123973
11569 9.533017
8793 41.278519
8368 39.919525
10938 50.916447
9349 48.895573
11289 32.477428
10535 39.664314
12132 10.90256
11654 11.129257
12059 8.000859
12295 16.939528
12241 15.529976
8801 18.250122
10135 44.993793
12406 51.375141
8859 39.396942
9843 41.596783
3295 42.892059
12208 16.699766
10150 38.861328
11400 47.868492
12044 8.741959
10616 19.895943
8815 39.131702
12105 11.446301
9155 7.673085
10211 40.471115
10648 37.580082
12072 9.510244
11667 12.44704
9636 12.873652
11630 12.790982
12158 14.582358
10570 34.150169
11941 30.742956
12305 18.323528
11562 8.716788
11347 29.019373
11920 37.398811
8370 41.565197
12193 16.594372
12011 8.100227
11683 17.940744
9278 30.22739
12190 17.312977
11697 17.844149
12233 15.135489
12159 15.585163
11800 60.259438
12457 53.86599
9713 20.63242
9731 53.000301
9298 41.991508
10908 51.581718
10617 45.107735
12042 8.892687
11905 16.507792
12157 14.883264
8722 7.991471
9165 9.657045
11603 10.152445
12101 10.834454
12384 25.821693
8828 42.680164
12139 12.998111
9726 23.899746
11859 30.602943
11922 39.621254
9156 7.692317
11636 10.563479
10501 16.545858
8384 18.05311
9390 14.361214
12169 15.92082
8018 34.868469
7555 35.993961
10567 27.222107
12273 16.075346
9805 35.026035
12372 42.369614
12247 16.536293
11671 17.455994
10550 14.59107
9302 31.815475
11717 17.770245
10674 20.310701
11286 16.465841
11864 61.263165
12456 44.397655
9736 37.194756
12405 48.068516
11854 47.734993
10660 35.785744
10577 57.697548
11862 34.654488
9815 39.225494
9352 38.807419
9220 16.692434
7928 8.781746
11691 15.085582
7505 39.46685
12222 17.218336
7951 19.614079
12223 16.905298
12278 17.766068
12330 21.26704
12319 20.506489
12316 19.138309
7517 45.599281
12475 36.277428
12199 16.559881
8446 14.082593
9767 43.632397
12210 15.332914
12281 18.051878
12250 17.254173
12271 18.067081
4988 39.593708
11007 40.880169
11354 49.3965
11377 38.300655
9743 30.051865
11310 47.984787
8896 47.556423
9357 37.063847
11865 41.881145
11647 10.886028
12124 10.79234
12130 10.723943
8438 28.254454
11346 26.763968
9638 12.992473
11687 14.016929
12046 8.802758
12144 13.784013
9330 23.114092
9321 36.636063
9772 27.82704
11833 33.840416
11901 13.872107
8460 15.550794
11815 23.566879
12386 39.404644
11651 16.348879
12236 15.750383
12189 16.568176
10169 57.000431
10579 59.563908
12275 18.558786
11661 15.453363
9274 48.857201
12409 45.389862
11421 41.086487
8883 40.939999
11825 36.231373
11319 49.010674
10228 48.1931
9317 45.297585
9819 40.094452
11943 41.564243
9291 14.397614
11200 10.972894
8361 9.944349
12108 10.326745
11935 46.436596
11558 9.177111
12266 17.423805
12122 12.710206
9760 24.88603
12171 15.406123
7150 35.713188
7970 39.259567
12195 15.688744
12218 15.927369
8414 47.052338
9183 9.967146
12385 38.527462
11690 16.23369
10225 17.906368
9773 33.446327
12387 51.741432
9820 34.598976
12479 34.669815
8876 14.371614
9385 37.195518
9763 44.420326
10178 41.537601
12261 17.204481
9768 44.538406
8853 40.580128
9322 40.492794
7542 44.140266
9757 30.409784
11936 42.963593
11834 36.227859
9333 51.569153
8855 40.053104
11909 45.714504
8015 45.327492
8886 43.02618
8877 14.676183
10626 15.518168
11209 10.847325
9397 20.114824
10177 58.827793
9181 10.073895
8845 33.985126
9179 12.849035
12257 16.240334
12155 15.224322
12138 12.899281
12347 38.079704
11386 42.638325
10931 46.331398
11685 16.21036
10109 32.329601
9184 12.46287
10939 46.756638
8792 49.921337
6248 45.634674
9658 16.850389
11611 10.7387
9273 40.528587
11915 28.298492
11650 11.247198
9295 51.645905
12014 8.100227
12259 16.275215
12168 15.610451
12036 8.877818
10621 18.76655
10561 38.799831
10088 18.561989
10209 30.742956
12444 22.763351
10210 29.726744
11348 40.465569
12433 36.238918
9368 39.346046
12056 9.147037
12045 8.744439
12127 11.113358
8892 28.254454
12426 46.282261
11561 8.7185
11666 16.327902
11700 16.757233
10973 38.236542
12408 40.041233
9633 10.227557
12375 42.088505
12091 10.410857
8735 9.366473
11321 29.824337
7507 14.932187
12267 16.717978
11907 39.647846
9762 48.279205
8842 49.895054
9378 33.937721
12380 45.814442
12228 16.497583
10190 39.562996
11329 42.963593
12439 42.51329
9332 48.164951
8848 44.986622
