8
1.950903 9.807853 0.000000 0.000000 0.000000 0.995185 0.098017
3 556.015519 410.303919
22 215.222130 291.940245
35 189.899576 430.154655
40 295.564404 390.389392
55 454.745485 144.065260
60 531.821208 449.552997
68 229.372961 324.676838
91 453.926484 437.521763
99 212.763647 204.920821
101 493.049883 277.877699
113 355.430069 119.651765
115 18.209292 10.175578
119 508.148091 336.897791
120 391.041026 221.487014
135 154.016244 184.901042
136 350.917425 353.073968
148 560.247826 201.355169
174 590.018403 428.344882
190 140.080771 2.528580
205 372.223366 417.344282
217 489.433835 253.104773
218 88.150907 462.168283
219 529.037041 387.904295
228 417.082829 44.073247
278 304.772761 385.575057
291 436.750773 427.701850
294 517.238189 245.569739
296 93.907592 368.835533
301 403.528631 182.650719
303 524.372292 6.253808
335 615.481255 431.374905
360 374.664003 94.421958
382 220.624304 298.682873
408 193.290676 290.588186
424 255.840030 146.698647
426 367.035895 47.206199
448 118.385532 267.657470
452 503.913989 65.647242
467 528.117972 77.817864
485 117.001709 12.901847
487 344.016796 250.088184
499 592.732705 26.589096
518 556.215769 146.916750
521 537.571749 38.139010
532 613.526068 219.158067
545 613.866980 418.950001
548 292.791658 199.110822
556 483.395411 478.064780
560 461.890879 200.515264
570 368.289567 172.690830
585 229.449163 366.555558
592 17.313463 282.454887
594 8.251932 286.058686
609 550.345570 212.789805
640 294.817299 431.661173
643 538.101565 464.572997
649 89.936857 153.684475
665 602.253037 440.529371
691 442.112006 405.087670
699 467.730619 91.458232
705 373.622026 395.310071
744 223.201405 416.451250
749 465.104558 142.777967
756 559.442084 334.720149
758 351.297946 104.201257
770 261.776594 248.625506
773 407.128412 451.285472
784 155.339127 5.688997
790 215.138451 447.267542
802 246.429881 375.665779
812 489.599761 326.623219
834 141.721592 398.246015
840 354.449240 10.166322
851 67.805740 227.835375
869 20.548883 428.688675
871 543.973212 477.269984
872 448.446822 278.685493
922 638.536290 459.255719
931 254.299257 415.842766
939 373.549274 179.713198
970 14.317187 448.334541
975 508.202000 455.696228
979 415.918305 293.495714
1023 212.421749 337.235394
1026 464.006226 90.033261
1054 418.180312 16.624951
1065 139.335818 218.707519
1097 257.008158 1.285213
1098 240.137622 99.043222
1138 271.055387 311.363573
1155 623.285244 152.040389
1188 15.005412 81.373986
1195 88.592958 114.375641
1197 345.816167 267.836160
1222 556.273890 441.775759
1228 133.917863 344.335981
1230 498.386985 325.805330
1240 292.757400 112.176648
1242 362.223437 254.438983
1271 356.045295 209.571192
1276 452.349202 403.742687
1329 236.886181 249.590132
1351 381.966598 367.312895
1367 86.374794 300.324798
1370 570.849058 110.427357
1375 627.289957 108.534942
1384 213.435244 461.938707
1387 605.976211 390.154781
1405 555.795103 168.662413
1431 318.412442 76.943995
1432 338.830615 216.699515
1435 15.231013 361.247285
1436 35.140158 347.278233
1450 574.402878 325.227751
1470 153.740861 204.783348
1474 597.261659 264.145308
1502 265.960233 54.354893
1517 512.615607 237.265121
1518 535.988775 27.013834
1520 371.466908 471.944858
1526 220.293351 226.138487
1532 616.900152 56.671104
1534 209.272792 416.306950
1563 196.444584 404.411497
1574 96.909534 262.410681
1581 172.105519 173.425318
1597 23.385372 91.888478
1598 609.647338 420.751274
1605 415.393062 272.235110
1625 470.664512 48.938790
1634 28.440475 59.328171
1639 553.818051 348.719244
1643 584.563613 270.067282
1689 606.333997 2.381288
1719 585.771259 0.339870
1723 552.587597 421.069347
1724 486.524125 246.179677
1743 143.318401 58.704603
1753 359.746212 48.165602
1756 104.169556 344.002090
1773 172.059003 125.335165
1782 300.758781 262.606959
1792 592.562958 11.557414
1800 445.862033 459.445108
1802 478.877009 207.168960
1836 622.926494 180.154601
1840 314.485861 57.144650
1847 234.881985 146.719985
1889 271.611760 122.563127
1905 465.393398 168.309640
1974 396.027404 168.012193
1996 294.986130 404.549315
2038 298.682890 265.069248
2041 636.701477 66.662098
2049 100.684327 76.628184
2054 246.102562 278.705614
2063 490.005521 406.557096
2130 550.731275 336.366904
2138 563.082910 176.704771
2139 440.617972 314.016310
2168 367.804958 286.445398
2175 77.073090 473.514458
2190 395.321970 247.754675
2196 291.528612 98.138435
2248 261.900732 377.097775
2263 535.365418 318.956388
2279 370.249131 212.237990
2286 304.483551 50.066406
2288 304.728922 412.788119
2295 569.202324 131.670362
2299 237.687486 83.748506
2307 155.825324 62.325761
2309 480.550920 147.276187
2311 139.949474 132.724105
2314 35.879388 380.400762
2333 265.558235 155.797718
2361 134.077396 205.640954
2362 580.545777 62.233525
2363 319.974090 452.684615
2385 27.031449 23.620065
2435 616.514297 81.186714
2441 219.217043 199.507127
2462 252.047444 270.044053
2476 306.170480 294.692852
2489 538.821149 7.160138
2494 404.749831 56.886600
2515 565.617946 242.507197
2529 232.806845 402.133961
2548 107.004642 417.047964
2549 35.417625 392.844060
2552 424.936242 102.323151
2573 439.429635 15.823139
2577 39.827935 119.430784
2598 599.003763 64.481908
2604 542.306016 452.924086
2609 237.293031 112.700381
2640 334.008789 474.113835
2643 619.057742 259.247551
2678 562.242615 457.445189
2703 530.424904 97.469309
2723 274.475221 368.317402
2736 57.901986 289.981587
2744 354.425996 434.423842
2758 579.515094 339.759651
2779 109.657020 224.175829
2781 272.641990 90.830974
2792 147.178142 425.703498
2805 86.359706 452.829031
2819 603.627115 415.481664
2845 592.933521 449.938773
2862 142.196149 110.505132
2872 620.009855 359.482228
2873 611.504626 196.724852
2877 609.339134 366.414374
2879 30.475667 245.875901
2890 152.805421 256.250330
2894 235.085412 301.164513
2911 176.984075 239.363039
2919 521.526993 167.837955
2946 90.574329 381.876181
2954 230.416532 69.417267
2956 317.727730 99.343067
2971 401.145935 303.501113
2977 536.958357 54.644144
2981 151.837867 478.346424
3013 235.941731 54.471244
3023 399.032256 224.558894
3033 617.381920 375.341520
3036 103.114815 186.623467
3055 376.293227 340.149225
3060 7.210287 414.046728
3068 486.018982 55.464041
3084 120.948042 154.514048
3094 335.984249 127.350021
3123 420.087378 106.051657
3126 502.286590 94.093236
3147 562.285460 335.245991
3152 241.166848 435.508525
3161 101.845075 151.374974
3177 439.763371 276.180025
3195 580.668960 284.549741
3196 358.987666 302.352435
3201 70.191522 336.194658
3226 231.600272 179.639794
3237 378.502772 46.676947
3249 311.799923 377.194626
3255 454.916639 115.571914
3264 554.010139 471.659767
3298 458.408398 329.606876
3318 525.165048 236.451025
3329 333.148973 222.653558
3331 499.182867 21.249273
3349 145.842684 399.453158
3356 364.045662 289.036353
3377 21.588942 206.165762
3383 229.525745 147.401104
3396 571.718007 71.026443
3411 205.487525 30.979435
3420 511.898224 71.072239
3423 308.901734 82.162653
3424 405.585385 293.820345
3439 125.727762 344.606607
3443 464.826772 164.574399
3445 556.145655 452.338299
3461 367.117088 263.142087
3476 340.099223 239.610751
3484 423.643411 398.208078
3502 291.677494 298.697160
3503 203.090177 370.803394
3517 147.077385 393.027450
3519 118.410482 65.342690
3521 437.409400 82.346983
3533 204.283260 81.382643
3579 450.857610 244.851980
3586 5.832619 275.950536
3589 511.875762 201.232191
3613 12.270983 390.076667
3640 40.567473 285.658519
3645 277.247868 197.546542
3646 549.921187 100.934720
3658 436.652700 109.686950
3679 458.008988 107.766869
3687 369.302681 330.230928
3723 417.325996 2.779418
3760 234.389843 119.529130
3764 304.188747 307.667682
3773 187.139216 187.176121
3790 278.639663 417.489921
3794 73.323047 326.658056
3814 135.200813 219.384144
3837 336.862906 188.538297
3863 625.765003 70.884661
3876 327.390160 26.325643
3892 572.292363 435.000445
3897 313.508806 117.913615
3899 93.087428 221.781730
3922 24.836116 411.999954
3924 623.897858 104.990490
3937 598.674018 422.320935
3943 304.759010 242.443972
3959 552.090504 81.690046
3979 2.672575 31.690915
3980 471.366345 262.144427
3989 336.640651 169.297560
3990 331.604920 14.805691
3997 605.490115 446.620550
4021 207.142665 277.020459
4027 9.507729 222.216695
4031 558.731905 193.109769
4037 209.945571 303.688168
4039 240.376302 455.866500
4046 168.670562 103.350938
4056 90.993443 325.922634
4081 79.020134 72.326858
4100 376.580757 322.451619
4108 389.737444 176.914342
4119 436.799845 169.990939
4150 608.320383 401.148781
4157 373.489040 446.756929
4160 61.135730 70.107983
4164 530.659128 231.960288
4188 386.796441 372.938473
4196 250.134283 320.985124
4213 532.529984 144.153379
4226 36.466504 97.045601
4231 442.333842 432.653222
4236 498.907563 273.788309
4237 562.646490 439.208254
4259 39.721718 168.701029
4276 173.358171 402.097788
4288 576.561361 48.043026
4302 256.785853 13.908968
4306 93.423886 25.701202
4319 452.932688 39.066275
4327 580.859421 165.726754
4372 635.299579 269.759542
4386 292.921271 55.635153
4389 474.528003 148.121344
4397 378.517473 125.686587
4418 434.938051 25.258044
4419 521.850506 171.693702
4421 458.346934 387.669937
4437 79.893300 342.408327
4441 301.523892 72.904519
4442 524.332667 61.171021
4453 453.181226 360.354806
4484 594.577747 4.464975
4487 167.660759 305.626142
4493 105.833163 404.776796
4507 164.424980 23.764139
4512 126.941502 440.763199
4521 360.586353 134.628042
4528 384.323700 164.271728
4539 201.903822 360.645409
4542 332.748636 402.258578
4543 7.138754 201.018874
4544 202.700425 110.816576
4549 269.042908 367.237683
4583 578.300128 191.051454
4593 270.494098 337.032117
4596 201.300379 12.049724
4611 343.967559 97.013018
4619 479.972273 306.852384
4623 479.503513 402.454182
4629 563.720542 301.439974
4632 440.332810 429.633946
4638 506.326970 170.200616
4644 554.343691 407.109491
4648 375.473991 189.075291
4680 41.488657 194.545880
4714 13.672967 197.298526
4718 419.696969 434.077530
4729 522.301016 337.699094
4736 433.372054 392.552231
4767 623.540669 260.711987
4806 131.971890 364.094872
4809 1.515344 369.346241
4825 628.684543 435.911999
4854 572.687408 288.663029
4858 487.126571 229.453147
4859 622.665626 162.513923
4869 57.809787 219.389233
4910 579.103911 25.563531
4911 47.049926 151.417808
4915 582.071869 329.542879
4919 253.856977 399.555686
4921 510.601550 408.672869
4928 98.245541 361.637853
4930 571.887636 419.035669
4961 449.346314 72.413451
4962 131.359250 70.302563
4998 177.720781 55.290818
5012 208.654669 308.497647
5023 291.443733 82.842999
5024 327.821580 423.320908
5035 408.061355 214.746160
5038 21.276126 27.705263
5041 575.206722 390.778575
5042 573.108290 59.910837
5044 603.186023 304.871950
5056 481.504308 41.275436
5113 624.666145 423.502396
5149 275.763853 365.758398
5180 436.296358 103.573142
5182 627.166099 83.754423
5202 575.734341 124.765496
5217 270.981426 124.800641
5220 254.055097 470.230667
5232 554.051565 50.683304
5253 73.300618 192.999537
5275 58.236592 138.302567
5277 264.103062 209.682924
5288 362.186754 250.060080
5311 0.228081 22.836914
5312 505.360925 406.678948
5317 313.072646 337.034741
5344 286.964141 207.731930
5361 540.078042 5.115234
5367 345.365213 369.856496
5381 624.518285 275.538709
5426 430.911975 478.878158
5432 567.075826 389.109934
5444 20.372650 278.284694
5445 440.920149 247.363886
5446 529.176494 126.380167
5447 115.313358 465.904615
5449 624.673000 115.101418
5453 465.327550 115.672730
5468 45.557421 47.772014
5471 342.479670 474.453828
5473 620.065401 124.683520
5500 307.043096 66.886044
5506 574.803945 251.318190
5540 180.785154 0.827878
5548 391.276242 60.420767
5583 256.196031 283.251670
5589 207.415273 227.620731
5596 48.124477 246.350260
5604 83.068409 367.722165
5605 101.955089 261.723861
5663 507.355422 428.030608
5675 598.417722 286.085232
5687 567.957113 443.441098
5697 542.750351 336.994482
5707 97.250039 300.988267
5722 403.994056 53.195891
5723 496.224054 192.921078
5725 567.338489 391.188607
5728 462.282804 354.550140
5741 45.038140 237.951868
5749 435.396647 224.377559
5758 604.725740 283.048860
5764 339.575390 129.191759
5782 75.391152 3.832570
5790 536.498039 1.956377
5791 17.361684 323.808355
5832 346.377986 291.419109
5853 501.472505 442.755202
5858 449.399010 263.985824
5870 545.039415 167.666377
5884 469.282853 184.578049
5893 520.310110 195.268130
5901 476.672419 167.009976
5929 163.998506 151.301562
5938 474.439348 173.922708
5939 133.360139 93.328493
5985 554.980294 131.189901
5991 466.314056 15.300213
5992 261.206830 425.587658
5993 349.486166 37.711571
6009 108.370068 48.877951
6013 177.294783 400.066517
6019 377.522701 238.666284
6034 191.878841 405.889627
6037 633.652071 198.731093
6039 308.312658 424.100005
6040 632.702504 110.373935
6047 478.940883 449.977631
6053 218.188237 278.089796
6058 470.772280 305.441884
6066 174.711232 62.860290
6067 262.863159 345.261510
6100 512.305855 10.963090
6140 444.102834 339.405018
6141 592.574637 156.989042
6157 296.308419 311.766537
6160 393.040046 285.892094
6174 570.928774 246.215993
6178 223.786923 149.127407
6187 240.108595 250.061932
6198 135.479804 76.016031
6199 537.986198 49.565013
6209 67.855127 409.944550
6223 485.716052 256.448497
6228 335.860120 21.013453
6240 42.610741 358.608192
6244 542.686392 35.535342
6246 261.712014 103.827026
6256 516.272543 332.443936
6257 245.370880 368.527358
6285 125.376367 59.900938
6302 492.530554 259.097009
6306 580.024484 345.044862
6316 168.078744 304.328535
6325 544.265242 389.339084
6335 67.457972 429.695747
6375 301.662498 202.057635
6386 92.017181 182.789799
6388 53.633603 347.005597
6393 618.162150 470.142078
6397 19.219471 144.186519
6403 467.984894 373.105316
6413 563.919791 327.917569
6414 555.115596 459.715128
6417 475.860981 343.633865
6445 9.126058 73.041905
6479 257.441440 266.869085
6480 329.213870 246.916517
6483 566.714523 304.060695
6487 527.055044 404.343689
6494 454.264261 251.234978
6495 114.526703 48.063657
6496 309.749973 114.165203
6513 246.460330 14.669970
6517 11.096394 130.734144
6526 558.235483 132.996367
6532 525.217468 274.858271
6570 412.701107 432.115243
6575 99.388134 50.900282
6581 433.295661 334.259292
6633 59.236860 393.166055
6641 314.764957 66.751883
6651 355.560374 217.411448
6669 182.168606 298.936237
6679 180.773385 411.392916
6700 186.358739 246.122318
6704 474.767232 215.490834
6723 262.481260 441.552515
6724 394.354813 8.144999
6728 620.389828 477.053860
6732 529.885246 338.580978
6749 576.681320 194.086008
6761 255.095758 451.449804
6767 342.863286 72.947280
6772 82.998053 213.209514
6785 202.351524 37.346743
6796 541.138284 112.901653
6797 625.473392 98.168316
6802 507.546918 389.830929
6805 10.019364 422.154539
6810 499.182264 258.642513
6818 277.151910 175.459124
6831 56.677396 186.700698
6851 231.021100 376.673723
6853 179.879168 330.896888
6860 40.299398 414.503158
6877 439.998566 215.643348
6881 175.290638 396.234205
6892 334.974515 363.148408
6909 160.996536 286.477512
6915 488.678612 371.984761
6919 161.171187 22.867308
6925 214.983434 431.497957
6995 293.058877 32.260694
7008 473.265104 447.504026
7030 340.343592 84.834217
7069 202.637644 353.201760
7097 499.170380 311.464450
7100 136.709705 129.038655
7104 575.779706 150.420682
7105 623.228337 336.640434
7117 271.425904 76.415896
7126 209.422129 323.606868
7138 46.511962 244.716652
7145 626.539843 367.360436
7149 156.582164 63.390675
7151 107.870378 306.413282
7159 313.251302 52.433158
7192 459.035308 65.868850
7195 233.543706 395.559972
7205 597.777353 134.239083
7218 154.364376 57.241443
7231 203.686424 343.615918
7239 567.387020 56.132646
7241 524.206127 209.504704
7251 317.610130 57.525715
7253 269.206833 412.066437
7288 515.372078 209.382378
7296 69.254346 34.802278
7322 280.509096 224.382156
7327 0.514013 422.043271
7346 259.355600 193.648726
7366 215.358446 337.191875
7376 268.848076 439.614327
7377 629.713307 225.467392
7391 336.784667 339.676776
7400 30.967887 34.649056
7444 480.041410 181.901139
7460 230.637839 84.501340
7465 255.083497 166.521261
7487 289.054465 190.958973
7506 597.669468 199.428971
7510 524.966553 225.935732
7516 623.021898 440.958290
7551 179.938900 266.001659
7576 595.196186 91.984052
7593 343.426030 452.977933
7628 279.931239 232.756960
7629 509.500222 380.806281
7633 559.353285 456.228568
7635 568.354712 5.042295
7641 8.350837 7.041468
7658 262.895358 124.948108
7659 279.206194 182.048935
7680 182.566497 53.929325
7698 380.431301 158.838934
7737 283.900234 447.183063
7740 541.961229 78.489763
7742 244.215439 182.005498
7750 115.773981 109.546735
7808 604.779302 291.541821
7814 604.220928 68.501299
7818 254.788903 298.736447
7824 547.749443 87.459955
7851 201.131720 334.100121
7871 319.751160 24.153520
7872 244.548728 121.824661
7886 317.342497 52.913150
7911 227.780457 40.900503
7914 379.154907 254.373581
7928 243.486468 66.807848
7961 196.430946 338.923671
7970 309.580867 110.984523
7977 610.972268 180.685386
7979 30.285585 356.127188
7982 546.835370 196.367667
7984 639.032344 450.875796
8005 55.582518 24.283930
8015 313.816604 134.455939
8029 452.704889 287.505430
8030 499.498439 197.900655
8031 418.470634 91.286245
8074 290.542390 315.104144
8091 413.546823 199.562748
8096 472.852360 135.028141
8097 636.655866 141.189629
8100 116.980052 315.272433
8137 90.940753 142.936108
8140 0.486825 323.498789
8150 215.102351 203.198129
8171 465.571795 62.493038
8182 302.680593 126.466496
8201 262.542229 81.478916
8217 571.094841 144.319166
8234 296.893365 242.421744
8242 175.351820 431.946153
8245 109.289981 199.025616
8246 163.897698 478.944215
8257 599.199375 411.020187
8298 204.482572 90.093496
8299 98.355399 341.309749
8300 566.518700 156.489887
8307 476.679835 412.089455
8319 579.409436 379.090355
8322 322.996130 244.903281
8326 465.787632 479.031152
8372 457.314520 355.825730
8378 570.569035 158.018304
8379 620.326881 19.907070
8387 193.907923 328.982638
8391 521.909188 414.361042
8398 398.222518 263.058514
8408 604.257127 226.333892
8439 189.034817 352.983859
8458 520.646655 36.416596
8468 373.136337 64.559992
8482 294.433142 476.947607
8492 24.231657 380.333311
8502 133.321101 224.308386
8532 463.721550 445.883336
8544 188.114391 455.829543
8546 601.134237 445.230929
8560 548.945777 384.455615
8576 281.382535 340.425106
8596 342.711096 474.502239
8599 58.419766 108.076509
8617 67.294899 216.818725
8626 68.999453 20.474237
8629 489.821654 457.002619
8635 638.561761 175.350042
8666 455.217237 284.138038
8669 590.222202 270.551990
8678 140.682331 371.031835
8686 376.678605 355.616170
8687 236.149857 416.988945
8701 301.560849 478.162303
8705 473.717875 166.157975
8721 74.336054 428.722578
8755 345.713846 455.376069
8761 524.947351 96.055659
8763 404.615789 127.470661
8769 582.215555 455.303906
8775 419.854386 50.350733
8776 157.340296 312.365012
8788 471.212071 105.219390
8805 441.375656 137.361106
8816 560.784576 356.786511
8827 597.978141 106.724189
8829 207.838211 214.092992
8838 201.176095 88.992230
8844 572.632716 197.342938
8846 540.455041 455.829110
8859 540.609540 325.556018
8871 512.994081 15.059447
8873 337.234727 351.442378
8887 482.929764 289.334001
8973 202.197424 51.631668
8993 389.497799 170.268605
9005 74.065462 323.754662
9009 321.560763 465.265507
9023 533.802802 466.507539
9053 439.593478 301.779095
9055 237.780830 226.157434
9088 154.697854 317.078873
9089 328.743307 356.967787
9093 614.636847 204.579585
9098 195.264860 235.806586
9117 605.767364 218.253346
9123 135.766429 343.017029
9125 306.388502 225.258093
9139 414.081932 361.016635
9142 435.589261 77.002503
9146 143.640617 408.351342
9154 268.365327 43.910482
9162 5.231428 406.344270
9165 25.942240 274.620484
9167 256.249720 370.957376
9172 87.841823 442.754679
9177 189.226297 197.587619
9202 557.598867 233.119246
9234 226.207469 5.586896
9255 362.287137 335.799071
9256 404.471762 332.843582
9264 378.579430 283.083461
9278 353.869766 48.581057
9297 362.779961 407.453193
9307 272.399657 225.647251
9320 363.751713 338.706513
9327 459.694156 148.764679
9329 514.009045 403.025730
9330 345.370644 17.459174
9372 298.606501 99.407984
9402 584.136480 37.794237
9419 632.871852 65.295950
9432 496.590239 74.774635
9450 329.103025 276.214786
9465 7.379924 241.275588
9481 579.789683 118.655508
9483 596.991621 253.577829
9511 263.229039 265.028289
9531 73.172184 213.208886
9537 186.663539 276.838668
9551 357.651934 199.394770
9574 548.285152 103.949311
9592 199.220369 304.943115
9596 190.823678 469.826668
9614 73.704708 152.690987
9641 424.334299 450.892753
9648 463.666734 140.125191
9667 228.936921 217.018553
9686 326.063331 375.813809
9718 541.262028 220.437778
9731 402.533686 266.711143
9791 523.125899 304.664559
9798 225.925895 122.975039
9802 327.193532 155.814228
9804 634.446255 73.224147
9810 15.514082 342.320181
9814 72.948249 73.297115
9816 80.951281 288.543546
9818 531.689841 144.724529
9845 362.060367 53.910031
9864 99.973984 160.563146
9866 253.963929 346.503651
9870 565.408703 78.206652
9876 320.872362 121.862172
9882 432.507335 265.042464
9893 39.321570 168.997618
9896 570.895515 276.835383
9899 617.725174 216.684075
9918 426.106365 76.792529
9941 359.626392 61.371165
9949 612.134986 302.537526
9967 588.988746 419.671492
9974 530.427115 226.397397
9975 516.044737 287.110777
9983 234.170677 27.346639
9988 637.631533 363.697769
9990 356.419637 128.209699
