17
-10.000000 0.000000 0.000000 0.000000 0.000000 -0.707107 0.707107
11 632.521155 441.316224
30 626.481892 337.076662
47 133.171658 436.579397
76 284.036134 84.785286
81 279.068651 363.749641
98 87.298612 240.273694
131 126.452919 315.529193
155 4.268296 7.548383
157 303.352585 445.552944
172 238.898111 138.830788
184 594.447780 55.884929
235 599.705116 300.421282
259 190.831817 180.685727
266 463.623115 418.513305
292 519.802284 346.252071
300 44.198674 402.204826
316 39.400255 287.570096
322 183.348116 286.174832
328 151.134802 397.626320
340 304.655061 410.813715
345 609.302132 375.795040
367 102.522799 325.712286
388 301.621933 205.899096
394 480.361500 370.914464
410 343.275201 153.178561
479 120.262122 165.730964
491 115.687790 164.724638
573 331.473814 19.134662
614 44.020370 299.204227
650 601.107137 336.048712
670 614.476245 248.924659
722 178.716140 222.164594
727 543.300877 243.425292
736 591.269621 323.278451
738 461.372580 454.068872
740 596.788400 265.655456
750 394.355732 20.297042
818 220.638310 411.018390
829 523.027979 464.658041
839 72.228727 307.163774
873 146.912060 190.102677
886 349.573748 333.926190
892 585.389123 464.199326
902 583.537809 65.003568
904 106.376299 168.725309
907 202.908890 155.456078
916 213.724957 380.369247
923 427.665486 360.146065
924 2.180278 38.543822
929 169.474444 356.462258
930 140.928732 316.205539
980 521.152179 464.194169
1002 284.118099 48.736792
1004 519.438542 277.834361
1011 599.742112 352.435418
1068 279.236567 264.389532
1081 193.656437 417.796466
1095 113.372851 62.357687
1112 426.945333 255.068274
1133 305.947985 113.537577
1135 27.923820 23.604967
1142 139.410228 25.840845
1162 348.835954 321.387942
1166 338.334727 49.183676
1179 248.111015 446.403921
1221 57.669283 198.984585
1241 376.064891 361.736603
1259 522.834367 95.527030
1263 380.494709 417.701848
1298 562.615503 191.198960
1331 413.134189 337.693976
1355 301.285492 436.786657
1392 76.789537 363.227578
1422 49.545661 151.418908
1495 384.873376 346.468928
1498 37.663347 427.482567
1507 115.851370 168.088988
1547 253.854109 105.339650
1564 313.052667 432.239387
1602 159.590348 79.767037
1686 50.034412 24.926893
1695 561.558774 109.165713
1699 584.865614 331.148371
1740 457.736276 75.930933
1757 134.880504 440.596778
1765 17.528075 254.974409
1770 67.400998 138.028406
1795 33.910188 369.380845
1797 202.036658 80.991120
1812 233.735803 427.852835
1818 164.125563 318.282365
1832 94.690191 458.131223
1838 606.580178 101.036922
1860 294.831432 365.205389
1864 621.811927 356.023829
1873 329.013705 475.224894
1895 404.537789 65.245940
1927 110.801167 118.429163
1934 368.824763 406.942309
1935 205.520987 36.025005
1944 496.964099 120.079121
1983 307.297446 229.589392
1990 283.122512 457.338119
2016 254.484314 255.130724
2019 34.832344 84.903119
2025 144.773799 464.688950
2042 201.097271 102.652029
2068 451.598204 225.553281
2092 540.253880 359.915301
2094 232.870577 38.845530
2099 141.424920 275.808145
2133 485.855383 274.789577
2151 336.508369 248.464791
2157 111.335526 325.329057
2159 14.965208 107.488629
2178 541.109957 452.347692
2224 382.611288 302.673067
2235 397.095475 276.585304
2240 32.382769 321.801079
2246 507.696141 330.754816
2266 202.647312 110.325730
2271 323.457006 398.862778
2315 98.210368 256.463995
2330 430.448511 302.450744
2357 192.962029 268.182235
2364 374.398642 330.565892
2397 172.595565 105.454976
2418 205.697423 171.299610
2420 622.964662 408.692563
2452 155.276843 311.941628
2457 99.418493 393.353830
2532 86.186441 201.542220
2533 45.645400 113.896658
2536 448.179520 90.993338
2570 148.475693 269.294016
2610 439.190237 222.623644
2617 464.864180 296.336509
2634 295.500702 198.336438
2646 420.521018 348.394255
2652 572.076661 473.877077
2657 571.273341 58.631747
2675 139.424086 87.296604
2696 93.874353 91.263131
2697 34.708324 242.570637
2734 511.050434 332.222245
2737 6.652247 199.957084
2745 419.970768 178.736742
2770 175.620071 352.793217
2795 424.029784 115.850726
2868 530.289832 250.780284
2869 11.641515 341.327434
2925 441.561398 380.485672
2938 190.436060 127.433651
2968 609.585925 395.097811
2975 624.348525 173.425048
2989 253.776982 198.331522
3001 181.000135 356.509614
3022 416.550411 221.821124
3026 256.471006 148.713408
3032 33.623141 427.240114
3040 12.798533 10.281297
3054 595.239569 88.775816
3058 279.717238 94.575356
3064 611.302227 469.068217
3076 474.293665 48.535165
3082 33.580125 61.121247
3091 34.603541 357.178295
3109 631.016677 78.827066
3122 535.730603 180.658984
3162 503.827267 94.054257
3179 311.387467 29.891544
3206 57.010427 294.404828
3224 211.903153 94.280906
3241 409.401622 46.037320
3256 603.638743 71.694089
3260 252.601925 226.432533
3265 340.449703 91.976184
3271 416.802238 320.508090
3280 506.430999 359.233196
3350 305.005614 114.195181
3362 490.651979 36.205175
3367 273.229353 229.615849
3371 386.689597 431.279252
3384 226.390723 156.186820
3413 464.914680 61.912276
3418 353.245720 23.977587
3425 611.227249 146.710150
3432 11.369769 180.054716
3450 207.981420 249.672442
3465 570.353569 358.703632
3472 52.020702 430.602712
3481 522.779879 91.824752
3483 213.843377 237.371796
3485 249.065960 153.225536
3486 459.626122 146.343231
3500 617.763160 368.191367
3504 279.004246 277.314128
3520 448.919051 48.820174
3547 456.650569 109.068051
3550 29.780208 114.826654
3553 234.738935 68.143512
3560 176.236045 457.059869
3577 463.425417 257.410988
3591 403.282310 322.426590
3620 463.088878 454.846224
3633 546.774623 72.546374
3661 520.799215 25.250556
3677 464.467941 31.348048
3682 386.260863 19.773915
3720 631.863535 305.101005
3738 355.471087 212.971926
3762 162.901972 146.557412
3763 211.675257 397.311786
3774 99.139387 339.749991
3809 66.161514 443.075648
3853 143.225909 414.343559
3864 286.422429 129.778527
3927 627.369359 414.263655
3986 186.791748 55.924230
4038 20.435175 279.218604
4065 60.390263 173.879254
4111 541.384695 75.734831
4116 212.735342 129.979878
4127 233.506927 203.918355
4138 573.652841 19.427699
4149 403.937842 71.149197
4183 298.193472 237.250991
4202 250.237335 348.607005
4218 340.748746 439.909871
4235 230.173908 478.583049
4287 333.251345 78.586794
4301 3.524989 365.924757
4309 539.689602 284.075863
4311 485.109442 22.699068
4329 346.292524 270.995938
4341 347.394916 458.161881
4346 119.680189 294.198873
4405 113.502265 440.112353
4410 585.329714 387.025148
4413 328.084466 407.029480
4416 570.946003 184.604459
4424 53.594767 163.320759
4433 273.044387 424.994494
4466 34.260242 299.183866
4477 565.937882 361.306891
4483 260.053896 311.958565
4495 209.169123 421.374251
4506 140.047213 206.955515
4562 99.903387 408.567002
4581 196.113060 98.568351
4592 178.014368 238.677590
4614 437.516503 8.041812
4631 150.342933 171.154943
4650 82.659822 211.968922
4652 275.557801 432.782360
4664 139.846118 130.864983
4668 261.776794 279.149172
4681 12.596092 376.408994
4705 176.066445 230.975198
4732 494.740751 285.108227
4733 484.704691 389.620120
4744 116.268904 77.693712
4773 181.562214 438.097899
4785 588.845530 257.678530
4796 409.220793 436.694935
4812 388.807960 341.923377
4833 548.212882 12.571247
4849 124.890415 161.225587
4850 573.075214 161.375358
4898 457.166419 262.675558
4914 235.233428 437.721284
4916 610.334345 452.689733
4965 635.141603 417.690297
5000 408.917806 201.438751
5009 265.517761 322.950090
5032 103.895387 198.151399
5034 258.379292 335.349435
5045 335.472978 450.263892
5090 309.574679 174.265056
5091 482.527258 268.238412
5092 621.562594 93.060402
5152 289.004253 21.759795
5159 277.097822 419.331078
5162 329.212703 201.302366
5183 174.118474 334.674200
5211 495.832827 4.287470
5215 126.236332 292.999921
5222 109.760901 326.298167
5236 457.486474 303.942634
5238 405.176663 391.256798
5284 559.723122 372.568188
5285 335.511964 228.976725
5301 101.473024 141.827298
5340 195.860052 16.685122
5341 331.763417 195.691952
5346 581.511447 168.562513
5372 364.011369 21.698368
5399 39.693978 149.233003
5407 95.598745 33.914510
5408 82.702327 307.577506
5415 119.652309 208.164167
5419 217.195504 468.292041
5454 398.046687 140.989943
5477 260.229034 352.139831
5478 567.225412 59.832874
5515 131.434267 239.710493
5541 234.885875 469.308600
5567 607.160357 50.898081
5595 358.487551 95.296922
5638 617.819351 110.086506
5649 27.707895 45.657111
5650 398.479355 352.544396
5658 520.926510 75.906446
5690 98.221200 51.731601
5710 407.071826 53.686820
5731 182.038442 188.498479
5744 133.661410 133.552991
5745 42.330820 295.762529
5757 475.102571 306.859777
5779 242.417358 147.426472
5794 107.932697 137.601133
5805 226.500559 84.051823
5816 247.988864 316.463015
5819 391.633176 361.758468
5833 9.938828 294.960970
5846 493.984322 226.061069
5848 203.945794 247.406460
5883 152.264212 453.663495
5902 180.632982 363.525550
5908 251.388033 373.168459
5909 234.368485 183.616408
5951 171.776804 143.561774
5963 545.484988 250.385957
5973 68.141007 105.323182
5990 580.741153 202.217537
6015 587.403176 355.777294
6023 322.958654 315.098486
6059 348.533345 185.423128
6063 336.519854 134.866668
6080 571.769995 278.876536
6090 245.807214 272.406987
6091 537.491018 253.569835
6099 463.240141 245.712361
6122 542.485732 425.515973
6132 23.908557 321.673802
6136 201.866594 471.544645
6147 521.688729 132.933901
6153 528.425090 397.811825
6164 319.705715 269.009750
6172 498.635359 437.340793
6215 139.700078 4.145319
6241 268.161295 213.864094
6281 252.569856 138.324564
6301 565.798104 432.028113
6341 112.700426 168.692517
6347 393.847363 331.519297
6350 611.963510 75.058512
6351 52.765254 242.643110
6365 486.802893 144.194965
6370 349.343116 171.678280
6378 409.556238 135.757655
6392 279.629769 56.118221
6398 240.608338 274.232064
6410 369.412684 338.411382
6433 399.470208 428.671246
6469 485.955753 17.901694
6472 430.490021 435.005769
6497 244.094848 156.632965
6503 338.245669 154.776577
6508 198.399441 355.320589
6510 463.001150 389.691755
6535 238.234469 129.636148
6537 463.495927 278.409237
6543 319.656672 476.305718
6544 226.542129 283.615364
6546 318.933795 227.038242
6549 634.879443 16.264983
6563 53.044907 100.276077
6577 141.298428 229.787631
6580 390.823015 306.063833
6583 232.250667 269.827040
6592 229.642281 175.057921
6601 318.697305 42.183228
6606 479.543604 355.873817
6616 460.795595 199.607459
6622 384.107023 48.233493
6696 569.485862 443.582968
6716 31.162793 449.675743
6721 630.310176 355.999833
6735 14.210516 88.867161
6742 175.241951 141.778854
6751 414.665625 467.065380
6808 85.848926 138.661047
6811 532.519812 72.470364
6847 17.182659 376.696956
6854 312.063180 117.382554
6857 161.425962 44.775727
6880 447.281453 205.563136
6890 214.789479 204.520080
6891 476.760888 470.620097
6924 465.451862 35.343618
7024 103.557955 156.494240
7047 473.670359 14.801124
7064 486.100350 329.942655
7074 639.811859 170.457809
7106 560.960933 28.699118
7142 459.370105 339.284637
7144 131.010344 366.431273
7147 228.545523 76.726241
7157 388.173882 85.757456
7170 491.099135 238.070889
7182 582.694072 205.630756
7198 399.228890 464.396993
7202 203.084086 131.550869
7208 391.904551 445.739317
7222 347.434090 392.793963
7246 379.599056 277.964020
7252 74.554810 48.357429
7265 103.050000 468.211099
7282 517.476763 134.820988
7306 14.809285 156.558576
7308 348.843108 469.006534
7320 91.639314 358.272697
7347 504.537655 244.907766
7357 495.185308 393.059904
7362 503.855227 289.152974
7364 376.307596 272.997146
7365 422.554210 364.651764
7375 236.547093 26.679022
7384 63.647950 25.219839
7393 508.270343 297.554568
7394 428.432537 44.812920
7422 508.191886 107.324582
7439 168.021322 73.492125
7448 116.068920 71.724106
7482 362.165387 230.937623
7484 389.827667 340.832275
7543 138.806204 148.134977
7544 488.308496 212.404850
7584 567.402057 379.661681
7591 596.127785 78.521498
7654 471.411464 232.031991
7657 566.303632 257.864284
7660 379.184173 260.645573
7667 2.993141 133.506740
7669 135.227800 3.361996
7678 425.828653 390.810029
7709 24.048738 266.920388
7721 103.536817 310.290951
7748 525.002663 294.040618
7786 243.274208 230.673804
7881 578.913778 23.218058
7907 74.907555 269.150371
7913 204.398869 84.940730
7956 69.576800 244.000875
7968 548.605596 464.001274
7972 417.156161 472.883460
7988 111.476103 244.588919
7990 188.164874 462.660426
7992 579.386513 396.855107
8017 38.987409 146.661856
8036 59.011986 80.359913
8085 82.922641 181.702600
8154 72.875265 173.412345
8166 463.372111 207.452032
8169 559.226947 393.544523
8190 632.698308 411.730175
8209 404.371123 155.678882
8213 319.274393 410.129479
8229 523.268014 231.521474
8235 558.255665 239.796185
8290 635.465522 173.122179
8311 627.557883 442.103991
8317 379.435861 107.660816
8349 266.312136 31.800999
8364 277.898725 331.914944
8383 90.611701 472.975842
8397 210.223458 233.720124
8419 262.893953 409.796597
8432 533.129797 384.162825
8440 445.668776 335.537218
8451 22.842367 50.357009
8453 510.520269 428.788214
8474 492.646010 354.571060
8501 210.833699 254.295548
8516 442.924646 41.171972
8547 607.067795 110.345299
8554 448.296820 476.166978
8568 198.311696 416.674205
8572 627.583488 364.956698
8590 89.224645 412.260272
8608 282.138545 158.018842
8633 551.389240 252.336583
8637 138.339375 86.037768
8694 426.348844 370.692279
8713 120.114320 277.749214
8771 629.865890 326.315429
8813 443.004267 361.681452
8817 326.729990 181.226114
8858 349.425997 240.074646
8867 90.062642 21.578821
8880 484.512763 272.957336
8890 495.425841 179.147130
8910 85.666465 358.858363
8943 616.301522 246.456207
8946 603.929211 210.406705
8947 54.264276 181.310097
8952 131.283077 49.743731
8963 45.771299 79.724844
8984 147.586455 157.340894
8986 288.103166 248.910347
8996 311.998197 292.073727
9008 469.626815 134.114715
9013 516.275239 102.686791
9102 591.537000 208.820504
9106 132.692924 65.001851
9118 139.174373 384.232553
9135 620.731500 430.727796
9151 84.727593 441.928902
9164 350.526835 433.003857
9170 13.327542 345.317861
9173 505.512904 323.392758
9176 41.650465 251.617472
9195 277.994024 92.158012
9215 217.324399 137.112653
9221 230.615035 451.476359
9263 81.373133 403.228111
9267 398.118569 69.641335
9284 576.224839 93.099481
9296 240.450075 284.819540
9326 124.337075 68.405013
9363 606.678132 222.660952
9366 488.682974 385.153074
9377 84.262598 242.398658
9386 30.804089 202.003544
9403 357.497426 128.223438
9410 477.651468 66.782314
9414 346.289987 466.897392
9420 465.556137 357.506414
9452 446.298081 160.836044
9460 429.117812 260.942697
9479 90.091303 306.923164
9488 294.987814 269.423289
9497 95.270025 92.918325
9504 369.644518 401.113813
9507 541.093481 38.471211
9584 612.213966 336.564837
9602 582.387029 297.663455
9619 345.960091 318.268026
9622 188.808822 34.018466
9650 117.579833 286.022983
9653 13.440094 59.647589
9668 118.680137 394.391334
9676 249.183540 105.549756
9727 603.204282 232.101769
9749 286.660101 474.657129
9761 210.987160 137.266338
9764 200.356974 337.947380
9780 474.598848 5.366417
9839 596.302822 175.595436
9841 340.668850 1.602360
9867 135.406609 367.279503
9874 588.054057 219.548520
9879 554.320263 79.394128
9894 164.493004 107.446788
9903 614.752208 428.086637
9921 584.288356 366.177132
9939 3.615945 346.737654
